0.000000 -76.588032 
0.045000 -67.091609 
0.090000 -61.393755 
0.135000 -51.897331 
0.180000 -51.897331 
0.225000 -38.602339 
0.270000 -13.911638 
0.315000 16.476917 
0.360000 18.376201 
0.405000 24.074055 
0.450000 27.872625 
0.495000 27.872625 
0.540000 27.872625 
0.585000 29.771909 
0.630000 41.167617 
0.675000 46.865471 
0.720000 37.369048 
0.765000 43.066902 
0.810000 46.865471 
0.855000 58.261179 
0.900000 54.462610 
0.945000 60.160464 
0.990000 67.757603 
1.035000 69.656887 
1.080000 77.254026 
1.125000 90.549019 
1.170000 92.448303 
1.215000 96.246873 
1.260000 96.246873 
1.305000 94.347588 
1.350000 92.448303 
1.395000 100.045442 
1.440000 115.239719 
1.485000 113.340435 
1.530000 126.635427 
1.575000 134.232566 
1.620000 139.930420 
1.665000 143.728989 
1.710000 143.728989 
1.755000 149.426843 
1.800000 153.225412 
1.845000 166.520405 
1.890000 162.721836 
1.935000 166.520405 
1.980000 170.318974 
2.025000 177.916113 
2.070000 179.815398 
2.115000 176.016828 
2.160000 195.009675 
2.205000 204.506098 
2.250000 195.009675 
2.295000 212.103237 
2.340000 217.801091 
2.385000 212.103237 
2.430000 217.801091 
2.475000 223.498945 
2.480000 227.297514 
2.435000 240.592507 
2.390000 236.793938 
2.345000 210.203952 
2.300000 250.088930 
2.255000 242.491792 
2.210000 251.988215 
2.165000 251.988215 
2.120000 259.585354 
2.075000 251.988215 
2.030000 251.988215 
1.985000 257.686069 
1.940000 251.988215 
1.895000 251.988215 
1.850000 259.585354 
1.805000 250.088930 
1.760000 255.786784 
1.715000 259.585354 
1.670000 259.585354 
1.625000 255.786784 
1.580000 248.189646 
1.535000 255.786784 
1.490000 248.189646 
1.445000 250.088930 
1.400000 242.491792 
1.355000 244.391076 
1.310000 231.096084 
1.265000 234.894653 
1.220000 227.297514 
1.175000 227.297514 
1.130000 231.096084 
1.085000 223.498945 
1.040000 219.700376 
0.995000 215.901806 
0.950000 208.304668 
0.905000 215.901806 
0.860000 212.103237 
0.815000 202.606814 
0.770000 208.304668 
0.725000 202.606814 
0.680000 198.808244 
0.635000 196.908960 
0.590000 187.412536 
0.545000 179.815398 
0.500000 174.117544 
0.455000 174.117544 
0.410000 174.117544 
0.365000 164.621120 
0.320000 160.822551 
0.275000 153.225412 
0.230000 147.527558 
0.185000 143.728989 
0.140000 143.728989 
0.095000 138.031135 
0.050000 128.534712 
0.005000 124.736143 
-0.040000 113.340435 
-0.085000 107.642581 
-0.130000 100.045442 
-0.175000 90.549019 
-0.220000 82.951880 
-0.265000 71.556172 
-0.310000 52.563325 
-0.355000 20.275486 
-0.400000 -10.113069 
-0.445000 -17.710207 
-0.490000 -29.105915 
-0.535000 -36.703054 
-0.580000 -38.602339 
-0.625000 -48.098762 
-0.670000 -46.199477 
-0.715000 -51.897331 
-0.760000 -57.595185 
-0.805000 -59.494470 
-0.850000 -51.897331 
-0.895000 -53.796616 
-0.940000 -61.393755 
-0.985000 -68.990893 
-1.030000 -72.789462 
-1.075000 -72.789462 
-1.120000 -78.487316 
-1.165000 -87.983740 
-1.210000 -91.782309 
-1.255000 -93.681594 
-1.300000 -99.379448 
-1.345000 -97.480163 
-1.390000 -101.278732 
-1.435000 -108.875871 
-1.480000 -110.775156 
-1.525000 -116.473010 
-1.570000 -118.372294 
-1.615000 -131.667287 
-1.660000 -131.667287 
-1.705000 -133.566572 
-1.750000 -143.062995 
-1.795000 -150.660134 
-1.840000 -158.257272 
-1.885000 -144.962280 
-1.930000 -163.955126 
-1.975000 -177.250119 
-2.020000 -171.552265 
-2.065000 -181.048688 
-2.110000 -188.645827 
-2.155000 -190.545112 
-2.200000 -190.545112 
-2.245000 -203.840104 
-2.290000 -207.638674 
-2.335000 -213.336528 
-2.380000 -215.235812 
-2.425000 -211.437243 
-2.470000 -219.034382 
-2.485000 -226.631520 
-2.440000 -230.430090 
-2.395000 -232.329374 
-2.350000 -234.228659 
-2.305000 -241.825798 
-2.260000 -251.322221 
-2.215000 -251.322221 
-2.170000 -249.422936 
-2.125000 -245.624367 
-2.080000 -251.322221 
-2.035000 -249.422936 
-1.990000 -249.422936 
-1.945000 -249.422936 
-1.900000 -245.624367 
-1.855000 -245.624367 
-1.810000 -243.725082 
-1.765000 -243.725082 
-1.720000 -239.926513 
-1.675000 -236.127944 
-1.630000 -239.926513 
-1.585000 -243.725082 
-1.540000 -236.127944 
-1.495000 -238.027228 
-1.450000 -236.127944 
-1.405000 -226.631520 
-1.360000 -220.933666 
-1.315000 -222.832951 
-1.270000 -232.329374 
-1.225000 -219.034382 
-1.180000 -224.732236 
-1.135000 -220.933666 
-1.090000 -219.034382 
-1.045000 -205.739389 
-1.000000 -211.437243 
-0.955000 -205.739389 
-0.910000 -207.638674 
-0.865000 -201.940820 
-0.820000 -207.638674 
-0.775000 -190.545112 
-0.730000 -182.947973 
-0.685000 -181.048688 
-0.640000 -181.048688 
-0.595000 -171.552265 
-0.550000 -167.753696 
-0.505000 -167.753696 
-0.460000 -162.055842 
-0.415000 -158.257272 
-0.370000 -154.458703 
-0.325000 -150.660134 
-0.280000 -148.760849 
-0.235000 -143.062995 
-0.190000 -137.365141 
-0.145000 -137.365141 
-0.100000 -133.566572 
-0.055000 -124.070148 
-0.010000 -133.566572 
0.035000 -124.070148 
0.080000 -112.674440 
0.125000 -106.976586 
0.170000 -101.278732 
0.215000 -97.480163 
0.260000 -91.782309 
0.305000 -76.588032 
0.350000 18.376201 
0.395000 10.779063 
0.440000 3.181924 
0.485000 27.872625 
0.530000 29.771909 
0.575000 31.671194 
0.620000 35.469763 
0.665000 44.966187 
0.710000 46.865471 
0.755000 48.764756 
0.800000 60.160464 
0.845000 52.563325 
0.890000 52.563325 
0.935000 60.160464 
0.980000 52.563325 
1.025000 60.160464 
1.070000 79.153311 
1.115000 75.354741 
1.160000 90.549019 
1.205000 92.448303 
1.250000 96.246873 
1.295000 105.743296 
1.340000 103.844011 
1.385000 113.340435 
1.430000 107.642581 
1.475000 119.038289 
1.520000 113.340435 
1.565000 122.836858 
1.610000 132.333281 
1.655000 134.232566 
1.700000 124.736143 
1.745000 147.527558 
1.790000 153.225412 
1.835000 155.124697 
1.880000 153.225412 
1.925000 164.621120 
1.970000 130.433997 
2.015000 164.621120 
2.060000 176.016828 
2.105000 179.815398 
2.150000 181.714682 
2.195000 193.110390 
2.240000 196.908960 
2.285000 189.311821 
2.330000 210.203952 
2.375000 215.901806 
2.420000 219.700376 
2.465000 234.894653 
2.490000 229.196799 
2.445000 221.599660 
2.400000 232.995368 
2.355000 234.894653 
2.310000 240.592507 
2.265000 246.290361 
2.220000 246.290361 
2.175000 242.491792 
2.130000 242.491792 
2.085000 255.786784 
2.040000 251.988215 
1.995000 257.686069 
1.950000 259.585354 
1.905000 246.290361 
1.860000 251.988215 
1.815000 259.585354 
1.770000 265.283208 
1.725000 267.182492 
1.680000 255.786784 
1.635000 263.383923 
1.590000 251.988215 
1.545000 257.686069 
1.500000 244.391076 
1.455000 251.988215 
1.410000 242.491792 
1.365000 242.491792 
1.320000 236.793938 
1.275000 244.391076 
1.230000 236.793938 
1.185000 232.995368 
1.140000 221.599660 
1.095000 232.995368 
1.050000 223.498945 
1.005000 225.398230 
0.960000 219.700376 
0.915000 214.002522 
0.870000 215.901806 
0.825000 214.002522 
0.780000 204.506098 
0.735000 214.002522 
0.690000 198.808244 
0.645000 191.211106 
0.600000 191.211106 
0.555000 191.211106 
0.510000 185.513252 
0.465000 183.613967 
0.420000 166.520405 
0.375000 168.419690 
0.330000 162.721836 
0.285000 158.923266 
0.240000 153.225412 
0.195000 138.031135 
0.150000 139.930420 
0.105000 138.031135 
0.060000 130.433997 
0.015000 126.635427 
-0.030000 122.836858 
-0.075000 119.038289 
-0.120000 100.045442 
-0.165000 92.448303 
-0.210000 90.549019 
-0.255000 71.556172 
-0.300000 56.361895 
-0.345000 24.074055 
-0.390000 -2.515930 
-0.435000 -12.012353 
-0.480000 -27.206631 
-0.525000 -31.005200 
-0.570000 -46.199477 
-0.615000 -46.199477 
-0.660000 -48.098762 
-0.705000 -57.595185 
-0.750000 -55.695901 
-0.795000 -53.796616 
-0.840000 -53.796616 
-0.885000 -65.192324 
-0.930000 -61.393755 
-0.975000 -59.494470 
-1.020000 -67.091609 
-1.065000 -67.091609 
-1.110000 -78.487316 
-1.155000 -89.883024 
-1.200000 -89.883024 
-1.245000 -101.278732 
-1.290000 -103.178017 
-1.335000 -99.379448 
-1.380000 -105.077302 
-1.425000 -108.875871 
-1.470000 -106.976586 
-1.515000 -112.674440 
-1.560000 -112.674440 
-1.605000 -125.969433 
-1.650000 -125.969433 
-1.695000 -137.365141 
-1.740000 -150.660134 
-1.785000 -148.760849 
-1.830000 -154.458703 
-1.875000 -150.660134 
-1.920000 -163.955126 
-1.965000 -163.955126 
-2.010000 -194.343681 
-2.055000 -169.652980 
-2.100000 -179.149404 
-2.145000 -186.746542 
-2.190000 -192.444396 
-2.235000 -192.444396 
-2.280000 -194.343681 
-2.325000 -200.041535 
-2.370000 -203.840104 
-2.415000 -213.336528 
-2.460000 -222.832951 
-2.495000 -219.034382 
-2.450000 -217.135097 
-2.405000 -224.732236 
-2.360000 -234.228659 
-2.315000 -238.027228 
-2.270000 -234.228659 
-2.225000 -243.725082 
-2.180000 -251.322221 
-2.135000 -253.221506 
-2.090000 -249.422936 
-2.045000 -245.624367 
-2.000000 -241.825798 
-1.955000 -238.027228 
-1.910000 -247.523652 
-1.865000 -243.725082 
-1.820000 -245.624367 
-1.775000 -247.523652 
-1.730000 -241.825798 
-1.685000 -239.926513 
-1.640000 -236.127944 
-1.595000 -234.228659 
-1.550000 -234.228659 
-1.505000 -238.027228 
-1.460000 -230.430090 
-1.415000 -234.228659 
-1.370000 -226.631520 
-1.325000 -219.034382 
-1.280000 -226.631520 
-1.235000 -217.135097 
-1.190000 -215.235812 
-1.145000 -224.732236 
-1.100000 -213.336528 
-1.055000 -209.537958 
-1.010000 -203.840104 
-0.965000 -205.739389 
-0.920000 -205.739389 
-0.875000 -192.444396 
-0.830000 -201.940820 
-0.785000 -196.242966 
-0.740000 -190.545112 
-0.695000 -196.242966 
-0.650000 -182.947973 
-0.605000 -173.451550 
-0.560000 -181.048688 
-0.515000 -165.854411 
-0.470000 -160.156557 
-0.425000 -150.660134 
-0.380000 -148.760849 
-0.335000 -148.760849 
-0.290000 -141.163710 
-0.245000 -139.264426 
-0.200000 -133.566572 
-0.155000 -127.868718 
-0.110000 -122.170864 
-0.065000 -120.271579 
-0.020000 -118.372294 
0.025000 -108.875871 
0.070000 -103.178017 
0.115000 -103.178017 
0.160000 -93.681594 
0.205000 -87.983740 
0.250000 -82.285886 
0.295000 -61.393755 
0.340000 5.081209 
0.385000 20.275486 
0.430000 12.678347 
0.475000 22.174771 
0.520000 33.570479 
0.565000 39.268333 
0.610000 43.066902 
0.655000 44.966187 
0.700000 39.268333 
0.745000 58.261179 
0.790000 50.664041 
0.835000 60.160464 
0.880000 60.160464 
0.925000 69.656887 
0.970000 63.959033 
1.015000 63.959033 
1.060000 84.851165 
1.105000 50.664041 
1.150000 88.649734 
1.195000 98.146157 
1.240000 63.959033 
1.285000 100.045442 
1.330000 107.642581 
1.375000 109.541865 
1.420000 113.340435 
1.465000 113.340435 
1.510000 119.038289 
1.555000 124.736143 
1.600000 128.534712 
1.645000 126.635427 
1.690000 134.232566 
1.735000 139.930420 
1.780000 138.031135 
1.825000 153.225412 
1.870000 162.721836 
1.915000 162.721836 
1.960000 166.520405 
2.005000 181.714682 
2.050000 176.016828 
2.095000 176.016828 
2.140000 185.513252 
2.185000 196.908960 
2.230000 196.908960 
2.275000 200.707529 
2.320000 214.002522 
2.365000 198.808244 
2.410000 221.599660 
2.455000 223.498945 
2.500000 219.700376 
2.455000 225.398230 
2.410000 223.498945 
2.365000 242.491792 
2.320000 242.491792 
2.275000 229.196799 
2.230000 242.491792 
2.185000 246.290361 
2.140000 244.391076 
2.095000 246.290361 
2.050000 244.391076 
2.005000 248.189646 
1.960000 253.887500 
1.915000 257.686069 
1.870000 253.887500 
1.825000 246.290361 
1.780000 251.988215 
1.735000 251.988215 
1.690000 244.391076 
1.645000 250.088930 
1.600000 242.491792 
1.555000 251.988215 
1.510000 246.290361 
1.465000 240.592507 
1.420000 240.592507 
1.375000 234.894653 
1.330000 234.894653 
1.285000 227.297514 
1.240000 232.995368 
1.195000 227.297514 
1.150000 221.599660 
1.105000 229.196799 
1.060000 217.801091 
1.015000 212.103237 
0.970000 221.599660 
0.925000 212.103237 
0.880000 214.002522 
0.835000 206.405383 
0.790000 198.808244 
0.745000 200.707529 
0.700000 200.707529 
0.655000 183.613967 
0.610000 183.613967 
0.565000 191.211106 
0.520000 176.016828 
0.475000 174.117544 
0.430000 170.318974 
0.385000 164.621120 
0.340000 149.426843 
0.295000 151.326128 
0.250000 149.426843 
0.205000 139.930420 
0.160000 138.031135 
0.115000 132.333281 
0.070000 134.232566 
0.025000 128.534712 
-0.020000 119.038289 
-0.065000 107.642581 
-0.110000 103.844011 
-0.155000 90.549019 
-0.200000 73.455457 
-0.245000 67.757603 
-0.290000 58.261179 
-0.335000 31.671194 
-0.380000 10.779063 
-0.425000 -15.810923 
-0.470000 -29.105915 
-0.515000 -32.904485 
-0.560000 -42.400908 
-0.605000 -42.400908 
-0.650000 -51.897331 
-0.695000 -55.695901 
-0.740000 -55.695901 
-0.785000 -59.494470 
-0.830000 -53.796616 
-0.875000 -61.393755 
-0.920000 -65.192324 
-0.965000 -59.494470 
-1.010000 -63.293039 
-1.055000 -68.990893 
-1.100000 -68.990893 
-1.145000 -87.983740 
-1.190000 -89.883024 
-1.235000 -87.983740 
-1.280000 -99.379448 
-1.325000 -108.875871 
-1.370000 -112.674440 
-1.415000 -112.674440 
-1.460000 -118.372294 
-1.505000 -120.271579 
-1.550000 -120.271579 
-1.595000 -125.969433 
-1.640000 -124.070148 
-1.685000 -135.465856 
-1.730000 -144.962280 
-1.775000 -148.760849 
-1.820000 -141.163710 
-1.865000 -158.257272 
-1.910000 -163.955126 
-1.955000 -167.753696 
-2.000000 -167.753696 
-2.045000 -173.451550 
-2.090000 -177.250119 
-2.135000 -179.149404 
-2.180000 -190.545112 
-2.225000 -192.444396 
-2.270000 -194.343681 
-2.315000 -196.242966 
-2.360000 -196.242966 
-2.405000 -209.537958 
-2.450000 -217.135097 
-2.495000 -222.832951 
-2.460000 -228.530805 
-2.415000 -226.631520 
-2.370000 -228.530805 
-2.325000 -234.228659 
-2.280000 -238.027228 
-2.235000 -236.127944 
-2.190000 -247.523652 
-2.145000 -249.422936 
-2.100000 -260.818644 
-2.055000 -251.322221 
-2.010000 -241.825798 
-1.965000 -243.725082 
-1.920000 -241.825798 
-1.875000 -249.422936 
-1.830000 -238.027228 
-1.785000 -239.926513 
-1.740000 -241.825798 
-1.695000 -241.825798 
-1.650000 -234.228659 
-1.605000 -241.825798 
-1.560000 -234.228659 
-1.515000 -226.631520 
-1.470000 -226.631520 
-1.425000 -228.530805 
-1.380000 -230.430090 
-1.335000 -220.933666 
-1.290000 -226.631520 
-1.245000 -219.034382 
-1.200000 -213.336528 
-1.155000 -215.235812 
-1.110000 -219.034382 
-1.065000 -207.638674 
-1.020000 -209.537958 
-0.975000 -209.537958 
-0.930000 -203.840104 
-0.885000 -196.242966 
-0.840000 -196.242966 
-0.795000 -196.242966 
-0.750000 -188.645827 
-0.705000 -198.142250 
-0.660000 -190.545112 
-0.615000 -184.847258 
-0.570000 -182.947973 
-0.525000 -181.048688 
-0.480000 -169.652980 
-0.435000 -158.257272 
-0.390000 -156.357988 
-0.345000 -143.062995 
-0.300000 -139.264426 
-0.255000 -137.365141 
-0.210000 -129.768002 
-0.165000 -125.969433 
-0.120000 -120.271579 
-0.075000 -120.271579 
-0.030000 -110.775156 
0.015000 -112.674440 
0.060000 -110.775156 
0.105000 -103.178017 
0.150000 -89.883024 
0.195000 -87.983740 
0.240000 -82.285886 
0.285000 -48.098762 
0.330000 12.678347 
0.375000 18.376201 
0.420000 12.678347 
0.465000 24.074055 
0.510000 31.671194 
0.555000 43.066902 
0.600000 54.462610 
0.645000 48.764756 
0.690000 48.764756 
0.735000 58.261179 
0.780000 65.858318 
0.825000 48.764756 
0.870000 54.462610 
0.915000 67.757603 
0.960000 69.656887 
1.005000 69.656887 
1.050000 82.951880 
1.095000 82.951880 
1.140000 96.246873 
1.185000 94.347588 
1.230000 94.347588 
1.275000 109.541865 
1.320000 109.541865 
1.365000 113.340435 
1.410000 105.743296 
1.455000 115.239719 
1.500000 126.635427 
1.545000 122.836858 
1.590000 120.937573 
1.635000 132.333281 
1.680000 155.124697 
1.725000 147.527558 
1.770000 145.628274 
1.815000 145.628274 
1.860000 172.218259 
1.905000 158.923266 
1.950000 155.124697 
1.995000 172.218259 
2.040000 172.218259 
2.085000 183.613967 
2.130000 187.412536 
2.175000 196.908960 
2.220000 202.606814 
2.265000 200.707529 
2.310000 227.297514 
2.355000 206.405383 
2.400000 210.203952 
2.445000 227.297514 
2.490000 221.599660 
2.465000 231.096084 
2.420000 246.290361 
2.375000 231.096084 
2.330000 242.491792 
2.285000 251.988215 
2.240000 244.391076 
2.195000 244.391076 
2.150000 246.290361 
2.105000 253.887500 
2.060000 259.585354 
2.015000 255.786784 
1.970000 263.383923 
1.925000 257.686069 
1.880000 259.585354 
1.835000 251.988215 
1.790000 257.686069 
1.745000 253.887500 
1.700000 242.491792 
1.655000 255.786784 
1.610000 246.290361 
1.565000 246.290361 
1.520000 242.491792 
1.475000 248.189646 
1.430000 242.491792 
1.385000 242.491792 
1.340000 238.693222 
1.295000 238.693222 
1.250000 240.592507 
1.205000 234.894653 
1.160000 223.498945 
1.115000 229.196799 
1.070000 225.398230 
1.025000 221.599660 
0.980000 227.297514 
0.935000 212.103237 
0.890000 202.606814 
0.845000 214.002522 
0.800000 204.506098 
0.755000 206.405383 
0.710000 198.808244 
0.665000 185.513252 
0.620000 193.110390 
0.575000 183.613967 
0.530000 174.117544 
0.485000 168.419690 
0.440000 162.721836 
0.395000 158.923266 
0.350000 153.225412 
0.305000 157.023982 
0.260000 145.628274 
0.215000 141.829705 
0.170000 141.829705 
0.125000 138.031135 
0.080000 134.232566 
0.035000 134.232566 
-0.010000 119.038289 
-0.055000 109.541865 
-0.100000 100.045442 
-0.145000 88.649734 
-0.190000 75.354741 
-0.235000 69.656887 
-0.280000 63.959033 
-0.325000 39.268333 
-0.370000 10.779063 
-0.415000 -8.213784 
-0.460000 -21.508777 
-0.505000 -29.105915 
-0.550000 -42.400908 
-0.595000 -49.998047 
-0.640000 -48.098762 
-0.685000 -51.897331 
-0.730000 -53.796616 
-0.775000 -55.695901 
-0.820000 -61.393755 
-0.865000 -59.494470 
-0.910000 -61.393755 
-0.955000 -59.494470 
-1.000000 -84.185170 
-1.045000 -78.487316 
-1.090000 -78.487316 
-1.135000 -87.983740 
-1.180000 -89.883024 
-1.225000 -99.379448 
-1.270000 -105.077302 
-1.315000 -103.178017 
-1.360000 -105.077302 
-1.405000 -122.170864 
-1.450000 -120.271579 
-1.495000 -124.070148 
-1.540000 -133.566572 
-1.585000 -125.969433 
-1.630000 -127.868718 
-1.675000 -163.955126 
-1.720000 -137.365141 
-1.765000 -141.163710 
-1.810000 -146.861564 
-1.855000 -150.660134 
-1.900000 -152.559418 
-1.945000 -163.955126 
-1.990000 -167.753696 
-2.035000 -173.451550 
-2.080000 -182.947973 
-2.125000 -181.048688 
-2.170000 -188.645827 
-2.215000 -196.242966 
-2.260000 -196.242966 
-2.305000 -190.545112 
-2.350000 -203.840104 
-2.395000 -215.235812 
-2.440000 -213.336528 
-2.485000 -219.034382 
-2.470000 -220.933666 
-2.425000 -228.530805 
-2.380000 -232.329374 
-2.335000 -241.825798 
-2.290000 -239.926513 
-2.245000 -236.127944 
-2.200000 -239.926513 
-2.155000 -239.926513 
-2.110000 -238.027228 
-2.065000 -243.725082 
-2.020000 -249.422936 
-1.975000 -251.322221 
-1.930000 -251.322221 
-1.885000 -247.523652 
-1.840000 -247.523652 
-1.795000 -238.027228 
-1.750000 -241.825798 
-1.705000 -236.127944 
-1.660000 -243.725082 
-1.615000 -238.027228 
-1.570000 -239.926513 
-1.525000 -234.228659 
-1.480000 -220.933666 
-1.435000 -228.530805 
-1.390000 -226.631520 
-1.345000 -222.832951 
-1.300000 -226.631520 
-1.255000 -226.631520 
-1.210000 -222.832951 
-1.165000 -217.135097 
-1.120000 -211.437243 
-1.075000 -211.437243 
-1.030000 -205.739389 
-0.985000 -205.739389 
-0.940000 -203.840104 
-0.895000 -196.242966 
-0.850000 -192.444396 
-0.805000 -182.947973 
-0.760000 -188.645827 
-0.715000 -181.048688 
-0.670000 -181.048688 
-0.625000 -179.149404 
-0.580000 -173.451550 
-0.535000 -175.350834 
-0.490000 -173.451550 
-0.445000 -167.753696 
-0.400000 -163.955126 
-0.355000 -158.257272 
-0.310000 -154.458703 
-0.265000 -150.660134 
-0.220000 -143.062995 
-0.175000 -137.365141 
-0.130000 -131.667287 
-0.085000 -120.271579 
-0.040000 -120.271579 
0.005000 -118.372294 
0.050000 -110.775156 
0.095000 -105.077302 
0.140000 -101.278732 
0.185000 -95.580878 
0.230000 -84.185170 
0.275000 -76.588032 
0.320000 -12.012353 
0.365000 18.376201 
0.410000 1.282639 
0.455000 16.476917 
0.500000 31.671194 
0.545000 29.771909 
0.590000 41.167617 
0.635000 46.865471 
0.680000 39.268333 
0.725000 46.865471 
0.770000 54.462610 
0.815000 54.462610 
0.860000 58.261179 
0.905000 56.361895 
0.950000 60.160464 
0.995000 58.261179 
1.040000 79.153311 
1.085000 77.254026 
1.130000 86.750449 
1.175000 100.045442 
1.220000 90.549019 
1.265000 100.045442 
1.310000 103.844011 
1.355000 94.347588 
1.400000 101.944727 
1.445000 103.844011 
1.490000 103.844011 
1.535000 122.836858 
1.580000 128.534712 
1.625000 130.433997 
1.670000 132.333281 
1.715000 145.628274 
1.760000 153.225412 
1.805000 153.225412 
1.850000 155.124697 
1.895000 164.621120 
1.940000 164.621120 
1.985000 168.419690 
2.030000 174.117544 
2.075000 179.815398 
2.120000 189.311821 
2.165000 195.009675 
2.210000 206.405383 
2.255000 202.606814 
2.300000 210.203952 
2.345000 225.398230 
2.390000 221.599660 
2.435000 223.498945 
2.480000 236.793938 
2.475000 225.398230 
2.430000 225.398230 
2.385000 238.693222 
2.340000 242.491792 
2.295000 246.290361 
2.250000 246.290361 
2.205000 251.988215 
2.160000 257.686069 
2.115000 255.786784 
2.070000 270.981062 
2.025000 259.585354 
1.980000 255.786784 
1.935000 255.786784 
1.890000 265.283208 
1.845000 259.585354 
1.800000 251.988215 
1.755000 267.182492 
1.710000 259.585354 
1.665000 257.686069 
1.620000 251.988215 
1.575000 251.988215 
1.530000 259.585354 
1.485000 246.290361 
1.440000 250.088930 
1.395000 246.290361 
1.350000 253.887500 
1.305000 242.491792 
1.260000 236.793938 
1.215000 244.391076 
1.170000 236.793938 
1.125000 234.894653 
1.080000 229.196799 
1.035000 217.801091 
0.990000 227.297514 
0.945000 217.801091 
0.900000 215.901806 
0.855000 214.002522 
0.810000 200.707529 
0.765000 202.606814 
0.720000 195.009675 
0.675000 195.009675 
0.630000 185.513252 
0.585000 179.815398 
0.540000 153.225412 
0.495000 172.218259 
0.450000 168.419690 
0.405000 158.923266 
0.360000 160.822551 
0.315000 162.721836 
0.270000 147.527558 
0.225000 147.527558 
0.180000 143.728989 
0.135000 138.031135 
0.090000 130.433997 
0.045000 122.836858 
0.000000 124.736143 
-0.045000 115.239719 
-0.090000 103.844011 
-0.135000 96.246873 
-0.180000 84.851165 
-0.225000 71.556172 
-0.270000 65.858318 
-0.315000 52.563325 
-0.360000 35.469763 
-0.405000 1.282639 
-0.450000 -15.810923 
-0.495000 -27.206631 
-0.540000 -32.904485 
-0.585000 -34.803769 
-0.630000 -38.602339 
-0.675000 -48.098762 
-0.720000 -44.300193 
-0.765000 -51.897331 
-0.810000 -61.393755 
-0.855000 -55.695901 
-0.900000 -61.393755 
-0.945000 -63.293039 
-0.990000 -61.393755 
-1.035000 -72.789462 
-1.080000 -78.487316 
-1.125000 -78.487316 
-1.170000 -86.084455 
-1.215000 -87.983740 
-1.260000 -93.681594 
-1.305000 -105.077302 
-1.350000 -108.875871 
-1.395000 -105.077302 
-1.440000 -118.372294 
-1.485000 -129.768002 
-1.530000 -114.573725 
-1.575000 -129.768002 
-1.620000 -165.854411 
-1.665000 -135.465856 
-1.710000 -144.962280 
-1.755000 -154.458703 
-1.800000 -156.357988 
-1.845000 -154.458703 
-1.890000 -188.645827 
-1.935000 -165.854411 
-1.980000 -167.753696 
-2.025000 -184.847258 
-2.070000 -181.048688 
-2.115000 -184.847258 
-2.160000 -188.645827 
-2.205000 -184.847258 
-2.250000 -194.343681 
-2.295000 -196.242966 
-2.340000 -203.840104 
-2.385000 -211.437243 
-2.430000 -211.437243 
-2.475000 -217.135097 
-2.480000 -220.933666 
-2.435000 -230.430090 
-2.390000 -232.329374 
-2.345000 -238.027228 
-2.300000 -236.127944 
-2.255000 -243.725082 
-2.210000 -241.825798 
-2.165000 -243.725082 
-2.120000 -243.725082 
-2.075000 -241.825798 
-2.030000 -243.725082 
-1.985000 -239.926513 
-1.940000 -238.027228 
-1.895000 -234.228659 
-1.850000 -241.825798 
-1.805000 -245.624367 
-1.760000 -243.725082 
-1.715000 -243.725082 
-1.670000 -234.228659 
-1.625000 -236.127944 
-1.580000 -232.329374 
-1.535000 -230.430090 
-1.490000 -230.430090 
-1.445000 -226.631520 
-1.400000 -228.530805 
-1.355000 -220.933666 
-1.310000 -222.832951 
-1.265000 -217.135097 
-1.220000 -220.933666 
-1.175000 -213.336528 
-1.130000 -205.739389 
-1.085000 -203.840104 
-1.040000 -200.041535 
-0.995000 -196.242966 
-0.950000 -198.142250 
-0.905000 -196.242966 
-0.860000 -188.645827 
-0.815000 -196.242966 
-0.770000 -188.645827 
-0.725000 -181.048688 
-0.680000 -177.250119 
-0.635000 -175.350834 
-0.590000 -171.552265 
-0.545000 -175.350834 
-0.500000 -173.451550 
-0.455000 -162.055842 
-0.410000 -162.055842 
-0.365000 -160.156557 
-0.320000 -152.559418 
-0.275000 -150.660134 
-0.230000 -148.760849 
-0.185000 -143.062995 
-0.140000 -137.365141 
-0.095000 -135.465856 
-0.050000 -129.768002 
-0.005000 -120.271579 
0.040000 -116.473010 
0.085000 -110.775156 
0.130000 -101.278732 
0.175000 -93.681594 
0.220000 -97.480163 
0.265000 -84.185170 
0.310000 -63.293039 
0.355000 8.879778 
0.400000 6.980493 
0.445000 6.980493 
0.490000 31.671194 
0.535000 37.369048 
0.580000 31.671194 
0.625000 44.966187 
0.670000 39.268333 
0.715000 43.066902 
0.760000 48.764756 
0.805000 52.563325 
0.850000 58.261179 
0.895000 48.764756 
0.940000 60.160464 
0.985000 65.858318 
1.030000 63.959033 
1.075000 69.656887 
1.120000 79.153311 
1.165000 92.448303 
1.210000 96.246873 
1.255000 100.045442 
1.300000 105.743296 
1.345000 107.642581 
1.390000 105.743296 
1.435000 117.139004 
1.480000 115.239719 
1.525000 122.836858 
1.570000 120.937573 
1.615000 122.836858 
1.660000 132.333281 
1.705000 138.031135 
1.750000 155.124697 
1.795000 157.023982 
1.840000 158.923266 
1.885000 170.318974 
1.930000 166.520405 
1.975000 164.621120 
2.020000 181.714682 
2.065000 179.815398 
2.110000 185.513252 
2.155000 191.211106 
2.200000 189.311821 
2.245000 191.211106 
2.290000 210.203952 
2.335000 206.405383 
2.380000 210.203952 
2.425000 212.103237 
2.470000 227.297514 
2.485000 223.498945 
2.440000 229.196799 
2.395000 232.995368 
2.350000 236.793938 
2.305000 255.786784 
2.260000 251.988215 
2.215000 253.887500 
2.170000 253.887500 
2.125000 248.189646 
2.080000 261.484638 
2.035000 255.786784 
1.990000 265.283208 
1.945000 259.585354 
1.900000 255.786784 
1.855000 259.585354 
1.810000 250.088930 
1.765000 251.988215 
1.720000 246.290361 
1.675000 251.988215 
1.630000 250.088930 
1.585000 244.391076 
1.540000 251.988215 
1.495000 248.189646 
1.450000 257.686069 
1.405000 244.391076 
1.360000 246.290361 
1.315000 236.793938 
1.270000 231.096084 
1.225000 244.391076 
1.180000 225.398230 
1.135000 223.498945 
1.090000 229.196799 
1.045000 225.398230 
1.000000 221.599660 
0.955000 210.203952 
0.910000 198.808244 
0.865000 215.901806 
0.820000 208.304668 
0.775000 196.908960 
0.730000 191.211106 
0.685000 187.412536 
0.640000 174.117544 
0.595000 179.815398 
0.550000 174.117544 
0.505000 164.621120 
0.460000 166.520405 
0.415000 170.318974 
0.370000 151.326128 
0.325000 157.023982 
0.280000 153.225412 
0.235000 145.628274 
0.190000 145.628274 
0.145000 139.930420 
0.100000 138.031135 
0.055000 134.232566 
0.010000 120.937573 
-0.035000 109.541865 
-0.080000 101.944727 
-0.125000 94.347588 
-0.170000 84.851165 
-0.215000 69.656887 
-0.260000 62.059749 
-0.305000 52.563325 
-0.350000 31.671194 
-0.395000 12.678347 
-0.440000 -8.213784 
-0.485000 -31.005200 
-0.530000 -38.602339 
-0.575000 -32.904485 
-0.620000 -36.703054 
-0.665000 -48.098762 
-0.710000 -46.199477 
-0.755000 -53.796616 
-0.800000 -55.695901 
-0.845000 -61.393755 
-0.890000 -59.494470 
-0.935000 -61.393755 
-0.980000 -65.192324 
-1.025000 -76.588032 
-1.070000 -74.688747 
-1.115000 -82.285886 
-1.160000 -78.487316 
-1.205000 -86.084455 
-1.250000 -87.983740 
-1.295000 -84.185170 
-1.340000 -108.875871 
-1.385000 -106.976586 
-1.430000 -112.674440 
-1.475000 -116.473010 
-1.520000 -112.674440 
-1.565000 -122.170864 
-1.610000 -133.566572 
-1.655000 -135.465856 
-1.700000 -139.264426 
-1.745000 -137.365141 
-1.790000 -156.357988 
-1.835000 -158.257272 
-1.880000 -156.357988 
-1.925000 -162.055842 
-1.970000 -160.156557 
-2.015000 -173.451550 
-2.060000 -171.552265 
-2.105000 -179.149404 
-2.150000 -190.545112 
-2.195000 -188.645827 
-2.240000 -194.343681 
-2.285000 -194.343681 
-2.330000 -196.242966 
-2.375000 -205.739389 
-2.420000 -219.034382 
-2.465000 -220.933666 
-2.490000 -220.933666 
-2.445000 -234.228659 
-2.400000 -238.027228 
-2.355000 -230.430090 
-2.310000 -245.624367 
-2.265000 -243.725082 
-2.220000 -264.617214 
-2.175000 -251.322221 
-2.130000 -253.221506 
-2.085000 -249.422936 
-2.040000 -245.624367 
-1.995000 -243.725082 
-1.950000 -236.127944 
-1.905000 -236.127944 
-1.860000 -245.624367 
-1.815000 -241.825798 
-1.770000 -247.523652 
-1.725000 -241.825798 
-1.680000 -236.127944 
-1.635000 -243.725082 
-1.590000 -239.926513 
-1.545000 -230.430090 
-1.500000 -228.530805 
-1.455000 -219.034382 
-1.410000 -234.228659 
-1.365000 -234.228659 
-1.320000 -217.135097 
-1.275000 -224.732236 
-1.230000 -211.437243 
-1.185000 -207.638674 
-1.140000 -207.638674 
-1.095000 -211.437243 
-1.050000 -203.840104 
-1.005000 -198.142250 
-0.960000 -196.242966 
-0.915000 -190.545112 
-0.870000 -194.343681 
-0.825000 -192.444396 
-0.780000 -188.645827 
-0.735000 -182.947973 
-0.690000 -175.350834 
-0.645000 -173.451550 
-0.600000 -175.350834 
-0.555000 -167.753696 
-0.510000 -169.652980 
-0.465000 -167.753696 
-0.420000 -154.458703 
-0.375000 -154.458703 
-0.330000 -158.257272 
-0.285000 -148.760849 
-0.240000 -150.660134 
-0.195000 -139.264426 
-0.150000 -131.667287 
-0.105000 -137.365141 
-0.060000 -133.566572 
-0.015000 -125.969433 
0.030000 -112.674440 
0.075000 -112.674440 
0.120000 -106.976586 
0.165000 -106.976586 
0.210000 -97.480163 
0.255000 -84.185170 
0.300000 -51.897331 
0.345000 12.678347 
0.390000 3.181924 
0.435000 8.879778 
0.480000 33.570479 
0.525000 39.268333 
0.570000 31.671194 
0.615000 44.966187 
0.660000 35.469763 
0.705000 46.865471 
0.750000 39.268333 
0.795000 52.563325 
0.840000 54.462610 
0.885000 44.966187 
0.930000 60.160464 
0.975000 60.160464 
1.020000 73.455457 
1.065000 73.455457 
1.110000 81.052595 
1.155000 81.052595 
1.200000 92.448303 
1.245000 101.944727 
1.290000 105.743296 
1.335000 98.146157 
1.380000 107.642581 
1.425000 109.541865 
1.470000 107.642581 
1.515000 111.441150 
1.560000 124.736143 
1.605000 124.736143 
1.650000 134.232566 
1.695000 145.628274 
1.740000 157.023982 
1.785000 149.426843 
1.830000 158.923266 
1.875000 166.520405 
1.920000 164.621120 
1.965000 174.117544 
2.010000 168.419690 
2.055000 177.916113 
2.100000 179.815398 
2.145000 183.613967 
2.190000 200.707529 
2.235000 187.412536 
2.280000 196.908960 
2.325000 214.002522 
2.370000 217.801091 
2.415000 219.700376 
2.460000 227.297514 
2.495000 225.398230 
2.450000 221.599660 
2.405000 236.793938 
2.360000 242.491792 
2.315000 240.592507 
2.270000 255.786784 
2.225000 251.988215 
2.180000 250.088930 
2.135000 255.786784 
2.090000 259.585354 
2.045000 257.686069 
2.000000 248.189646 
1.955000 267.182492 
1.910000 227.297514 
1.865000 253.887500 
1.820000 259.585354 
1.775000 255.786784 
1.730000 250.088930 
1.685000 255.786784 
1.640000 255.786784 
1.595000 257.686069 
1.550000 261.484638 
1.505000 244.391076 
1.460000 251.988215 
1.415000 251.988215 
1.370000 242.491792 
1.325000 250.088930 
1.280000 234.894653 
1.235000 227.297514 
1.190000 231.096084 
1.145000 231.096084 
1.100000 217.801091 
1.055000 221.599660 
1.010000 214.002522 
0.965000 225.398230 
0.920000 206.405383 
0.875000 198.808244 
0.830000 196.908960 
0.785000 191.211106 
0.740000 198.808244 
0.695000 187.412536 
0.650000 179.815398 
0.605000 183.613967 
0.560000 183.613967 
0.515000 168.419690 
0.470000 166.520405 
0.425000 172.218259 
0.380000 162.721836 
0.335000 155.124697 
0.290000 155.124697 
0.245000 143.728989 
0.200000 147.527558 
0.155000 139.930420 
0.110000 130.433997 
0.065000 130.433997 
0.020000 119.038289 
-0.025000 111.441150 
-0.070000 103.844011 
-0.115000 90.549019 
-0.160000 82.951880 
-0.205000 71.556172 
-0.250000 62.059749 
-0.295000 54.462610 
-0.340000 22.174771 
-0.385000 3.181924 
-0.430000 -17.710207 
-0.475000 -29.105915 
-0.520000 -38.602339 
-0.565000 -36.703054 
-0.610000 -40.501623 
-0.655000 -44.300193 
-0.700000 -51.897331 
-0.745000 -46.199477 
-0.790000 -53.796616 
-0.835000 -53.796616 
-0.880000 -53.796616 
-0.925000 -55.695901 
-0.970000 -59.494470 
-1.015000 -53.796616 
-1.060000 -70.890178 
-1.105000 -78.487316 
-1.150000 -78.487316 
-1.195000 -87.983740 
-1.240000 -99.379448 
-1.285000 -91.782309 
-1.330000 -110.775156 
-1.375000 -108.875871 
-1.420000 -112.674440 
-1.465000 -116.473010 
-1.510000 -110.775156 
-1.555000 -122.170864 
-1.600000 -129.768002 
-1.645000 -131.667287 
-1.690000 -144.962280 
-1.735000 -146.861564 
-1.780000 -148.760849 
-1.825000 -163.955126 
-1.870000 -158.257272 
-1.915000 -167.753696 
-1.960000 -167.753696 
-2.005000 -177.250119 
-2.050000 -179.149404 
-2.095000 -186.746542 
-2.140000 -184.847258 
-2.185000 -196.242966 
-2.230000 -192.444396 
-2.275000 -198.142250 
-2.320000 -226.631520 
-2.365000 -203.840104 
-2.410000 -205.739389 
-2.455000 -215.235812 
-2.500000 -217.135097 
-2.455000 -222.832951 
-2.410000 -224.732236 
-2.365000 -234.228659 
-2.320000 -243.725082 
-2.275000 -241.825798 
-2.230000 -241.825798 
-2.185000 -241.825798 
-2.140000 -239.926513 
-2.095000 -243.725082 
-2.050000 -241.825798 
-2.005000 -243.725082 
-1.960000 -247.523652 
-1.915000 -239.926513 
-1.870000 -236.127944 
-1.825000 -238.027228 
-1.780000 -236.127944 
-1.735000 -245.624367 
-1.690000 -243.725082 
-1.645000 -239.926513 
-1.600000 -243.725082 
-1.555000 -230.430090 
-1.510000 -226.631520 
-1.465000 -224.732236 
-1.420000 -219.034382 
-1.375000 -224.732236 
-1.330000 -217.135097 
-1.285000 -226.631520 
-1.240000 -215.235812 
-1.195000 -211.437243 
-1.150000 -207.638674 
-1.105000 -203.840104 
-1.060000 -198.142250 
-1.015000 -198.142250 
-0.970000 -200.041535 
-0.925000 -188.645827 
-0.880000 -184.847258 
-0.835000 -184.847258 
-0.790000 -184.847258 
-0.745000 -179.149404 
-0.700000 -177.250119 
-0.655000 -173.451550 
-0.610000 -165.854411 
-0.565000 -158.257272 
-0.520000 -165.854411 
-0.475000 -162.055842 
-0.430000 -158.257272 
-0.385000 -160.156557 
-0.340000 -148.760849 
-0.295000 -141.163710 
-0.250000 -137.365141 
-0.205000 -139.264426 
-0.160000 -131.667287 
-0.115000 -127.868718 
-0.070000 -131.667287 
-0.025000 -122.170864 
0.020000 -118.372294 
0.065000 -116.473010 
0.110000 -108.875871 
0.155000 -97.480163 
0.200000 -95.580878 
0.245000 -93.681594 
0.290000 -70.890178 
0.335000 -10.113069 
0.380000 12.678347 
0.425000 8.879778 
0.470000 16.476917 
0.515000 31.671194 
0.560000 39.268333 
0.605000 43.066902 
0.650000 43.066902 
0.695000 50.664041 
0.740000 52.563325 
0.785000 54.462610 
0.830000 60.160464 
0.875000 56.361895 
0.920000 60.160464 
0.965000 65.858318 
1.010000 62.059749 
1.055000 69.656887 
1.100000 82.951880 
1.145000 79.153311 
1.190000 84.851165 
1.235000 96.246873 
1.280000 94.347588 
1.325000 98.146157 
1.370000 100.045442 
1.415000 113.340435 
1.460000 120.937573 
1.505000 115.239719 
1.550000 126.635427 
1.595000 128.534712 
1.640000 132.333281 
1.685000 141.829705 
1.730000 145.628274 
1.775000 151.326128 
1.820000 147.527558 
1.865000 158.923266 
1.910000 168.419690 
1.955000 160.822551 
2.000000 170.318974 
2.045000 179.815398 
2.090000 179.815398 
2.135000 176.016828 
2.180000 191.211106 
2.225000 193.110390 
2.270000 193.110390 
2.315000 208.304668 
2.360000 206.405383 
2.405000 212.103237 
2.450000 231.096084 
2.495000 223.498945 
2.460000 240.592507 
2.415000 246.290361 
2.370000 240.592507 
2.325000 246.290361 
2.280000 257.686069 
2.235000 250.088930 
2.190000 253.887500 
2.145000 246.290361 
2.100000 251.988215 
2.055000 259.585354 
2.010000 263.383923 
1.965000 259.585354 
1.920000 253.887500 
1.875000 255.786784 
1.830000 246.290361 
1.785000 251.988215 
1.740000 257.686069 
1.695000 263.383923 
1.650000 259.585354 
1.605000 253.887500 
1.560000 257.686069 
1.515000 248.189646 
1.470000 255.786784 
1.425000 246.290361 
1.380000 240.592507 
1.335000 238.693222 
1.290000 234.894653 
1.245000 225.398230 
1.200000 225.398230 
1.155000 221.599660 
1.110000 225.398230 
1.065000 212.103237 
1.020000 206.405383 
0.975000 204.506098 
0.930000 206.405383 
0.885000 210.203952 
0.840000 198.808244 
0.795000 196.908960 
0.750000 191.211106 
0.705000 195.009675 
0.660000 183.613967 
0.615000 181.714682 
0.570000 174.117544 
0.525000 174.117544 
0.480000 168.419690 
0.435000 162.721836 
0.390000 158.923266 
0.345000 143.728989 
0.300000 149.426843 
0.255000 145.628274 
0.210000 139.930420 
0.165000 130.433997 
0.120000 117.139004 
0.075000 117.139004 
0.030000 111.441150 
-0.015000 109.541865 
-0.060000 107.642581 
-0.105000 88.649734 
-0.150000 86.750449 
-0.195000 71.556172 
-0.240000 54.462610 
-0.285000 44.966187 
-0.330000 29.771909 
-0.375000 3.181924 
-0.420000 -8.213784 
-0.465000 -27.206631 
-0.510000 -38.602339 
-0.555000 -48.098762 
-0.600000 -51.897331 
-0.645000 -51.897331 
-0.690000 -53.796616 
-0.735000 -59.494470 
-0.780000 -53.796616 
-0.825000 -57.595185 
-0.870000 -67.091609 
-0.915000 -65.192324 
-0.960000 -68.990893 
-1.005000 -72.789462 
-1.050000 -70.890178 
-1.095000 -68.990893 
-1.140000 -68.990893 
-1.185000 -82.285886 
-1.230000 -91.782309 
-1.275000 -105.077302 
-1.320000 -106.976586 
-1.365000 -106.976586 
-1.410000 -110.775156 
-1.455000 -112.674440 
-1.500000 -114.573725 
-1.545000 -124.070148 
-1.590000 -135.465856 
-1.635000 -135.465856 
-1.680000 -135.465856 
-1.725000 -137.365141 
-1.770000 -143.062995 
-1.815000 -158.257272 
-1.860000 -156.357988 
-1.905000 -167.753696 
-1.950000 -175.350834 
-1.995000 -165.854411 
-2.040000 -177.250119 
-2.085000 -179.149404 
-2.130000 -186.746542 
-2.175000 -182.947973 
-2.220000 -182.947973 
-2.265000 -198.142250 
-2.310000 -203.840104 
-2.355000 -203.840104 
-2.400000 -209.537958 
-2.445000 -211.437243 
-2.490000 -253.221506 
-2.465000 -217.135097 
-2.420000 -228.530805 
-2.375000 -228.530805 
-2.330000 -228.530805 
-2.285000 -239.926513 
-2.240000 -243.725082 
-2.195000 -230.430090 
-2.150000 -245.624367 
-2.105000 -243.725082 
-2.060000 -239.926513 
-2.015000 -241.825798 
-1.970000 -247.523652 
-1.925000 -239.926513 
-1.880000 -238.027228 
-1.835000 -234.228659 
-1.790000 -239.926513 
-1.745000 -241.825798 
-1.700000 -234.228659 
-1.655000 -232.329374 
-1.610000 -226.631520 
-1.565000 -239.926513 
-1.520000 -236.127944 
-1.475000 -222.832951 
-1.430000 -228.530805 
-1.385000 -226.631520 
-1.340000 -213.336528 
-1.295000 -213.336528 
-1.250000 -215.235812 
-1.205000 -213.336528 
-1.160000 -203.840104 
-1.115000 -205.739389 
-1.070000 -203.840104 
-1.025000 -192.444396 
-0.980000 -198.142250 
-0.935000 -190.545112 
-0.890000 -181.048688 
-0.845000 -188.645827 
-0.800000 -184.847258 
-0.755000 -173.451550 
-0.710000 -175.350834 
-0.665000 -177.250119 
-0.620000 -173.451550 
-0.575000 -167.753696 
-0.530000 -162.055842 
-0.485000 -156.357988 
-0.440000 -150.660134 
-0.395000 -143.062995 
-0.350000 -150.660134 
-0.305000 -137.365141 
-0.260000 -143.062995 
-0.215000 -143.062995 
-0.170000 -135.465856 
-0.125000 -129.768002 
-0.080000 -120.271579 
-0.035000 -122.170864 
0.010000 -120.271579 
0.055000 -108.875871 
0.100000 -105.077302 
0.145000 -97.480163 
0.190000 -93.681594 
0.235000 -95.580878 
0.280000 -68.990893 
0.325000 3.181924 
0.370000 12.678347 
0.415000 10.779063 
0.460000 29.771909 
0.505000 35.469763 
0.550000 35.469763 
0.595000 43.066902 
0.640000 39.268333 
0.685000 48.764756 
0.730000 54.462610 
0.775000 52.563325 
0.820000 58.261179 
0.865000 58.261179 
0.910000 56.361895 
0.955000 69.656887 
1.000000 73.455457 
1.045000 69.656887 
1.090000 88.649734 
1.135000 94.347588 
1.180000 94.347588 
1.225000 100.045442 
1.270000 96.246873 
1.315000 88.649734 
1.360000 100.045442 
1.405000 109.541865 
1.450000 113.340435 
1.495000 113.340435 
1.540000 124.736143 
1.585000 122.836858 
1.630000 128.534712 
1.675000 143.728989 
1.720000 143.728989 
1.765000 147.527558 
1.810000 149.426843 
1.855000 174.117544 
1.900000 157.023982 
1.945000 153.225412 
1.990000 160.822551 
2.035000 176.016828 
2.080000 172.218259 
2.125000 176.016828 
2.170000 187.412536 
2.215000 183.613967 
2.260000 196.908960 
2.305000 204.506098 
2.350000 221.599660 
2.395000 215.901806 
2.440000 234.894653 
2.485000 234.894653 
2.470000 231.096084 
2.425000 223.498945 
2.380000 242.491792 
2.335000 244.391076 
2.290000 248.189646 
2.245000 244.391076 
2.200000 253.887500 
2.155000 251.988215 
2.110000 246.290361 
2.065000 234.894653 
2.020000 248.189646 
1.975000 263.383923 
1.930000 253.887500 
1.885000 255.786784 
1.840000 255.786784 
1.795000 255.786784 
1.750000 261.484638 
1.705000 251.988215 
1.660000 261.484638 
1.615000 251.988215 
1.570000 255.786784 
1.525000 253.887500 
1.480000 236.793938 
1.435000 250.088930 
1.390000 246.290361 
1.345000 232.995368 
1.300000 231.096084 
1.255000 229.196799 
1.210000 229.196799 
1.165000 223.498945 
1.120000 221.599660 
1.075000 215.901806 
1.030000 204.506098 
0.985000 215.901806 
0.940000 210.203952 
0.895000 195.009675 
0.850000 204.506098 
0.805000 200.707529 
0.760000 185.513252 
0.715000 191.211106 
0.670000 181.714682 
0.625000 179.815398 
0.580000 174.117544 
0.535000 172.218259 
0.490000 162.721836 
0.445000 153.225412 
0.400000 157.023982 
0.355000 143.728989 
0.310000 136.131851 
0.265000 130.433997 
0.220000 126.635427 
0.175000 138.031135 
0.130000 126.635427 
0.085000 115.239719 
0.040000 120.937573 
-0.005000 113.340435 
-0.050000 105.743296 
-0.095000 92.448303 
-0.140000 84.851165 
-0.185000 69.656887 
-0.230000 58.261179 
-0.275000 46.865471 
-0.320000 35.469763 
-0.365000 14.577632 
-0.410000 -6.314499 
-0.455000 -17.710207 
-0.500000 -34.803769 
-0.545000 -44.300193 
-0.590000 -46.199477 
-0.635000 -46.199477 
-0.680000 -44.300193 
-0.725000 -51.897331 
-0.770000 -55.695901 
-0.815000 -51.897331 
-0.860000 -61.393755 
-0.905000 -63.293039 
-0.950000 -72.789462 
-0.995000 -67.091609 
-1.040000 -72.789462 
-1.085000 -72.789462 
-1.130000 -82.285886 
-1.175000 -87.983740 
-1.220000 -93.681594 
-1.265000 -97.480163 
-1.310000 -105.077302 
-1.355000 -101.278732 
-1.400000 -103.178017 
-1.445000 -120.271579 
-1.490000 -120.271579 
-1.535000 -120.271579 
-1.580000 -122.170864 
-1.625000 -129.768002 
-1.670000 -137.365141 
-1.715000 -148.760849 
-1.760000 -144.962280 
-1.805000 -154.458703 
-1.850000 -152.559418 
-1.895000 -154.458703 
-1.940000 -165.854411 
-1.985000 -175.350834 
-2.030000 -173.451550 
-2.075000 -182.947973 
-2.120000 -179.149404 
-2.165000 -190.545112 
-2.210000 -190.545112 
-2.255000 -201.940820 
-2.300000 -196.242966 
-2.345000 -200.041535 
-2.390000 -203.840104 
-2.435000 -215.235812 
-2.480000 -215.235812 
-2.475000 -219.034382 
-2.430000 -220.933666 
-2.385000 -228.530805 
-2.340000 -232.329374 
-2.295000 -243.725082 
-2.250000 -238.027228 
-2.205000 -234.228659 
-2.160000 -239.926513 
-2.115000 -243.725082 
-2.070000 -241.825798 
-2.025000 -247.523652 
-1.980000 -241.825798 
-1.935000 -236.127944 
-1.890000 -239.926513 
-1.845000 -241.825798 
-1.800000 -234.228659 
-1.755000 -236.127944 
-1.710000 -243.725082 
-1.665000 -232.329374 
-1.620000 -239.926513 
-1.575000 -238.027228 
-1.530000 -228.530805 
-1.485000 -236.127944 
-1.440000 -226.631520 
-1.395000 -222.832951 
-1.350000 -220.933666 
-1.305000 -226.631520 
-1.260000 -213.336528 
-1.215000 -220.933666 
-1.170000 -207.638674 
-1.125000 -203.840104 
-1.080000 -200.041535 
-1.035000 -196.242966 
-0.990000 -196.242966 
-0.945000 -194.343681 
-0.900000 -182.947973 
-0.855000 -188.645827 
-0.810000 -182.947973 
-0.765000 -181.048688 
-0.720000 -173.451550 
-0.675000 -173.451550 
-0.630000 -171.552265 
-0.585000 -169.652980 
-0.540000 -154.458703 
-0.495000 -154.458703 
-0.450000 -148.760849 
-0.405000 -148.760849 
-0.360000 -150.660134 
-0.315000 -141.163710 
-0.270000 -139.264426 
-0.225000 -125.969433 
-0.180000 -129.768002 
-0.135000 -127.868718 
-0.090000 -118.372294 
-0.045000 -118.372294 
