0.000000 -65.192324 
0.055000 -48.098762 
0.110000 -31.005200 
0.165000 -19.609492 
0.220000 -0.616645 
0.275000 -2.515930 
0.330000 12.678347 
0.385000 20.275486 
0.440000 22.174771 
0.495000 31.671194 
0.550000 33.570479 
0.605000 37.369048 
0.660000 24.074055 
0.715000 37.369048 
0.770000 39.268333 
0.825000 48.764756 
0.880000 43.066902 
0.935000 54.462610 
0.990000 60.160464 
1.045000 65.858318 
1.100000 63.959033 
1.155000 81.052595 
1.210000 67.757603 
1.265000 77.254026 
1.320000 94.347588 
1.375000 100.045442 
1.430000 115.239719 
1.485000 111.441150 
1.540000 107.642581 
1.595000 120.937573 
1.650000 132.333281 
1.705000 134.232566 
1.760000 136.131851 
1.815000 143.728989 
1.870000 147.527558 
1.925000 160.822551 
1.980000 158.923266 
2.035000 160.822551 
2.090000 174.117544 
2.145000 179.815398 
2.200000 176.016828 
2.255000 185.513252 
2.310000 191.211106 
2.365000 202.606814 
2.420000 195.009675 
2.475000 214.002522 
2.470000 212.103237 
2.415000 219.700376 
2.360000 227.297514 
2.305000 225.398230 
2.250000 229.196799 
2.195000 244.391076 
2.140000 234.894653 
2.085000 238.693222 
2.030000 240.592507 
1.975000 234.894653 
1.920000 251.988215 
1.865000 244.391076 
1.810000 236.793938 
1.755000 234.894653 
1.700000 227.297514 
1.645000 248.189646 
1.590000 236.793938 
1.535000 229.196799 
1.480000 219.700376 
1.425000 217.801091 
1.370000 227.297514 
1.315000 221.599660 
1.260000 215.901806 
1.205000 217.801091 
1.150000 215.901806 
1.095000 215.901806 
1.040000 210.203952 
0.985000 196.908960 
0.930000 198.808244 
0.875000 198.808244 
0.820000 193.110390 
0.765000 185.513252 
0.710000 177.916113 
0.655000 179.815398 
0.600000 176.016828 
0.545000 160.822551 
0.490000 172.218259 
0.435000 164.621120 
0.380000 155.124697 
0.325000 147.527558 
0.270000 149.426843 
0.215000 141.829705 
0.160000 136.131851 
0.105000 136.131851 
0.050000 132.333281 
-0.005000 130.433997 
-0.060000 115.239719 
-0.115000 107.642581 
-0.170000 100.045442 
-0.225000 84.851165 
-0.280000 75.354741 
-0.335000 65.858318 
-0.390000 29.771909 
-0.445000 -38.602339 
-0.500000 -15.810923 
-0.555000 -29.105915 
-0.610000 -91.782309 
-0.665000 -44.300193 
-0.720000 -49.998047 
-0.775000 -49.998047 
-0.830000 -51.897331 
-0.885000 -63.293039 
-0.940000 -61.393755 
-0.995000 -59.494470 
-1.050000 -61.393755 
-1.105000 -68.990893 
-1.160000 -82.285886 
-1.215000 -78.487316 
-1.270000 -89.883024 
-1.325000 -101.278732 
-1.380000 -97.480163 
-1.435000 -108.875871 
-1.490000 -116.473010 
-1.545000 -106.976586 
-1.600000 -122.170864 
-1.655000 -129.768002 
-1.710000 -131.667287 
-1.765000 -135.465856 
-1.820000 -146.861564 
-1.875000 -148.760849 
-1.930000 -150.660134 
-1.985000 -160.156557 
-2.040000 -163.955126 
-2.095000 -177.250119 
-2.150000 -186.746542 
-2.205000 -186.746542 
-2.260000 -184.847258 
-2.315000 -194.343681 
-2.370000 -196.242966 
-2.425000 -200.041535 
-2.480000 -207.638674 
-2.465000 -207.638674 
-2.410000 -219.034382 
-2.355000 -220.933666 
-2.300000 -234.228659 
-2.245000 -236.127944 
-2.190000 -234.228659 
-2.135000 -236.127944 
-2.080000 -241.825798 
-2.025000 -226.631520 
-1.970000 -232.329374 
-1.915000 -234.228659 
-1.860000 -234.228659 
-1.805000 -230.430090 
-1.750000 -234.228659 
-1.695000 -234.228659 
-1.640000 -224.732236 
-1.585000 -226.631520 
-1.530000 -226.631520 
-1.475000 -232.329374 
-1.420000 -226.631520 
-1.365000 -228.530805 
-1.310000 -222.832951 
-1.255000 -217.135097 
-1.200000 -220.933666 
-1.145000 -211.437243 
-1.090000 -215.235812 
-1.035000 -205.739389 
-0.980000 -205.739389 
-0.925000 -207.638674 
-0.870000 -200.041535 
-0.815000 -196.242966 
-0.760000 -196.242966 
-0.705000 -196.242966 
-0.650000 -184.847258 
-0.595000 -188.645827 
-0.540000 -179.149404 
-0.485000 -173.451550 
-0.430000 -163.955126 
-0.375000 -163.955126 
-0.320000 -139.264426 
-0.265000 -135.465856 
-0.210000 -124.070148 
-0.155000 -127.868718 
-0.100000 -120.271579 
-0.045000 -112.674440 
0.010000 -116.473010 
0.065000 -106.976586 
0.120000 -106.976586 
0.175000 -93.681594 
0.230000 -46.199477 
0.285000 -21.508777 
0.340000 -8.213784 
0.395000 12.678347 
0.450000 18.376201 
0.505000 14.577632 
0.560000 33.570479 
0.615000 33.570479 
0.670000 37.369048 
0.725000 39.268333 
0.780000 48.764756 
0.835000 50.664041 
0.890000 46.865471 
0.945000 54.462610 
1.000000 62.059749 
1.055000 69.656887 
1.110000 67.757603 
1.165000 79.153311 
1.220000 88.649734 
1.275000 92.448303 
1.330000 111.441150 
1.385000 105.743296 
1.440000 100.045442 
1.495000 113.340435 
1.550000 115.239719 
1.605000 120.937573 
1.660000 120.937573 
1.715000 122.836858 
1.770000 128.534712 
1.825000 138.031135 
1.880000 145.628274 
1.935000 147.527558 
1.990000 151.326128 
2.045000 162.721836 
2.100000 179.815398 
2.155000 166.520405 
2.210000 179.815398 
2.265000 177.916113 
2.320000 191.211106 
2.375000 187.412536 
2.430000 198.808244 
2.485000 208.304668 
2.460000 208.304668 
2.405000 231.096084 
2.350000 223.498945 
2.295000 229.196799 
2.240000 234.894653 
2.185000 236.793938 
2.130000 236.793938 
2.075000 251.988215 
2.020000 236.793938 
1.965000 240.592507 
1.910000 251.988215 
1.855000 236.793938 
1.800000 231.096084 
1.745000 225.398230 
1.690000 242.491792 
1.635000 234.894653 
1.580000 227.297514 
1.525000 225.398230 
1.470000 227.297514 
1.415000 225.398230 
1.360000 229.196799 
1.305000 187.412536 
1.250000 217.801091 
1.195000 219.700376 
1.140000 206.405383 
1.085000 212.103237 
1.030000 208.304668 
0.975000 200.707529 
0.920000 196.908960 
0.865000 191.211106 
0.810000 181.714682 
0.755000 191.211106 
0.700000 183.613967 
0.645000 168.419690 
0.590000 172.218259 
0.535000 168.419690 
0.480000 162.721836 
0.425000 160.822551 
0.370000 155.124697 
0.315000 145.628274 
0.260000 145.628274 
0.205000 145.628274 
0.150000 141.829705 
0.095000 138.031135 
0.040000 124.736143 
-0.015000 122.836858 
-0.070000 113.340435 
-0.125000 113.340435 
-0.180000 94.347588 
-0.235000 81.052595 
-0.290000 81.052595 
-0.345000 60.160464 
-0.400000 27.872625 
-0.455000 3.181924 
-0.510000 -23.408061 
-0.565000 -29.105915 
-0.620000 -34.803769 
-0.675000 -76.588032 
-0.730000 -53.796616 
-0.785000 -57.595185 
-0.840000 -59.494470 
-0.895000 -59.494470 
-0.950000 -65.192324 
-1.005000 -72.789462 
-1.060000 -68.990893 
-1.115000 -72.789462 
-1.170000 -76.588032 
-1.225000 -86.084455 
-1.280000 -89.883024 
-1.335000 -97.480163 
-1.390000 -106.976586 
-1.445000 -105.077302 
-1.500000 -114.573725 
-1.555000 -122.170864 
-1.610000 -116.473010 
-1.665000 -129.768002 
-1.720000 -135.465856 
-1.775000 -137.365141 
-1.830000 -150.660134 
-1.885000 -146.861564 
-1.940000 -154.458703 
-1.995000 -165.854411 
-2.050000 -163.955126 
-2.105000 -182.947973 
-2.160000 -182.947973 
-2.215000 -186.746542 
-2.270000 -190.545112 
-2.325000 -188.645827 
-2.380000 -201.940820 
-2.435000 -201.940820 
-2.490000 -203.840104 
-2.455000 -203.840104 
-2.400000 -215.235812 
-2.345000 -226.631520 
-2.290000 -230.430090 
-2.235000 -230.430090 
-2.180000 -236.127944 
-2.125000 -232.329374 
-2.070000 -238.027228 
-2.015000 -228.530805 
-1.960000 -234.228659 
-1.905000 -234.228659 
-1.850000 -234.228659 
-1.795000 -234.228659 
-1.740000 -239.926513 
-1.685000 -230.430090 
-1.630000 -226.631520 
-1.575000 -224.732236 
-1.520000 -224.732236 
-1.465000 -220.933666 
-1.410000 -226.631520 
-1.355000 -226.631520 
-1.300000 -215.235812 
-1.245000 -215.235812 
-1.190000 -211.437243 
-1.135000 -211.437243 
-1.080000 -211.437243 
-1.025000 -200.041535 
-0.970000 -203.840104 
-0.915000 -198.142250 
-0.860000 -194.343681 
-0.805000 -200.041535 
-0.750000 -190.545112 
-0.695000 -188.645827 
-0.640000 -186.746542 
-0.585000 -181.048688 
-0.530000 -173.451550 
-0.475000 -165.854411 
-0.420000 -150.660134 
-0.365000 -137.365141 
-0.310000 -135.465856 
-0.255000 -124.070148 
-0.200000 -122.170864 
-0.145000 -118.372294 
-0.090000 -116.473010 
-0.035000 -112.674440 
0.020000 -105.077302 
0.075000 -108.875871 
0.130000 -97.480163 
0.185000 -91.782309 
0.240000 -72.789462 
0.295000 -13.911638 
0.350000 1.282639 
0.405000 1.282639 
0.460000 12.678347 
0.515000 22.174771 
0.570000 37.369048 
0.625000 35.469763 
0.680000 43.066902 
0.735000 50.664041 
0.790000 46.865471 
0.845000 60.160464 
0.900000 46.865471 
0.955000 48.764756 
1.010000 69.656887 
1.065000 65.858318 
1.120000 79.153311 
1.175000 75.354741 
1.230000 92.448303 
1.285000 98.146157 
1.340000 103.844011 
1.395000 98.146157 
1.450000 103.844011 
1.505000 115.239719 
1.560000 115.239719 
1.615000 113.340435 
1.670000 122.836858 
1.725000 120.937573 
1.780000 138.031135 
1.835000 139.930420 
1.890000 143.728989 
1.945000 153.225412 
2.000000 176.016828 
2.055000 162.721836 
2.110000 179.815398 
2.165000 170.318974 
2.220000 181.714682 
2.275000 189.311821 
2.330000 179.815398 
2.385000 191.211106 
2.440000 195.009675 
2.495000 200.707529 
2.450000 225.398230 
2.395000 215.901806 
2.340000 215.901806 
2.285000 236.793938 
2.230000 231.096084 
2.175000 238.693222 
2.120000 253.887500 
2.065000 240.592507 
2.010000 240.592507 
1.955000 246.290361 
1.900000 229.196799 
1.845000 231.096084 
1.790000 229.196799 
1.735000 244.391076 
1.680000 234.894653 
1.625000 227.297514 
1.570000 231.096084 
1.515000 227.297514 
1.460000 221.599660 
1.405000 232.995368 
1.350000 219.700376 
1.295000 219.700376 
1.240000 214.002522 
1.185000 214.002522 
1.130000 208.304668 
1.075000 200.707529 
1.020000 206.405383 
0.965000 198.808244 
0.910000 200.707529 
0.855000 191.211106 
0.800000 185.513252 
0.745000 181.714682 
0.690000 172.218259 
0.635000 174.117544 
0.580000 170.318974 
0.525000 158.923266 
0.470000 139.930420 
0.415000 158.923266 
0.360000 147.527558 
0.305000 139.930420 
0.250000 145.628274 
0.195000 139.930420 
0.140000 134.232566 
0.085000 134.232566 
0.030000 130.433997 
-0.025000 120.937573 
-0.080000 113.340435 
-0.135000 100.045442 
-0.190000 92.448303 
-0.245000 84.851165 
-0.300000 63.959033 
-0.355000 58.261179 
-0.410000 39.268333 
-0.465000 14.577632 
-0.520000 -19.609492 
-0.575000 -29.105915 
-0.630000 -36.703054 
-0.685000 -49.998047 
-0.740000 -57.595185 
-0.795000 -53.796616 
-0.850000 -59.494470 
-0.905000 -65.192324 
-0.960000 -63.293039 
-1.015000 -61.393755 
-1.070000 -72.789462 
-1.125000 -78.487316 
-1.180000 -76.588032 
-1.235000 -74.688747 
-1.290000 -93.681594 
-1.345000 -89.883024 
-1.400000 -106.976586 
-1.455000 -112.674440 
-1.510000 -116.473010 
-1.565000 -122.170864 
-1.620000 -127.868718 
-1.675000 -127.868718 
-1.730000 -135.465856 
-1.785000 -143.062995 
-1.840000 -144.962280 
-1.895000 -150.660134 
-1.950000 -154.458703 
-2.005000 -165.854411 
-2.060000 -190.545112 
-2.115000 -169.652980 
-2.170000 -186.746542 
-2.225000 -196.242966 
-2.280000 -194.343681 
-2.335000 -200.041535 
-2.390000 -201.940820 
-2.445000 -203.840104 
-2.500000 -201.940820 
-2.445000 -211.437243 
-2.390000 -211.437243 
-2.335000 -220.933666 
-2.280000 -234.228659 
-2.225000 -234.228659 
-2.170000 -234.228659 
-2.115000 -234.228659 
-2.060000 -241.825798 
-2.005000 -238.027228 
-1.950000 -234.228659 
-1.895000 -228.530805 
-1.840000 -234.228659 
-1.785000 -234.228659 
-1.730000 -236.127944 
-1.675000 -234.228659 
-1.620000 -226.631520 
-1.565000 -222.832951 
-1.510000 -232.329374 
-1.455000 -220.933666 
-1.400000 -222.832951 
-1.345000 -224.732236 
-1.290000 -222.832951 
-1.235000 -220.933666 
-1.180000 -200.041535 
-1.125000 -203.840104 
-1.070000 -205.739389 
-1.015000 -209.537958 
-0.960000 -196.242966 
-0.905000 -198.142250 
-0.850000 -196.242966 
-0.795000 -188.645827 
-0.740000 -188.645827 
-0.685000 -182.947973 
-0.630000 -181.048688 
-0.575000 -181.048688 
-0.520000 -182.947973 
-0.465000 -165.854411 
-0.410000 -154.458703 
-0.355000 -146.861564 
-0.300000 -135.465856 
-0.245000 -131.667287 
-0.190000 -124.070148 
-0.135000 -114.573725 
-0.080000 -122.170864 
-0.025000 -116.473010 
0.030000 -112.674440 
0.085000 -105.077302 
0.140000 -103.178017 
0.195000 -89.883024 
0.250000 -49.998047 
0.305000 -23.408061 
0.360000 -6.314499 
0.415000 12.678347 
0.470000 24.074055 
0.525000 20.275486 
0.580000 31.671194 
0.635000 35.469763 
0.690000 44.966187 
0.745000 41.167617 
0.800000 44.966187 
0.855000 62.059749 
0.910000 48.764756 
0.965000 52.563325 
1.020000 60.160464 
1.075000 75.354741 
1.130000 77.254026 
1.185000 92.448303 
1.240000 82.951880 
1.295000 103.844011 
1.350000 101.944727 
1.405000 84.851165 
1.460000 132.333281 
1.515000 107.642581 
1.570000 115.239719 
1.625000 120.937573 
1.680000 120.937573 
1.735000 138.031135 
1.790000 138.031135 
1.845000 141.829705 
1.900000 145.628274 
1.955000 162.721836 
2.010000 158.923266 
2.065000 168.419690 
2.120000 174.117544 
2.175000 181.714682 
2.230000 187.412536 
2.285000 176.016828 
2.340000 189.311821 
2.395000 191.211106 
2.450000 198.808244 
2.495000 219.700376 
2.440000 214.002522 
2.385000 223.498945 
2.330000 231.096084 
2.275000 234.894653 
2.220000 232.995368 
2.165000 255.786784 
2.110000 232.995368 
2.055000 244.391076 
2.000000 250.088930 
1.945000 238.693222 
1.890000 227.297514 
1.835000 223.498945 
1.780000 231.096084 
1.725000 234.894653 
1.670000 225.398230 
1.615000 227.297514 
1.560000 231.096084 
1.505000 234.894653 
1.450000 242.491792 
1.395000 202.606814 
1.340000 217.801091 
1.285000 221.599660 
1.230000 212.103237 
1.175000 221.599660 
1.120000 208.304668 
1.065000 198.808244 
1.010000 204.506098 
0.955000 206.405383 
0.900000 196.908960 
0.845000 195.009675 
0.790000 177.916113 
0.735000 179.815398 
0.680000 189.311821 
0.625000 179.815398 
0.570000 166.520405 
0.515000 166.520405 
0.460000 160.822551 
0.405000 153.225412 
0.350000 153.225412 
0.295000 155.124697 
0.240000 149.426843 
0.185000 143.728989 
0.130000 139.930420 
0.075000 138.031135 
0.020000 130.433997 
-0.035000 117.139004 
-0.090000 117.139004 
-0.145000 109.541865 
-0.200000 94.347588 
-0.255000 77.254026 
-0.310000 75.354741 
-0.365000 58.261179 
-0.420000 43.066902 
-0.475000 6.980493 
-0.530000 -17.710207 
-0.585000 -27.206631 
-0.640000 -40.501623 
-0.695000 -55.695901 
-0.750000 -53.796616 
-0.805000 -51.897331 
-0.860000 -63.293039 
-0.915000 -68.990893 
-0.970000 -67.091609 
-1.025000 -65.192324 
-1.080000 -76.588032 
-1.135000 -78.487316 
-1.190000 -80.386601 
-1.245000 -86.084455 
-1.300000 -89.883024 
-1.355000 -89.883024 
-1.410000 -101.278732 
-1.465000 -108.875871 
-1.520000 -118.372294 
-1.575000 -118.372294 
-1.630000 -122.170864 
-1.685000 -135.465856 
-1.740000 -133.566572 
-1.795000 -133.566572 
-1.850000 -143.062995 
-1.905000 -148.760849 
-1.960000 -150.660134 
-2.015000 -163.955126 
-2.070000 -179.149404 
-2.125000 -173.451550 
-2.180000 -173.451550 
-2.235000 -188.645827 
-2.290000 -196.242966 
-2.345000 -194.343681 
-2.400000 -207.638674 
-2.455000 -213.336528 
-2.490000 -203.840104 
-2.435000 -219.034382 
-2.380000 -224.732236 
-2.325000 -219.034382 
-2.270000 -226.631520 
-2.215000 -236.127944 
-2.160000 -232.329374 
-2.105000 -241.825798 
-2.050000 -234.228659 
-1.995000 -232.329374 
-1.940000 -228.530805 
-1.885000 -228.530805 
-1.830000 -228.530805 
-1.775000 -234.228659 
-1.720000 -238.027228 
-1.665000 -236.127944 
-1.610000 -234.228659 
-1.555000 -228.530805 
-1.500000 -226.631520 
-1.445000 -226.631520 
-1.390000 -217.135097 
-1.335000 -215.235812 
-1.280000 -213.336528 
-1.225000 -219.034382 
-1.170000 -215.235812 
-1.115000 -201.940820 
-1.060000 -203.840104 
-1.005000 -201.940820 
-0.950000 -194.343681 
-0.895000 -200.041535 
-0.840000 -190.545112 
-0.785000 -188.645827 
-0.730000 -190.545112 
-0.675000 -184.847258 
-0.620000 -188.645827 
-0.565000 -175.350834 
-0.510000 -175.350834 
-0.455000 -165.854411 
-0.400000 -160.156557 
-0.345000 -143.062995 
-0.290000 -129.768002 
-0.235000 -122.170864 
-0.180000 -122.170864 
-0.125000 -116.473010 
-0.070000 -112.674440 
-0.015000 -108.875871 
0.040000 -101.278732 
0.095000 -99.379448 
0.150000 -91.782309 
0.205000 -89.883024 
0.260000 -67.091609 
0.315000 -8.213784 
0.370000 -12.012353 
0.425000 5.081209 
0.480000 25.973340 
0.535000 20.275486 
0.590000 31.671194 
0.645000 37.369048 
0.700000 39.268333 
0.755000 44.966187 
0.810000 54.462610 
0.865000 62.059749 
0.920000 58.261179 
0.975000 60.160464 
1.030000 54.462610 
1.085000 63.959033 
1.140000 67.757603 
1.195000 82.951880 
1.250000 84.851165 
1.305000 92.448303 
1.360000 100.045442 
1.415000 107.642581 
1.470000 107.642581 
1.525000 113.340435 
1.580000 122.836858 
1.635000 119.038289 
1.690000 122.836858 
1.745000 128.534712 
1.800000 134.232566 
1.855000 149.426843 
1.910000 149.426843 
1.965000 162.721836 
2.020000 155.124697 
2.075000 177.916113 
2.130000 170.318974 
2.185000 170.318974 
2.240000 183.613967 
2.295000 191.211106 
2.350000 195.009675 
2.405000 204.506098 
2.460000 204.506098 
2.485000 198.808244 
2.430000 217.801091 
2.375000 231.096084 
2.320000 225.398230 
2.265000 244.391076 
2.210000 236.793938 
2.155000 234.894653 
2.100000 257.686069 
2.045000 234.894653 
1.990000 229.196799 
1.935000 231.096084 
1.880000 225.398230 
1.825000 240.592507 
1.770000 238.693222 
1.715000 227.297514 
1.660000 223.498945 
1.605000 225.398230 
1.550000 240.592507 
1.495000 229.196799 
1.440000 221.599660 
1.385000 231.096084 
1.330000 223.498945 
1.275000 219.700376 
1.220000 223.498945 
1.165000 214.002522 
1.110000 202.606814 
1.055000 210.203952 
1.000000 200.707529 
0.945000 202.606814 
0.890000 191.211106 
0.835000 185.513252 
0.780000 183.613967 
0.725000 185.513252 
0.670000 181.714682 
0.615000 181.714682 
0.560000 166.520405 
0.505000 166.520405 
0.450000 166.520405 
0.395000 164.621120 
0.340000 162.721836 
0.285000 158.923266 
0.230000 158.923266 
0.175000 145.628274 
0.120000 141.829705 
0.065000 126.635427 
0.010000 126.635427 
-0.045000 119.038289 
-0.100000 115.239719 
-0.155000 105.743296 
-0.210000 92.448303 
-0.265000 82.951880 
-0.320000 73.455457 
-0.375000 52.563325 
-0.430000 39.268333 
-0.485000 3.181924 
-0.540000 -15.810923 
-0.595000 -34.803769 
-0.650000 -29.105915 
-0.705000 -40.501623 
-0.760000 -57.595185 
-0.815000 -55.695901 
-0.870000 -59.494470 
-0.925000 -67.091609 
-0.980000 -70.890178 
-1.035000 -72.789462 
-1.090000 -82.285886 
-1.145000 -78.487316 
-1.200000 -80.386601 
-1.255000 -76.588032 
-1.310000 -91.782309 
-1.365000 -97.480163 
-1.420000 -93.681594 
-1.475000 -110.775156 
-1.530000 -116.473010 
-1.585000 -118.372294 
-1.640000 -131.667287 
-1.695000 -141.163710 
-1.750000 -131.667287 
-1.805000 -137.365141 
-1.860000 -141.163710 
-1.915000 -152.559418 
-1.970000 -150.660134 
-2.025000 -158.257272 
-2.080000 -165.854411 
-2.135000 -179.149404 
-2.190000 -184.847258 
-2.245000 -182.947973 
-2.300000 -190.545112 
-2.355000 -201.940820 
-2.410000 -209.537958 
-2.465000 -211.437243 
-2.480000 -211.437243 
-2.425000 -222.832951 
-2.370000 -226.631520 
-2.315000 -222.832951 
-2.260000 -224.732236 
-2.205000 -234.228659 
-2.150000 -238.027228 
-2.095000 -236.127944 
-2.040000 -243.725082 
-1.985000 -243.725082 
-1.930000 -234.228659 
-1.875000 -234.228659 
-1.820000 -236.127944 
-1.765000 -230.430090 
-1.710000 -226.631520 
-1.655000 -236.127944 
-1.600000 -232.329374 
-1.545000 -226.631520 
-1.490000 -226.631520 
-1.435000 -224.732236 
-1.380000 -220.933666 
-1.325000 -220.933666 
-1.270000 -215.235812 
-1.215000 -241.825798 
-1.160000 -215.235812 
-1.105000 -209.537958 
-1.050000 -211.437243 
-0.995000 -203.840104 
-0.940000 -196.242966 
-0.885000 -200.041535 
-0.830000 -196.242966 
-0.775000 -188.645827 
-0.720000 -184.847258 
-0.665000 -192.444396 
-0.610000 -188.645827 
-0.555000 -179.149404 
-0.500000 -169.652980 
-0.445000 -150.660134 
-0.390000 -152.559418 
-0.335000 -143.062995 
-0.280000 -120.271579 
-0.225000 -129.768002 
-0.170000 -125.969433 
-0.115000 -122.170864 
-0.060000 -105.077302 
-0.005000 -99.379448 
0.050000 -95.580878 
0.105000 -91.782309 
0.160000 -82.285886 
0.215000 -46.199477 
0.270000 -13.911638 
0.325000 -6.314499 
0.380000 3.181924 
0.435000 22.174771 
0.490000 22.174771 
0.545000 31.671194 
0.600000 33.570479 
0.655000 33.570479 
0.710000 33.570479 
0.765000 44.966187 
0.820000 44.966187 
0.875000 52.563325 
0.930000 58.261179 
0.985000 24.074055 
1.040000 60.160464 
1.095000 67.757603 
1.150000 67.757603 
1.205000 77.254026 
1.260000 82.951880 
1.315000 92.448303 
1.370000 107.642581 
1.425000 105.743296 
1.480000 109.541865 
1.535000 109.541865 
1.590000 120.937573 
1.645000 120.937573 
1.700000 120.937573 
1.755000 130.433997 
1.810000 138.031135 
1.865000 139.930420 
1.920000 153.225412 
1.975000 170.318974 
2.030000 160.822551 
2.085000 166.520405 
2.140000 174.117544 
2.195000 174.117544 
2.250000 187.412536 
2.305000 195.009675 
2.360000 189.311821 
2.415000 196.908960 
2.470000 210.203952 
2.475000 214.002522 
2.420000 214.002522 
2.365000 234.894653 
2.310000 231.096084 
2.255000 225.398230 
2.200000 244.391076 
2.145000 246.290361 
2.090000 231.096084 
2.035000 236.793938 
1.980000 225.398230 
1.925000 246.290361 
1.870000 236.793938 
1.815000 229.196799 
1.760000 232.995368 
1.705000 231.096084 
1.650000 242.491792 
1.595000 234.894653 
1.540000 227.297514 
1.485000 231.096084 
1.430000 231.096084 
1.375000 221.599660 
1.320000 225.398230 
1.265000 215.901806 
1.210000 210.203952 
1.155000 214.002522 
1.100000 204.506098 
1.045000 208.304668 
0.990000 191.211106 
0.935000 187.412536 
0.880000 191.211106 
0.825000 198.808244 
0.770000 183.613967 
0.715000 166.520405 
0.660000 172.218259 
0.605000 170.318974 
0.550000 160.822551 
0.495000 168.419690 
0.440000 164.621120 
0.385000 164.621120 
0.330000 153.225412 
0.275000 147.527558 
0.220000 153.225412 
0.165000 134.232566 
0.110000 138.031135 
0.055000 130.433997 
-0.000000 126.635427 
-0.055000 120.937573 
-0.110000 107.642581 
-0.165000 94.347588 
-0.220000 79.153311 
-0.275000 75.354741 
-0.330000 56.361895 
-0.385000 44.966187 
-0.440000 12.678347 
-0.495000 -13.911638 
-0.550000 -25.307346 
-0.605000 -29.105915 
-0.660000 -44.300193 
-0.715000 -51.897331 
-0.770000 -51.897331 
-0.825000 -53.796616 
-0.880000 -65.192324 
-0.935000 -61.393755 
-0.990000 -67.091609 
-1.045000 -68.990893 
-1.100000 -67.091609 
-1.155000 -84.185170 
-1.210000 -76.588032 
-1.265000 -84.185170 
-1.320000 -86.084455 
-1.375000 -97.480163 
-1.430000 -101.278732 
-1.485000 -103.178017 
-1.540000 -108.875871 
-1.595000 -118.372294 
-1.650000 -129.768002 
-1.705000 -150.660134 
-1.760000 -135.465856 
-1.815000 -148.760849 
-1.870000 -146.861564 
-1.925000 -150.660134 
-1.980000 -158.257272 
-2.035000 -165.854411 
-2.090000 -177.250119 
-2.145000 -182.947973 
-2.200000 -190.545112 
-2.255000 -184.847258 
-2.310000 -196.242966 
-2.365000 -194.343681 
-2.420000 -203.840104 
-2.475000 -215.235812 
-2.470000 -211.437243 
-2.415000 -220.933666 
-2.360000 -226.631520 
-2.305000 -232.329374 
-2.250000 -236.127944 
-2.195000 -230.430090 
-2.140000 -232.329374 
-2.085000 -243.725082 
-2.030000 -234.228659 
-1.975000 -238.027228 
-1.920000 -243.725082 
-1.865000 -236.127944 
-1.810000 -234.228659 
-1.755000 -239.926513 
-1.700000 -238.027228 
-1.645000 -230.430090 
-1.590000 -236.127944 
-1.535000 -234.228659 
-1.480000 -228.530805 
-1.425000 -222.832951 
-1.370000 -226.631520 
-1.315000 -226.631520 
-1.260000 -220.933666 
-1.205000 -217.135097 
-1.150000 -213.336528 
-1.095000 -217.135097 
-1.040000 -205.739389 
-0.985000 -203.840104 
-0.930000 -198.142250 
-0.875000 -205.739389 
-0.820000 -194.343681 
-0.765000 -194.343681 
-0.710000 -190.545112 
-0.655000 -190.545112 
-0.600000 -182.947973 
-0.545000 -188.645827 
-0.490000 -177.250119 
-0.435000 -165.854411 
-0.380000 -163.955126 
-0.325000 -143.062995 
-0.270000 -137.365141 
-0.215000 -129.768002 
-0.160000 -127.868718 
-0.105000 -120.271579 
-0.050000 -106.976586 
0.005000 -108.875871 
0.060000 -103.178017 
0.115000 -99.379448 
0.170000 -86.084455 
0.225000 -44.300193 
0.280000 -15.810923 
0.335000 -8.213784 
0.390000 8.879778 
0.445000 10.779063 
0.500000 24.074055 
0.555000 31.671194 
0.610000 35.469763 
0.665000 43.066902 
0.720000 44.966187 
0.775000 48.764756 
0.830000 48.764756 
0.885000 54.462610 
0.940000 58.261179 
0.995000 52.563325 
1.050000 60.160464 
1.105000 71.556172 
1.160000 69.656887 
1.215000 82.951880 
1.270000 90.549019 
1.325000 107.642581 
1.380000 96.246873 
1.435000 101.944727 
1.490000 103.844011 
1.545000 109.541865 
1.600000 117.139004 
1.655000 119.038289 
1.710000 122.836858 
1.765000 136.131851 
1.820000 136.131851 
1.875000 151.326128 
1.930000 157.023982 
1.985000 157.023982 
2.040000 160.822551 
2.095000 166.520405 
2.150000 177.916113 
2.205000 177.916113 
2.260000 185.513252 
2.315000 196.908960 
2.370000 193.110390 
2.425000 198.808244 
2.480000 214.002522 
2.465000 206.405383 
2.410000 221.599660 
2.355000 238.693222 
2.300000 221.599660 
2.245000 236.793938 
2.190000 236.793938 
2.135000 227.297514 
2.080000 236.793938 
2.025000 232.995368 
1.970000 240.592507 
1.915000 246.290361 
1.860000 231.096084 
1.805000 231.096084 
1.750000 225.398230 
1.695000 232.995368 
1.640000 244.391076 
1.585000 227.297514 
1.530000 234.894653 
1.475000 231.096084 
1.420000 225.398230 
1.365000 234.894653 
1.310000 217.801091 
1.255000 214.002522 
1.200000 221.599660 
1.145000 202.606814 
1.090000 212.103237 
1.035000 204.506098 
0.980000 195.009675 
0.925000 195.009675 
0.870000 198.808244 
0.815000 185.513252 
0.760000 183.613967 
0.705000 179.815398 
0.650000 176.016828 
0.595000 181.714682 
0.540000 172.218259 
0.485000 164.621120 
0.430000 168.419690 
0.375000 168.419690 
0.320000 157.023982 
0.265000 147.527558 
0.210000 147.527558 
0.155000 145.628274 
0.100000 139.930420 
0.045000 132.333281 
-0.010000 120.937573 
-0.065000 119.038289 
-0.120000 105.743296 
-0.175000 88.649734 
-0.230000 81.052595 
-0.285000 69.656887 
-0.340000 62.059749 
-0.395000 43.066902 
-0.450000 8.879778 
-0.505000 -17.710207 
-0.560000 -25.307346 
-0.615000 -38.602339 
-0.670000 -42.400908 
-0.725000 -46.199477 
-0.780000 -51.897331 
-0.835000 -59.494470 
-0.890000 -67.091609 
-0.945000 -61.393755 
-1.000000 -76.588032 
-1.055000 -70.890178 
-1.110000 -68.990893 
-1.165000 -74.688747 
-1.220000 -80.386601 
-1.275000 -82.285886 
-1.330000 -93.681594 
-1.385000 -105.077302 
-1.440000 -101.278732 
-1.495000 -103.178017 
-1.550000 -106.976586 
-1.605000 -114.573725 
-1.660000 -124.070148 
-1.715000 -122.170864 
-1.770000 -144.962280 
-1.825000 -146.861564 
-1.880000 -150.660134 
-1.935000 -150.660134 
-1.990000 -160.156557 
-2.045000 -160.156557 
-2.100000 -175.350834 
-2.155000 -181.048688 
-2.210000 -179.149404 
-2.265000 -192.444396 
-2.320000 -200.041535 
-2.375000 -196.242966 
-2.430000 -207.638674 
-2.485000 -209.537958 
-2.460000 -222.832951 
-2.405000 -224.732236 
-2.350000 -226.631520 
-2.295000 -239.926513 
-2.240000 -234.228659 
-2.185000 -234.228659 
-2.130000 -243.725082 
-2.075000 -243.725082 
-2.020000 -239.926513 
-1.965000 -238.027228 
-1.910000 -234.228659 
-1.855000 -239.926513 
-1.800000 -236.127944 
-1.745000 -241.825798 
-1.690000 -228.530805 
-1.635000 -226.631520 
-1.580000 -234.228659 
-1.525000 -232.329374 
-1.470000 -226.631520 
-1.415000 -234.228659 
-1.360000 -224.732236 
-1.305000 -226.631520 
-1.250000 -215.235812 
-1.195000 -217.135097 
-1.140000 -219.034382 
-1.085000 -207.638674 
-1.030000 -207.638674 
-0.975000 -201.940820 
-0.920000 -201.940820 
-0.865000 -200.041535 
-0.810000 -200.041535 
-0.755000 -194.343681 
-0.700000 -190.545112 
-0.645000 -184.847258 
-0.590000 -182.947973 
-0.535000 -182.947973 
-0.480000 -173.451550 
-0.425000 -162.055842 
-0.370000 -154.458703 
-0.315000 -143.062995 
-0.260000 -135.465856 
-0.205000 -144.962280 
-0.150000 -125.969433 
-0.095000 -124.070148 
-0.040000 -112.674440 
0.015000 -114.573725 
0.070000 -103.178017 
0.125000 -97.480163 
0.180000 -84.185170 
0.235000 -46.199477 
0.290000 -15.810923 
0.345000 3.181924 
0.400000 6.980493 
0.455000 24.074055 
0.510000 24.074055 
0.565000 29.771909 
0.620000 44.966187 
0.675000 39.268333 
0.730000 46.865471 
0.785000 58.261179 
0.840000 46.865471 
0.895000 44.966187 
0.950000 60.160464 
1.005000 56.361895 
1.060000 60.160464 
1.115000 75.354741 
1.170000 75.354741 
1.225000 86.750449 
1.280000 88.649734 
1.335000 98.146157 
1.390000 98.146157 
1.445000 109.541865 
1.500000 109.541865 
1.555000 119.038289 
1.610000 122.836858 
1.665000 101.944727 
1.720000 130.433997 
1.775000 130.433997 
1.830000 138.031135 
1.885000 151.326128 
1.940000 153.225412 
1.995000 151.326128 
2.050000 166.520405 
2.105000 168.419690 
2.160000 183.613967 
2.215000 193.110390 
2.270000 198.808244 
2.325000 189.311821 
2.380000 191.211106 
2.435000 215.901806 
2.490000 214.002522 
2.455000 221.599660 
2.400000 227.297514 
2.345000 223.498945 
2.290000 240.592507 
2.235000 236.793938 
2.180000 225.398230 
2.125000 236.793938 
2.070000 229.196799 
2.015000 242.491792 
1.960000 242.491792 
1.905000 231.096084 
1.850000 231.096084 
1.795000 225.398230 
1.740000 227.297514 
1.685000 244.391076 
1.630000 214.002522 
1.575000 231.096084 
1.520000 234.894653 
1.465000 225.398230 
1.410000 232.995368 
1.355000 221.599660 
1.300000 219.700376 
1.245000 223.498945 
1.190000 208.304668 
1.135000 210.203952 
1.080000 202.606814 
1.025000 196.908960 
0.970000 196.908960 
0.915000 208.304668 
0.860000 191.211106 
0.805000 191.211106 
0.750000 189.311821 
0.695000 177.916113 
0.640000 181.714682 
0.585000 181.714682 
0.530000 166.520405 
0.475000 170.318974 
0.420000 168.419690 
0.365000 158.923266 
0.310000 157.023982 
0.255000 143.728989 
0.200000 149.426843 
0.145000 143.728989 
0.090000 141.829705 
0.035000 128.534712 
-0.020000 126.635427 
-0.075000 111.441150 
-0.130000 105.743296 
-0.185000 88.649734 
-0.240000 79.153311 
-0.295000 69.656887 
-0.350000 60.160464 
-0.405000 39.268333 
-0.460000 8.879778 
-0.515000 -17.710207 
-0.570000 -25.307346 
-0.625000 -48.098762 
-0.680000 -46.199477 
-0.735000 -44.300193 
-0.790000 -48.098762 
-0.845000 -59.494470 
-0.900000 -61.393755 
-0.955000 -72.789462 
-1.010000 -67.091609 
-1.065000 -72.789462 
-1.120000 -68.990893 
-1.175000 -82.285886 
-1.230000 -76.588032 
-1.285000 -87.983740 
-1.340000 -87.983740 
-1.395000 -93.681594 
-1.450000 -106.976586 
-1.505000 -108.875871 
-1.560000 -110.775156 
-1.615000 -120.271579 
-1.670000 -124.070148 
-1.725000 -129.768002 
-1.780000 -135.465856 
-1.835000 -150.660134 
-1.890000 -152.559418 
-1.945000 -156.357988 
-2.000000 -205.739389 
-2.055000 -167.753696 
-2.110000 -167.753696 
-2.165000 -175.350834 
-2.220000 -182.947973 
-2.275000 -184.847258 
-2.330000 -196.242966 
-2.385000 -203.840104 
-2.440000 -198.142250 
-2.495000 -211.437243 
-2.450000 -222.832951 
-2.395000 -219.034382 
-2.340000 -241.825798 
-2.285000 -239.926513 
-2.230000 -236.127944 
-2.175000 -234.228659 
-2.120000 -234.228659 
-2.065000 -234.228659 
-2.010000 -243.725082 
-1.955000 -234.228659 
-1.900000 -241.825798 
-1.845000 -243.725082 
-1.790000 -238.027228 
-1.735000 -236.127944 
-1.680000 -234.228659 
-1.625000 -238.027228 
-1.570000 -234.228659 
-1.515000 -226.631520 
-1.460000 -234.228659 
-1.405000 -230.430090 
-1.350000 -220.933666 
-1.295000 -226.631520 
-1.240000 -219.034382 
-1.185000 -211.437243 
-1.130000 -211.437243 
-1.075000 -211.437243 
-1.020000 -205.739389 
-0.965000 -207.638674 
-0.910000 -207.638674 
-0.855000 -190.545112 
-0.800000 -198.142250 
-0.745000 -200.041535 
-0.690000 -186.746542 
-0.635000 -190.545112 
-0.580000 -192.444396 
-0.525000 -182.947973 
-0.470000 -171.552265 
-0.415000 -173.451550 
-0.360000 -160.156557 
-0.305000 -144.962280 
-0.250000 -143.062995 
-0.195000 -139.264426 
-0.140000 -129.768002 
-0.085000 -122.170864 
-0.030000 -125.969433 
0.025000 -106.976586 
0.080000 -99.379448 
0.135000 -97.480163 
0.190000 -68.990893 
0.245000 -49.998047 
0.300000 -21.508777 
0.355000 -2.515930 
0.410000 6.980493 
0.465000 12.678347 
0.520000 24.074055 
0.575000 39.268333 
0.630000 31.671194 
0.685000 41.167617 
0.740000 46.865471 
0.795000 48.764756 
0.850000 43.066902 
0.905000 50.664041 
0.960000 58.261179 
1.015000 52.563325 
1.070000 62.059749 
1.125000 62.059749 
1.180000 81.052595 
1.235000 86.750449 
1.290000 100.045442 
1.345000 100.045442 
1.400000 96.246873 
1.455000 107.642581 
1.510000 115.239719 
1.565000 111.441150 
1.620000 113.340435 
1.675000 130.433997 
1.730000 130.433997 
1.785000 124.736143 
1.840000 155.124697 
1.895000 151.326128 
1.950000 153.225412 
2.005000 166.520405 
2.060000 168.419690 
2.115000 168.419690 
2.170000 176.016828 
2.225000 191.211106 
2.280000 189.311821 
2.335000 193.110390 
2.390000 196.908960 
2.445000 210.203952 
2.500000 214.002522 
2.445000 223.498945 
2.390000 238.693222 
2.335000 221.599660 
2.280000 236.793938 
2.225000 240.592507 
2.170000 234.894653 
2.115000 240.592507 
2.060000 227.297514 
2.005000 242.491792 
1.950000 244.391076 
1.895000 240.592507 
1.840000 232.995368 
1.785000 236.793938 
1.730000 236.793938 
1.675000 242.491792 
1.620000 229.196799 
1.565000 236.793938 
1.510000 231.096084 
1.455000 225.398230 
1.400000 232.995368 
1.345000 221.599660 
1.290000 221.599660 
1.235000 215.901806 
1.180000 210.203952 
1.125000 219.700376 
1.070000 198.808244 
1.015000 196.908960 
0.960000 210.203952 
0.905000 206.405383 
0.850000 193.110390 
0.795000 189.311821 
0.740000 185.513252 
0.685000 191.211106 
0.630000 183.613967 
0.575000 176.016828 
0.520000 181.714682 
0.465000 179.815398 
0.410000 170.318974 
0.355000 158.923266 
0.300000 155.124697 
0.245000 153.225412 
0.190000 153.225412 
0.135000 143.728989 
0.080000 138.031135 
0.025000 138.031135 
-0.030000 122.836858 
-0.085000 109.541865 
-0.140000 100.045442 
-0.195000 92.448303 
-0.250000 79.153311 
-0.305000 69.656887 
-0.360000 54.462610 
-0.415000 31.671194 
-0.470000 8.879778 
-0.525000 -10.113069 
-0.580000 -31.005200 
-0.635000 -44.300193 
-0.690000 -48.098762 
-0.745000 -48.098762 
-0.800000 -57.595185 
-0.855000 -61.393755 
-0.910000 -59.494470 
-0.965000 -68.990893 
-1.020000 -70.890178 
-1.075000 -72.789462 
-1.130000 -72.789462 
-1.185000 -84.185170 
-1.240000 -82.285886 
-1.295000 -89.883024 
-1.350000 -89.883024 
-1.405000 -103.178017 
-1.460000 -105.077302 
-1.515000 -114.573725 
-1.570000 -112.674440 
-1.625000 -124.070148 
-1.680000 -129.768002 
-1.735000 -127.868718 
-1.790000 -135.465856 
-1.845000 -143.062995 
-1.900000 -152.559418 
-1.955000 -154.458703 
-2.010000 -165.854411 
-2.065000 -167.753696 
-2.120000 -163.955126 
-2.175000 -175.350834 
-2.230000 -181.048688 
-2.285000 -188.645827 
-2.340000 -196.242966 
-2.395000 -196.242966 
-2.450000 -205.739389 
-2.495000 -213.336528 
-2.440000 -219.034382 
-2.385000 -222.832951 
-2.330000 -234.228659 
-2.275000 -243.725082 
-2.220000 -236.127944 
-2.165000 -238.027228 
-2.110000 -239.926513 
-2.055000 -236.127944 
-2.000000 -238.027228 
-1.945000 -239.926513 
-1.890000 -239.926513 
-1.835000 -245.624367 
-1.780000 -239.926513 
-1.725000 -243.725082 
-1.670000 -239.926513 
-1.615000 -230.430090 
-1.560000 -228.530805 
-1.505000 -228.530805 
-1.450000 -230.430090 
-1.395000 -228.530805 
-1.340000 -226.631520 
-1.285000 -224.732236 
-1.230000 -220.933666 
-1.175000 -219.034382 
-1.120000 -215.235812 
-1.065000 -211.437243 
-1.010000 -203.840104 
-0.955000 -201.940820 
-0.900000 -205.739389 
-0.845000 -196.242966 
-0.790000 -198.142250 
-0.735000 -190.545112 
-0.680000 -196.242966 
-0.625000 -188.645827 
-0.570000 -181.048688 
-0.515000 -179.149404 
-0.460000 -167.753696 
-0.405000 -154.458703 
-0.350000 -148.760849 
-0.295000 -143.062995 
-0.240000 -133.566572 
-0.185000 -129.768002 
-0.130000 -127.868718 
-0.075000 -114.573725 
-0.020000 -106.976586 
0.035000 -108.875871 
0.090000 -103.178017 
0.145000 -99.379448 
0.200000 -78.487316 
0.255000 -40.501623 
0.310000 -19.609492 
0.365000 1.282639 
0.420000 8.879778 
0.475000 18.376201 
0.530000 35.469763 
0.585000 39.268333 
0.640000 33.570479 
0.695000 37.369048 
0.750000 46.865471 
0.805000 52.563325 
0.860000 44.966187 
0.915000 52.563325 
0.970000 56.361895 
1.025000 65.858318 
1.080000 58.261179 
1.135000 75.354741 
1.190000 82.951880 
1.245000 79.153311 
1.300000 107.642581 
1.355000 96.246873 
1.410000 103.844011 
1.465000 113.340435 
1.520000 100.045442 
1.575000 109.541865 
1.630000 122.836858 
1.685000 120.937573 
1.740000 130.433997 
1.795000 139.930420 
1.850000 141.829705 
1.905000 139.930420 
1.960000 153.225412 
2.015000 164.621120 
2.070000 176.016828 
2.125000 170.318974 
2.180000 177.916113 
2.235000 181.714682 
2.290000 181.714682 
2.345000 183.613967 
2.400000 204.506098 
2.455000 206.405383 
2.490000 212.103237 
2.435000 223.498945 
2.380000 212.103237 
2.325000 234.894653 
2.270000 214.002522 
2.215000 231.096084 
2.160000 234.894653 
2.105000 234.894653 
2.050000 236.793938 
1.995000 242.491792 
1.940000 236.793938 
1.885000 231.096084 
1.830000 236.793938 
1.775000 244.391076 
1.720000 242.491792 
1.665000 225.398230 
1.610000 242.491792 
1.555000 244.391076 
1.500000 234.894653 
1.445000 231.096084 
1.390000 227.297514 
1.335000 221.599660 
1.280000 221.599660 
1.225000 217.801091 
1.170000 221.599660 
1.115000 212.103237 
1.060000 206.405383 
1.005000 200.707529 
0.950000 200.707529 
0.895000 198.808244 
0.840000 195.009675 
0.785000 187.412536 
0.730000 191.211106 
0.675000 193.110390 
0.620000 183.613967 
0.565000 177.916113 
0.510000 168.419690 
0.455000 170.318974 
0.400000 160.822551 
0.345000 149.426843 
0.290000 151.326128 
0.235000 153.225412 
0.180000 130.433997 
0.125000 145.628274 
0.070000 128.534712 
0.015000 128.534712 
-0.040000 120.937573 
-0.095000 113.340435 
-0.150000 105.743296 
-0.205000 92.448303 
-0.260000 75.354741 
-0.315000 63.959033 
-0.370000 58.261179 
-0.425000 31.671194 
-0.480000 8.879778 
-0.535000 -6.314499 
-0.590000 -25.307346 
-0.645000 -40.501623 
-0.700000 -40.501623 
-0.755000 -46.199477 
-0.810000 -53.796616 
-0.865000 -65.192324 
-0.920000 -67.091609 
-0.975000 -68.990893 
-1.030000 -72.789462 
-1.085000 -78.487316 
-1.140000 -82.285886 
-1.195000 -82.285886 
-1.250000 -91.782309 
-1.305000 -89.883024 
-1.360000 -89.883024 
-1.415000 -112.674440 
-1.470000 -93.681594 
-1.525000 -106.976586 
-1.580000 -116.473010 
-1.635000 -129.768002 
-1.690000 -125.969433 
-1.745000 -131.667287 
-1.800000 -137.365141 
-1.855000 -139.264426 
-1.910000 -152.559418 
-1.965000 -156.357988 
-2.020000 -163.955126 
-2.075000 -179.149404 
-2.130000 -175.350834 
-2.185000 -181.048688 
-2.240000 -179.149404 
-2.295000 -186.746542 
-2.350000 -194.343681 
-2.405000 -205.739389 
-2.460000 -211.437243 
-2.485000 -215.235812 
-2.430000 -226.631520 
-2.375000 -230.430090 
-2.320000 -234.228659 
-2.265000 -238.027228 
-2.210000 -243.725082 
-2.155000 -241.825798 
-2.100000 -241.825798 
-2.045000 -243.725082 
-1.990000 -243.725082 
-1.935000 -241.825798 
-1.880000 -239.926513 
-1.825000 -241.825798 
-1.770000 -239.926513 
-1.715000 -234.228659 
-1.660000 -236.127944 
-1.605000 -238.027228 
-1.550000 -236.127944 
-1.495000 -236.127944 
-1.440000 -234.228659 
-1.385000 -234.228659 
-1.330000 -226.631520 
-1.275000 -226.631520 
-1.220000 -224.732236 
-1.165000 -215.235812 
-1.110000 -217.135097 
-1.055000 -211.437243 
-1.000000 -215.235812 
-0.945000 -213.336528 
-0.890000 -200.041535 
-0.835000 -207.638674 
-0.780000 -205.739389 
-0.725000 -196.242966 
-0.670000 -190.545112 
-0.615000 -196.242966 
-0.560000 -188.645827 
-0.505000 -181.048688 
-0.450000 -177.250119 
-0.395000 -163.955126 
-0.340000 -162.055842 
-0.285000 -146.861564 
-0.230000 -144.962280 
-0.175000 -133.566572 
-0.120000 -131.667287 
-0.065000 -129.768002 
-0.010000 -122.170864 
0.045000 -118.372294 
0.100000 -106.976586 
0.155000 -101.278732 
0.210000 -84.185170 
0.265000 -44.300193 
0.320000 -12.012353 
0.375000 -0.616645 
0.430000 14.577632 
0.485000 31.671194 
0.540000 29.771909 
0.595000 35.469763 
0.650000 43.066902 
0.705000 37.369048 
0.760000 46.865471 
0.815000 56.361895 
0.870000 60.160464 
0.925000 52.563325 
0.980000 58.261179 
1.035000 69.656887 
1.090000 73.455457 
1.145000 73.455457 
1.200000 77.254026 
1.255000 79.153311 
1.310000 90.549019 
1.365000 94.347588 
1.420000 103.844011 
1.475000 113.340435 
1.530000 111.441150 
1.585000 111.441150 
1.640000 124.736143 
1.695000 120.937573 
1.750000 130.433997 
1.805000 139.930420 
1.860000 138.031135 
1.915000 126.635427 
1.970000 157.023982 
2.025000 155.124697 
2.080000 158.923266 
2.135000 176.016828 
2.190000 189.311821 
2.245000 185.513252 
2.300000 195.009675 
2.355000 196.908960 
2.410000 210.203952 
2.465000 202.606814 
2.480000 219.700376 
2.425000 219.700376 
2.370000 215.901806 
2.315000 242.491792 
2.260000 229.196799 
2.205000 227.297514 
2.150000 232.995368 
2.095000 231.096084 
2.040000 242.491792 
1.985000 246.290361 
1.930000 232.995368 
1.875000 236.793938 
1.820000 236.793938 
1.765000 242.491792 
1.710000 240.592507 
1.655000 232.995368 
1.600000 244.391076 
1.545000 236.793938 
1.490000 238.693222 
1.435000 234.894653 
1.380000 225.398230 
1.325000 221.599660 
1.270000 225.398230 
1.215000 217.801091 
1.160000 214.002522 
1.105000 204.506098 
1.050000 206.405383 
0.995000 200.707529 
0.940000 200.707529 
0.885000 198.808244 
0.830000 193.110390 
0.775000 191.211106 
0.720000 185.513252 
0.665000 187.412536 
0.610000 179.815398 
0.555000 177.916113 
0.500000 170.318974 
0.445000 170.318974 
0.390000 157.023982 
0.335000 151.326128 
0.280000 155.124697 
0.225000 155.124697 
0.170000 139.930420 
0.115000 141.829705 
0.060000 132.333281 
0.005000 124.736143 
-0.050000 119.038289 
-0.105000 120.937573 
-0.160000 100.045442 
-0.215000 84.851165 
-0.270000 73.455457 
-0.325000 58.261179 
-0.380000 52.563325 
-0.435000 41.167617 
-0.490000 16.476917 
-0.545000 -15.810923 
-0.600000 -29.105915 
-0.655000 -32.904485 
-0.710000 -44.300193 
-0.765000 -51.897331 
-0.820000 -51.897331 
-0.875000 -67.091609 
-0.930000 -68.990893 
-0.985000 -72.789462 
-1.040000 -99.379448 
-1.095000 -68.990893 
-1.150000 -84.185170 
-1.205000 -101.278732 
-1.260000 -84.185170 
-1.315000 -84.185170 
-1.370000 -125.969433 
-1.425000 -97.480163 
-1.480000 -108.875871 
-1.535000 -116.473010 
-1.590000 -122.170864 
-1.645000 -129.768002 
-1.700000 -135.465856 
-1.755000 -129.768002 
-1.810000 -135.465856 
-1.865000 -148.760849 
-1.920000 -156.357988 
-1.975000 -162.055842 
-2.030000 -173.451550 
-2.085000 -169.652980 
-2.140000 -175.350834 
-2.195000 -175.350834 
-2.250000 -184.847258 
-2.305000 -190.545112 
-2.360000 -186.746542 
-2.415000 -203.840104 
-2.470000 -215.235812 
-2.475000 -213.336528 
-2.420000 -224.732236 
-2.365000 -230.430090 
-2.310000 -236.127944 
-2.255000 -243.725082 
-2.200000 -243.725082 
-2.145000 -239.926513 
-2.090000 -236.127944 
-2.035000 -243.725082 
-1.980000 -245.624367 
-1.925000 -238.027228 
-1.870000 -241.825798 
-1.815000 -245.624367 
-1.760000 -234.228659 
-1.705000 -239.926513 
-1.650000 -239.926513 
-1.595000 -234.228659 
-1.540000 -236.127944 
-1.485000 -226.631520 
-1.430000 -234.228659 
-1.375000 -253.221506 
-1.320000 -220.933666 
-1.265000 -224.732236 
-1.210000 -224.732236 
-1.155000 -217.135097 
-1.100000 -220.933666 
-1.045000 -217.135097 
-0.990000 -211.437243 
-0.935000 -207.638674 
-0.880000 -209.537958 
-0.825000 -200.041535 
-0.770000 -200.041535 
-0.715000 -196.242966 
-0.660000 -196.242966 
-0.605000 -198.142250 
-0.550000 -190.545112 
-0.495000 -173.451550 
-0.440000 -171.552265 
-0.385000 -163.955126 
-0.330000 -156.357988 
-0.275000 -143.062995 
-0.220000 -143.062995 
-0.165000 -129.768002 
-0.110000 -124.070148 
-0.055000 -129.768002 
