0.000000 -0.616645 
0.020000 -2.515930 
0.040000 1.282639 
0.060000 3.181924 
0.080000 -2.515930 
0.100000 5.081209 
0.120000 1.282639 
0.140000 -0.616645 
0.160000 -29.105915 
0.180000 -2.515930 
0.200000 -6.314499 
0.220000 -2.515930 
0.240000 -0.616645 
0.260000 -0.616645 
0.280000 1.282639 
0.300000 -2.515930 
0.320000 14.577632 
0.340000 25.973340 
0.360000 27.872625 
0.380000 33.570479 
0.400000 37.369048 
0.420000 33.570479 
0.440000 29.771909 
0.460000 43.066902 
0.480000 46.865471 
0.500000 43.066902 
0.520000 46.865471 
0.540000 44.966187 
0.560000 50.664041 
0.580000 50.664041 
0.600000 52.563325 
0.620000 58.261179 
0.640000 62.059749 
0.660000 50.664041 
0.680000 56.361895 
0.700000 63.959033 
0.720000 58.261179 
0.740000 63.959033 
0.760000 67.757603 
0.780000 69.656887 
0.800000 73.455457 
0.820000 79.153311 
0.840000 77.254026 
0.860000 71.556172 
0.880000 81.052595 
0.900000 77.254026 
0.920000 82.951880 
0.940000 90.549019 
0.960000 90.549019 
0.980000 92.448303 
1.000000 90.549019 
1.020000 86.750449 
1.040000 94.347588 
1.060000 109.541865 
1.080000 107.642581 
1.100000 107.642581 
1.120000 103.844011 
1.140000 101.944727 
1.160000 107.642581 
1.180000 124.736143 
1.200000 119.038289 
1.220000 111.441150 
1.240000 119.038289 
1.260000 120.937573 
1.280000 120.937573 
1.300000 130.433997 
1.320000 128.534712 
1.340000 130.433997 
1.360000 124.736143 
1.380000 134.232566 
1.400000 136.131851 
1.420000 130.433997 
1.440000 138.031135 
1.460000 151.326128 
1.480000 149.426843 
1.500000 158.923266 
1.520000 149.426843 
1.540000 145.628274 
1.560000 160.822551 
1.580000 162.721836 
1.600000 153.225412 
1.620000 170.318974 
1.640000 166.520405 
1.660000 166.520405 
1.680000 160.822551 
1.700000 170.318974 
1.720000 176.016828 
1.740000 170.318974 
1.760000 177.916113 
1.780000 183.613967 
1.800000 183.613967 
1.820000 181.714682 
1.840000 195.009675 
1.860000 191.211106 
1.880000 181.714682 
1.900000 187.412536 
1.920000 196.908960 
1.940000 191.211106 
1.960000 191.211106 
1.980000 204.506098 
2.000000 193.110390 
2.020000 214.002522 
2.040000 206.405383 
2.060000 198.808244 
2.080000 214.002522 
2.100000 215.901806 
2.120000 202.606814 
2.140000 221.599660 
2.160000 221.599660 
2.180000 227.297514 
2.200000 236.793938 
2.220000 227.297514 
2.240000 231.096084 
2.260000 234.894653 
2.280000 240.592507 
2.300000 244.391076 
2.320000 240.592507 
2.340000 232.995368 
2.360000 251.988215 
2.380000 251.988215 
2.400000 255.786784 
2.420000 248.189646 
2.440000 248.189646 
2.460000 261.484638 
2.480000 250.088930 
2.500000 259.585354 
2.480000 259.585354 
2.460000 272.880346 
2.440000 265.283208 
2.420000 274.779631 
2.400000 276.678916 
2.380000 270.981062 
2.360000 282.376770 
2.340000 282.376770 
2.320000 282.376770 
2.300000 282.376770 
2.280000 278.578200 
2.260000 265.283208 
2.240000 278.578200 
2.220000 282.376770 
2.200000 274.779631 
2.180000 278.578200 
2.160000 274.779631 
2.140000 274.779631 
2.120000 270.981062 
2.100000 288.074624 
2.080000 282.376770 
2.060000 280.477485 
2.040000 276.678916 
2.020000 282.376770 
2.000000 274.779631 
1.980000 280.477485 
1.960000 276.678916 
1.940000 280.477485 
1.920000 274.779631 
1.900000 270.981062 
1.880000 265.283208 
1.860000 272.880346 
1.840000 267.182492 
1.820000 267.182492 
1.800000 274.779631 
1.780000 259.585354 
1.760000 267.182492 
1.740000 265.283208 
1.720000 263.383923 
1.700000 261.484638 
1.680000 253.887500 
1.660000 257.686069 
1.640000 255.786784 
1.620000 255.786784 
1.600000 246.290361 
1.580000 246.290361 
1.560000 242.491792 
1.540000 242.491792 
1.520000 244.391076 
1.500000 231.096084 
1.480000 242.491792 
1.460000 240.592507 
1.440000 225.398230 
1.420000 225.398230 
1.400000 231.096084 
1.380000 225.398230 
1.360000 229.196799 
1.340000 217.801091 
1.320000 214.002522 
1.300000 221.599660 
1.280000 214.002522 
1.260000 217.801091 
1.240000 200.707529 
1.220000 206.405383 
1.200000 212.103237 
1.180000 206.405383 
1.160000 200.707529 
1.140000 198.808244 
1.120000 189.311821 
1.100000 191.211106 
1.080000 189.311821 
1.060000 191.211106 
1.040000 185.513252 
1.020000 181.714682 
1.000000 185.513252 
0.980000 168.419690 
0.960000 177.916113 
0.940000 176.016828 
0.920000 162.721836 
0.900000 168.419690 
0.880000 170.318974 
0.860000 157.023982 
0.840000 158.923266 
0.820000 158.923266 
0.800000 155.124697 
0.780000 149.426843 
0.760000 145.628274 
0.740000 158.923266 
0.720000 138.031135 
0.700000 138.031135 
0.680000 139.930420 
0.660000 138.031135 
0.640000 138.031135 
0.620000 138.031135 
0.600000 122.836858 
0.580000 132.333281 
0.560000 134.232566 
0.540000 130.433997 
0.520000 128.534712 
0.500000 122.836858 
0.480000 130.433997 
0.460000 117.139004 
0.440000 113.340435 
0.420000 113.340435 
0.400000 111.441150 
0.380000 115.239719 
0.360000 103.844011 
0.340000 105.743296 
0.320000 105.743296 
0.300000 90.549019 
0.280000 90.549019 
0.260000 86.750449 
0.240000 92.448303 
0.220000 94.347588 
0.200000 82.951880 
0.180000 77.254026 
0.160000 79.153311 
0.140000 67.757603 
0.120000 75.354741 
0.100000 69.656887 
0.080000 71.556172 
0.060000 62.059749 
0.040000 60.160464 
0.020000 56.361895 
-0.000000 52.563325 
-0.020000 37.369048 
-0.040000 35.469763 
-0.060000 20.275486 
-0.080000 12.678347 
-0.100000 -2.515930 
-0.120000 -13.911638 
-0.140000 -15.810923 
-0.160000 -19.609492 
-0.180000 -19.609492 
-0.200000 -21.508777 
-0.220000 -10.113069 
-0.240000 -25.307346 
-0.260000 -27.206631 
-0.280000 -25.307346 
-0.300000 -29.105915 
-0.320000 -29.105915 
-0.340000 -36.703054 
-0.360000 -40.501623 
-0.380000 -34.803769 
-0.400000 -40.501623 
-0.420000 -42.400908 
-0.440000 -57.595185 
-0.460000 -51.897331 
-0.480000 -53.796616 
-0.500000 -51.897331 
-0.520000 -53.796616 
-0.540000 -49.998047 
-0.560000 -53.796616 
-0.580000 -61.393755 
-0.600000 -57.595185 
-0.620000 -51.897331 
-0.640000 -67.091609 
-0.660000 -61.393755 
-0.680000 -59.494470 
-0.700000 -72.789462 
-0.720000 -67.091609 
-0.740000 -63.293039 
-0.760000 -80.386601 
-0.780000 -70.890178 
-0.800000 -80.386601 
-0.820000 -80.386601 
-0.840000 -74.688747 
-0.860000 -86.084455 
-0.880000 -89.883024 
-0.900000 -89.883024 
-0.920000 -91.782309 
-0.940000 -95.580878 
-0.960000 -97.480163 
-0.980000 -87.983740 
-1.000000 -103.178017 
-1.020000 -101.278732 
-1.040000 -95.580878 
-1.060000 -106.976586 
-1.080000 -108.875871 
-1.100000 -105.077302 
-1.120000 -105.077302 
-1.140000 -114.573725 
-1.160000 -116.473010 
-1.180000 -106.976586 
-1.200000 -116.473010 
-1.220000 -116.473010 
-1.240000 -120.271579 
-1.260000 -120.271579 
-1.280000 -125.969433 
-1.300000 -120.271579 
-1.320000 -120.271579 
-1.340000 -125.969433 
-1.360000 -137.365141 
-1.380000 -137.365141 
-1.400000 -139.264426 
-1.420000 -143.062995 
-1.440000 -144.962280 
-1.460000 -148.760849 
-1.480000 -144.962280 
-1.500000 -154.458703 
-1.520000 -156.357988 
-1.540000 -160.156557 
-1.560000 -154.458703 
-1.580000 -158.257272 
-1.600000 -158.257272 
-1.620000 -160.156557 
-1.640000 -165.854411 
-1.660000 -175.350834 
-1.680000 -175.350834 
-1.700000 -177.250119 
-1.720000 -175.350834 
-1.740000 -182.947973 
-1.760000 -188.645827 
-1.780000 -179.149404 
-1.800000 -188.645827 
-1.820000 -194.343681 
-1.840000 -196.242966 
-1.860000 -203.840104 
-1.880000 -200.041535 
-1.900000 -200.041535 
-1.920000 -217.135097 
-1.940000 -200.041535 
-1.960000 -200.041535 
-1.980000 -209.537958 
-2.000000 -213.336528 
-2.020000 -217.135097 
-2.040000 -220.933666 
-2.060000 -219.034382 
-2.080000 -224.732236 
-2.100000 -224.732236 
-2.120000 -224.732236 
-2.140000 -220.933666 
-2.160000 -232.329374 
-2.180000 -226.631520 
-2.200000 -224.732236 
-2.220000 -230.430090 
-2.240000 -236.127944 
-2.260000 -245.624367 
-2.280000 -239.926513 
-2.300000 -249.422936 
-2.320000 -243.725082 
-2.340000 -241.825798 
-2.360000 -255.120790 
-2.380000 -253.221506 
-2.400000 -257.020075 
-2.420000 -266.516498 
-2.440000 -260.818644 
-2.460000 -258.919360 
-2.480000 -260.818644 
-2.500000 -270.315068 
-2.480000 -272.214352 
-2.460000 -272.214352 
-2.440000 -279.811491 
-2.420000 -277.912206 
-2.400000 -268.415783 
-2.380000 -274.113637 
-2.360000 -283.610060 
-2.340000 -268.415783 
-2.320000 -279.811491 
-2.300000 -272.214352 
-2.280000 -285.509345 
-2.260000 -279.811491 
-2.240000 -287.408629 
-2.220000 -279.811491 
-2.200000 -287.408629 
-2.180000 -277.912206 
-2.160000 -283.610060 
-2.140000 -264.617214 
-2.120000 -281.710775 
-2.100000 -287.408629 
-2.080000 -296.905053 
-2.060000 -272.214352 
-2.040000 -277.912206 
-2.020000 -279.811491 
-2.000000 -276.012922 
-1.980000 -276.012922 
-1.960000 -281.710775 
-1.940000 -274.113637 
-1.920000 -276.012922 
-1.900000 -272.214352 
-1.880000 -289.307914 
-1.860000 -276.012922 
-1.840000 -279.811491 
-1.820000 -293.106483 
-1.800000 -264.617214 
-1.780000 -260.818644 
-1.760000 -258.919360 
-1.740000 -255.120790 
-1.720000 -255.120790 
-1.700000 -257.020075 
-1.680000 -262.717929 
-1.660000 -255.120790 
-1.640000 -255.120790 
-1.620000 -255.120790 
-1.600000 -247.523652 
-1.580000 -249.422936 
-1.560000 -257.020075 
-1.540000 -249.422936 
-1.520000 -247.523652 
-1.500000 -243.725082 
-1.480000 -245.624367 
-1.460000 -236.127944 
-1.440000 -241.825798 
-1.420000 -230.430090 
-1.400000 -219.034382 
-1.380000 -230.430090 
-1.360000 -220.933666 
-1.340000 -217.135097 
-1.320000 -219.034382 
-1.300000 -211.437243 
-1.280000 -219.034382 
-1.260000 -226.631520 
-1.240000 -215.235812 
-1.220000 -211.437243 
-1.200000 -207.638674 
-1.180000 -205.739389 
-1.160000 -203.840104 
-1.140000 -203.840104 
-1.120000 -201.940820 
-1.100000 -198.142250 
-1.080000 -184.847258 
-1.060000 -194.343681 
-1.040000 -190.545112 
-1.020000 -175.350834 
-1.000000 -173.451550 
-0.980000 -167.753696 
-0.960000 -169.652980 
-0.940000 -177.250119 
-0.920000 -173.451550 
-0.900000 -171.552265 
-0.880000 -162.055842 
-0.860000 -160.156557 
-0.840000 -163.955126 
-0.820000 -158.257272 
-0.800000 -163.955126 
-0.780000 -146.861564 
-0.760000 -150.660134 
-0.740000 -146.861564 
-0.720000 -137.365141 
-0.700000 -143.062995 
-0.680000 -144.962280 
-0.660000 -131.667287 
-0.640000 -135.465856 
-0.620000 -127.868718 
-0.600000 -122.170864 
-0.580000 -133.566572 
-0.560000 -112.674440 
-0.540000 -108.875871 
-0.520000 -120.271579 
-0.500000 -125.969433 
-0.480000 -110.775156 
-0.460000 -101.278732 
-0.440000 -101.278732 
-0.420000 -97.480163 
-0.400000 -110.775156 
-0.380000 -97.480163 
-0.360000 -93.681594 
-0.340000 -89.883024 
-0.320000 -91.782309 
-0.300000 -82.285886 
-0.280000 -82.285886 
-0.260000 -76.588032 
-0.240000 -82.285886 
-0.220000 -78.487316 
-0.200000 -93.681594 
-0.180000 -70.890178 
-0.160000 -61.393755 
-0.140000 -57.595185 
-0.120000 -67.091609 
-0.100000 -59.494470 
-0.080000 -55.695901 
-0.060000 -55.695901 
-0.040000 -57.595185 
-0.020000 -53.796616 
0.000000 -51.897331 
0.020000 -40.501623 
0.040000 -32.904485 
0.060000 -32.904485 
0.080000 -29.105915 
0.100000 -8.213784 
0.120000 1.282639 
0.140000 5.081209 
0.160000 -2.515930 
0.180000 -2.515930 
0.200000 1.282639 
0.220000 -0.616645 
0.240000 5.081209 
0.260000 1.282639 
0.280000 -0.616645 
0.300000 3.181924 
0.320000 6.980493 
0.340000 22.174771 
0.360000 24.074055 
0.380000 29.771909 
0.400000 31.671194 
0.420000 44.966187 
0.440000 41.167617 
0.460000 37.369048 
0.480000 39.268333 
0.500000 44.966187 
0.520000 44.966187 
0.540000 44.966187 
0.560000 44.966187 
0.580000 46.865471 
0.600000 43.066902 
0.620000 58.261179 
0.640000 58.261179 
0.660000 54.462610 
0.680000 62.059749 
0.700000 63.959033 
0.720000 75.354741 
0.740000 67.757603 
0.760000 73.455457 
0.780000 73.455457 
0.800000 82.951880 
0.820000 79.153311 
0.840000 79.153311 
0.860000 77.254026 
0.880000 84.851165 
0.900000 75.354741 
0.920000 84.851165 
0.940000 81.052595 
0.960000 90.549019 
0.980000 92.448303 
1.000000 94.347588 
1.020000 103.844011 
1.040000 100.045442 
1.060000 94.347588 
1.080000 100.045442 
1.100000 109.541865 
1.120000 94.347588 
1.140000 103.844011 
1.160000 101.944727 
1.180000 105.743296 
1.200000 111.441150 
1.220000 113.340435 
1.240000 98.146157 
1.260000 120.937573 
1.280000 115.239719 
1.300000 117.139004 
1.320000 120.937573 
1.340000 124.736143 
1.360000 130.433997 
1.380000 124.736143 
1.400000 128.534712 
1.420000 132.333281 
1.440000 134.232566 
1.460000 132.333281 
1.480000 145.628274 
1.500000 151.326128 
1.520000 151.326128 
1.540000 145.628274 
1.560000 149.426843 
1.580000 158.923266 
1.600000 166.520405 
1.620000 149.426843 
1.640000 160.822551 
1.660000 172.218259 
1.680000 174.117544 
1.700000 166.520405 
1.720000 174.117544 
1.740000 183.613967 
1.760000 179.815398 
1.780000 170.318974 
1.800000 181.714682 
1.820000 187.412536 
1.840000 189.311821 
1.860000 183.613967 
1.880000 189.311821 
1.900000 189.311821 
1.920000 191.211106 
1.940000 204.506098 
1.960000 198.808244 
1.980000 198.808244 
2.000000 196.908960 
2.020000 200.707529 
2.040000 210.203952 
2.060000 210.203952 
2.080000 200.707529 
2.100000 219.700376 
2.120000 214.002522 
2.140000 210.203952 
2.160000 229.196799 
2.180000 221.599660 
2.200000 219.700376 
2.220000 227.297514 
2.240000 227.297514 
2.260000 242.491792 
2.280000 242.491792 
2.300000 234.894653 
2.320000 242.491792 
2.340000 251.988215 
2.360000 250.088930 
2.380000 257.686069 
2.400000 238.693222 
2.420000 255.786784 
2.440000 248.189646 
2.460000 251.988215 
2.480000 267.182492 
2.500000 253.887500 
2.480000 259.585354 
2.460000 257.686069 
2.440000 246.290361 
2.420000 272.880346 
2.400000 265.283208 
2.380000 263.383923 
2.360000 282.376770 
2.340000 282.376770 
2.320000 259.585354 
2.300000 286.175339 
2.280000 280.477485 
2.260000 282.376770 
2.240000 276.678916 
2.220000 286.175339 
2.200000 269.081777 
2.180000 276.678916 
2.160000 282.376770 
2.140000 270.981062 
2.120000 272.880346 
2.100000 274.779631 
2.080000 274.779631 
2.060000 282.376770 
2.040000 282.376770 
2.020000 274.779631 
2.000000 284.276054 
1.980000 267.182492 
1.960000 282.376770 
1.940000 269.081777 
1.920000 282.376770 
1.900000 267.182492 
1.880000 270.981062 
1.860000 274.779631 
1.840000 267.182492 
1.820000 265.283208 
1.800000 255.786784 
1.780000 261.484638 
1.760000 267.182492 
1.740000 280.477485 
1.720000 253.887500 
1.700000 267.182492 
1.680000 257.686069 
1.660000 261.484638 
1.640000 265.283208 
1.620000 246.290361 
1.600000 246.290361 
1.580000 253.887500 
1.560000 251.988215 
1.540000 244.391076 
1.520000 236.793938 
1.500000 242.491792 
1.480000 234.894653 
1.460000 236.793938 
1.440000 227.297514 
1.420000 227.297514 
1.400000 234.894653 
1.380000 221.599660 
1.360000 219.700376 
1.340000 223.498945 
1.320000 214.002522 
1.300000 223.498945 
1.280000 206.405383 
1.260000 210.203952 
1.240000 217.801091 
1.220000 212.103237 
1.200000 196.908960 
1.180000 204.506098 
1.160000 195.009675 
1.140000 196.908960 
1.120000 195.009675 
1.100000 193.110390 
1.080000 189.311821 
1.060000 187.412536 
1.040000 179.815398 
1.020000 187.412536 
1.000000 185.513252 
0.980000 181.714682 
0.960000 181.714682 
0.940000 174.117544 
0.920000 170.318974 
0.900000 166.520405 
0.880000 160.822551 
0.860000 164.621120 
0.840000 153.225412 
0.820000 164.621120 
0.800000 157.023982 
0.780000 151.326128 
0.760000 141.829705 
0.740000 143.728989 
0.720000 139.930420 
0.700000 149.426843 
0.680000 141.829705 
0.660000 132.333281 
0.640000 126.635427 
0.620000 138.031135 
0.600000 120.937573 
0.580000 122.836858 
0.560000 120.937573 
0.540000 122.836858 
0.520000 119.038289 
0.500000 115.239719 
0.480000 120.937573 
0.460000 113.340435 
0.440000 111.441150 
0.420000 113.340435 
0.400000 111.441150 
0.380000 115.239719 
0.360000 111.441150 
0.340000 94.347588 
0.320000 115.239719 
0.300000 92.448303 
0.280000 96.246873 
0.260000 98.146157 
0.240000 84.851165 
0.220000 96.246873 
0.200000 92.448303 
0.180000 84.851165 
0.160000 81.052595 
0.140000 77.254026 
0.120000 77.254026 
0.100000 69.656887 
0.080000 73.455457 
0.060000 62.059749 
0.040000 69.656887 
0.020000 58.261179 
-0.000000 54.462610 
-0.020000 44.966187 
-0.040000 43.066902 
-0.060000 22.174771 
-0.080000 12.678347 
-0.100000 -0.616645 
-0.120000 -10.113069 
-0.140000 -13.911638 
-0.160000 -23.408061 
-0.180000 -17.710207 
-0.200000 -17.710207 
-0.220000 -17.710207 
-0.240000 -29.105915 
-0.260000 -21.508777 
-0.280000 -29.105915 
-0.300000 -32.904485 
-0.320000 -34.803769 
-0.340000 -29.105915 
-0.360000 -31.005200 
-0.380000 -38.602339 
-0.400000 -38.602339 
-0.420000 -40.501623 
-0.440000 -34.803769 
-0.460000 -46.199477 
-0.480000 -36.703054 
-0.500000 -42.400908 
-0.520000 -67.091609 
-0.540000 -49.998047 
-0.560000 -51.897331 
-0.580000 -53.796616 
-0.600000 -55.695901 
-0.620000 -57.595185 
-0.640000 -48.098762 
-0.660000 -61.393755 
-0.680000 -67.091609 
-0.700000 -63.293039 
-0.720000 -63.293039 
-0.740000 -72.789462 
-0.760000 -70.890178 
-0.780000 -67.091609 
-0.800000 -74.688747 
-0.820000 -80.386601 
-0.840000 -72.789462 
-0.860000 -82.285886 
-0.880000 -78.487316 
-0.900000 -87.983740 
-0.920000 -80.386601 
-0.940000 -86.084455 
-0.960000 -93.681594 
-0.980000 -91.782309 
-1.000000 -97.480163 
-1.020000 -97.480163 
-1.040000 -97.480163 
-1.060000 -97.480163 
-1.080000 -97.480163 
-1.100000 -103.178017 
-1.120000 -97.480163 
-1.140000 -101.278732 
-1.160000 -110.775156 
-1.180000 -108.875871 
-1.200000 -108.875871 
-1.220000 -120.271579 
-1.240000 -118.372294 
-1.260000 -120.271579 
-1.280000 -122.170864 
-1.300000 -129.768002 
-1.320000 -141.163710 
-1.340000 -135.465856 
-1.360000 -135.465856 
-1.380000 -146.861564 
-1.400000 -135.465856 
-1.420000 -135.465856 
-1.440000 -143.062995 
-1.460000 -139.264426 
-1.480000 -150.660134 
-1.500000 -146.861564 
-1.520000 -143.062995 
-1.540000 -148.760849 
-1.560000 -150.660134 
-1.580000 -162.055842 
-1.600000 -165.854411 
-1.620000 -167.753696 
-1.640000 -165.854411 
-1.660000 -171.552265 
-1.680000 -169.652980 
-1.700000 -175.350834 
-1.720000 -182.947973 
-1.740000 -179.149404 
-1.760000 -181.048688 
-1.780000 -188.645827 
-1.800000 -181.048688 
-1.820000 -184.847258 
-1.840000 -188.645827 
-1.860000 -190.545112 
-1.880000 -192.444396 
-1.900000 -196.242966 
-1.920000 -201.940820 
-1.940000 -205.739389 
-1.960000 -192.444396 
-1.980000 -211.437243 
-2.000000 -205.739389 
-2.020000 -200.041535 
-2.040000 -207.638674 
-2.060000 -213.336528 
-2.080000 -213.336528 
-2.100000 -213.336528 
-2.120000 -213.336528 
-2.140000 -220.933666 
-2.160000 -226.631520 
-2.180000 -224.732236 
-2.200000 -228.530805 
-2.220000 -224.732236 
-2.240000 -236.127944 
-2.260000 -239.926513 
-2.280000 -228.530805 
-2.300000 -236.127944 
-2.320000 -241.825798 
-2.340000 -238.027228 
-2.360000 -251.322221 
-2.380000 -255.120790 
-2.400000 -251.322221 
-2.420000 -247.523652 
-2.440000 -255.120790 
-2.460000 -266.516498 
-2.480000 -264.617214 
-2.500000 -257.020075 
-2.480000 -260.818644 
-2.460000 -272.214352 
-2.440000 -264.617214 
-2.420000 -264.617214 
-2.400000 -272.214352 
-2.380000 -276.012922 
-2.360000 -272.214352 
-2.340000 -272.214352 
-2.320000 -279.811491 
-2.300000 -277.912206 
-2.280000 -279.811491 
-2.260000 -277.912206 
-2.240000 -276.012922 
-2.220000 -272.214352 
-2.200000 -276.012922 
-2.180000 -264.617214 
-2.160000 -274.113637 
-2.140000 -281.710775 
-2.120000 -276.012922 
-2.100000 -274.113637 
-2.080000 -277.912206 
-2.060000 -274.113637 
-2.040000 -268.415783 
-2.020000 -281.710775 
-2.000000 -272.214352 
-1.980000 -274.113637 
-1.960000 -281.710775 
-1.940000 -276.012922 
-1.920000 -272.214352 
-1.900000 -274.113637 
-1.880000 -277.912206 
-1.860000 -291.207199 
-1.840000 -266.516498 
-1.820000 -266.516498 
-1.800000 -251.322221 
-1.780000 -251.322221 
-1.760000 -258.919360 
-1.740000 -260.818644 
-1.720000 -255.120790 
-1.700000 -262.717929 
-1.680000 -258.919360 
-1.660000 -253.221506 
-1.640000 -251.322221 
-1.620000 -249.422936 
-1.600000 -247.523652 
-1.580000 -253.221506 
-1.560000 -253.221506 
-1.540000 -243.725082 
-1.520000 -236.127944 
-1.500000 -241.825798 
-1.480000 -234.228659 
-1.460000 -241.825798 
-1.440000 -232.329374 
-1.420000 -230.430090 
-1.400000 -228.530805 
-1.380000 -220.933666 
-1.360000 -220.933666 
-1.340000 -215.235812 
-1.320000 -215.235812 
-1.300000 -224.732236 
-1.280000 -222.832951 
-1.260000 -220.933666 
-1.240000 -209.537958 
-1.220000 -203.840104 
-1.200000 -207.638674 
-1.180000 -205.739389 
-1.160000 -215.235812 
-1.140000 -203.840104 
-1.120000 -205.739389 
-1.100000 -224.732236 
-1.080000 -188.645827 
-1.060000 -190.545112 
-1.040000 -196.242966 
-1.020000 -173.451550 
-1.000000 -179.149404 
-0.980000 -186.746542 
-0.960000 -169.652980 
-0.940000 -179.149404 
-0.920000 -173.451550 
-0.900000 -167.753696 
-0.880000 -169.652980 
-0.860000 -163.955126 
-0.840000 -165.854411 
-0.820000 -160.156557 
-0.800000 -154.458703 
-0.780000 -160.156557 
-0.760000 -143.062995 
-0.740000 -139.264426 
-0.720000 -143.062995 
-0.700000 -139.264426 
-0.680000 -135.465856 
-0.660000 -141.163710 
-0.640000 -127.868718 
-0.620000 -122.170864 
-0.600000 -127.868718 
-0.580000 -116.473010 
-0.560000 -108.875871 
-0.540000 -124.070148 
-0.520000 -118.372294 
-0.500000 -103.178017 
-0.480000 -108.875871 
-0.460000 -106.976586 
-0.440000 -106.976586 
-0.420000 -99.379448 
-0.400000 -97.480163 
-0.380000 -97.480163 
-0.360000 -101.278732 
-0.340000 -91.782309 
-0.320000 -91.782309 
-0.300000 -89.883024 
-0.280000 -87.983740 
-0.260000 -86.084455 
-0.240000 -70.890178 
-0.220000 -78.487316 
-0.200000 -68.990893 
-0.180000 -61.393755 
-0.160000 -65.192324 
-0.140000 -68.990893 
-0.120000 -65.192324 
-0.100000 -63.293039 
-0.080000 -59.494470 
-0.060000 -49.998047 
-0.040000 -51.897331 
-0.020000 -46.199477 
0.000000 -44.300193 
0.020000 -38.602339 
0.040000 -36.703054 
0.060000 -27.206631 
0.080000 -15.810923 
0.100000 -6.314499 
0.120000 1.282639 
0.140000 -0.616645 
0.160000 -0.616645 
0.180000 3.181924 
0.200000 -6.314499 
0.220000 -4.415215 
0.240000 1.282639 
0.260000 8.879778 
0.280000 -4.415215 
0.300000 -4.415215 
0.320000 27.872625 
0.340000 22.174771 
0.360000 25.973340 
0.380000 35.469763 
0.400000 33.570479 
0.420000 33.570479 
0.440000 43.066902 
0.460000 31.671194 
0.480000 41.167617 
0.500000 50.664041 
0.520000 37.369048 
0.540000 44.966187 
0.560000 48.764756 
0.580000 16.476917 
0.600000 43.066902 
0.620000 54.462610 
0.640000 37.369048 
0.660000 48.764756 
0.680000 60.160464 
0.700000 54.462610 
0.720000 63.959033 
0.740000 63.959033 
0.760000 67.757603 
0.780000 71.556172 
0.800000 79.153311 
0.820000 71.556172 
0.840000 73.455457 
0.860000 82.951880 
0.880000 73.455457 
0.900000 84.851165 
0.920000 81.052595 
0.940000 88.649734 
0.960000 82.951880 
0.980000 88.649734 
1.000000 94.347588 
1.020000 88.649734 
1.040000 92.448303 
1.060000 98.146157 
1.080000 107.642581 
1.100000 96.246873 
1.120000 94.347588 
1.140000 103.844011 
1.160000 111.441150 
1.180000 109.541865 
1.200000 107.642581 
1.220000 107.642581 
1.240000 119.038289 
1.260000 122.836858 
1.280000 128.534712 
1.300000 124.736143 
1.320000 117.139004 
1.340000 120.937573 
1.360000 122.836858 
1.380000 122.836858 
1.400000 136.131851 
1.420000 132.333281 
1.440000 130.433997 
1.460000 139.930420 
1.480000 141.829705 
1.500000 138.031135 
1.520000 153.225412 
1.540000 153.225412 
1.560000 168.419690 
1.580000 155.124697 
1.600000 160.822551 
1.620000 155.124697 
1.640000 170.318974 
1.660000 160.822551 
1.680000 170.318974 
1.700000 176.016828 
1.720000 145.628274 
1.740000 170.318974 
1.760000 183.613967 
1.780000 174.117544 
1.800000 183.613967 
1.820000 187.412536 
1.840000 187.412536 
1.860000 181.714682 
1.880000 189.311821 
1.900000 195.009675 
1.920000 198.808244 
1.940000 185.513252 
1.960000 204.506098 
1.980000 198.808244 
2.000000 202.606814 
2.020000 210.203952 
2.040000 210.203952 
2.060000 204.506098 
2.080000 219.700376 
2.100000 210.203952 
2.120000 208.304668 
2.140000 217.801091 
2.160000 219.700376 
2.180000 221.599660 
2.200000 234.894653 
2.220000 219.700376 
2.240000 229.196799 
2.260000 240.592507 
2.280000 234.894653 
2.300000 244.391076 
2.320000 236.793938 
2.340000 242.491792 
2.360000 250.088930 
2.380000 259.585354 
2.400000 259.585354 
2.420000 248.189646 
2.440000 259.585354 
2.460000 257.686069 
2.480000 259.585354 
2.500000 259.585354 
2.480000 255.786784 
2.460000 267.182492 
2.440000 255.786784 
2.420000 274.779631 
2.400000 261.484638 
2.380000 276.678916 
2.360000 274.779631 
2.340000 274.779631 
2.320000 282.376770 
2.300000 278.578200 
2.280000 280.477485 
2.260000 272.880346 
2.240000 282.376770 
2.220000 276.678916 
2.200000 282.376770 
2.180000 274.779631 
2.160000 272.880346 
2.140000 276.678916 
2.120000 272.880346 
2.100000 270.981062 
2.080000 270.981062 
2.060000 269.081777 
2.040000 270.981062 
2.020000 282.376770 
2.000000 270.981062 
1.980000 276.678916 
1.960000 270.981062 
1.940000 270.981062 
1.920000 261.484638 
1.900000 269.081777 
1.880000 269.081777 
1.860000 261.484638 
1.840000 267.182492 
1.820000 261.484638 
1.800000 270.981062 
1.780000 259.585354 
1.760000 259.585354 
1.740000 255.786784 
1.720000 259.585354 
1.700000 259.585354 
1.680000 255.786784 
1.660000 251.988215 
1.640000 248.189646 
1.620000 255.786784 
1.600000 253.887500 
1.580000 236.793938 
1.560000 250.088930 
1.540000 246.290361 
1.520000 240.592507 
1.500000 236.793938 
1.480000 236.793938 
1.460000 236.793938 
1.440000 229.196799 
1.420000 227.297514 
1.400000 219.700376 
1.380000 223.498945 
1.360000 229.196799 
1.340000 210.203952 
1.320000 219.700376 
1.300000 219.700376 
1.280000 208.304668 
1.260000 219.700376 
1.240000 210.203952 
1.220000 202.606814 
1.200000 210.203952 
1.180000 202.606814 
1.160000 185.513252 
1.140000 198.808244 
1.120000 191.211106 
1.100000 189.311821 
1.080000 185.513252 
1.060000 191.211106 
1.040000 185.513252 
1.020000 183.613967 
1.000000 181.714682 
0.980000 174.117544 
0.960000 181.714682 
0.940000 168.419690 
0.920000 168.419690 
0.900000 170.318974 
0.880000 170.318974 
0.860000 164.621120 
0.840000 160.822551 
0.820000 155.124697 
0.800000 157.023982 
0.780000 138.031135 
0.760000 139.930420 
0.740000 147.527558 
0.720000 149.426843 
0.700000 141.829705 
0.680000 139.930420 
0.660000 130.433997 
0.640000 141.829705 
0.620000 147.527558 
0.600000 128.534712 
0.580000 119.038289 
0.560000 134.232566 
0.540000 120.937573 
0.520000 117.139004 
0.500000 111.441150 
0.480000 107.642581 
0.460000 115.239719 
0.440000 111.441150 
0.420000 103.844011 
0.400000 103.844011 
0.380000 107.642581 
0.360000 100.045442 
0.340000 107.642581 
0.320000 96.246873 
0.300000 103.844011 
0.280000 101.944727 
0.260000 98.146157 
0.240000 84.851165 
0.220000 92.448303 
0.200000 84.851165 
0.180000 79.153311 
0.160000 82.951880 
0.140000 75.354741 
0.120000 79.153311 
0.100000 71.556172 
0.080000 77.254026 
0.060000 75.354741 
0.040000 67.757603 
0.020000 63.959033 
-0.000000 54.462610 
-0.020000 46.865471 
-0.040000 39.268333 
-0.060000 31.671194 
-0.080000 8.879778 
-0.100000 6.980493 
-0.120000 -6.314499 
-0.140000 -12.012353 
-0.160000 -17.710207 
-0.180000 -27.206631 
-0.200000 -29.105915 
-0.220000 -29.105915 
-0.240000 -32.904485 
-0.260000 -29.105915 
-0.280000 -38.602339 
-0.300000 -29.105915 
-0.320000 -36.703054 
-0.340000 -36.703054 
-0.360000 -29.105915 
-0.380000 -36.703054 
-0.400000 -34.803769 
-0.420000 -23.408061 
-0.440000 -42.400908 
-0.460000 -40.501623 
-0.480000 -44.300193 
-0.500000 -42.400908 
-0.520000 -53.796616 
-0.540000 -49.998047 
-0.560000 -44.300193 
-0.580000 -51.897331 
-0.600000 -49.998047 
-0.620000 -51.897331 
-0.640000 -61.393755 
-0.660000 -57.595185 
-0.680000 -59.494470 
-0.700000 -61.393755 
-0.720000 -57.595185 
-0.740000 -65.192324 
-0.760000 -61.393755 
-0.780000 -68.990893 
-0.800000 -68.990893 
-0.820000 -74.688747 
-0.840000 -110.775156 
-0.860000 -82.285886 
-0.880000 -76.588032 
-0.900000 -89.883024 
-0.920000 -80.386601 
-0.940000 -86.084455 
-0.960000 -87.983740 
-0.980000 -95.580878 
-1.000000 -82.285886 
-1.020000 -103.178017 
-1.040000 -103.178017 
-1.060000 -103.178017 
-1.080000 -114.573725 
-1.100000 -112.674440 
-1.120000 -112.674440 
-1.140000 -120.271579 
-1.160000 -116.473010 
-1.180000 -124.070148 
-1.200000 -116.473010 
-1.220000 -122.170864 
-1.240000 -118.372294 
-1.260000 -122.170864 
-1.280000 -129.768002 
-1.300000 -127.868718 
-1.320000 -127.868718 
-1.340000 -135.465856 
-1.360000 -133.566572 
-1.380000 -139.264426 
-1.400000 -137.365141 
-1.420000 -141.163710 
-1.440000 -143.062995 
-1.460000 -141.163710 
-1.480000 -144.962280 
-1.500000 -150.660134 
-1.520000 -150.660134 
-1.540000 -163.955126 
-1.560000 -163.955126 
-1.580000 -158.257272 
-1.600000 -167.753696 
-1.620000 -173.451550 
-1.640000 -162.055842 
-1.660000 -177.250119 
-1.680000 -184.847258 
-1.700000 -184.847258 
-1.720000 -182.947973 
-1.740000 -192.444396 
-1.760000 -186.746542 
-1.780000 -184.847258 
-1.800000 -190.545112 
-1.820000 -194.343681 
-1.840000 -182.947973 
-1.860000 -196.242966 
-1.880000 -198.142250 
-1.900000 -196.242966 
-1.920000 -200.041535 
-1.940000 -207.638674 
-1.960000 -205.739389 
-1.980000 -205.739389 
-2.000000 -211.437243 
-2.020000 -203.840104 
-2.040000 -211.437243 
-2.060000 -220.933666 
-2.080000 -217.135097 
-2.100000 -220.933666 
-2.120000 -219.034382 
-2.140000 -228.530805 
-2.160000 -228.530805 
-2.180000 -228.530805 
-2.200000 -226.631520 
-2.220000 -234.228659 
-2.240000 -238.027228 
-2.260000 -239.926513 
-2.280000 -241.825798 
-2.300000 -251.322221 
-2.320000 -253.221506 
-2.340000 -257.020075 
-2.360000 -251.322221 
-2.380000 -247.523652 
-2.400000 -258.919360 
-2.420000 -258.919360 
-2.440000 -258.919360 
-2.460000 -260.818644 
-2.480000 -262.717929 
-2.500000 -264.617214 
-2.480000 -266.516498 
-2.460000 -258.919360 
-2.440000 -272.214352 
-2.420000 -264.617214 
-2.400000 -272.214352 
-2.380000 -268.415783 
-2.360000 -281.710775 
-2.340000 -274.113637 
-2.320000 -274.113637 
-2.300000 -283.610060 
-2.280000 -285.509345 
-2.260000 -279.811491 
-2.240000 -279.811491 
-2.220000 -317.797184 
-2.200000 -279.811491 
-2.180000 -276.012922 
-2.160000 -272.214352 
-2.140000 -276.012922 
-2.120000 -276.012922 
-2.100000 -270.315068 
-2.080000 -285.509345 
-2.060000 -285.509345 
-2.040000 -279.811491 
-2.020000 -276.012922 
-2.000000 -279.811491 
-1.980000 -277.912206 
-1.960000 -277.912206 
-1.940000 -283.610060 
-1.920000 -272.214352 
-1.900000 -274.113637 
-1.880000 -293.106483 
-1.860000 -258.919360 
-1.840000 -270.315068 
-1.820000 -260.818644 
-1.800000 -260.818644 
-1.780000 -258.919360 
-1.760000 -266.516498 
-1.740000 -258.919360 
-1.720000 -258.919360 
-1.700000 -253.221506 
-1.680000 -262.717929 
-1.660000 -260.818644 
-1.640000 -264.617214 
-1.620000 -258.919360 
-1.600000 -258.919360 
-1.580000 -241.825798 
-1.560000 -245.624367 
-1.540000 -249.422936 
-1.520000 -243.725082 
-1.500000 -234.228659 
-1.480000 -234.228659 
-1.460000 -226.631520 
-1.440000 -222.832951 
-1.420000 -230.430090 
-1.400000 -215.235812 
-1.380000 -238.027228 
-1.360000 -226.631520 
-1.340000 -230.430090 
-1.320000 -222.832951 
-1.300000 -222.832951 
-1.280000 -220.933666 
-1.260000 -219.034382 
-1.240000 -211.437243 
-1.220000 -215.235812 
-1.200000 -213.336528 
-1.180000 -196.242966 
-1.160000 -200.041535 
-1.140000 -198.142250 
-1.120000 -182.947973 
-1.100000 -182.947973 
-1.080000 -186.746542 
-1.060000 -181.048688 
-1.040000 -188.645827 
-1.020000 -188.645827 
-1.000000 -173.451550 
-0.980000 -173.451550 
-0.960000 -179.149404 
-0.940000 -171.552265 
-0.920000 -173.451550 
-0.900000 -167.753696 
-0.880000 -173.451550 
-0.860000 -160.156557 
-0.840000 -158.257272 
-0.820000 -165.854411 
-0.800000 -156.357988 
-0.780000 -150.660134 
-0.760000 -133.566572 
-0.740000 -146.861564 
-0.720000 -137.365141 
-0.700000 -133.566572 
-0.680000 -133.566572 
-0.660000 -141.163710 
-0.640000 -139.264426 
-0.620000 -122.170864 
-0.600000 -127.868718 
-0.580000 -131.667287 
-0.560000 -114.573725 
-0.540000 -110.775156 
-0.520000 -122.170864 
-0.500000 -120.271579 
-0.480000 -112.674440 
-0.460000 -106.976586 
-0.440000 -105.077302 
-0.420000 -106.976586 
-0.400000 -103.178017 
-0.380000 -97.480163 
-0.360000 -93.681594 
-0.340000 -89.883024 
-0.320000 -86.084455 
-0.300000 -87.983740 
-0.280000 -82.285886 
-0.260000 -76.588032 
-0.240000 -72.789462 
-0.220000 -76.588032 
-0.200000 -78.487316 
-0.180000 -70.890178 
-0.160000 -61.393755 
-0.140000 -59.494470 
-0.120000 -61.393755 
-0.100000 -53.796616 
-0.080000 -59.494470 
-0.060000 -46.199477 
-0.040000 -48.098762 
-0.020000 -40.501623 
0.000000 -55.695901 
0.020000 -46.199477 
0.040000 -34.803769 
0.060000 -27.206631 
0.080000 -23.408061 
0.100000 -8.213784 
0.120000 3.181924 
0.140000 1.282639 
0.160000 1.282639 
0.180000 -2.515930 
0.200000 -0.616645 
0.220000 1.282639 
0.240000 -0.616645 
0.260000 -0.616645 
0.280000 6.980493 
0.300000 1.282639 
0.320000 8.879778 
0.340000 22.174771 
0.360000 29.771909 
0.380000 29.771909 
0.400000 37.369048 
0.420000 33.570479 
0.440000 43.066902 
0.460000 39.268333 
0.480000 39.268333 
0.500000 48.764756 
0.520000 46.865471 
0.540000 44.966187 
0.560000 46.865471 
0.580000 39.268333 
0.600000 46.865471 
0.620000 60.160464 
0.640000 52.563325 
0.660000 52.563325 
0.680000 69.656887 
0.700000 69.656887 
0.720000 69.656887 
0.740000 65.858318 
0.760000 65.858318 
0.780000 77.254026 
0.800000 63.959033 
0.820000 71.556172 
0.840000 79.153311 
0.860000 67.757603 
0.880000 75.354741 
0.900000 81.052595 
0.920000 79.153311 
0.940000 88.649734 
0.960000 94.347588 
0.980000 88.649734 
1.000000 86.750449 
1.020000 92.448303 
1.040000 94.347588 
1.060000 94.347588 
1.080000 105.743296 
1.100000 105.743296 
1.120000 103.844011 
1.140000 107.642581 
1.160000 100.045442 
1.180000 115.239719 
1.200000 115.239719 
1.220000 119.038289 
1.240000 124.736143 
1.260000 117.139004 
1.280000 117.139004 
1.300000 120.937573 
1.320000 122.836858 
1.340000 122.836858 
1.360000 124.736143 
1.380000 122.836858 
1.400000 130.433997 
1.420000 139.930420 
1.440000 128.534712 
1.460000 138.031135 
1.480000 134.232566 
1.500000 147.527558 
1.520000 149.426843 
1.540000 149.426843 
1.560000 149.426843 
1.580000 160.822551 
1.600000 157.023982 
1.620000 153.225412 
1.640000 160.822551 
1.660000 170.318974 
1.680000 166.520405 
1.700000 172.218259 
1.720000 177.916113 
1.740000 172.218259 
1.760000 176.016828 
1.780000 174.117544 
1.800000 193.110390 
1.820000 181.714682 
1.840000 177.916113 
1.860000 196.908960 
1.880000 189.311821 
1.900000 189.311821 
1.920000 191.211106 
1.940000 189.311821 
1.960000 198.808244 
1.980000 200.707529 
2.000000 198.808244 
2.020000 204.506098 
2.040000 208.304668 
2.060000 217.801091 
2.080000 210.203952 
2.100000 229.196799 
2.120000 221.599660 
2.140000 210.203952 
2.160000 229.196799 
2.180000 227.297514 
2.200000 219.700376 
2.220000 221.599660 
2.240000 225.398230 
2.260000 234.894653 
2.280000 234.894653 
2.300000 231.096084 
2.320000 236.793938 
2.340000 232.995368 
2.360000 250.088930 
2.380000 250.088930 
2.400000 242.491792 
2.420000 250.088930 
2.440000 267.182492 
2.460000 259.585354 
2.480000 259.585354 
2.500000 250.088930 
2.480000 267.182492 
2.460000 261.484638 
2.440000 263.383923 
2.420000 263.383923 
2.400000 259.585354 
2.380000 267.182492 
2.360000 276.678916 
2.340000 270.981062 
2.320000 276.678916 
2.300000 282.376770 
2.280000 274.779631 
2.260000 293.772478 
2.240000 282.376770 
2.220000 282.376770 
2.200000 272.880346 
2.180000 284.276054 
2.160000 282.376770 
2.140000 270.981062 
2.120000 274.779631 
2.100000 270.981062 
2.080000 276.678916 
2.060000 274.779631 
2.040000 265.283208 
2.020000 274.779631 
2.000000 276.678916 
1.980000 265.283208 
1.960000 286.175339 
1.940000 280.477485 
1.920000 269.081777 
1.900000 274.779631 
1.880000 267.182492 
1.860000 265.283208 
1.840000 259.585354 
1.820000 261.484638 
1.800000 259.585354 
1.780000 263.383923 
1.760000 265.283208 
1.740000 265.283208 
1.720000 259.585354 
1.700000 259.585354 
1.680000 253.887500 
1.660000 259.585354 
1.640000 261.484638 
1.620000 246.290361 
1.600000 251.988215 
1.580000 251.988215 
1.560000 248.189646 
1.540000 253.887500 
1.520000 236.793938 
1.500000 240.592507 
1.480000 244.391076 
1.460000 244.391076 
1.440000 231.096084 
1.420000 232.995368 
1.400000 244.391076 
1.380000 225.398230 
1.360000 223.498945 
1.340000 227.297514 
1.320000 214.002522 
1.300000 219.700376 
1.280000 212.103237 
1.260000 210.203952 
1.240000 214.002522 
1.220000 212.103237 
1.200000 206.405383 
1.180000 217.801091 
1.160000 204.506098 
1.140000 206.405383 
1.120000 208.304668 
1.100000 195.009675 
1.080000 170.318974 
1.060000 198.808244 
1.040000 183.613967 
1.020000 181.714682 
1.000000 181.714682 
0.980000 177.916113 
0.960000 172.218259 
0.940000 174.117544 
0.920000 172.218259 
0.900000 174.117544 
0.880000 176.016828 
0.860000 164.621120 
0.840000 164.621120 
0.820000 172.218259 
0.800000 164.621120 
0.780000 155.124697 
0.760000 157.023982 
0.740000 151.326128 
0.720000 149.426843 
0.700000 147.527558 
0.680000 138.031135 
0.660000 132.333281 
0.640000 139.930420 
0.620000 138.031135 
0.600000 136.131851 
0.580000 120.937573 
0.560000 132.333281 
0.540000 132.333281 
0.520000 120.937573 
0.500000 115.239719 
0.480000 113.340435 
0.460000 120.937573 
0.440000 105.743296 
0.420000 105.743296 
0.400000 100.045442 
0.380000 94.347588 
0.360000 100.045442 
0.340000 101.944727 
0.320000 92.448303 
0.300000 96.246873 
0.280000 92.448303 
0.260000 94.347588 
0.240000 88.649734 
0.220000 90.549019 
0.200000 86.750449 
0.180000 82.951880 
0.160000 79.153311 
0.140000 71.556172 
0.120000 69.656887 
0.100000 67.757603 
0.080000 67.757603 
0.060000 60.160464 
0.040000 60.160464 
0.020000 69.656887 
-0.000000 52.563325 
-0.020000 43.066902 
-0.040000 43.066902 
-0.060000 22.174771 
-0.080000 16.476917 
-0.100000 10.779063 
-0.120000 -4.415215 
-0.140000 -13.911638 
-0.160000 -15.810923 
-0.180000 -15.810923 
-0.200000 -27.206631 
-0.220000 -29.105915 
-0.240000 -21.508777 
-0.260000 -29.105915 
-0.280000 -36.703054 
-0.300000 -31.005200 
-0.320000 -36.703054 
-0.340000 -44.300193 
-0.360000 -36.703054 
-0.380000 -36.703054 
-0.400000 -44.300193 
-0.420000 -38.602339 
-0.440000 -49.998047 
-0.460000 -51.897331 
-0.480000 -44.300193 
-0.500000 -55.695901 
-0.520000 -53.796616 
-0.540000 -63.293039 
-0.560000 -51.897331 
-0.580000 -65.192324 
-0.600000 -61.393755 
-0.620000 -55.695901 
-0.640000 -67.091609 
-0.660000 -65.192324 
-0.680000 -68.990893 
-0.700000 -68.990893 
-0.720000 -72.789462 
-0.740000 -70.890178 
-0.760000 -99.379448 
-0.780000 -68.990893 
-0.800000 -72.789462 
-0.820000 -76.588032 
-0.840000 -70.890178 
-0.860000 -74.688747 
-0.880000 -89.883024 
-0.900000 -78.487316 
-0.920000 -74.688747 
-0.940000 -84.185170 
-0.960000 -89.883024 
-0.980000 -89.883024 
-1.000000 -89.883024 
-1.020000 -97.480163 
-1.040000 -106.976586 
-1.060000 -106.976586 
-1.080000 -103.178017 
-1.100000 -106.976586 
-1.120000 -108.875871 
-1.140000 -122.170864 
-1.160000 -118.372294 
-1.180000 -118.372294 
-1.200000 -124.070148 
-1.220000 -124.070148 
-1.240000 -127.868718 
-1.260000 -129.768002 
-1.280000 -127.868718 
-1.300000 -124.070148 
-1.320000 -129.768002 
-1.340000 -135.465856 
-1.360000 -131.667287 
-1.380000 -141.163710 
-1.400000 -139.264426 
-1.420000 -148.760849 
-1.440000 -148.760849 
-1.460000 -144.962280 
-1.480000 -150.660134 
-1.500000 -146.861564 
-1.520000 -152.559418 
-1.540000 -154.458703 
-1.560000 -158.257272 
-1.580000 -165.854411 
-1.600000 -160.156557 
-1.620000 -165.854411 
-1.640000 -169.652980 
-1.660000 -167.753696 
-1.680000 -167.753696 
-1.700000 -171.552265 
-1.720000 -177.250119 
-1.740000 -173.451550 
-1.760000 -175.350834 
-1.780000 -184.847258 
-1.800000 -181.048688 
-1.820000 -198.142250 
-1.840000 -188.645827 
-1.860000 -192.444396 
-1.880000 -196.242966 
-1.900000 -200.041535 
-1.920000 -203.840104 
-1.940000 -200.041535 
-1.960000 -200.041535 
-1.980000 -196.242966 
-2.000000 -201.940820 
-2.020000 -211.437243 
-2.040000 -213.336528 
-2.060000 -220.933666 
-2.080000 -219.034382 
-2.100000 -222.832951 
-2.120000 -220.933666 
-2.140000 -215.235812 
-2.160000 -215.235812 
-2.180000 -219.034382 
-2.200000 -228.530805 
-2.220000 -232.329374 
-2.240000 -234.228659 
-2.260000 -239.926513 
-2.280000 -243.725082 
-2.300000 -241.825798 
-2.320000 -245.624367 
-2.340000 -236.127944 
-2.360000 -247.523652 
-2.380000 -255.120790 
-2.400000 -251.322221 
-2.420000 -253.221506 
-2.440000 -258.919360 
-2.460000 -258.919360 
-2.480000 -255.120790 
-2.500000 -262.717929 
-2.480000 -266.516498 
-2.460000 -266.516498 
-2.440000 -270.315068 
-2.420000 -272.214352 
-2.400000 -272.214352 
-2.380000 -274.113637 
-2.360000 -277.912206 
-2.340000 -277.912206 
-2.320000 -277.912206 
-2.300000 -276.012922 
-2.280000 -272.214352 
-2.260000 -279.811491 
-2.240000 -281.710775 
-2.220000 -295.005768 
-2.200000 -283.610060 
-2.180000 -287.408629 
-2.160000 -281.710775 
-2.140000 -279.811491 
-2.120000 -277.912206 
-2.100000 -276.012922 
-2.080000 -285.509345 
-2.060000 -281.710775 
-2.040000 -276.012922 
-2.020000 -281.710775 
-2.000000 -277.912206 
-1.980000 -276.012922 
-1.960000 -272.214352 
-1.940000 -272.214352 
-1.920000 -276.012922 
-1.900000 -264.617214 
-1.880000 -258.919360 
-1.860000 -258.919360 
-1.840000 -264.617214 
-1.820000 -270.315068 
-1.800000 -260.818644 
-1.780000 -258.919360 
-1.760000 -264.617214 
-1.740000 -260.818644 
-1.720000 -257.020075 
-1.700000 -258.919360 
-1.680000 -266.516498 
-1.660000 -264.617214 
-1.640000 -260.818644 
-1.620000 -245.624367 
-1.600000 -241.825798 
-1.580000 -255.120790 
-1.560000 -243.725082 
-1.540000 -239.926513 
-1.520000 -236.127944 
-1.500000 -230.430090 
-1.480000 -228.530805 
-1.460000 -234.228659 
-1.440000 -228.530805 
-1.420000 -232.329374 
-1.400000 -234.228659 
-1.380000 -222.832951 
-1.360000 -226.631520 
-1.340000 -220.933666 
-1.320000 -222.832951 
-1.300000 -222.832951 
-1.280000 -207.638674 
-1.260000 -220.933666 
-1.240000 -203.840104 
-1.220000 -198.142250 
-1.200000 -200.041535 
-1.180000 -188.645827 
-1.160000 -182.947973 
-1.140000 -190.545112 
-1.120000 -188.645827 
-1.100000 -186.746542 
-1.080000 -194.343681 
-1.060000 -184.847258 
-1.040000 -182.947973 
-1.020000 -181.048688 
-1.000000 -181.048688 
-0.980000 -181.048688 
-0.960000 -169.652980 
-0.940000 -179.149404 
-0.920000 -165.854411 
-0.900000 -160.156557 
-0.880000 -165.854411 
-0.860000 -163.955126 
-0.840000 -162.055842 
-0.820000 -150.660134 
-0.800000 -150.660134 
-0.780000 -146.861564 
-0.760000 -143.062995 
-0.740000 -143.062995 
-0.720000 -139.264426 
-0.700000 -143.062995 
-0.680000 -129.768002 
-0.660000 -133.566572 
-0.640000 -135.465856 
-0.620000 -124.070148 
-0.600000 -122.170864 
-0.580000 -120.271579 
-0.560000 -124.070148 
-0.540000 -122.170864 
-0.520000 -108.875871 
-0.500000 -110.775156 
-0.480000 -110.775156 
-0.460000 -101.278732 
-0.440000 -105.077302 
-0.420000 -106.976586 
-0.400000 -93.681594 
-0.380000 -93.681594 
-0.360000 -89.883024 
-0.340000 -86.084455 
-0.320000 -93.681594 
-0.300000 -84.185170 
-0.280000 -84.185170 
-0.260000 -78.487316 
-0.240000 -76.588032 
-0.220000 -67.091609 
-0.200000 -61.393755 
-0.180000 -76.588032 
-0.160000 -61.393755 
-0.140000 -63.293039 
-0.120000 -68.990893 
-0.100000 -59.494470 
-0.080000 -59.494470 
-0.060000 -57.595185 
-0.040000 -55.695901 
-0.020000 -53.796616 
