0.000000 -84.185170 
0.100000 -78.487316 
0.200000 -72.789462 
0.300000 -44.300193 
0.400000 -25.307346 
0.500000 -0.616645 
0.600000 5.081209 
0.700000 16.476917 
0.800000 29.771909 
0.900000 35.469763 
1.000000 39.268333 
1.100000 54.462610 
1.200000 65.858318 
1.300000 65.858318 
1.400000 73.455457 
1.500000 77.254026 
1.600000 82.951880 
1.700000 96.246873 
1.800000 105.743296 
1.900000 107.642581 
2.000000 119.038289 
2.100000 130.433997 
2.200000 130.433997 
2.300000 164.621120 
2.400000 166.520405 
2.500000 166.520405 
2.400000 183.613967 
2.300000 187.412536 
2.200000 191.211106 
2.100000 189.311821 
2.000000 204.506098 
1.900000 204.506098 
1.800000 200.707529 
1.700000 208.304668 
1.600000 202.606814 
1.500000 198.808244 
1.400000 215.901806 
1.300000 204.506098 
1.200000 204.506098 
1.100000 195.009675 
1.000000 204.506098 
0.900000 196.908960 
0.800000 191.211106 
0.700000 185.513252 
0.600000 181.714682 
0.500000 183.613967 
0.400000 174.117544 
0.300000 162.721836 
0.200000 160.822551 
0.100000 164.621120 
-0.000000 149.426843 
-0.100000 143.728989 
-0.200000 128.534712 
-0.300000 126.635427 
-0.400000 117.139004 
-0.500000 105.743296 
-0.600000 86.750449 
-0.700000 60.160464 
-0.800000 5.081209 
-0.900000 -27.206631 
-1.000000 -29.105915 
-1.100000 -42.400908 
-1.200000 -63.293039 
-1.300000 -80.386601 
-1.400000 -86.084455 
-1.500000 -89.883024 
-1.600000 -89.883024 
-1.700000 -93.681594 
-1.800000 -110.775156 
-1.900000 -105.077302 
-2.000000 -116.473010 
-2.100000 -124.070148 
-2.200000 -143.062995 
-2.300000 -144.962280 
-2.400000 -150.660134 
-2.500000 -173.451550 
-2.400000 -184.847258 
-2.300000 -182.947973 
-2.200000 -201.940820 
-2.100000 -213.336528 
-2.000000 -203.840104 
-1.900000 -215.235812 
-1.800000 -219.034382 
-1.700000 -211.437243 
-1.600000 -211.437243 
-1.500000 -213.336528 
-1.400000 -209.537958 
-1.300000 -209.537958 
-1.200000 -213.336528 
-1.100000 -205.739389 
-1.000000 -219.034382 
-0.900000 -196.242966 
-0.800000 -198.142250 
-0.700000 -196.242966 
-0.600000 -190.545112 
-0.500000 -196.242966 
-0.400000 -181.048688 
-0.300000 -182.947973 
-0.200000 -186.746542 
-0.100000 -173.451550 
0.000000 -171.552265 
0.100000 -160.156557 
0.200000 -154.458703 
0.300000 -112.674440 
0.400000 -78.487316 
0.500000 -27.206631 
0.600000 -12.012353 
0.700000 20.275486 
0.800000 16.476917 
0.900000 33.570479 
1.000000 43.066902 
1.100000 56.361895 
1.200000 58.261179 
1.300000 69.656887 
1.400000 79.153311 
1.500000 75.354741 
1.600000 82.951880 
1.700000 100.045442 
1.800000 100.045442 
1.900000 92.448303 
2.000000 120.937573 
2.100000 134.232566 
2.200000 136.131851 
2.300000 166.520405 
2.400000 166.520405 
2.500000 176.016828 
2.400000 193.110390 
2.300000 191.211106 
2.200000 196.908960 
2.100000 196.908960 
2.000000 212.103237 
1.900000 215.901806 
1.800000 206.405383 
1.700000 206.405383 
1.600000 164.621120 
1.500000 206.405383 
1.400000 214.002522 
1.300000 210.203952 
1.200000 212.103237 
1.100000 206.405383 
1.000000 204.506098 
0.900000 193.110390 
0.800000 191.211106 
0.700000 183.613967 
0.600000 153.225412 
0.500000 183.613967 
0.400000 177.916113 
0.300000 164.621120 
0.200000 170.318974 
0.100000 162.721836 
-0.000000 153.225412 
-0.100000 151.326128 
-0.200000 145.628274 
-0.300000 128.534712 
-0.400000 122.836858 
-0.500000 128.534712 
-0.600000 92.448303 
-0.700000 54.462610 
-0.800000 1.282639 
-0.900000 -31.005200 
-1.000000 -31.005200 
-1.100000 -40.501623 
-1.200000 -67.091609 
-1.300000 -68.990893 
-1.400000 -76.588032 
-1.500000 -89.883024 
-1.600000 -91.782309 
-1.700000 -101.278732 
-1.800000 -101.278732 
-1.900000 -118.372294 
-2.000000 -120.271579 
-2.100000 -124.070148 
-2.200000 -144.962280 
-2.300000 -156.357988 
-2.400000 -162.055842 
-2.500000 -175.350834 
-2.400000 -196.242966 
-2.300000 -203.840104 
-2.200000 -205.739389 
-2.100000 -209.537958 
-2.000000 -205.739389 
-1.900000 -203.840104 
-1.800000 -211.437243 
-1.700000 -207.638674 
-1.600000 -209.537958 
-1.500000 -203.840104 
-1.400000 -205.739389 
-1.300000 -209.537958 
-1.200000 -209.537958 
-1.100000 -198.142250 
-1.000000 -209.537958 
-0.900000 -200.041535 
-0.800000 -198.142250 
-0.700000 -188.645827 
-0.600000 -194.343681 
-0.500000 -194.343681 
-0.400000 -190.545112 
-0.300000 -179.149404 
-0.200000 -181.048688 
-0.100000 -175.350834 
0.000000 -175.350834 
0.100000 -163.955126 
0.200000 -135.465856 
0.300000 -133.566572 
0.400000 -68.990893 
0.500000 -32.904485 
0.600000 -38.602339 
0.700000 16.476917 
0.800000 16.476917 
0.900000 39.268333 
1.000000 43.066902 
1.100000 54.462610 
1.200000 56.361895 
1.300000 69.656887 
1.400000 81.052595 
1.500000 73.455457 
1.600000 86.750449 
1.700000 98.146157 
1.800000 98.146157 
1.900000 98.146157 
2.000000 122.836858 
2.100000 120.937573 
2.200000 145.628274 
2.300000 153.225412 
2.400000 168.419690 
2.500000 170.318974 
2.400000 191.211106 
2.300000 196.908960 
2.200000 185.513252 
2.100000 204.506098 
2.000000 210.203952 
1.900000 206.405383 
1.800000 204.506098 
1.700000 202.606814 
1.600000 204.506098 
1.500000 219.700376 
1.400000 212.103237 
1.300000 204.506098 
1.200000 204.506098 
1.100000 206.405383 
1.000000 206.405383 
0.900000 206.405383 
0.800000 196.908960 
0.700000 187.412536 
0.600000 183.613967 
0.500000 187.412536 
0.400000 176.016828 
0.300000 174.117544 
0.200000 166.520405 
0.100000 164.621120 
-0.000000 151.326128 
-0.100000 151.326128 
-0.200000 143.728989 
-0.300000 134.232566 
-0.400000 124.736143 
-0.500000 111.441150 
-0.600000 98.146157 
-0.700000 50.664041 
-0.800000 -10.113069 
-0.900000 -21.508777 
-1.000000 -31.005200 
-1.100000 -42.400908 
-1.200000 -61.393755 
-1.300000 -76.588032 
-1.400000 -87.983740 
-1.500000 -84.185170 
-1.600000 -97.480163 
-1.700000 -95.580878 
-1.800000 -108.875871 
-1.900000 -114.573725 
-2.000000 -124.070148 
-2.100000 -125.969433 
-2.200000 -143.062995 
-2.300000 -150.660134 
-2.400000 -158.257272 
-2.500000 -167.753696 
-2.400000 -186.746542 
-2.300000 -192.444396 
-2.200000 -209.537958 
-2.100000 -213.336528 
-2.000000 -201.940820 
-1.900000 -211.437243 
-1.800000 -209.537958 
-1.700000 -200.041535 
-1.600000 -201.940820 
-1.500000 -203.840104 
-1.400000 -203.840104 
-1.300000 -207.638674 
-1.200000 -205.739389 
-1.100000 -205.739389 
-1.000000 -200.041535 
-0.900000 -203.840104 
-0.800000 -194.343681 
-0.700000 -196.242966 
-0.600000 -188.645827 
-0.500000 -184.847258 
-0.400000 -188.645827 
-0.300000 -182.947973 
-0.200000 -184.847258 
-0.100000 -169.652980 
0.000000 -167.753696 
0.100000 -160.156557 
0.200000 -143.062995 
0.300000 -103.178017 
0.400000 -57.595185 
0.500000 -32.904485 
0.600000 -13.911638 
0.700000 16.476917 
0.800000 22.174771 
0.900000 33.570479 
1.000000 43.066902 
1.100000 62.059749 
1.200000 60.160464 
1.300000 69.656887 
1.400000 75.354741 
1.500000 81.052595 
1.600000 81.052595 
1.700000 92.448303 
1.800000 94.347588 
1.900000 105.743296 
2.000000 124.736143 
2.100000 128.534712 
2.200000 145.628274 
2.300000 153.225412 
2.400000 170.318974 
2.500000 174.117544 
2.400000 183.613967 
2.300000 191.211106 
2.200000 198.808244 
2.100000 198.808244 
2.000000 204.506098 
1.900000 198.808244 
1.800000 195.009675 
1.700000 204.506098 
1.600000 202.606814 
1.500000 204.506098 
1.400000 206.405383 
1.300000 215.901806 
1.200000 204.506098 
1.100000 204.506098 
1.000000 212.103237 
0.900000 195.009675 
0.800000 191.211106 
0.700000 198.808244 
0.600000 187.412536 
0.500000 174.117544 
0.400000 179.815398 
0.300000 170.318974 
0.200000 166.520405 
0.100000 160.822551 
-0.000000 160.822551 
-0.100000 153.225412 
-0.200000 141.829705 
-0.300000 130.433997 
-0.400000 126.635427 
-0.500000 115.239719 
-0.600000 94.347588 
-0.700000 50.664041 
-0.800000 -2.515930 
-0.900000 -23.408061 
-1.000000 -34.803769 
-1.100000 -38.602339 
-1.200000 -59.494470 
-1.300000 -72.789462 
-1.400000 -78.487316 
-1.500000 -82.285886 
-1.600000 -89.883024 
-1.700000 -95.580878 
-1.800000 -106.976586 
-1.900000 -110.775156 
-2.000000 -122.170864 
-2.100000 -131.667287 
-2.200000 -143.062995 
-2.300000 -152.559418 
-2.400000 -160.156557 
-2.500000 -177.250119 
-2.400000 -190.545112 
-2.300000 -192.444396 
-2.200000 -207.638674 
-2.100000 -207.638674 
-2.000000 -207.638674 
-1.900000 -215.235812 
-1.800000 -211.437243 
-1.700000 -211.437243 
-1.600000 -211.437243 
-1.500000 -207.638674 
-1.400000 -200.041535 
-1.300000 -209.537958 
-1.200000 -198.142250 
-1.100000 -203.840104 
-1.000000 -196.242966 
-0.900000 -198.142250 
-0.800000 -196.242966 
-0.700000 -198.142250 
-0.600000 -190.545112 
-0.500000 -181.048688 
-0.400000 -184.847258 
-0.300000 -182.947973 
-0.200000 -179.149404 
-0.100000 -169.652980 
0.000000 -175.350834 
0.100000 -152.559418 
0.200000 -125.969433 
0.300000 -93.681594 
0.400000 -61.393755 
0.500000 -36.703054 
0.600000 -2.515930 
0.700000 12.678347 
0.800000 16.476917 
0.900000 29.771909 
1.000000 41.167617 
1.100000 60.160464 
1.200000 43.066902 
1.300000 82.951880 
1.400000 69.656887 
1.500000 71.556172 
1.600000 77.254026 
1.700000 92.448303 
1.800000 105.743296 
1.900000 107.642581 
2.000000 124.736143 
2.100000 124.736143 
2.200000 141.829705 
2.300000 160.822551 
2.400000 166.520405 
2.500000 176.016828 
2.400000 187.412536 
2.300000 196.908960 
2.200000 195.009675 
2.100000 202.606814 
2.000000 196.908960 
1.900000 189.311821 
1.800000 198.808244 
1.700000 214.002522 
1.600000 210.203952 
1.500000 210.203952 
1.400000 208.304668 
1.300000 208.304668 
1.200000 206.405383 
1.100000 217.801091 
1.000000 196.908960 
0.900000 189.311821 
0.800000 195.009675 
0.700000 179.815398 
0.600000 183.613967 
0.500000 185.513252 
0.400000 176.016828 
0.300000 158.923266 
0.200000 162.721836 
0.100000 157.023982 
-0.000000 158.923266 
-0.100000 145.628274 
-0.200000 139.930420 
-0.300000 130.433997 
-0.400000 117.139004 
-0.500000 105.743296 
-0.600000 92.448303 
-0.700000 48.764756 
-0.800000 -6.314499 
-0.900000 -29.105915 
-1.000000 -27.206631 
-1.100000 -36.703054 
-1.200000 -59.494470 
-1.300000 -70.890178 
-1.400000 -82.285886 
-1.500000 -86.084455 
-1.600000 -93.681594 
-1.700000 -106.976586 
-1.800000 -105.077302 
-1.900000 -120.271579 
-2.000000 -120.271579 
-2.100000 -135.465856 
-2.200000 -143.062995 
-2.300000 -144.962280 
-2.400000 -160.156557 
-2.500000 -173.451550 
-2.400000 -182.947973 
-2.300000 -188.645827 
-2.200000 -196.242966 
-2.100000 -203.840104 
-2.000000 -211.437243 
-1.900000 -211.437243 
-1.800000 -215.235812 
-1.700000 -213.336528 
-1.600000 -201.940820 
-1.500000 -203.840104 
-1.400000 -201.940820 
-1.300000 -200.041535 
-1.200000 -201.940820 
-1.100000 -196.242966 
-1.000000 -203.840104 
-0.900000 -201.940820 
-0.800000 -198.142250 
-0.700000 -190.545112 
-0.600000 -196.242966 
-0.500000 -186.746542 
-0.400000 -179.149404 
-0.300000 -184.847258 
-0.200000 -177.250119 
-0.100000 -175.350834 
0.000000 -175.350834 
0.100000 -160.156557 
0.200000 -148.760849 
0.300000 -120.271579 
0.400000 -76.588032 
0.500000 -38.602339 
0.600000 -21.508777 
0.700000 12.678347 
0.800000 16.476917 
0.900000 -0.616645 
1.000000 37.369048 
1.100000 44.966187 
1.200000 50.664041 
1.300000 62.059749 
1.400000 73.455457 
1.500000 73.455457 
1.600000 82.951880 
1.700000 92.448303 
1.800000 105.743296 
1.900000 107.642581 
2.000000 126.635427 
2.100000 122.836858 
2.200000 139.930420 
2.300000 160.822551 
2.400000 160.822551 
2.500000 172.218259 
2.400000 187.412536 
2.300000 200.707529 
2.200000 202.606814 
2.100000 196.908960 
2.000000 204.506098 
1.900000 204.506098 
1.800000 196.908960 
1.700000 221.599660 
1.600000 206.405383 
1.500000 208.304668 
1.400000 212.103237 
1.300000 214.002522 
1.200000 214.002522 
1.100000 217.801091 
1.000000 198.808244 
0.900000 193.110390 
0.800000 200.707529 
0.700000 195.009675 
0.600000 191.211106 
0.500000 191.211106 
0.400000 185.513252 
0.300000 176.016828 
0.200000 176.016828 
0.100000 166.520405 
-0.000000 155.124697 
-0.100000 149.426843 
-0.200000 145.628274 
-0.300000 136.131851 
-0.400000 120.937573 
-0.500000 111.441150 
-0.600000 94.347588 
-0.700000 43.066902 
-0.800000 -13.911638 
-0.900000 -21.508777 
-1.000000 -31.005200 
-1.100000 -40.501623 
-1.200000 -53.796616 
-1.300000 -63.293039 
-1.400000 -74.688747 
-1.500000 -89.883024 
-1.600000 -93.681594 
-1.700000 -105.077302 
-1.800000 -106.976586 
-1.900000 -118.372294 
-2.000000 -124.070148 
-2.100000 -133.566572 
-2.200000 -143.062995 
-2.300000 -150.660134 
-2.400000 -169.652980 
-2.500000 -173.451550 
-2.400000 -184.847258 
-2.300000 -200.041535 
-2.200000 -207.638674 
-2.100000 -211.437243 
-2.000000 -207.638674 
-1.900000 -207.638674 
-1.800000 -209.537958 
-1.700000 -203.840104 
-1.600000 -207.638674 
-1.500000 -211.437243 
-1.400000 -203.840104 
-1.300000 -205.739389 
-1.200000 -203.840104 
-1.100000 -205.739389 
-1.000000 -200.041535 
-0.900000 -203.840104 
-0.800000 -200.041535 
-0.700000 -198.142250 
-0.600000 -190.545112 
-0.500000 -188.645827 
-0.400000 -190.545112 
-0.300000 -192.444396 
-0.200000 -188.645827 
-0.100000 -182.947973 
0.000000 -177.250119 
0.100000 -169.652980 
0.200000 -162.055842 
0.300000 -127.868718 
0.400000 -84.185170 
0.500000 -49.998047 
0.600000 -23.408061 
0.700000 1.282639 
0.800000 18.376201 
0.900000 29.771909 
1.000000 52.563325 
1.100000 54.462610 
1.200000 58.261179 
1.300000 63.959033 
1.400000 75.354741 
1.500000 75.354741 
1.600000 79.153311 
1.700000 98.146157 
1.800000 92.448303 
1.900000 107.642581 
2.000000 132.333281 
2.100000 122.836858 
2.200000 149.426843 
2.300000 158.923266 
2.400000 164.621120 
2.500000 170.318974 
2.400000 185.513252 
2.300000 202.606814 
2.200000 200.707529 
2.100000 204.506098 
2.000000 200.707529 
1.900000 202.606814 
1.800000 214.002522 
1.700000 217.801091 
1.600000 210.203952 
1.500000 214.002522 
1.400000 206.405383 
1.300000 219.700376 
1.200000 208.304668 
1.100000 206.405383 
1.000000 204.506098 
0.900000 198.808244 
0.800000 193.110390 
0.700000 195.009675 
0.600000 187.412536 
0.500000 181.714682 
0.400000 174.117544 
0.300000 176.016828 
0.200000 170.318974 
0.100000 160.822551 
-0.000000 153.225412 
-0.100000 149.426843 
-0.200000 138.031135 
-0.300000 132.333281 
-0.400000 122.836858 
-0.500000 101.944727 
-0.600000 54.462610 
-0.700000 -15.810923 
-0.800000 -17.710207 
-0.900000 -21.508777 
-1.000000 -34.803769 
-1.100000 -49.998047 
-1.200000 -67.091609 
-1.300000 -72.789462 
-1.400000 -72.789462 
-1.500000 -82.285886 
-1.600000 -91.782309 
-1.700000 -93.681594 
-1.800000 -101.278732 
-1.900000 -108.875871 
-2.000000 -129.768002 
-2.100000 -135.465856 
-2.200000 -144.962280 
-2.300000 -156.357988 
-2.400000 -175.350834 
-2.500000 -175.350834 
-2.400000 -186.746542 
-2.300000 -192.444396 
-2.200000 -203.840104 
-2.100000 -198.142250 
-2.000000 -200.041535 
-1.900000 -213.336528 
-1.800000 -211.437243 
-1.700000 -213.336528 
-1.600000 -205.739389 
-1.500000 -203.840104 
-1.400000 -205.739389 
-1.300000 -209.537958 
-1.200000 -205.739389 
-1.100000 -198.142250 
-1.000000 -200.041535 
-0.900000 -198.142250 
-0.800000 -194.343681 
-0.700000 -188.645827 
-0.600000 -188.645827 
-0.500000 -190.545112 
-0.400000 -190.545112 
-0.300000 -182.947973 
-0.200000 -182.947973 
-0.100000 -184.847258 
0.000000 -188.645827 
0.100000 -163.955126 
0.200000 -137.365141 
0.300000 -101.278732 
0.400000 -57.595185 
0.500000 -32.904485 
0.600000 -0.616645 
0.700000 8.879778 
0.800000 20.275486 
0.900000 31.671194 
1.000000 41.167617 
1.100000 44.966187 
1.200000 60.160464 
1.300000 69.656887 
1.400000 69.656887 
1.500000 81.052595 
1.600000 77.254026 
1.700000 98.146157 
1.800000 94.347588 
1.900000 107.642581 
2.000000 120.937573 
2.100000 139.930420 
2.200000 149.426843 
2.300000 145.628274 
2.400000 176.016828 
2.500000 170.318974 
2.400000 179.815398 
2.300000 198.808244 
2.200000 191.211106 
2.100000 191.211106 
2.000000 204.506098 
1.900000 214.002522 
1.800000 200.707529 
1.700000 196.908960 
1.600000 212.103237 
1.500000 210.203952 
1.400000 208.304668 
1.300000 221.599660 
1.200000 214.002522 
1.100000 200.707529 
1.000000 204.506098 
0.900000 196.908960 
0.800000 183.613967 
0.700000 185.513252 
0.600000 183.613967 
0.500000 174.117544 
0.400000 174.117544 
0.300000 179.815398 
0.200000 166.520405 
0.100000 155.124697 
-0.000000 157.023982 
-0.100000 145.628274 
-0.200000 139.930420 
-0.300000 122.836858 
-0.400000 109.541865 
-0.500000 101.944727 
-0.600000 90.549019 
-0.700000 43.066902 
-0.800000 -6.314499 
-0.900000 -13.911638 
-1.000000 -32.904485 
-1.100000 -44.300193 
-1.200000 -57.595185 
-1.300000 -67.091609 
-1.400000 -80.386601 
-1.500000 -78.487316 
-1.600000 -87.983740 
-1.700000 -99.379448 
-1.800000 -97.480163 
-1.900000 -120.271579 
-2.000000 -129.768002 
-2.100000 -135.465856 
-2.200000 -146.861564 
-2.300000 -150.660134 
-2.400000 -165.854411 
-2.500000 -165.854411 
-2.400000 -179.149404 
-2.300000 -190.545112 
-2.200000 -200.041535 
-2.100000 -205.739389 
-2.000000 -203.840104 
-1.900000 -203.840104 
-1.800000 -209.537958 
-1.700000 -207.638674 
-1.600000 -207.638674 
-1.500000 -215.235812 
-1.400000 -207.638674 
-1.300000 -198.142250 
-1.200000 -201.940820 
-1.100000 -196.242966 
-1.000000 -200.041535 
-0.900000 -207.638674 
-0.800000 -196.242966 
-0.700000 -190.545112 
-0.600000 -182.947973 
-0.500000 -186.746542 
-0.400000 -186.746542 
-0.300000 -190.545112 
-0.200000 -179.149404 
-0.100000 -181.048688 
0.000000 -173.451550 
0.100000 -152.559418 
0.200000 -112.674440 
0.300000 -86.084455 
0.400000 -51.897331 
0.500000 -36.703054 
0.600000 -0.616645 
0.700000 16.476917 
0.800000 25.973340 
0.900000 39.268333 
1.000000 44.966187 
1.100000 58.261179 
1.200000 56.361895 
1.300000 65.858318 
1.400000 63.959033 
1.500000 79.153311 
1.600000 79.153311 
1.700000 92.448303 
1.800000 109.541865 
1.900000 119.038289 
2.000000 126.635427 
2.100000 136.131851 
2.200000 153.225412 
2.300000 164.621120 
2.400000 160.822551 
2.500000 177.916113 
2.400000 183.613967 
2.300000 187.412536 
2.200000 195.009675 
2.100000 196.908960 
2.000000 214.002522 
1.900000 198.808244 
1.800000 195.009675 
1.700000 214.002522 
1.600000 208.304668 
1.500000 210.203952 
1.400000 223.498945 
1.300000 212.103237 
1.200000 214.002522 
1.100000 210.203952 
1.000000 202.606814 
0.900000 196.908960 
0.800000 198.808244 
0.700000 191.211106 
0.600000 181.714682 
0.500000 174.117544 
0.400000 177.916113 
0.300000 164.621120 
0.200000 168.419690 
0.100000 155.124697 
-0.000000 153.225412 
-0.100000 149.426843 
-0.200000 138.031135 
-0.300000 126.635427 
-0.400000 111.441150 
-0.500000 101.944727 
-0.600000 92.448303 
-0.700000 43.066902 
-0.800000 -8.213784 
-0.900000 -13.911638 
-1.000000 -29.105915 
-1.100000 -48.098762 
-1.200000 -57.595185 
-1.300000 -68.990893 
-1.400000 -82.285886 
-1.500000 -89.883024 
-1.600000 -89.883024 
-1.700000 -97.480163 
-1.800000 -105.077302 
-1.900000 -150.660134 
-2.000000 -120.271579 
-2.100000 -133.566572 
-2.200000 -146.861564 
-2.300000 -150.660134 
-2.400000 -160.156557 
-2.500000 -175.350834 
-2.400000 -181.048688 
-2.300000 -196.242966 
-2.200000 -209.537958 
-2.100000 -211.437243 
-2.000000 -217.135097 
-1.900000 -215.235812 
-1.800000 -213.336528 
-1.700000 -209.537958 
-1.600000 -211.437243 
-1.500000 -205.739389 
-1.400000 -203.840104 
-1.300000 -213.336528 
-1.200000 -209.537958 
-1.100000 -194.343681 
-1.000000 -203.840104 
-0.900000 -203.840104 
-0.800000 -188.645827 
-0.700000 -190.545112 
-0.600000 -188.645827 
-0.500000 -190.545112 
-0.400000 -181.048688 
-0.300000 -179.149404 
-0.200000 -179.149404 
-0.100000 -167.753696 
0.000000 -162.055842 
0.100000 -156.357988 
0.200000 -150.660134 
0.300000 -133.566572 
0.400000 -86.084455 
0.500000 -48.098762 
0.600000 -21.508777 
0.700000 -0.616645 
0.800000 16.476917 
0.900000 35.469763 
1.000000 35.469763 
1.100000 52.563325 
1.200000 69.656887 
1.300000 60.160464 
1.400000 73.455457 
1.500000 77.254026 
1.600000 82.951880 
1.700000 100.045442 
1.800000 96.246873 
1.900000 107.642581 
2.000000 113.340435 
2.100000 124.736143 
2.200000 143.728989 
2.300000 158.923266 
2.400000 160.822551 
2.500000 168.419690 
2.400000 181.714682 
2.300000 193.110390 
2.200000 191.211106 
2.100000 198.808244 
2.000000 214.002522 
1.900000 198.808244 
1.800000 210.203952 
1.700000 215.901806 
1.600000 198.808244 
1.500000 210.203952 
1.400000 221.599660 
1.300000 214.002522 
1.200000 212.103237 
1.100000 215.901806 
1.000000 200.707529 
0.900000 191.211106 
0.800000 193.110390 
0.700000 187.412536 
0.600000 189.311821 
0.500000 187.412536 
0.400000 177.916113 
0.300000 168.419690 
0.200000 166.520405 
0.100000 158.923266 
-0.000000 155.124697 
-0.100000 145.628274 
-0.200000 136.131851 
-0.300000 130.433997 
-0.400000 111.441150 
-0.500000 107.642581 
-0.600000 86.750449 
-0.700000 29.771909 
-0.800000 1.282639 
-0.900000 -23.408061 
-1.000000 -29.105915 
-1.100000 -40.501623 
-1.200000 -59.494470 
-1.300000 -68.990893 
-1.400000 -80.386601 
-1.500000 -86.084455 
-1.600000 -89.883024 
-1.700000 -97.480163 
-1.800000 -105.077302 
-1.900000 -110.775156 
-2.000000 -122.170864 
-2.100000 -129.768002 
-2.200000 -139.264426 
-2.300000 -150.660134 
-2.400000 -173.451550 
-2.500000 -181.048688 
-2.400000 -192.444396 
-2.300000 -198.142250 
-2.200000 -209.537958 
-2.100000 -211.437243 
-2.000000 -217.135097 
-1.900000 -213.336528 
-1.800000 -219.034382 
-1.700000 -213.336528 
-1.600000 -217.135097 
-1.500000 -213.336528 
-1.400000 -209.537958 
-1.300000 -207.638674 
-1.200000 -200.041535 
-1.100000 -201.940820 
-1.000000 -205.739389 
-0.900000 -200.041535 
-0.800000 -203.840104 
-0.700000 -194.343681 
-0.600000 -188.645827 
-0.500000 -186.746542 
-0.400000 -186.746542 
-0.300000 -182.947973 
-0.200000 -173.451550 
-0.100000 -177.250119 
0.000000 -169.652980 
0.100000 -165.854411 
0.200000 -154.458703 
0.300000 -120.271579 
0.400000 -80.386601 
0.500000 -46.199477 
0.600000 -21.508777 
0.700000 8.879778 
0.800000 18.376201 
0.900000 31.671194 
1.000000 43.066902 
1.100000 24.074055 
1.200000 52.563325 
1.300000 69.656887 
1.400000 73.455457 
1.500000 75.354741 
1.600000 92.448303 
1.700000 90.549019 
1.800000 100.045442 
1.900000 109.541865 
2.000000 109.541865 
2.100000 136.131851 
2.200000 151.326128 
2.300000 155.124697 
2.400000 168.419690 
2.500000 168.419690 
2.400000 183.613967 
2.300000 189.311821 
2.200000 193.110390 
2.100000 208.304668 
2.000000 202.606814 
1.900000 200.707529 
1.800000 214.002522 
1.700000 215.901806 
1.600000 208.304668 
1.500000 217.801091 
1.400000 215.901806 
1.300000 206.405383 
1.200000 214.002522 
1.100000 210.203952 
1.000000 200.707529 
0.900000 198.808244 
0.800000 198.808244 
0.700000 189.311821 
0.600000 187.412536 
0.500000 187.412536 
0.400000 176.016828 
0.300000 172.218259 
0.200000 166.520405 
0.100000 160.822551 
-0.000000 153.225412 
-0.100000 147.527558 
-0.200000 139.930420 
-0.300000 122.836858 
-0.400000 117.139004 
-0.500000 111.441150 
-0.600000 88.649734 
-0.700000 52.563325 
-0.800000 12.678347 
-0.900000 -19.609492 
-1.000000 -27.206631 
-1.100000 -34.803769 
-1.200000 -57.595185 
-1.300000 -67.091609 
-1.400000 -68.990893 
-1.500000 -122.170864 
-1.600000 -89.883024 
-1.700000 -97.480163 
-1.800000 -101.278732 
-1.900000 -112.674440 
-2.000000 -120.271579 
-2.100000 -137.365141 
-2.200000 -141.163710 
-2.300000 -152.559418 
-2.400000 -163.955126 
-2.500000 -175.350834 
-2.400000 -184.847258 
-2.300000 -194.343681 
-2.200000 -201.940820 
-2.100000 -203.840104 
-2.000000 -211.437243 
-1.900000 -211.437243 
-1.800000 -209.537958 
-1.700000 -211.437243 
-1.600000 -211.437243 
-1.500000 -215.235812 
-1.400000 -213.336528 
-1.300000 -209.537958 
-1.200000 -207.638674 
-1.100000 -209.537958 
-1.000000 -207.638674 
-0.900000 -196.242966 
-0.800000 -194.343681 
-0.700000 -190.545112 
-0.600000 -198.142250 
-0.500000 -194.343681 
-0.400000 -186.746542 
-0.300000 -182.947973 
-0.200000 -184.847258 
-0.100000 -182.947973 
0.000000 -171.552265 
0.100000 -163.955126 
0.200000 -152.559418 
0.300000 -124.070148 
0.400000 -82.285886 
0.500000 -44.300193 
0.600000 -19.609492 
0.700000 -0.616645 
0.800000 16.476917 
0.900000 31.671194 
1.000000 39.268333 
1.100000 62.059749 
1.200000 58.261179 
1.300000 73.455457 
1.400000 86.750449 
1.500000 82.951880 
1.600000 84.851165 
1.700000 100.045442 
1.800000 109.541865 
1.900000 119.038289 
2.000000 120.937573 
2.100000 143.728989 
2.200000 149.426843 
2.300000 160.822551 
2.400000 158.923266 
2.500000 177.916113 
2.400000 183.613967 
2.300000 185.513252 
2.200000 195.009675 
2.100000 210.203952 
2.000000 198.808244 
1.900000 200.707529 
1.800000 214.002522 
1.700000 204.506098 
1.600000 204.506098 
1.500000 217.801091 
1.400000 212.103237 
1.300000 214.002522 
1.200000 215.901806 
1.100000 206.405383 
1.000000 198.808244 
0.900000 195.009675 
0.800000 185.513252 
0.700000 191.211106 
0.600000 189.311821 
0.500000 181.714682 
0.400000 179.815398 
0.300000 170.318974 
0.200000 164.621120 
0.100000 160.822551 
-0.000000 149.426843 
-0.100000 153.225412 
-0.200000 139.930420 
-0.300000 122.836858 
-0.400000 119.038289 
-0.500000 107.642581 
-0.600000 94.347588 
-0.700000 48.764756 
-0.800000 -2.515930 
-0.900000 -21.508777 
-1.000000 -31.005200 
-1.100000 -42.400908 
-1.200000 -53.796616 
-1.300000 -76.588032 
-1.400000 -82.285886 
-1.500000 -84.185170 
-1.600000 -87.983740 
-1.700000 -99.379448 
-1.800000 -106.976586 
-1.900000 -120.271579 
-2.000000 -116.473010 
-2.100000 -129.768002 
-2.200000 -139.264426 
-2.300000 -154.458703 
-2.400000 -162.055842 
-2.500000 -179.149404 
-2.400000 -188.645827 
-2.300000 -203.840104 
-2.200000 -203.840104 
-2.100000 -203.840104 
-2.000000 -219.034382 
-1.900000 -215.235812 
-1.800000 -213.336528 
-1.700000 -209.537958 
-1.600000 -209.537958 
-1.500000 -207.638674 
-1.400000 -203.840104 
-1.300000 -207.638674 
-1.200000 -209.537958 
-1.100000 -207.638674 
-1.000000 -211.437243 
-0.900000 -201.940820 
-0.800000 -190.545112 
-0.700000 -198.142250 
-0.600000 -194.343681 
-0.500000 -188.645827 
-0.400000 -186.746542 
-0.300000 -181.048688 
-0.200000 -177.250119 
-0.100000 -177.250119 
0.000000 -167.753696 
0.100000 -160.156557 
0.200000 -150.660134 
0.300000 -122.170864 
0.400000 -76.588032 
0.500000 -51.897331 
0.600000 -29.105915 
0.700000 16.476917 
0.800000 16.476917 
0.900000 24.074055 
1.000000 58.261179 
1.100000 58.261179 
1.200000 56.361895 
1.300000 79.153311 
1.400000 75.354741 
1.500000 84.851165 
1.600000 90.549019 
1.700000 92.448303 
1.800000 103.844011 
1.900000 100.045442 
2.000000 124.736143 
2.100000 132.333281 
2.200000 138.031135 
2.300000 153.225412 
2.400000 160.822551 
2.500000 176.016828 
2.400000 187.412536 
2.300000 183.613967 
2.200000 204.506098 
2.100000 202.606814 
2.000000 198.808244 
1.900000 206.405383 
1.800000 202.606814 
1.700000 210.203952 
1.600000 214.002522 
1.500000 214.002522 
1.400000 204.506098 
1.300000 177.916113 
1.200000 206.405383 
1.100000 198.808244 
1.000000 191.211106 
0.900000 198.808244 
0.800000 191.211106 
0.700000 195.009675 
0.600000 185.513252 
0.500000 181.714682 
0.400000 179.815398 
0.300000 166.520405 
0.200000 164.621120 
0.100000 157.023982 
-0.000000 153.225412 
-0.100000 143.728989 
-0.200000 143.728989 
-0.300000 126.635427 
-0.400000 113.340435 
-0.500000 107.642581 
-0.600000 92.448303 
-0.700000 52.563325 
-0.800000 -6.314499 
-0.900000 -13.911638 
-1.000000 -21.508777 
-1.100000 -32.904485 
-1.200000 -57.595185 
-1.300000 -72.789462 
-1.400000 -82.285886 
-1.500000 -82.285886 
-1.600000 -89.883024 
-1.700000 -101.278732 
-1.800000 -105.077302 
-1.900000 -112.674440 
-2.000000 -125.969433 
-2.100000 -129.768002 
-2.200000 -133.566572 
-2.300000 -152.559418 
-2.400000 -173.451550 
-2.500000 -179.149404 
-2.400000 -192.444396 
-2.300000 -190.545112 
-2.200000 -203.840104 
-2.100000 -215.235812 
-2.000000 -211.437243 
-1.900000 -211.437243 
-1.800000 -211.437243 
-1.700000 -211.437243 
-1.600000 -217.135097 
-1.500000 -205.739389 
-1.400000 -213.336528 
-1.300000 -211.437243 
-1.200000 -209.537958 
-1.100000 -211.437243 
-1.000000 -205.739389 
-0.900000 -203.840104 
-0.800000 -203.840104 
-0.700000 -198.142250 
-0.600000 -196.242966 
-0.500000 -192.444396 
-0.400000 -190.545112 
-0.300000 -184.847258 
-0.200000 -182.947973 
-0.100000 -184.847258 
0.000000 -179.149404 
0.100000 -167.753696 
0.200000 -163.955126 
0.300000 -114.573725 
0.400000 -67.091609 
0.500000 -36.703054 
0.600000 -13.911638 
0.700000 8.879778 
0.800000 22.174771 
0.900000 33.570479 
1.000000 46.865471 
1.100000 56.361895 
1.200000 62.059749 
1.300000 75.354741 
1.400000 88.649734 
1.500000 90.549019 
1.600000 84.851165 
1.700000 92.448303 
1.800000 92.448303 
1.900000 103.844011 
2.000000 122.836858 
2.100000 128.534712 
2.200000 143.728989 
2.300000 145.628274 
2.400000 176.016828 
2.500000 179.815398 
2.400000 176.016828 
2.300000 183.613967 
2.200000 208.304668 
2.100000 204.506098 
2.000000 204.506098 
1.900000 202.606814 
1.800000 208.304668 
1.700000 202.606814 
1.600000 215.901806 
1.500000 204.506098 
1.400000 204.506098 
1.300000 219.700376 
1.200000 219.700376 
1.100000 200.707529 
1.000000 212.103237 
0.900000 195.009675 
0.800000 200.707529 
0.700000 193.110390 
0.600000 181.714682 
0.500000 179.815398 
0.400000 179.815398 
0.300000 164.621120 
0.200000 164.621120 
0.100000 158.923266 
-0.000000 158.923266 
-0.100000 147.527558 
-0.200000 143.728989 
-0.300000 130.433997 
-0.400000 124.736143 
-0.500000 113.340435 
-0.600000 88.649734 
-0.700000 52.563325 
-0.800000 3.181924 
-0.900000 -23.408061 
-1.000000 -23.408061 
-1.100000 -32.904485 
-1.200000 -61.393755 
-1.300000 -72.789462 
-1.400000 -74.688747 
-1.500000 -86.084455 
-1.600000 -89.883024 
-1.700000 -99.379448 
-1.800000 -105.077302 
-1.900000 -112.674440 
-2.000000 -129.768002 
-2.100000 -122.170864 
-2.200000 -144.962280 
-2.300000 -158.257272 
-2.400000 -163.955126 
-2.500000 -171.552265 
-2.400000 -184.847258 
-2.300000 -192.444396 
-2.200000 -201.940820 
-2.100000 -215.235812 
-2.000000 -215.235812 
-1.900000 -209.537958 
-1.800000 -205.739389 
-1.700000 -213.336528 
-1.600000 -211.437243 
-1.500000 -207.638674 
-1.400000 -209.537958 
-1.300000 -209.537958 
-1.200000 -207.638674 
-1.100000 -205.739389 
-1.000000 -203.840104 
-0.900000 -198.142250 
-0.800000 -198.142250 
-0.700000 -196.242966 
-0.600000 -194.343681 
-0.500000 -182.947973 
-0.400000 -188.645827 
-0.300000 -184.847258 
-0.200000 -173.451550 
-0.100000 -184.847258 
0.000000 -179.149404 
0.100000 -169.652980 
0.200000 -160.156557 
0.300000 -135.465856 
0.400000 -72.789462 
0.500000 -49.998047 
0.600000 -12.012353 
0.700000 5.081209 
0.800000 27.872625 
0.900000 27.872625 
1.000000 44.966187 
1.100000 62.059749 
1.200000 58.261179 
1.300000 73.455457 
1.400000 77.254026 
1.500000 75.354741 
1.600000 98.146157 
1.700000 90.549019 
1.800000 100.045442 
1.900000 105.743296 
2.000000 117.139004 
2.100000 130.433997 
2.200000 145.628274 
2.300000 143.728989 
2.400000 166.520405 
2.500000 172.218259 
2.400000 176.016828 
2.300000 187.412536 
2.200000 210.203952 
2.100000 196.908960 
2.000000 196.908960 
1.900000 206.405383 
1.800000 204.506098 
1.700000 202.606814 
1.600000 214.002522 
1.500000 206.405383 
1.400000 210.203952 
1.300000 217.801091 
1.200000 215.901806 
1.100000 206.405383 
1.000000 214.002522 
0.900000 202.606814 
0.800000 200.707529 
0.700000 191.211106 
0.600000 187.412536 
0.500000 179.815398 
0.400000 176.016828 
0.300000 170.318974 
0.200000 164.621120 
0.100000 147.527558 
-0.000000 147.527558 
-0.100000 145.628274 
-0.200000 134.232566 
-0.300000 126.635427 
-0.400000 111.441150 
-0.500000 101.944727 
-0.600000 92.448303 
-0.700000 46.865471 
-0.800000 -0.616645 
-0.900000 -21.508777 
-1.000000 -29.105915 
-1.100000 -44.300193 
-1.200000 -63.293039 
-1.300000 -67.091609 
-1.400000 -84.185170 
-1.500000 -87.983740 
-1.600000 -87.983740 
-1.700000 -101.278732 
-1.800000 -105.077302 
-1.900000 -106.976586 
-2.000000 -127.868718 
-2.100000 -135.465856 
-2.200000 -135.465856 
-2.300000 -152.559418 
-2.400000 -165.854411 
-2.500000 -181.048688 
-2.400000 -184.847258 
-2.300000 -192.444396 
-2.200000 -201.940820 
-2.100000 -201.940820 
-2.000000 -211.437243 
-1.900000 -209.537958 
-1.800000 -209.537958 
-1.700000 -211.437243 
-1.600000 -215.235812 
-1.500000 -207.638674 
-1.400000 -211.437243 
-1.300000 -207.638674 
-1.200000 -207.638674 
-1.100000 -201.940820 
-1.000000 -203.840104 
-0.900000 -196.242966 
-0.800000 -194.343681 
-0.700000 -198.142250 
-0.600000 -192.444396 
-0.500000 -186.746542 
-0.400000 -188.645827 
-0.300000 -182.947973 
-0.200000 -181.048688 
-0.100000 -181.048688 
0.000000 -173.451550 
0.100000 -154.458703 
0.200000 -148.760849 
0.300000 -120.271579 
0.400000 -86.084455 
0.500000 -53.796616 
0.600000 -21.508777 
0.700000 -0.616645 
0.800000 18.376201 
0.900000 25.973340 
1.000000 50.664041 
1.100000 58.261179 
1.200000 62.059749 
1.300000 84.851165 
1.400000 75.354741 
1.500000 82.951880 
1.600000 88.649734 
1.700000 86.750449 
1.800000 100.045442 
1.900000 115.239719 
2.000000 130.433997 
2.100000 128.534712 
2.200000 143.728989 
2.300000 143.728989 
2.400000 168.419690 
2.500000 168.419690 
2.400000 176.016828 
2.300000 198.808244 
2.200000 204.506098 
2.100000 191.211106 
2.000000 196.908960 
1.900000 206.405383 
1.800000 206.405383 
1.700000 208.304668 
1.600000 215.901806 
1.500000 206.405383 
1.400000 215.901806 
1.300000 210.203952 
1.200000 202.606814 
1.100000 198.808244 
1.000000 210.203952 
0.900000 198.808244 
0.800000 191.211106 
0.700000 191.211106 
0.600000 191.211106 
0.500000 183.613967 
0.400000 170.318974 
0.300000 164.621120 
0.200000 157.023982 
0.100000 164.621120 
-0.000000 160.822551 
-0.100000 155.124697 
-0.200000 143.728989 
-0.300000 134.232566 
-0.400000 120.937573 
-0.500000 107.642581 
-0.600000 98.146157 
-0.700000 46.865471 
-0.800000 -6.314499 
-0.900000 -17.710207 
-1.000000 -23.408061 
-1.100000 -48.098762 
-1.200000 -53.796616 
-1.300000 -70.890178 
-1.400000 -89.883024 
-1.500000 -84.185170 
-1.600000 -84.185170 
-1.700000 -106.976586 
-1.800000 -105.077302 
-1.900000 -110.775156 
-2.000000 -122.170864 
-2.100000 -135.465856 
-2.200000 -141.163710 
-2.300000 -150.660134 
-2.400000 -163.955126 
-2.500000 -181.048688 
-2.400000 -188.645827 
-2.300000 -196.242966 
-2.200000 -209.537958 
-2.100000 -217.135097 
-2.000000 -213.336528 
-1.900000 -219.034382 
-1.800000 -215.235812 
-1.700000 -213.336528 
-1.600000 -213.336528 
-1.500000 -211.437243 
-1.400000 -211.437243 
-1.300000 -211.437243 
-1.200000 -209.537958 
-1.100000 -209.537958 
-1.000000 -203.840104 
-0.900000 -203.840104 
-0.800000 -205.739389 
-0.700000 -196.242966 
-0.600000 -198.142250 
-0.500000 -194.343681 
-0.400000 -188.645827 
-0.300000 -184.847258 
-0.200000 -188.645827 
-0.100000 -181.048688 
0.000000 -167.753696 
0.100000 -160.156557 
0.200000 -131.667287 
0.300000 -91.782309 
0.400000 -61.393755 
0.500000 -31.005200 
0.600000 -12.012353 
0.700000 1.282639 
0.800000 31.671194 
0.900000 37.369048 
1.000000 43.066902 
1.100000 60.160464 
1.200000 65.858318 
1.300000 65.858318 
1.400000 79.153311 
1.500000 75.354741 
1.600000 84.851165 
1.700000 86.750449 
1.800000 107.642581 
1.900000 113.340435 
2.000000 130.433997 
2.100000 138.031135 
2.200000 141.829705 
2.300000 160.822551 
2.400000 164.621120 
2.500000 172.218259 
2.400000 181.714682 
2.300000 204.506098 
2.200000 187.412536 
2.100000 196.908960 
2.000000 208.304668 
1.900000 198.808244 
1.800000 204.506098 
1.700000 214.002522 
1.600000 214.002522 
1.500000 223.498945 
1.400000 227.297514 
1.300000 214.002522 
1.200000 214.002522 
1.100000 214.002522 
1.000000 219.700376 
0.900000 204.506098 
0.800000 204.506098 
0.700000 195.009675 
0.600000 166.520405 
0.500000 183.613967 
0.400000 172.218259 
0.300000 143.728989 
0.200000 160.822551 
0.100000 160.822551 
-0.000000 153.225412 
-0.100000 155.124697 
-0.200000 139.930420 
-0.300000 134.232566 
-0.400000 124.736143 
-0.500000 113.340435 
-0.600000 92.448303 
-0.700000 52.563325 
-0.800000 -13.911638 
-0.900000 -21.508777 
-1.000000 -31.005200 
-1.100000 -36.703054 
-1.200000 -61.393755 
-1.300000 -72.789462 
-1.400000 -70.890178 
-1.500000 -84.185170 
-1.600000 -86.084455 
-1.700000 -87.983740 
-1.800000 -101.278732 
-1.900000 -114.573725 
-2.000000 -122.170864 
-2.100000 -133.566572 
-2.200000 -139.264426 
-2.300000 -154.458703 
-2.400000 -167.753696 
-2.500000 -175.350834 
-2.400000 -196.242966 
-2.300000 -200.041535 
-2.200000 -200.041535 
-2.100000 -211.437243 
-2.000000 -220.933666 
-1.900000 -219.034382 
-1.800000 -213.336528 
-1.700000 -213.336528 
-1.600000 -211.437243 
-1.500000 -213.336528 
-1.400000 -211.437243 
-1.300000 -215.235812 
-1.200000 -211.437243 
-1.100000 -211.437243 
-1.000000 -222.832951 
-0.900000 -207.638674 
-0.800000 -198.142250 
-0.700000 -205.739389 
-0.600000 -203.840104 
-0.500000 -190.545112 
-0.400000 -192.444396 
-0.300000 -194.343681 
-0.200000 -184.847258 
-0.100000 -181.048688 
0.000000 -150.660134 
0.100000 -124.070148 
0.200000 -112.674440 
0.300000 -76.588032 
0.400000 -29.105915 
0.500000 -21.508777 
0.600000 3.181924 
0.700000 3.181924 
0.800000 37.369048 
0.900000 35.469763 
1.000000 44.966187 
1.100000 52.563325 
1.200000 60.160464 
1.300000 67.757603 
1.400000 75.354741 
1.500000 75.354741 
1.600000 92.448303 
1.700000 92.448303 
1.800000 101.944727 
1.900000 105.743296 
2.000000 122.836858 
2.100000 134.232566 
2.200000 153.225412 
2.300000 145.628274 
2.400000 166.520405 
2.500000 181.714682 
2.400000 179.815398 
2.300000 191.211106 
2.200000 195.009675 
2.100000 200.707529 
2.000000 196.908960 
1.900000 210.203952 
1.800000 217.801091 
1.700000 206.405383 
1.600000 215.901806 
1.500000 217.801091 
1.400000 200.707529 
1.300000 221.599660 
1.200000 210.203952 
1.100000 200.707529 
1.000000 198.808244 
0.900000 200.707529 
0.800000 193.110390 
0.700000 181.714682 
0.600000 177.916113 
0.500000 176.016828 
0.400000 166.520405 
0.300000 172.218259 
0.200000 174.117544 
0.100000 155.124697 
-0.000000 153.225412 
-0.100000 139.930420 
-0.200000 138.031135 
-0.300000 120.937573 
-0.400000 113.340435 
-0.500000 79.153311 
-0.600000 88.649734 
-0.700000 52.563325 
-0.800000 10.779063 
-0.900000 -29.105915 
-1.000000 -29.105915 
-1.100000 -44.300193 
-1.200000 -55.695901 
-1.300000 -76.588032 
-1.400000 -80.386601 
-1.500000 -82.285886 
-1.600000 -78.487316 
-1.700000 -95.580878 
-1.800000 -101.278732 
-1.900000 -110.775156 
-2.000000 -124.070148 
-2.100000 -131.667287 
-2.200000 -135.465856 
-2.300000 -143.062995 
-2.400000 -169.652980 
-2.500000 -181.048688 
-2.400000 -179.149404 
-2.300000 -200.041535 
-2.200000 -215.235812 
-2.100000 -211.437243 
-2.000000 -213.336528 
-1.900000 -215.235812 
-1.800000 -215.235812 
-1.700000 -211.437243 
-1.600000 -219.034382 
-1.500000 -211.437243 
-1.400000 -203.840104 
-1.300000 -211.437243 
-1.200000 -213.336528 
-1.100000 -205.739389 
-1.000000 -200.041535 
-0.900000 -201.940820 
-0.800000 -196.242966 
-0.700000 -190.545112 
-0.600000 -196.242966 
-0.500000 -194.343681 
-0.400000 -190.545112 
-0.300000 -184.847258 
-0.200000 -177.250119 
-0.100000 -160.156557 
0.000000 -143.062995 
0.100000 -129.768002 
0.200000 -122.170864 
0.300000 -99.379448 
0.400000 -55.695901 
0.500000 -25.307346 
0.600000 -6.314499 
0.700000 14.577632 
0.800000 27.872625 
0.900000 27.872625 
1.000000 48.764756 
1.100000 48.764756 
1.200000 56.361895 
1.300000 63.959033 
1.400000 75.354741 
1.500000 81.052595 
1.600000 82.951880 
1.700000 92.448303 
1.800000 120.937573 
1.900000 101.944727 
2.000000 124.736143 
2.100000 130.433997 
2.200000 141.829705 
2.300000 158.923266 
2.400000 168.419690 
2.500000 170.318974 
2.400000 149.426843 
2.300000 191.211106 
2.200000 193.110390 
2.100000 172.218259 
2.000000 202.606814 
1.900000 214.002522 
1.800000 206.405383 
1.700000 219.700376 
1.600000 214.002522 
1.500000 210.203952 
1.400000 214.002522 
1.300000 214.002522 
1.200000 204.506098 
1.100000 204.506098 
1.000000 202.606814 
0.900000 196.908960 
0.800000 196.908960 
0.700000 187.412536 
0.600000 181.714682 
0.500000 181.714682 
0.400000 176.016828 
0.300000 168.419690 
0.200000 164.621120 
0.100000 155.124697 
-0.000000 149.426843 
-0.100000 139.930420 
-0.200000 130.433997 
-0.300000 132.333281 
-0.400000 120.937573 
-0.500000 98.146157 
-0.600000 88.649734 
-0.700000 52.563325 
-0.800000 12.678347 
-0.900000 -23.408061 
-1.000000 -78.487316 
-1.100000 -44.300193 
-1.200000 -53.796616 
-1.300000 -70.890178 
-1.400000 -82.285886 
-1.500000 -82.285886 
-1.600000 -89.883024 
-1.700000 -97.480163 
-1.800000 -97.480163 
-1.900000 -112.674440 
-2.000000 -120.271579 
-2.100000 -122.170864 
-2.200000 -148.760849 
-2.300000 -146.861564 
-2.400000 -162.055842 
-2.500000 -182.947973 
-2.400000 -190.545112 
-2.300000 -192.444396 
-2.200000 -215.235812 
-2.100000 -213.336528 
-2.000000 -211.437243 
-1.900000 -217.135097 
-1.800000 -224.732236 
-1.700000 -217.135097 
-1.600000 -213.336528 
-1.500000 -220.933666 
-1.400000 -207.638674 
-1.300000 -201.940820 
-1.200000 -211.437243 
-1.100000 -213.336528 
-1.000000 -209.537958 
-0.900000 -209.537958 
-0.800000 -203.840104 
-0.700000 -205.739389 
-0.600000 -192.444396 
-0.500000 -198.142250 
-0.400000 -186.746542 
-0.300000 -181.048688 
-0.200000 -162.055842 
-0.100000 -137.365141 
0.000000 -143.062995 
0.100000 -139.264426 
0.200000 -129.768002 
0.300000 -93.681594 
0.400000 -51.897331 
0.500000 -32.904485 
0.600000 -0.616645 
0.700000 12.678347 
0.800000 31.671194 
0.900000 43.066902 
1.000000 39.268333 
1.100000 52.563325 
1.200000 52.563325 
1.300000 69.656887 
1.400000 65.858318 
1.500000 88.649734 
1.600000 88.649734 
1.700000 84.851165 
1.800000 107.642581 
1.900000 94.347588 
2.000000 120.937573 
2.100000 130.433997 
2.200000 149.426843 
2.300000 151.326128 
2.400000 162.721836 
2.500000 168.419690 
2.400000 185.513252 
2.300000 193.110390 
2.200000 193.110390 
2.100000 206.405383 
2.000000 212.103237 
1.900000 208.304668 
1.800000 214.002522 
1.700000 215.901806 
1.600000 210.203952 
1.500000 223.498945 
1.400000 215.901806 
1.300000 196.908960 
1.200000 200.707529 
1.100000 206.405383 
1.000000 195.009675 
0.900000 198.808244 
0.800000 183.613967 
0.700000 181.714682 
0.600000 179.815398 
0.500000 174.117544 
0.400000 172.218259 
0.300000 162.721836 
0.200000 160.822551 
0.100000 153.225412 
-0.000000 149.426843 
-0.100000 151.326128 
-0.200000 139.930420 
-0.300000 124.736143 
-0.400000 107.642581 
-0.500000 100.045442 
-0.600000 84.851165 
-0.700000 54.462610 
-0.800000 8.879778 
-0.900000 -17.710207 
-1.000000 -36.703054 
-1.100000 -44.300193 
-1.200000 -51.897331 
-1.300000 -68.990893 
-1.400000 -82.285886 
-1.500000 -78.487316 
-1.600000 -89.883024 
-1.700000 -93.681594 
-1.800000 -101.278732 
-1.900000 -105.077302 
-2.000000 -120.271579 
-2.100000 -120.271579 
-2.200000 -133.566572 
-2.300000 -154.458703 
-2.400000 -158.257272 
-2.500000 -177.250119 
-2.400000 -196.242966 
-2.300000 -200.041535 
-2.200000 -205.739389 
-2.100000 -209.537958 
-2.000000 -222.832951 
-1.900000 -224.732236 
-1.800000 -215.235812 
-1.700000 -213.336528 
-1.600000 -211.437243 
-1.500000 -215.235812 
-1.400000 -217.135097 
-1.300000 -220.933666 
-1.200000 -215.235812 
-1.100000 -207.638674 
-1.000000 -207.638674 
-0.900000 -203.840104 
-0.800000 -207.638674 
-0.700000 -209.537958 
-0.600000 -203.840104 
-0.500000 -205.739389 
-0.400000 -194.343681 
-0.300000 -184.847258 
-0.200000 -163.955126 
-0.100000 -146.861564 
