0.000000 1.282639 
0.005000 5.081209 
0.010000 1.282639 
0.015000 6.980493 
0.020000 -2.515930 
0.025000 1.282639 
0.030000 -0.616645 
0.035000 3.181924 
0.040000 1.282639 
0.045000 -2.515930 
0.050000 1.282639 
0.055000 3.181924 
0.060000 -31.005200 
0.065000 -0.616645 
0.070000 1.282639 
0.075000 1.282639 
0.080000 -2.515930 
0.085000 1.282639 
0.090000 -0.616645 
0.095000 8.879778 
0.100000 -2.515930 
0.105000 -0.616645 
0.110000 1.282639 
0.115000 -0.616645 
0.120000 20.275486 
0.125000 1.282639 
0.130000 -2.515930 
0.135000 5.081209 
0.140000 8.879778 
0.145000 6.980493 
0.150000 8.879778 
0.155000 6.980493 
0.160000 12.678347 
0.165000 18.376201 
0.170000 12.678347 
0.175000 20.275486 
0.180000 22.174771 
0.185000 12.678347 
0.190000 18.376201 
0.195000 22.174771 
0.200000 18.376201 
0.205000 24.074055 
0.210000 20.275486 
0.215000 16.476917 
0.220000 16.476917 
0.225000 25.973340 
0.230000 22.174771 
0.235000 20.275486 
0.240000 22.174771 
0.245000 16.476917 
0.250000 29.771909 
0.255000 27.872625 
0.260000 24.074055 
0.265000 18.376201 
0.270000 24.074055 
0.275000 24.074055 
0.280000 24.074055 
0.285000 29.771909 
0.290000 27.872625 
0.295000 31.671194 
0.300000 31.671194 
0.305000 22.174771 
0.310000 20.275486 
0.315000 27.872625 
0.320000 25.973340 
0.325000 24.074055 
0.330000 25.973340 
0.335000 31.671194 
0.340000 27.872625 
0.345000 31.671194 
0.350000 31.671194 
0.355000 25.973340 
0.360000 27.872625 
0.365000 25.973340 
0.370000 22.174771 
0.375000 29.771909 
0.380000 20.275486 
0.385000 31.671194 
0.390000 31.671194 
0.395000 25.973340 
0.400000 27.872625 
0.405000 24.074055 
0.410000 31.671194 
0.415000 27.872625 
0.420000 18.376201 
0.425000 27.872625 
0.430000 35.469763 
0.435000 27.872625 
0.440000 29.771909 
0.445000 37.369048 
0.450000 29.771909 
0.455000 31.671194 
0.460000 27.872625 
0.465000 3.181924 
0.470000 29.771909 
0.475000 39.268333 
0.480000 35.469763 
0.485000 33.570479 
0.490000 39.268333 
0.495000 37.369048 
0.500000 41.167617 
0.505000 41.167617 
0.510000 39.268333 
0.515000 44.966187 
0.520000 44.966187 
0.525000 39.268333 
0.530000 43.066902 
0.535000 44.966187 
0.540000 50.664041 
0.545000 48.764756 
0.550000 46.865471 
0.555000 50.664041 
0.560000 54.462610 
0.565000 52.563325 
0.570000 48.764756 
0.575000 46.865471 
0.580000 54.462610 
0.585000 58.261179 
0.590000 56.361895 
0.595000 60.160464 
0.600000 63.959033 
0.605000 60.160464 
0.610000 60.160464 
0.615000 58.261179 
0.620000 48.764756 
0.625000 65.858318 
0.630000 52.563325 
0.635000 50.664041 
0.640000 71.556172 
0.645000 56.361895 
0.650000 69.656887 
0.655000 62.059749 
0.660000 63.959033 
0.665000 67.757603 
0.670000 69.656887 
0.675000 69.656887 
0.680000 58.261179 
0.685000 67.757603 
0.690000 71.556172 
0.695000 77.254026 
0.700000 71.556172 
0.705000 71.556172 
0.710000 67.757603 
0.715000 75.354741 
0.720000 75.354741 
0.725000 67.757603 
0.730000 75.354741 
0.735000 73.455457 
0.740000 52.563325 
0.745000 69.656887 
0.750000 75.354741 
0.755000 71.556172 
0.760000 79.153311 
0.765000 77.254026 
0.770000 75.354741 
0.775000 73.455457 
0.780000 75.354741 
0.785000 79.153311 
0.790000 58.261179 
0.795000 77.254026 
0.800000 82.951880 
0.805000 86.750449 
0.810000 84.851165 
0.815000 92.448303 
0.820000 84.851165 
0.825000 92.448303 
0.830000 92.448303 
0.835000 92.448303 
0.840000 92.448303 
0.845000 90.549019 
0.850000 86.750449 
0.855000 88.649734 
0.860000 98.146157 
0.865000 103.844011 
0.870000 98.146157 
0.875000 92.448303 
0.880000 63.959033 
0.885000 92.448303 
0.890000 100.045442 
0.895000 98.146157 
0.900000 94.347588 
0.905000 98.146157 
0.910000 107.642581 
0.915000 105.743296 
0.920000 109.541865 
0.925000 107.642581 
0.930000 109.541865 
0.935000 115.239719 
0.940000 101.944727 
0.945000 107.642581 
0.950000 113.340435 
0.955000 113.340435 
0.960000 109.541865 
0.965000 119.038289 
0.970000 115.239719 
0.975000 113.340435 
0.980000 120.937573 
0.985000 119.038289 
0.990000 111.441150 
0.995000 120.937573 
1.000000 132.333281 
1.005000 117.139004 
1.010000 120.937573 
1.015000 119.038289 
1.020000 124.736143 
1.025000 120.937573 
1.030000 115.239719 
1.035000 117.139004 
1.040000 120.937573 
1.045000 130.433997 
1.050000 130.433997 
1.055000 126.635427 
1.060000 126.635427 
1.065000 132.333281 
1.070000 120.937573 
1.075000 138.031135 
1.080000 138.031135 
1.085000 136.131851 
1.090000 132.333281 
1.095000 132.333281 
1.100000 145.628274 
1.105000 138.031135 
1.110000 136.131851 
1.115000 139.930420 
1.120000 134.232566 
1.125000 139.930420 
1.130000 136.131851 
1.135000 130.433997 
1.140000 136.131851 
1.145000 143.728989 
1.150000 132.333281 
1.155000 128.534712 
1.160000 141.829705 
1.165000 138.031135 
1.170000 136.131851 
1.175000 141.829705 
1.180000 143.728989 
1.185000 138.031135 
1.190000 147.527558 
1.195000 153.225412 
1.200000 138.031135 
1.205000 157.023982 
1.210000 153.225412 
1.215000 153.225412 
1.220000 151.326128 
1.225000 158.923266 
1.230000 164.621120 
1.235000 151.326128 
1.240000 158.923266 
1.245000 166.520405 
1.250000 158.923266 
1.255000 157.023982 
1.260000 158.923266 
1.265000 160.822551 
1.270000 155.124697 
1.275000 153.225412 
1.280000 155.124697 
1.285000 168.419690 
1.290000 160.822551 
1.295000 160.822551 
1.300000 170.318974 
1.305000 157.023982 
1.310000 164.621120 
1.315000 166.520405 
1.320000 164.621120 
1.325000 170.318974 
1.330000 177.916113 
1.335000 172.218259 
1.340000 179.815398 
1.345000 172.218259 
1.350000 174.117544 
1.355000 176.016828 
1.360000 172.218259 
1.365000 181.714682 
1.370000 172.218259 
1.375000 168.419690 
1.380000 177.916113 
1.385000 179.815398 
1.390000 179.815398 
1.395000 174.117544 
1.400000 181.714682 
1.405000 174.117544 
1.410000 170.318974 
1.415000 172.218259 
1.420000 181.714682 
1.425000 172.218259 
1.430000 170.318974 
1.435000 172.218259 
1.440000 176.016828 
1.445000 164.621120 
1.450000 176.016828 
1.455000 177.916113 
1.460000 166.520405 
1.465000 176.016828 
1.470000 176.016828 
1.475000 172.218259 
1.480000 174.117544 
1.485000 181.714682 
1.490000 172.218259 
1.495000 172.218259 
1.500000 177.916113 
1.505000 179.815398 
1.510000 168.419690 
1.515000 176.016828 
1.520000 183.613967 
1.525000 172.218259 
1.530000 168.419690 
1.535000 177.916113 
1.540000 174.117544 
1.545000 177.916113 
1.550000 174.117544 
1.555000 179.815398 
1.560000 170.318974 
1.565000 172.218259 
1.570000 177.916113 
1.575000 174.117544 
1.580000 185.513252 
1.585000 183.613967 
1.590000 179.815398 
1.595000 177.916113 
1.600000 183.613967 
1.605000 183.613967 
1.610000 189.311821 
1.615000 183.613967 
1.620000 181.714682 
1.625000 179.815398 
1.630000 179.815398 
1.635000 185.513252 
1.640000 179.815398 
1.645000 187.412536 
1.650000 191.211106 
1.655000 172.218259 
1.660000 176.016828 
1.665000 193.110390 
1.670000 181.714682 
1.675000 177.916113 
1.680000 191.211106 
1.685000 193.110390 
1.690000 185.513252 
1.695000 195.009675 
1.700000 193.110390 
1.705000 191.211106 
1.710000 200.707529 
1.715000 198.808244 
1.720000 196.908960 
1.725000 198.808244 
1.730000 198.808244 
1.735000 196.908960 
1.740000 195.009675 
1.745000 204.506098 
1.750000 189.311821 
1.755000 198.808244 
1.760000 206.405383 
1.765000 195.009675 
1.770000 204.506098 
1.775000 215.901806 
1.780000 214.002522 
1.785000 198.808244 
1.790000 212.103237 
1.795000 217.801091 
1.800000 219.700376 
1.805000 219.700376 
1.810000 214.002522 
1.815000 225.398230 
1.820000 223.498945 
1.825000 208.304668 
1.830000 225.398230 
1.835000 217.801091 
1.840000 215.901806 
1.845000 227.297514 
1.850000 219.700376 
1.855000 214.002522 
1.860000 217.801091 
1.865000 202.606814 
1.870000 208.304668 
1.875000 221.599660 
1.880000 221.599660 
1.885000 229.196799 
1.890000 219.700376 
1.895000 221.599660 
1.900000 227.297514 
1.905000 221.599660 
1.910000 227.297514 
1.915000 231.096084 
1.920000 217.801091 
1.925000 221.599660 
1.930000 227.297514 
1.935000 225.398230 
1.940000 225.398230 
1.945000 221.599660 
1.950000 219.700376 
1.955000 221.599660 
1.960000 215.901806 
1.965000 225.398230 
1.970000 223.498945 
1.975000 215.901806 
1.980000 225.398230 
1.985000 214.002522 
1.990000 221.599660 
1.995000 225.398230 
2.000000 217.801091 
2.005000 231.096084 
2.010000 227.297514 
2.015000 219.700376 
2.020000 225.398230 
2.025000 225.398230 
2.030000 215.901806 
2.035000 227.297514 
2.040000 214.002522 
2.045000 221.599660 
2.050000 236.793938 
2.055000 215.901806 
2.060000 229.196799 
2.065000 225.398230 
2.070000 219.700376 
2.075000 221.599660 
2.080000 221.599660 
2.085000 221.599660 
2.090000 231.096084 
2.095000 225.398230 
2.100000 221.599660 
2.105000 223.498945 
2.110000 225.398230 
2.115000 231.096084 
2.120000 227.297514 
2.125000 219.700376 
2.130000 221.599660 
2.135000 217.801091 
2.140000 227.297514 
2.145000 240.592507 
2.150000 227.297514 
2.155000 225.398230 
2.160000 225.398230 
2.165000 231.096084 
2.170000 242.491792 
2.175000 236.793938 
2.180000 229.196799 
2.185000 234.894653 
2.190000 231.096084 
2.195000 238.693222 
2.200000 227.297514 
2.205000 240.592507 
2.210000 242.491792 
2.215000 238.693222 
2.220000 236.793938 
2.225000 244.391076 
2.230000 246.290361 
2.235000 253.887500 
2.240000 244.391076 
2.245000 250.088930 
2.250000 248.189646 
2.255000 255.786784 
2.260000 263.383923 
2.265000 251.988215 
2.270000 253.887500 
2.275000 251.988215 
2.280000 267.182492 
2.285000 251.988215 
2.290000 244.391076 
2.295000 255.786784 
2.300000 251.988215 
2.305000 257.686069 
2.310000 253.887500 
2.315000 261.484638 
2.320000 251.988215 
2.325000 261.484638 
2.330000 259.585354 
2.335000 251.988215 
2.340000 259.585354 
2.345000 259.585354 
2.350000 270.981062 
2.355000 259.585354 
2.360000 272.880346 
2.365000 270.981062 
2.370000 269.081777 
2.375000 272.880346 
2.380000 265.283208 
2.385000 272.880346 
2.390000 276.678916 
2.395000 270.981062 
2.400000 282.376770 
2.405000 274.779631 
2.410000 270.981062 
2.415000 272.880346 
2.420000 291.873193 
2.425000 265.283208 
2.430000 274.779631 
2.435000 272.880346 
2.440000 272.880346 
2.445000 270.981062 
2.450000 286.175339 
2.455000 278.578200 
2.460000 276.678916 
2.465000 282.376770 
2.470000 288.074624 
2.475000 274.779631 
2.480000 272.880346 
2.485000 282.376770 
2.490000 278.578200 
2.495000 284.276054 
2.500000 280.477485 
2.495000 282.376770 
2.490000 270.981062 
2.485000 280.477485 
2.480000 270.981062 
2.475000 282.376770 
2.470000 276.678916 
2.465000 278.578200 
2.460000 274.779631 
2.455000 272.880346 
2.450000 284.276054 
2.445000 274.779631 
2.440000 274.779631 
2.435000 274.779631 
2.430000 280.477485 
2.425000 272.880346 
2.420000 276.678916 
2.415000 272.880346 
2.410000 280.477485 
2.405000 282.376770 
2.400000 276.678916 
2.395000 270.981062 
2.390000 274.779631 
2.385000 282.376770 
2.380000 276.678916 
2.375000 272.880346 
2.370000 278.578200 
2.365000 280.477485 
2.360000 270.981062 
2.355000 272.880346 
2.350000 274.779631 
2.345000 274.779631 
2.340000 278.578200 
2.335000 267.182492 
2.330000 278.578200 
2.325000 272.880346 
2.320000 276.678916 
2.315000 274.779631 
2.310000 270.981062 
2.305000 280.477485 
2.300000 253.887500 
2.295000 267.182492 
2.290000 267.182492 
2.285000 270.981062 
2.280000 269.081777 
2.275000 274.779631 
2.270000 269.081777 
2.265000 261.484638 
2.260000 270.981062 
2.255000 267.182492 
2.250000 261.484638 
2.245000 263.383923 
2.240000 272.880346 
2.235000 267.182492 
2.230000 265.283208 
2.225000 267.182492 
2.220000 272.880346 
2.215000 265.283208 
2.210000 272.880346 
2.205000 267.182492 
2.200000 259.585354 
2.195000 265.283208 
2.190000 259.585354 
2.185000 259.585354 
2.180000 261.484638 
2.175000 257.686069 
2.170000 261.484638 
2.165000 257.686069 
2.160000 257.686069 
2.155000 261.484638 
2.150000 270.981062 
2.145000 259.585354 
2.140000 272.880346 
2.135000 267.182492 
2.130000 259.585354 
2.125000 265.283208 
2.120000 270.981062 
2.115000 257.686069 
2.110000 274.779631 
2.105000 272.880346 
2.100000 229.196799 
2.095000 265.283208 
2.090000 261.484638 
2.085000 270.981062 
2.080000 259.585354 
2.075000 263.383923 
2.070000 255.786784 
2.065000 259.585354 
2.060000 267.182492 
2.055000 267.182492 
2.050000 259.585354 
2.045000 265.283208 
2.040000 267.182492 
2.035000 261.484638 
2.030000 251.988215 
2.025000 251.988215 
2.020000 248.189646 
2.015000 250.088930 
2.010000 250.088930 
2.005000 251.988215 
2.000000 248.189646 
1.995000 253.887500 
1.990000 251.988215 
1.985000 242.491792 
1.980000 246.290361 
1.975000 248.189646 
1.970000 246.290361 
1.965000 246.290361 
1.960000 244.391076 
1.955000 236.793938 
1.950000 236.793938 
1.945000 234.894653 
1.940000 234.894653 
1.935000 229.196799 
1.930000 238.693222 
1.925000 240.592507 
1.920000 232.995368 
1.915000 232.995368 
1.910000 231.096084 
1.905000 234.894653 
1.900000 234.894653 
1.895000 231.096084 
1.890000 240.592507 
1.885000 227.297514 
1.880000 227.297514 
1.875000 234.894653 
1.870000 240.592507 
1.865000 229.196799 
1.860000 225.398230 
1.855000 240.592507 
1.850000 229.196799 
1.845000 219.700376 
1.840000 236.793938 
1.835000 231.096084 
1.830000 227.297514 
1.825000 225.398230 
1.820000 221.599660 
1.815000 229.196799 
1.810000 234.894653 
1.805000 221.599660 
1.800000 223.498945 
1.795000 225.398230 
1.790000 225.398230 
1.785000 225.398230 
1.780000 217.801091 
1.775000 232.995368 
1.770000 225.398230 
1.765000 217.801091 
1.760000 215.901806 
1.755000 221.599660 
1.750000 221.599660 
1.745000 221.599660 
1.740000 225.398230 
1.735000 229.196799 
1.730000 229.196799 
1.725000 223.498945 
1.720000 219.700376 
1.715000 221.599660 
1.710000 223.498945 
1.705000 232.995368 
1.700000 229.196799 
1.695000 225.398230 
1.690000 204.506098 
1.685000 217.801091 
1.680000 221.599660 
1.675000 212.103237 
1.670000 214.002522 
1.665000 225.398230 
1.660000 225.398230 
1.655000 210.203952 
1.650000 221.599660 
1.645000 212.103237 
1.640000 210.203952 
1.635000 217.801091 
1.630000 210.203952 
1.625000 210.203952 
1.620000 214.002522 
1.615000 208.304668 
1.610000 219.700376 
1.605000 204.506098 
1.600000 198.808244 
1.595000 206.405383 
1.590000 196.908960 
1.585000 198.808244 
1.580000 212.103237 
1.575000 198.808244 
1.570000 193.110390 
1.565000 206.405383 
1.560000 195.009675 
1.555000 185.513252 
1.550000 193.110390 
1.545000 187.412536 
1.540000 189.311821 
1.535000 195.009675 
1.530000 185.513252 
1.525000 191.211106 
1.520000 164.621120 
1.515000 191.211106 
1.510000 185.513252 
1.505000 191.211106 
1.500000 185.513252 
1.495000 191.211106 
1.490000 196.908960 
1.485000 195.009675 
1.480000 181.714682 
1.475000 168.419690 
1.470000 189.311821 
1.465000 185.513252 
1.460000 179.815398 
1.455000 189.311821 
1.450000 172.218259 
1.445000 176.016828 
1.440000 174.117544 
1.435000 189.311821 
1.430000 166.520405 
1.425000 179.815398 
1.420000 177.916113 
1.415000 170.318974 
1.410000 166.520405 
1.405000 176.016828 
1.400000 174.117544 
1.395000 170.318974 
1.390000 179.815398 
1.385000 172.218259 
1.380000 172.218259 
1.375000 177.916113 
1.370000 179.815398 
1.365000 172.218259 
1.360000 176.016828 
1.355000 176.016828 
1.350000 168.419690 
1.345000 174.117544 
1.340000 174.117544 
1.335000 174.117544 
1.330000 179.815398 
1.325000 170.318974 
1.320000 170.318974 
1.315000 172.218259 
1.310000 162.721836 
1.305000 168.419690 
1.300000 168.419690 
1.295000 160.822551 
1.290000 153.225412 
1.285000 164.621120 
1.280000 162.721836 
1.275000 168.419690 
1.270000 166.520405 
1.265000 168.419690 
1.260000 162.721836 
1.255000 160.822551 
1.250000 160.822551 
1.245000 160.822551 
1.240000 162.721836 
1.235000 172.218259 
1.230000 166.520405 
1.225000 162.721836 
1.220000 157.023982 
1.215000 158.923266 
1.210000 151.326128 
1.205000 155.124697 
1.200000 168.419690 
1.195000 149.426843 
1.190000 153.225412 
1.185000 160.822551 
1.180000 141.829705 
1.175000 145.628274 
1.170000 153.225412 
1.165000 153.225412 
1.160000 143.728989 
1.155000 149.426843 
1.150000 143.728989 
1.145000 143.728989 
1.140000 143.728989 
1.135000 151.326128 
1.130000 143.728989 
1.125000 153.225412 
1.120000 143.728989 
1.115000 136.131851 
1.110000 147.527558 
1.105000 147.527558 
1.100000 141.829705 
1.095000 151.326128 
1.090000 138.031135 
1.085000 139.930420 
1.080000 149.426843 
1.075000 138.031135 
1.070000 130.433997 
1.065000 145.628274 
1.060000 141.829705 
1.055000 132.333281 
1.050000 128.534712 
1.045000 141.829705 
1.040000 149.426843 
1.035000 130.433997 
1.030000 138.031135 
1.025000 138.031135 
1.020000 139.930420 
1.015000 132.333281 
1.010000 134.232566 
1.005000 138.031135 
1.000000 128.534712 
0.995000 130.433997 
0.990000 130.433997 
0.985000 124.736143 
0.980000 126.635427 
0.975000 132.333281 
0.970000 136.131851 
0.965000 128.534712 
0.960000 122.836858 
0.955000 120.937573 
0.950000 126.635427 
0.945000 128.534712 
0.940000 128.534712 
0.935000 128.534712 
0.930000 119.038289 
0.925000 124.736143 
0.920000 126.635427 
0.915000 122.836858 
0.910000 120.937573 
0.905000 130.433997 
0.900000 124.736143 
0.895000 120.937573 
0.890000 119.038289 
0.885000 115.239719 
0.880000 122.836858 
0.875000 122.836858 
0.870000 113.340435 
0.865000 117.139004 
0.860000 120.937573 
0.855000 113.340435 
0.850000 115.239719 
0.845000 119.038289 
0.840000 124.736143 
0.835000 113.340435 
0.830000 122.836858 
0.825000 122.836858 
0.820000 115.239719 
0.815000 115.239719 
0.810000 107.642581 
0.805000 111.441150 
0.800000 119.038289 
0.795000 109.541865 
0.790000 111.441150 
0.785000 115.239719 
0.780000 100.045442 
0.775000 113.340435 
0.770000 109.541865 
0.765000 100.045442 
0.760000 107.642581 
0.755000 107.642581 
0.750000 107.642581 
0.745000 103.844011 
0.740000 105.743296 
0.735000 105.743296 
0.730000 107.642581 
0.725000 100.045442 
0.720000 94.347588 
0.715000 94.347588 
0.710000 100.045442 
0.705000 92.448303 
0.700000 96.246873 
0.695000 100.045442 
0.690000 92.448303 
0.685000 101.944727 
0.680000 100.045442 
0.675000 101.944727 
0.670000 94.347588 
0.665000 92.448303 
0.660000 90.549019 
0.655000 107.642581 
0.650000 84.851165 
0.645000 88.649734 
0.640000 92.448303 
0.635000 88.649734 
0.630000 90.549019 
0.625000 92.448303 
0.620000 96.246873 
0.615000 92.448303 
0.610000 82.951880 
0.605000 82.951880 
0.600000 84.851165 
0.595000 81.052595 
0.590000 77.254026 
0.585000 82.951880 
0.580000 82.951880 
0.575000 77.254026 
0.570000 73.455457 
0.565000 82.951880 
0.560000 84.851165 
0.555000 73.455457 
0.550000 77.254026 
0.545000 92.448303 
0.540000 73.455457 
0.535000 73.455457 
0.530000 77.254026 
0.525000 77.254026 
0.520000 63.959033 
0.515000 62.059749 
0.510000 73.455457 
0.505000 69.656887 
0.500000 73.455457 
0.495000 69.656887 
0.490000 63.959033 
0.485000 73.455457 
0.480000 65.858318 
0.475000 60.160464 
0.470000 60.160464 
0.465000 62.059749 
0.460000 54.462610 
0.455000 65.858318 
0.450000 60.160464 
0.445000 62.059749 
0.440000 58.261179 
0.435000 58.261179 
0.430000 54.462610 
0.425000 54.462610 
0.420000 52.563325 
0.415000 56.361895 
0.410000 62.059749 
0.405000 63.959033 
0.400000 54.462610 
0.395000 60.160464 
0.390000 65.858318 
0.385000 62.059749 
0.380000 60.160464 
0.375000 50.664041 
0.370000 58.261179 
0.365000 44.966187 
0.360000 52.563325 
0.355000 62.059749 
0.350000 50.664041 
0.345000 54.462610 
0.340000 62.059749 
0.335000 54.462610 
0.330000 56.361895 
0.325000 52.563325 
0.320000 56.361895 
0.315000 50.664041 
0.310000 50.664041 
0.305000 50.664041 
0.300000 46.865471 
0.295000 54.462610 
0.290000 50.664041 
0.285000 54.462610 
0.280000 54.462610 
0.275000 44.966187 
0.270000 50.664041 
0.265000 50.664041 
0.260000 43.066902 
0.255000 8.879778 
0.250000 39.268333 
0.245000 37.369048 
0.240000 41.167617 
0.235000 46.865471 
0.230000 39.268333 
0.225000 44.966187 
0.220000 43.066902 
0.215000 37.369048 
0.210000 39.268333 
0.205000 33.570479 
0.200000 35.469763 
0.195000 37.369048 
0.190000 31.671194 
0.185000 33.570479 
0.180000 31.671194 
0.175000 31.671194 
0.170000 31.671194 
0.165000 29.771909 
0.160000 31.671194 
0.155000 31.671194 
0.150000 31.671194 
0.145000 29.771909 
0.140000 35.469763 
0.135000 31.671194 
0.130000 29.771909 
0.125000 25.973340 
0.120000 33.570479 
0.115000 24.074055 
0.110000 27.872625 
0.105000 31.671194 
0.100000 22.174771 
0.095000 29.771909 
0.090000 24.074055 
0.085000 22.174771 
0.080000 22.174771 
0.075000 20.275486 
0.070000 16.476917 
0.065000 16.476917 
0.060000 20.275486 
0.055000 -8.213784 
0.050000 8.879778 
0.045000 10.779063 
0.040000 10.779063 
0.035000 1.282639 
0.030000 -0.616645 
0.025000 1.282639 
0.020000 3.181924 
0.015000 1.282639 
0.010000 1.282639 
0.005000 1.282639 
-0.000000 -6.314499 
-0.005000 -0.616645 
-0.010000 1.282639 
-0.015000 1.282639 
-0.020000 1.282639 
-0.025000 1.282639 
-0.030000 -2.515930 
-0.035000 5.081209 
-0.040000 -0.616645 
-0.045000 1.282639 
-0.050000 -2.515930 
-0.055000 3.181924 
-0.060000 6.980493 
-0.065000 -0.616645 
-0.070000 -0.616645 
-0.075000 5.081209 
-0.080000 1.282639 
-0.085000 1.282639 
-0.090000 -2.515930 
-0.095000 -6.314499 
-0.100000 -8.213784 
-0.105000 -13.911638 
-0.110000 -6.314499 
-0.115000 -13.911638 
-0.120000 -8.213784 
-0.125000 -17.710207 
-0.130000 -12.012353 
-0.135000 -13.911638 
-0.140000 -15.810923 
-0.145000 -13.911638 
-0.150000 -17.710207 
-0.155000 -15.810923 
-0.160000 -10.113069 
-0.165000 -13.911638 
-0.170000 -13.911638 
-0.175000 -8.213784 
-0.180000 -13.911638 
-0.185000 -15.810923 
-0.190000 -19.609492 
-0.195000 -10.113069 
-0.200000 -15.810923 
-0.205000 -13.911638 
-0.210000 -21.508777 
-0.215000 -13.911638 
-0.220000 -17.710207 
-0.225000 -23.408061 
-0.230000 -17.710207 
-0.235000 -8.213784 
-0.240000 -17.710207 
-0.245000 -17.710207 
-0.250000 -23.408061 
-0.255000 -15.810923 
-0.260000 -25.307346 
-0.265000 -21.508777 
-0.270000 -21.508777 
-0.275000 -29.105915 
-0.280000 -27.206631 
-0.285000 -23.408061 
-0.290000 -27.206631 
-0.295000 -17.710207 
-0.300000 -21.508777 
-0.305000 -19.609492 
-0.310000 -15.810923 
-0.315000 -21.508777 
-0.320000 -15.810923 
-0.325000 -15.810923 
-0.330000 -15.810923 
-0.335000 -21.508777 
-0.340000 -25.307346 
-0.345000 -29.105915 
-0.350000 -21.508777 
-0.355000 -53.796616 
-0.360000 -25.307346 
-0.365000 -23.408061 
-0.370000 -27.206631 
-0.375000 -23.408061 
-0.380000 -21.508777 
-0.385000 -25.307346 
-0.390000 -21.508777 
-0.395000 -31.005200 
-0.400000 -21.508777 
-0.405000 -25.307346 
-0.410000 -27.206631 
-0.415000 -21.508777 
-0.420000 -29.105915 
-0.425000 -25.307346 
-0.430000 -32.904485 
-0.435000 -31.005200 
-0.440000 -27.206631 
-0.445000 -32.904485 
-0.450000 -34.803769 
-0.455000 -31.005200 
-0.460000 -32.904485 
-0.465000 -32.904485 
-0.470000 -31.005200 
-0.475000 -32.904485 
-0.480000 -38.602339 
-0.485000 -42.400908 
-0.490000 -36.703054 
-0.495000 -36.703054 
-0.500000 -38.602339 
-0.505000 -48.098762 
-0.510000 -36.703054 
-0.515000 -44.300193 
-0.520000 -48.098762 
-0.525000 -48.098762 
-0.530000 -48.098762 
-0.535000 -46.199477 
-0.540000 -46.199477 
-0.545000 -53.796616 
-0.550000 -46.199477 
-0.555000 -53.796616 
-0.560000 -55.695901 
-0.565000 -48.098762 
-0.570000 -48.098762 
-0.575000 -61.393755 
-0.580000 -55.695901 
-0.585000 -57.595185 
-0.590000 -53.796616 
-0.595000 -53.796616 
-0.600000 -61.393755 
-0.605000 -51.897331 
-0.610000 -63.293039 
-0.615000 -65.192324 
-0.620000 -59.494470 
-0.625000 -59.494470 
-0.630000 -68.990893 
-0.635000 -67.091609 
-0.640000 -63.293039 
-0.645000 -61.393755 
-0.650000 -59.494470 
-0.655000 -67.091609 
-0.660000 -68.990893 
-0.665000 -78.487316 
-0.670000 -80.386601 
-0.675000 -70.890178 
-0.680000 -68.990893 
-0.685000 -72.789462 
-0.690000 -78.487316 
-0.695000 -106.976586 
-0.700000 -74.688747 
-0.705000 -76.588032 
-0.710000 -82.285886 
-0.715000 -76.588032 
-0.720000 -70.890178 
-0.725000 -70.890178 
-0.730000 -76.588032 
-0.735000 -76.588032 
-0.740000 -80.386601 
-0.745000 -72.789462 
-0.750000 -72.789462 
-0.755000 -76.588032 
-0.760000 -68.990893 
-0.765000 -67.091609 
-0.770000 -70.890178 
-0.775000 -68.990893 
-0.780000 -82.285886 
-0.785000 -74.688747 
-0.790000 -87.983740 
-0.795000 -72.789462 
-0.800000 -80.386601 
-0.805000 -80.386601 
-0.810000 -86.084455 
-0.815000 -84.185170 
-0.820000 -84.185170 
-0.825000 -91.782309 
-0.830000 -87.983740 
-0.835000 -91.782309 
-0.840000 -86.084455 
-0.845000 -76.588032 
-0.850000 -89.883024 
-0.855000 -93.681594 
-0.860000 -89.883024 
-0.865000 -93.681594 
-0.870000 -93.681594 
-0.875000 -89.883024 
-0.880000 -89.883024 
-0.885000 -91.782309 
-0.890000 -95.580878 
-0.895000 -87.983740 
-0.900000 -91.782309 
-0.905000 -99.379448 
-0.910000 -93.681594 
-0.915000 -105.077302 
-0.920000 -89.883024 
-0.925000 -95.580878 
-0.930000 -103.178017 
-0.935000 -99.379448 
-0.940000 -97.480163 
-0.945000 -114.573725 
-0.950000 -93.681594 
-0.955000 -99.379448 
-0.960000 -105.077302 
-0.965000 -97.480163 
-0.970000 -93.681594 
-0.975000 -99.379448 
-0.980000 -101.278732 
-0.985000 -97.480163 
-0.990000 -105.077302 
-0.995000 -108.875871 
-1.000000 -99.379448 
-1.005000 -105.077302 
-1.010000 -105.077302 
-1.015000 -105.077302 
-1.020000 -105.077302 
-1.025000 -101.278732 
-1.030000 -105.077302 
-1.035000 -105.077302 
-1.040000 -106.976586 
-1.045000 -112.674440 
-1.050000 -112.674440 
-1.055000 -106.976586 
-1.060000 -105.077302 
-1.065000 -106.976586 
-1.070000 -118.372294 
-1.075000 -116.473010 
-1.080000 -124.070148 
-1.085000 -118.372294 
-1.090000 -124.070148 
-1.095000 -116.473010 
-1.100000 -120.271579 
-1.105000 -124.070148 
-1.110000 -122.170864 
-1.115000 -127.868718 
-1.120000 -127.868718 
-1.125000 -129.768002 
-1.130000 -127.868718 
-1.135000 -127.868718 
-1.140000 -133.566572 
-1.145000 -127.868718 
-1.150000 -127.868718 
-1.155000 -122.170864 
-1.160000 -139.264426 
-1.165000 -133.566572 
-1.170000 -129.768002 
-1.175000 -135.465856 
-1.180000 -129.768002 
-1.185000 -137.365141 
-1.190000 -129.768002 
-1.195000 -135.465856 
-1.200000 -143.062995 
-1.205000 -133.566572 
-1.210000 -148.760849 
-1.215000 -148.760849 
-1.220000 -143.062995 
-1.225000 -143.062995 
-1.230000 -144.962280 
-1.235000 -143.062995 
-1.240000 -148.760849 
-1.245000 -146.861564 
-1.250000 -150.660134 
-1.255000 -158.257272 
-1.260000 -152.559418 
-1.265000 -148.760849 
-1.270000 -150.660134 
-1.275000 -150.660134 
-1.280000 -158.257272 
-1.285000 -152.559418 
-1.290000 -154.458703 
-1.295000 -158.257272 
-1.300000 -163.955126 
-1.305000 -156.357988 
-1.310000 -156.357988 
-1.315000 -162.055842 
-1.320000 -156.357988 
-1.325000 -160.156557 
-1.330000 -163.955126 
-1.335000 -154.458703 
-1.340000 -160.156557 
-1.345000 -162.055842 
-1.350000 -158.257272 
-1.355000 -167.753696 
-1.360000 -173.451550 
-1.365000 -167.753696 
-1.370000 -171.552265 
-1.375000 -173.451550 
-1.380000 -173.451550 
-1.385000 -181.048688 
-1.390000 -181.048688 
-1.395000 -179.149404 
-1.400000 -175.350834 
-1.405000 -182.947973 
-1.410000 -188.645827 
-1.415000 -184.847258 
-1.420000 -190.545112 
-1.425000 -184.847258 
-1.430000 -188.645827 
-1.435000 -188.645827 
-1.440000 -186.746542 
-1.445000 -186.746542 
-1.450000 -190.545112 
-1.455000 -179.149404 
-1.460000 -179.149404 
-1.465000 -177.250119 
-1.470000 -177.250119 
-1.475000 -173.451550 
-1.480000 -173.451550 
-1.485000 -173.451550 
-1.490000 -169.652980 
-1.495000 -173.451550 
-1.500000 -177.250119 
-1.505000 -169.652980 
-1.510000 -173.451550 
-1.515000 -179.149404 
-1.520000 -181.048688 
-1.525000 -182.947973 
-1.530000 -186.746542 
-1.535000 -190.545112 
-1.540000 -184.847258 
-1.545000 -190.545112 
-1.550000 -186.746542 
-1.555000 -177.250119 
-1.560000 -188.645827 
-1.565000 -194.343681 
-1.570000 -188.645827 
-1.575000 -188.645827 
-1.580000 -196.242966 
-1.585000 -184.847258 
-1.590000 -184.847258 
-1.595000 -192.444396 
-1.600000 -194.343681 
-1.605000 -188.645827 
-1.610000 -190.545112 
-1.615000 -192.444396 
-1.620000 -186.746542 
-1.625000 -198.142250 
-1.630000 -196.242966 
-1.635000 -196.242966 
-1.640000 -200.041535 
-1.645000 -203.840104 
-1.650000 -196.242966 
-1.655000 -196.242966 
-1.660000 -196.242966 
-1.665000 -198.142250 
-1.670000 -196.242966 
-1.675000 -205.739389 
-1.680000 -200.041535 
-1.685000 -205.739389 
-1.690000 -203.840104 
-1.695000 -198.142250 
-1.700000 -200.041535 
-1.705000 -196.242966 
-1.710000 -198.142250 
-1.715000 -205.739389 
-1.720000 -222.832951 
-1.725000 -207.638674 
-1.730000 -211.437243 
-1.735000 -205.739389 
-1.740000 -207.638674 
-1.745000 -209.537958 
-1.750000 -217.135097 
-1.755000 -209.537958 
-1.760000 -201.940820 
-1.765000 -205.739389 
-1.770000 -211.437243 
-1.775000 -207.638674 
-1.780000 -205.739389 
-1.785000 -213.336528 
-1.790000 -205.739389 
-1.795000 -203.840104 
-1.800000 -203.840104 
-1.805000 -203.840104 
-1.810000 -211.437243 
-1.815000 -203.840104 
-1.820000 -207.638674 
-1.825000 -213.336528 
-1.830000 -205.739389 
-1.835000 -200.041535 
-1.840000 -203.840104 
-1.845000 -203.840104 
-1.850000 -211.437243 
-1.855000 -211.437243 
-1.860000 -219.034382 
-1.865000 -211.437243 
-1.870000 -217.135097 
-1.875000 -226.631520 
-1.880000 -220.933666 
-1.885000 -217.135097 
-1.890000 -219.034382 
-1.895000 -220.933666 
-1.900000 -222.832951 
-1.905000 -232.329374 
-1.910000 -224.732236 
-1.915000 -228.530805 
-1.920000 -226.631520 
-1.925000 -232.329374 
-1.930000 -228.530805 
-1.935000 -228.530805 
-1.940000 -230.430090 
-1.945000 -226.631520 
-1.950000 -228.530805 
-1.955000 -230.430090 
-1.960000 -234.228659 
-1.965000 -232.329374 
-1.970000 -226.631520 
-1.975000 -238.027228 
-1.980000 -234.228659 
-1.985000 -234.228659 
-1.990000 -238.027228 
-1.995000 -226.631520 
-2.000000 -234.228659 
-2.005000 -238.027228 
-2.010000 -228.530805 
-2.015000 -236.127944 
-2.020000 -226.631520 
-2.025000 -226.631520 
-2.030000 -234.228659 
-2.035000 -220.933666 
-2.040000 -224.732236 
-2.045000 -224.732236 
-2.050000 -220.933666 
-2.055000 -224.732236 
-2.060000 -220.933666 
-2.065000 -226.631520 
-2.070000 -230.430090 
-2.075000 -230.430090 
-2.080000 -228.530805 
-2.085000 -234.228659 
-2.090000 -241.825798 
-2.095000 -245.624367 
-2.100000 -251.322221 
-2.105000 -249.422936 
-2.110000 -241.825798 
-2.115000 -255.120790 
-2.120000 -249.422936 
-2.125000 -245.624367 
-2.130000 -249.422936 
-2.135000 -249.422936 
-2.140000 -241.825798 
-2.145000 -247.523652 
-2.150000 -247.523652 
-2.155000 -243.725082 
-2.160000 -251.322221 
-2.165000 -243.725082 
-2.170000 -239.926513 
-2.175000 -241.825798 
-2.180000 -241.825798 
-2.185000 -241.825798 
-2.190000 -247.523652 
-2.195000 -251.322221 
-2.200000 -245.624367 
-2.205000 -243.725082 
-2.210000 -249.422936 
-2.215000 -239.926513 
-2.220000 -245.624367 
-2.225000 -255.120790 
-2.230000 -251.322221 
-2.235000 -249.422936 
-2.240000 -249.422936 
-2.245000 -245.624367 
-2.250000 -249.422936 
-2.255000 -257.020075 
-2.260000 -253.221506 
-2.265000 -257.020075 
-2.270000 -255.120790 
-2.275000 -249.422936 
-2.280000 -258.919360 
-2.285000 -257.020075 
-2.290000 -257.020075 
-2.295000 -249.422936 
-2.300000 -255.120790 
-2.305000 -266.516498 
-2.310000 -266.516498 
-2.315000 -258.919360 
-2.320000 -257.020075 
-2.325000 -266.516498 
-2.330000 -264.617214 
-2.335000 -258.919360 
-2.340000 -262.717929 
-2.345000 -262.717929 
-2.350000 -268.415783 
-2.355000 -266.516498 
-2.360000 -264.617214 
-2.365000 -264.617214 
-2.370000 -262.717929 
-2.375000 -277.912206 
-2.380000 -279.811491 
-2.385000 -270.315068 
-2.390000 -276.012922 
-2.395000 -274.113637 
-2.400000 -281.710775 
-2.405000 -270.315068 
-2.410000 -272.214352 
-2.415000 -276.012922 
-2.420000 -279.811491 
-2.425000 -272.214352 
-2.430000 -277.912206 
-2.435000 -281.710775 
-2.440000 -281.710775 
-2.445000 -274.113637 
-2.450000 -279.811491 
-2.455000 -281.710775 
-2.460000 -285.509345 
-2.465000 -281.710775 
-2.470000 -283.610060 
-2.475000 -295.005768 
-2.480000 -281.710775 
-2.485000 -296.905053 
-2.490000 -285.509345 
-2.495000 -300.703622 
-2.500000 -289.307914 
-2.495000 -295.005768 
-2.490000 -287.408629 
-2.485000 -295.005768 
-2.480000 -298.804337 
-2.475000 -289.307914 
-2.470000 -285.509345 
-2.465000 -283.610060 
-2.460000 -300.703622 
-2.455000 -300.703622 
-2.450000 -295.005768 
-2.445000 -291.207199 
-2.440000 -295.005768 
-2.435000 -295.005768 
-2.430000 -289.307914 
-2.425000 -289.307914 
-2.420000 -293.106483 
-2.415000 -295.005768 
-2.410000 -289.307914 
-2.405000 -279.811491 
-2.400000 -291.207199 
-2.395000 -276.012922 
-2.390000 -289.307914 
-2.385000 -285.509345 
-2.380000 -279.811491 
-2.375000 -272.214352 
-2.370000 -270.315068 
-2.365000 -281.710775 
-2.360000 -274.113637 
-2.355000 -276.012922 
-2.350000 -285.509345 
-2.345000 -281.710775 
-2.340000 -270.315068 
-2.335000 -266.516498 
-2.330000 -257.020075 
-2.325000 -272.214352 
-2.320000 -260.818644 
-2.315000 -272.214352 
-2.310000 -264.617214 
-2.305000 -272.214352 
-2.300000 -268.415783 
-2.295000 -279.811491 
-2.290000 -272.214352 
-2.285000 -258.919360 
-2.280000 -283.610060 
-2.275000 -274.113637 
-2.270000 -264.617214 
-2.265000 -260.818644 
-2.260000 -268.415783 
-2.255000 -257.020075 
-2.250000 -262.717929 
-2.245000 -266.516498 
-2.240000 -257.020075 
-2.235000 -268.415783 
-2.230000 -258.919360 
-2.225000 -260.818644 
-2.220000 -264.617214 
-2.215000 -262.717929 
-2.210000 -268.415783 
-2.205000 -251.322221 
-2.200000 -268.415783 
-2.195000 -257.020075 
-2.190000 -255.120790 
-2.185000 -251.322221 
-2.180000 -243.725082 
-2.175000 -258.919360 
-2.170000 -243.725082 
-2.165000 -253.221506 
-2.160000 -249.422936 
-2.155000 -255.120790 
-2.150000 -251.322221 
-2.145000 -251.322221 
-2.140000 -266.516498 
-2.135000 -251.322221 
-2.130000 -255.120790 
-2.125000 -253.221506 
-2.120000 -262.717929 
-2.115000 -258.919360 
-2.110000 -253.221506 
-2.105000 -258.919360 
-2.100000 -257.020075 
-2.095000 -258.919360 
-2.090000 -251.322221 
-2.085000 -253.221506 
-2.080000 -255.120790 
-2.075000 -239.926513 
-2.070000 -253.221506 
-2.065000 -258.919360 
-2.060000 -251.322221 
-2.055000 -253.221506 
-2.050000 -253.221506 
-2.045000 -255.120790 
-2.040000 -251.322221 
-2.035000 -258.919360 
-2.030000 -245.624367 
-2.025000 -272.214352 
-2.020000 -253.221506 
-2.015000 -255.120790 
-2.010000 -260.818644 
-2.005000 -255.120790 
-2.000000 -247.523652 
-1.995000 -243.725082 
-1.990000 -255.120790 
-1.985000 -249.422936 
-1.980000 -258.919360 
-1.975000 -249.422936 
-1.970000 -251.322221 
-1.965000 -245.624367 
-1.960000 -251.322221 
-1.955000 -243.725082 
-1.950000 -243.725082 
-1.945000 -251.322221 
-1.940000 -247.523652 
-1.935000 -245.624367 
-1.930000 -241.825798 
-1.925000 -241.825798 
-1.920000 -245.624367 
-1.915000 -236.127944 
-1.910000 -236.127944 
-1.905000 -241.825798 
-1.900000 -243.725082 
-1.895000 -245.624367 
-1.890000 -238.027228 
-1.885000 -241.825798 
-1.880000 -241.825798 
-1.875000 -239.926513 
-1.870000 -239.926513 
-1.865000 -236.127944 
-1.860000 -239.926513 
-1.855000 -234.228659 
-1.850000 -234.228659 
-1.845000 -239.926513 
-1.840000 -238.027228 
-1.835000 -226.631520 
-1.830000 -238.027228 
-1.825000 -234.228659 
-1.820000 -226.631520 
-1.815000 -224.732236 
-1.810000 -226.631520 
-1.805000 -219.034382 
-1.800000 -226.631520 
-1.795000 -230.430090 
-1.790000 -224.732236 
-1.785000 -224.732236 
-1.780000 -226.631520 
-1.775000 -220.933666 
-1.770000 -219.034382 
-1.765000 -224.732236 
-1.760000 -217.135097 
-1.755000 -219.034382 
-1.750000 -213.336528 
-1.745000 -213.336528 
-1.740000 -213.336528 
-1.735000 -217.135097 
-1.730000 -205.739389 
-1.725000 -211.437243 
-1.720000 -209.537958 
-1.715000 -209.537958 
-1.710000 -200.041535 
-1.705000 -205.739389 
-1.700000 -203.840104 
-1.695000 -203.840104 
-1.690000 -207.638674 
-1.685000 -203.840104 
-1.680000 -209.537958 
-1.675000 -203.840104 
-1.670000 -196.242966 
-1.665000 -203.840104 
-1.660000 -196.242966 
-1.655000 -205.739389 
-1.650000 -203.840104 
-1.645000 -200.041535 
-1.640000 -203.840104 
-1.635000 -203.840104 
-1.630000 -201.940820 
-1.625000 -198.142250 
-1.620000 -201.940820 
-1.615000 -203.840104 
-1.610000 -203.840104 
-1.605000 -196.242966 
-1.600000 -201.940820 
-1.595000 -198.142250 
-1.590000 -203.840104 
-1.585000 -200.041535 
-1.580000 -203.840104 
-1.575000 -207.638674 
-1.570000 -200.041535 
-1.565000 -201.940820 
-1.560000 -203.840104 
-1.555000 -203.840104 
-1.550000 -200.041535 
-1.545000 -203.840104 
-1.540000 -205.739389 
-1.535000 -205.739389 
-1.530000 -207.638674 
-1.525000 -207.638674 
-1.520000 -203.840104 
-1.515000 -200.041535 
-1.510000 -211.437243 
-1.505000 -211.437243 
-1.500000 -209.537958 
-1.495000 -203.840104 
-1.490000 -209.537958 
-1.485000 -209.537958 
-1.480000 -213.336528 
-1.475000 -209.537958 
-1.470000 -205.739389 
-1.465000 -211.437243 
-1.460000 -209.537958 
-1.455000 -205.739389 
-1.450000 -196.242966 
-1.445000 -192.444396 
-1.440000 -179.149404 
-1.435000 -181.048688 
-1.430000 -188.645827 
-1.425000 -181.048688 
-1.420000 -179.149404 
-1.415000 -184.847258 
-1.410000 -179.149404 
-1.405000 -188.645827 
-1.400000 -181.048688 
-1.395000 -182.947973 
-1.390000 -182.947973 
-1.385000 -188.645827 
-1.380000 -188.645827 
-1.375000 -179.149404 
-1.370000 -182.947973 
-1.365000 -181.048688 
-1.360000 -175.350834 
-1.355000 -175.350834 
-1.350000 -182.947973 
-1.345000 -171.552265 
-1.340000 -173.451550 
-1.335000 -179.149404 
-1.330000 -167.753696 
-1.325000 -167.753696 
-1.320000 -171.552265 
-1.315000 -167.753696 
-1.310000 -169.652980 
-1.305000 -169.652980 
-1.300000 -173.451550 
-1.295000 -167.753696 
-1.290000 -167.753696 
-1.285000 -165.854411 
-1.280000 -169.652980 
-1.275000 -167.753696 
-1.270000 -163.955126 
-1.265000 -154.458703 
-1.260000 -162.055842 
-1.255000 -160.156557 
-1.250000 -150.660134 
-1.245000 -156.357988 
-1.240000 -160.156557 
-1.235000 -144.962280 
-1.230000 -154.458703 
-1.225000 -154.458703 
-1.220000 -152.559418 
-1.215000 -143.062995 
-1.210000 -144.962280 
-1.205000 -139.264426 
-1.200000 -150.660134 
-1.195000 -135.465856 
-1.190000 -133.566572 
-1.185000 -133.566572 
-1.180000 -141.163710 
-1.175000 -144.962280 
-1.170000 -144.962280 
-1.165000 -141.163710 
-1.160000 -143.062995 
-1.155000 -141.163710 
-1.150000 -148.760849 
-1.145000 -150.660134 
-1.140000 -148.760849 
-1.135000 -144.962280 
-1.130000 -146.861564 
-1.125000 -150.660134 
-1.120000 -152.559418 
-1.115000 -143.062995 
-1.110000 -144.962280 
-1.105000 -148.760849 
-1.100000 -150.660134 
-1.095000 -139.264426 
-1.090000 -146.861564 
-1.085000 -144.962280 
-1.080000 -143.062995 
-1.075000 -135.465856 
-1.070000 -146.861564 
-1.065000 -144.962280 
-1.060000 -143.062995 
-1.055000 -144.962280 
-1.050000 -141.163710 
-1.045000 -143.062995 
-1.040000 -139.264426 
-1.035000 -141.163710 
-1.030000 -141.163710 
-1.025000 -135.465856 
-1.020000 -139.264426 
-1.015000 -146.861564 
-1.010000 -129.768002 
-1.005000 -133.566572 
-1.000000 -146.861564 
-0.995000 -139.264426 
-0.990000 -135.465856 
-0.985000 -135.465856 
-0.980000 -144.962280 
-0.975000 -139.264426 
-0.970000 -137.365141 
-0.965000 -143.062995 
-0.960000 -141.163710 
-0.955000 -137.365141 
-0.950000 -141.163710 
-0.945000 -137.365141 
-0.940000 -139.264426 
-0.935000 -143.062995 
-0.930000 -137.365141 
-0.925000 -139.264426 
-0.920000 -139.264426 
-0.915000 -143.062995 
-0.910000 -143.062995 
-0.905000 -143.062995 
-0.900000 -141.163710 
-0.895000 -135.465856 
-0.890000 -143.062995 
-0.885000 -144.962280 
-0.880000 -146.861564 
-0.875000 -143.062995 
-0.870000 -146.861564 
-0.865000 -139.264426 
-0.860000 -143.062995 
-0.855000 -135.465856 
-0.850000 -137.365141 
-0.845000 -139.264426 
-0.840000 -127.868718 
-0.835000 -131.667287 
-0.830000 -129.768002 
-0.825000 -125.969433 
-0.820000 -122.170864 
-0.815000 -122.170864 
-0.810000 -124.070148 
-0.805000 -120.271579 
-0.800000 -118.372294 
-0.795000 -112.674440 
-0.790000 -120.271579 
-0.785000 -122.170864 
-0.780000 -122.170864 
-0.775000 -124.070148 
-0.770000 -112.674440 
-0.765000 -112.674440 
-0.760000 -122.170864 
-0.755000 -116.473010 
-0.750000 -112.674440 
-0.745000 -112.674440 
-0.740000 -122.170864 
-0.735000 -120.271579 
-0.730000 -124.070148 
-0.725000 -122.170864 
-0.720000 -108.875871 
-0.715000 -112.674440 
-0.710000 -114.573725 
-0.705000 -114.573725 
-0.700000 -116.473010 
-0.695000 -118.372294 
-0.690000 -108.875871 
-0.685000 -112.674440 
-0.680000 -112.674440 
-0.675000 -103.178017 
-0.670000 -106.976586 
-0.665000 -116.473010 
-0.660000 -99.379448 
-0.655000 -105.077302 
-0.650000 -116.473010 
-0.645000 -108.875871 
-0.640000 -105.077302 
-0.635000 -112.674440 
-0.630000 -101.278732 
-0.625000 -97.480163 
-0.620000 -97.480163 
-0.615000 -99.379448 
-0.610000 -91.782309 
-0.605000 -91.782309 
-0.600000 -84.185170 
-0.595000 -87.983740 
-0.590000 -89.883024 
-0.585000 -87.983740 
-0.580000 -87.983740 
-0.575000 -76.588032 
-0.570000 -87.983740 
-0.565000 -82.285886 
-0.560000 -91.782309 
-0.555000 -82.285886 
-0.550000 -82.285886 
-0.545000 -70.890178 
-0.540000 -76.588032 
-0.535000 -82.285886 
-0.530000 -68.990893 
-0.525000 -76.588032 
-0.520000 -84.185170 
-0.515000 -78.487316 
-0.510000 -108.875871 
-0.505000 -82.285886 
-0.500000 -76.588032 
-0.495000 -118.372294 
-0.490000 -87.983740 
-0.485000 -82.285886 
-0.480000 -76.588032 
-0.475000 -86.084455 
-0.470000 -76.588032 
-0.465000 -70.890178 
-0.460000 -80.386601 
-0.455000 -70.890178 
-0.450000 -67.091609 
-0.445000 -72.789462 
-0.440000 -76.588032 
-0.435000 -67.091609 
-0.430000 -76.588032 
-0.425000 -74.688747 
-0.420000 -65.192324 
-0.415000 -67.091609 
-0.410000 -67.091609 
-0.405000 -63.293039 
-0.400000 -67.091609 
-0.395000 -67.091609 
-0.390000 -65.192324 
-0.385000 -57.595185 
-0.380000 -61.393755 
-0.375000 -53.796616 
-0.370000 -53.796616 
-0.365000 -59.494470 
-0.360000 -67.091609 
-0.355000 -59.494470 
-0.350000 -61.393755 
-0.345000 -61.393755 
-0.340000 -53.796616 
-0.335000 -57.595185 
-0.330000 -57.595185 
-0.325000 -72.789462 
-0.320000 -57.595185 
-0.315000 -51.897331 
-0.310000 -46.199477 
-0.305000 -46.199477 
-0.300000 -55.695901 
-0.295000 -46.199477 
-0.290000 -42.400908 
-0.285000 -46.199477 
-0.280000 -44.300193 
-0.275000 -38.602339 
-0.270000 -44.300193 
-0.265000 -46.199477 
-0.260000 -40.501623 
-0.255000 -34.803769 
-0.250000 -38.602339 
-0.245000 -38.602339 
-0.240000 -31.005200 
-0.235000 -42.400908 
-0.230000 -34.803769 
-0.225000 -36.703054 
-0.220000 -38.602339 
-0.215000 -38.602339 
-0.210000 -38.602339 
-0.205000 -31.005200 
-0.200000 -38.602339 
-0.195000 -32.904485 
-0.190000 -29.105915 
-0.185000 -34.803769 
-0.180000 -36.703054 
-0.175000 -25.307346 
-0.170000 -29.105915 
-0.165000 -29.105915 
-0.160000 -34.803769 
-0.155000 -25.307346 
-0.150000 -27.206631 
-0.145000 -31.005200 
-0.140000 -23.408061 
-0.135000 -23.408061 
-0.130000 -17.710207 
-0.125000 -19.609492 
-0.120000 -15.810923 
-0.115000 -17.710207 
-0.110000 -21.508777 
-0.105000 -19.609492 
-0.100000 -23.408061 
-0.095000 -17.710207 
-0.090000 -17.710207 
-0.085000 -19.609492 
-0.080000 -8.213784 
-0.075000 -8.213784 
-0.070000 -12.012353 
-0.065000 -13.911638 
-0.060000 -8.213784 
-0.055000 -13.911638 
-0.050000 -12.012353 
-0.045000 -4.415215 
-0.040000 -8.213784 
-0.035000 -6.314499 
-0.030000 -8.213784 
0.000000 0.000000 
0.000000 0.000000 
0.000000 0.000000 
0.000000 0.000000 
0.000000 0.000000 
