0.000000 -120.271579 
0.095000 -114.573725 
0.190000 -108.875871 
0.285000 -105.077302 
0.380000 -91.782309 
0.475000 -44.300193 
0.570000 1.282639 
0.665000 -2.515930 
0.760000 25.973340 
0.855000 27.872625 
0.950000 39.268333 
1.045000 52.563325 
1.140000 50.664041 
1.235000 58.261179 
1.330000 69.656887 
1.425000 79.153311 
1.520000 82.951880 
1.615000 88.649734 
1.710000 90.549019 
1.805000 107.642581 
1.900000 115.239719 
1.995000 122.836858 
2.090000 128.534712 
2.185000 141.829705 
2.280000 145.628274 
2.375000 164.621120 
2.470000 179.815398 
2.435000 185.513252 
2.340000 195.009675 
2.245000 206.405383 
2.150000 206.405383 
2.055000 200.707529 
1.960000 198.808244 
1.865000 206.405383 
1.770000 204.506098 
1.675000 212.103237 
1.580000 206.405383 
1.485000 198.808244 
1.390000 217.801091 
1.295000 215.901806 
1.200000 214.002522 
1.105000 200.707529 
1.010000 193.110390 
0.915000 196.908960 
0.820000 195.009675 
0.725000 187.412536 
0.630000 181.714682 
0.535000 172.218259 
0.440000 174.117544 
0.345000 164.621120 
0.250000 164.621120 
0.155000 155.124697 
0.060000 153.225412 
-0.035000 157.023982 
-0.130000 141.829705 
-0.225000 132.333281 
-0.320000 126.635427 
-0.415000 109.541865 
-0.510000 94.347588 
-0.605000 67.757603 
-0.700000 6.980493 
-0.795000 -21.508777 
-0.890000 -21.508777 
-0.985000 -40.501623 
-1.080000 -51.897331 
-1.175000 -67.091609 
-1.270000 -72.789462 
-1.365000 -84.185170 
-1.460000 -82.285886 
-1.555000 -84.185170 
-1.650000 -97.480163 
-1.745000 -105.077302 
-1.840000 -114.573725 
-1.935000 -118.372294 
-2.030000 -124.070148 
-2.125000 -143.062995 
-2.220000 -143.062995 
-2.315000 -150.660134 
-2.410000 -171.552265 
-2.495000 -181.048688 
-2.400000 -190.545112 
-2.305000 -192.444396 
-2.210000 -201.940820 
-2.115000 -211.437243 
-2.020000 -209.537958 
-1.925000 -213.336528 
-1.830000 -211.437243 
-1.735000 -205.739389 
-1.640000 -213.336528 
-1.545000 -211.437243 
-1.450000 -207.638674 
-1.355000 -213.336528 
-1.260000 -213.336528 
-1.165000 -211.437243 
-1.070000 -205.739389 
-0.975000 -200.041535 
-0.880000 -200.041535 
-0.785000 -201.940820 
-0.690000 -194.343681 
-0.595000 -190.545112 
-0.500000 -190.545112 
-0.405000 -184.847258 
-0.310000 -182.947973 
-0.215000 -169.652980 
-0.120000 -173.451550 
-0.025000 -165.854411 
0.070000 -156.357988 
0.165000 -148.760849 
0.260000 -93.681594 
0.355000 -59.494470 
0.450000 -32.904485 
0.545000 -13.911638 
0.640000 12.678347 
0.735000 8.879778 
0.830000 27.872625 
0.925000 33.570479 
1.020000 46.865471 
1.115000 50.664041 
1.210000 60.160464 
1.305000 73.455457 
1.400000 69.656887 
1.495000 82.951880 
1.590000 81.052595 
1.685000 92.448303 
1.780000 98.146157 
1.875000 117.139004 
1.970000 124.736143 
2.065000 143.728989 
2.160000 139.930420 
2.255000 151.326128 
2.350000 158.923266 
2.445000 185.513252 
2.460000 172.218259 
2.365000 185.513252 
2.270000 200.707529 
2.175000 196.908960 
2.080000 198.808244 
1.985000 204.506098 
1.890000 206.405383 
1.795000 202.606814 
1.700000 214.002522 
1.605000 208.304668 
1.510000 206.405383 
1.415000 225.398230 
1.320000 210.203952 
1.225000 204.506098 
1.130000 208.304668 
1.035000 202.606814 
0.940000 196.908960 
0.845000 204.506098 
0.750000 176.016828 
0.655000 179.815398 
0.560000 191.211106 
0.465000 181.714682 
0.370000 179.815398 
0.275000 181.714682 
0.180000 153.225412 
0.085000 160.822551 
-0.010000 160.822551 
-0.105000 153.225412 
-0.200000 130.433997 
-0.295000 122.836858 
-0.390000 119.038289 
-0.485000 103.844011 
-0.580000 71.556172 
-0.675000 22.174771 
-0.770000 -8.213784 
-0.865000 -17.710207 
-0.960000 -34.803769 
-1.055000 -48.098762 
-1.150000 -68.990893 
-1.245000 -72.789462 
-1.340000 -86.084455 
-1.435000 -89.883024 
-1.530000 -82.285886 
-1.625000 -93.681594 
-1.720000 -99.379448 
-1.815000 -105.077302 
-1.910000 -120.271579 
-2.005000 -127.868718 
-2.100000 -133.566572 
-2.195000 -150.660134 
-2.290000 -150.660134 
-2.385000 -165.854411 
-2.480000 -188.645827 
-2.425000 -198.142250 
-2.330000 -200.041535 
-2.235000 -203.840104 
-2.140000 -209.537958 
-2.045000 -203.840104 
-1.950000 -209.537958 
-1.855000 -209.537958 
-1.760000 -209.537958 
-1.665000 -205.739389 
-1.570000 -222.832951 
-1.475000 -203.840104 
-1.380000 -213.336528 
-1.285000 -205.739389 
-1.190000 -207.638674 
-1.095000 -203.840104 
-1.000000 -198.142250 
-0.905000 -203.840104 
-0.810000 -200.041535 
-0.715000 -200.041535 
-0.620000 -194.343681 
-0.525000 -196.242966 
-0.430000 -192.444396 
-0.335000 -192.444396 
-0.240000 -184.847258 
-0.145000 -173.451550 
-0.050000 -163.955126 
0.045000 -162.055842 
0.140000 -143.062995 
0.235000 -141.163710 
0.330000 -125.969433 
0.425000 -82.285886 
0.520000 -46.199477 
0.615000 -19.609492 
0.710000 14.577632 
0.805000 22.174771 
0.900000 29.771909 
0.995000 43.066902 
1.090000 52.563325 
1.185000 52.563325 
1.280000 65.858318 
1.375000 67.757603 
1.470000 79.153311 
1.565000 84.851165 
1.660000 88.649734 
1.755000 103.844011 
1.850000 107.642581 
1.945000 120.937573 
2.040000 130.433997 
2.135000 134.232566 
2.230000 147.527558 
2.325000 155.124697 
2.420000 168.419690 
2.485000 183.613967 
2.390000 179.815398 
2.295000 195.009675 
2.200000 204.506098 
2.105000 208.304668 
2.010000 196.908960 
1.915000 217.801091 
1.820000 214.002522 
1.725000 214.002522 
1.630000 206.405383 
1.535000 204.506098 
1.440000 206.405383 
1.345000 217.801091 
1.250000 206.405383 
1.155000 206.405383 
1.060000 196.908960 
0.965000 196.908960 
0.870000 196.908960 
0.775000 191.211106 
0.680000 187.412536 
0.585000 189.311821 
0.490000 179.815398 
0.395000 174.117544 
0.300000 177.916113 
0.205000 172.218259 
0.110000 160.822551 
0.015000 151.326128 
-0.080000 149.426843 
-0.175000 141.829705 
-0.270000 126.635427 
-0.365000 122.836858 
-0.460000 113.340435 
-0.555000 103.844011 
-0.650000 60.160464 
-0.745000 6.980493 
-0.840000 -8.213784 
-0.935000 -23.408061 
-1.030000 -40.501623 
-1.125000 -51.897331 
-1.220000 -74.688747 
-1.315000 -76.588032 
-1.410000 -80.386601 
-1.505000 -89.883024 
-1.600000 -93.681594 
-1.695000 -101.278732 
-1.790000 -103.178017 
-1.885000 -116.473010 
-1.980000 -124.070148 
-2.075000 -124.070148 
-2.170000 -144.962280 
-2.265000 -152.559418 
-2.360000 -158.257272 
-2.455000 -175.350834 
-2.450000 -190.545112 
-2.355000 -190.545112 
-2.260000 -194.343681 
-2.165000 -205.739389 
-2.070000 -209.537958 
-1.975000 -215.235812 
-1.880000 -213.336528 
-1.785000 -207.638674 
-1.690000 -209.537958 
-1.595000 -211.437243 
-1.500000 -209.537958 
-1.405000 -211.437243 
-1.310000 -209.537958 
-1.215000 -209.537958 
-1.120000 -209.537958 
-1.025000 -203.840104 
-0.930000 -203.840104 
-0.835000 -203.840104 
-0.740000 -196.242966 
-0.645000 -198.142250 
-0.550000 -192.444396 
-0.455000 -209.537958 
-0.360000 -181.048688 
-0.265000 -179.149404 
-0.170000 -182.947973 
-0.075000 -171.552265 
0.020000 -163.955126 
0.115000 -156.357988 
0.210000 -133.566572 
0.305000 -84.185170 
0.400000 -51.897331 
0.495000 -21.508777 
0.590000 16.476917 
0.685000 14.577632 
0.780000 31.671194 
0.875000 35.469763 
0.970000 39.268333 
1.065000 44.966187 
1.160000 60.160464 
1.255000 65.858318 
1.350000 62.059749 
1.445000 77.254026 
1.540000 86.750449 
1.635000 82.951880 
1.730000 94.347588 
1.825000 103.844011 
1.920000 115.239719 
2.015000 130.433997 
2.110000 139.930420 
2.205000 145.628274 
2.300000 155.124697 
2.395000 179.815398 
2.490000 168.419690 
2.415000 187.412536 
2.320000 196.908960 
2.225000 204.506098 
2.130000 198.808244 
2.035000 204.506098 
1.940000 214.002522 
1.845000 204.506098 
1.750000 208.304668 
1.655000 212.103237 
1.560000 208.304668 
1.465000 215.901806 
1.370000 217.801091 
1.275000 214.002522 
1.180000 204.506098 
1.085000 195.009675 
0.990000 198.808244 
0.895000 198.808244 
0.800000 195.009675 
0.705000 183.613967 
0.610000 191.211106 
0.515000 183.613967 
0.420000 179.815398 
0.325000 176.016828 
0.230000 160.822551 
0.135000 162.721836 
0.040000 153.225412 
-0.055000 149.426843 
-0.150000 141.829705 
-0.245000 132.333281 
-0.340000 124.736143 
-0.435000 107.642581 
-0.530000 100.045442 
-0.625000 60.160464 
-0.720000 8.879778 
-0.815000 -12.012353 
-0.910000 -27.206631 
-1.005000 -40.501623 
-1.100000 -51.897331 
-1.195000 -68.990893 
-1.290000 -76.588032 
-1.385000 -78.487316 
-1.480000 -87.983740 
-1.575000 -89.883024 
-1.670000 -101.278732 
-1.765000 -110.775156 
-1.860000 -108.875871 
-1.955000 -122.170864 
-2.050000 -133.566572 
-2.145000 -143.062995 
-2.240000 -146.861564 
-2.335000 -160.156557 
-2.430000 -175.350834 
-2.475000 -188.645827 
-2.380000 -194.343681 
-2.285000 -200.041535 
-2.190000 -209.537958 
-2.095000 -213.336528 
-2.000000 -211.437243 
-1.905000 -205.739389 
-1.810000 -209.537958 
-1.715000 -209.537958 
-1.620000 -207.638674 
-1.525000 -209.537958 
-1.430000 -211.437243 
-1.335000 -198.142250 
-1.240000 -213.336528 
-1.145000 -211.437243 
-1.050000 -207.638674 
-0.955000 -196.242966 
-0.860000 -196.242966 
-0.765000 -194.343681 
-0.670000 -190.545112 
-0.575000 -196.242966 
-0.480000 -188.645827 
-0.385000 -186.746542 
-0.290000 -182.947973 
-0.195000 -181.048688 
-0.100000 -173.451550 
-0.005000 -165.854411 
0.090000 -158.257272 
0.185000 -127.868718 
0.280000 -97.480163 
0.375000 -59.494470 
0.470000 -32.904485 
0.565000 -12.012353 
0.660000 18.376201 
0.755000 20.275486 
0.850000 33.570479 
0.945000 33.570479 
1.040000 48.764756 
1.135000 60.160464 
1.230000 69.656887 
1.325000 60.160464 
1.420000 71.556172 
1.515000 84.851165 
1.610000 75.354741 
1.705000 92.448303 
1.800000 109.541865 
1.895000 115.239719 
1.990000 124.736143 
2.085000 130.433997 
2.180000 143.728989 
2.275000 155.124697 
2.370000 168.419690 
2.465000 166.520405 
2.440000 183.613967 
2.345000 193.110390 
2.250000 200.707529 
2.155000 183.613967 
2.060000 200.707529 
1.965000 214.002522 
1.870000 206.405383 
1.775000 214.002522 
1.680000 214.002522 
1.585000 206.405383 
1.490000 229.196799 
1.395000 217.801091 
1.300000 210.203952 
1.205000 206.405383 
1.110000 198.808244 
1.015000 196.908960 
0.920000 193.110390 
0.825000 196.908960 
0.730000 189.311821 
0.635000 191.211106 
0.540000 195.009675 
0.445000 172.218259 
0.350000 177.916113 
0.255000 170.318974 
0.160000 160.822551 
0.065000 162.721836 
-0.030000 155.124697 
-0.125000 139.930420 
-0.220000 134.232566 
-0.315000 124.736143 
-0.410000 122.836858 
-0.505000 103.844011 
-0.600000 63.959033 
-0.695000 5.081209 
-0.790000 -13.911638 
-0.885000 -19.609492 
-0.980000 -38.602339 
-1.075000 -53.796616 
-1.170000 -68.990893 
-1.265000 -76.588032 
-1.360000 -87.983740 
-1.455000 -78.487316 
-1.550000 -93.681594 
-1.645000 -89.883024 
-1.740000 -93.681594 
-1.835000 -112.674440 
-1.930000 -120.271579 
-2.025000 -125.969433 
-2.120000 -143.062995 
-2.215000 -152.559418 
-2.310000 -152.559418 
-2.405000 -171.552265 
-2.500000 -188.645827 
-2.405000 -188.645827 
-2.310000 -192.444396 
-2.215000 -200.041535 
-2.120000 -203.840104 
-2.025000 -209.537958 
-1.930000 -209.537958 
-1.835000 -209.537958 
-1.740000 -203.840104 
-1.645000 -211.437243 
-1.550000 -213.336528 
-1.455000 -215.235812 
-1.360000 -209.537958 
-1.265000 -207.638674 
-1.170000 -207.638674 
-1.075000 -203.840104 
-0.980000 -203.840104 
-0.885000 -198.142250 
-0.790000 -188.645827 
-0.695000 -192.444396 
-0.600000 -184.847258 
-0.505000 -188.645827 
-0.410000 -182.947973 
-0.315000 -182.947973 
-0.220000 -179.149404 
-0.125000 -173.451550 
-0.030000 -171.552265 
0.065000 -156.357988 
0.160000 -129.768002 
0.255000 -105.077302 
0.350000 -67.091609 
0.445000 -38.602339 
0.540000 -8.213784 
0.635000 5.081209 
0.730000 20.275486 
0.825000 20.275486 
0.920000 33.570479 
1.015000 46.865471 
1.110000 46.865471 
1.205000 52.563325 
1.300000 65.858318 
1.395000 71.556172 
1.490000 75.354741 
1.585000 84.851165 
1.680000 98.146157 
1.775000 105.743296 
1.870000 115.239719 
1.965000 115.239719 
2.060000 134.232566 
2.155000 138.031135 
2.250000 151.326128 
2.345000 153.225412 
2.440000 176.016828 
2.465000 179.815398 
2.370000 189.311821 
2.275000 193.110390 
2.180000 195.009675 
2.085000 210.203952 
1.990000 202.606814 
1.895000 208.304668 
1.800000 210.203952 
1.705000 204.506098 
1.610000 210.203952 
1.515000 221.599660 
1.420000 210.203952 
1.325000 204.506098 
1.230000 200.707529 
1.135000 204.506098 
1.040000 202.606814 
0.945000 206.405383 
0.850000 198.808244 
0.755000 187.412536 
0.660000 195.009675 
0.565000 187.412536 
0.470000 183.613967 
0.375000 174.117544 
0.280000 166.520405 
0.185000 160.822551 
0.090000 168.419690 
-0.005000 160.822551 
-0.100000 153.225412 
-0.195000 138.031135 
-0.290000 122.836858 
-0.385000 117.139004 
-0.480000 100.045442 
-0.575000 71.556172 
-0.670000 10.779063 
-0.765000 -15.810923 
-0.860000 -19.609492 
-0.955000 -32.904485 
-1.050000 -48.098762 
-1.145000 -53.796616 
-1.240000 -70.890178 
-1.335000 -80.386601 
-1.430000 -84.185170 
-1.525000 -93.681594 
-1.620000 -99.379448 
-1.715000 -106.976586 
-1.810000 -110.775156 
-1.905000 -118.372294 
-2.000000 -118.372294 
-2.095000 -124.070148 
-2.190000 -146.861564 
-2.285000 -158.257272 
-2.380000 -160.156557 
-2.475000 -167.753696 
-2.430000 -186.746542 
-2.335000 -196.242966 
-2.240000 -196.242966 
-2.145000 -192.444396 
-2.050000 -203.840104 
-1.955000 -200.041535 
-1.860000 -209.537958 
-1.765000 -201.940820 
-1.670000 -198.142250 
-1.575000 -203.840104 
-1.480000 -213.336528 
-1.385000 -207.638674 
-1.290000 -211.437243 
-1.195000 -209.537958 
-1.100000 -205.739389 
-1.005000 -200.041535 
-0.910000 -201.940820 
-0.815000 -198.142250 
-0.720000 -186.746542 
-0.625000 -192.444396 
-0.530000 -188.645827 
-0.435000 -188.645827 
-0.340000 -184.847258 
-0.245000 -181.048688 
-0.150000 -175.350834 
-0.055000 -163.955126 
0.040000 -160.156557 
0.135000 -135.465856 
0.230000 -133.566572 
0.325000 -120.271579 
0.420000 -80.386601 
0.515000 -51.897331 
0.610000 -17.710207 
0.705000 6.980493 
0.800000 16.476917 
0.895000 29.771909 
0.990000 43.066902 
1.085000 46.865471 
1.180000 58.261179 
1.275000 58.261179 
1.370000 73.455457 
1.465000 77.254026 
1.560000 81.052595 
1.655000 92.448303 
1.750000 96.246873 
1.845000 109.541865 
1.940000 115.239719 
2.035000 120.937573 
2.130000 136.131851 
2.225000 143.728989 
2.320000 168.419690 
2.415000 177.916113 
2.490000 183.613967 
2.395000 187.412536 
2.300000 191.211106 
2.205000 195.009675 
2.110000 187.412536 
2.015000 206.405383 
1.920000 204.506098 
1.825000 212.103237 
1.730000 210.203952 
1.635000 204.506098 
1.540000 214.002522 
1.445000 212.103237 
1.350000 212.103237 
1.255000 206.405383 
1.160000 195.009675 
1.065000 198.808244 
0.970000 202.606814 
0.875000 198.808244 
0.780000 189.311821 
0.685000 191.211106 
0.590000 193.110390 
0.495000 181.714682 
0.400000 176.016828 
0.305000 166.520405 
0.210000 158.923266 
0.115000 155.124697 
0.020000 153.225412 
-0.075000 145.628274 
-0.170000 141.829705 
-0.265000 134.232566 
-0.360000 120.937573 
-0.455000 98.146157 
-0.550000 58.261179 
-0.645000 8.879778 
-0.740000 -19.609492 
-0.835000 -29.105915 
-0.930000 -36.703054 
-1.025000 -59.494470 
-1.120000 -63.293039 
-1.215000 -67.091609 
-1.310000 -70.890178 
-1.405000 -87.983740 
-1.500000 -82.285886 
-1.595000 -99.379448 
-1.690000 -105.077302 
-1.785000 -103.178017 
-1.880000 -116.473010 
-1.975000 -122.170864 
-2.070000 -137.365141 
-2.165000 -144.962280 
-2.260000 -154.458703 
-2.355000 -158.257272 
-2.450000 -173.451550 
-2.455000 -192.444396 
-2.360000 -188.645827 
-2.265000 -198.142250 
-2.170000 -198.142250 
-2.075000 -205.739389 
-1.980000 -207.638674 
-1.885000 -211.437243 
-1.790000 -203.840104 
-1.695000 -205.739389 
-1.600000 -211.437243 
-1.505000 -207.638674 
-1.410000 -211.437243 
-1.315000 -219.034382 
-1.220000 -209.537958 
-1.125000 -209.537958 
-1.030000 -203.840104 
-0.935000 -205.739389 
-0.840000 -203.840104 
-0.745000 -200.041535 
-0.650000 -196.242966 
-0.555000 -186.746542 
-0.460000 -182.947973 
-0.365000 -181.048688 
-0.270000 -184.847258 
-0.175000 -177.250119 
-0.080000 -162.055842 
0.015000 -158.257272 
0.110000 -137.365141 
0.205000 -127.868718 
0.300000 -127.868718 
0.395000 -84.185170 
0.490000 -40.501623 
0.585000 -21.508777 
0.680000 1.282639 
0.775000 16.476917 
0.870000 29.771909 
0.965000 33.570479 
1.060000 46.865471 
1.155000 37.369048 
1.250000 56.361895 
1.345000 69.656887 
1.440000 75.354741 
1.535000 82.951880 
1.630000 82.951880 
1.725000 86.750449 
1.820000 100.045442 
1.915000 124.736143 
2.010000 120.937573 
2.105000 130.433997 
2.200000 139.930420 
2.295000 145.628274 
2.390000 164.621120 
2.485000 181.714682 
2.420000 177.916113 
2.325000 195.009675 
2.230000 196.908960 
2.135000 202.606814 
2.040000 195.009675 
1.945000 214.002522 
1.850000 214.002522 
1.755000 210.203952 
1.660000 206.405383 
1.565000 206.405383 
1.470000 214.002522 
1.375000 221.599660 
1.280000 202.606814 
1.185000 206.405383 
1.090000 198.808244 
0.995000 195.009675 
0.900000 191.211106 
0.805000 198.808244 
0.710000 179.815398 
0.615000 183.613967 
0.520000 181.714682 
0.425000 181.714682 
0.330000 170.318974 
0.235000 170.318974 
0.140000 160.822551 
0.045000 151.326128 
-0.050000 149.426843 
-0.145000 139.930420 
-0.240000 126.635427 
-0.335000 122.836858 
-0.430000 113.340435 
-0.525000 96.246873 
-0.620000 62.059749 
-0.715000 8.879778 
-0.810000 -8.213784 
-0.905000 -21.508777 
-1.000000 -34.803769 
-1.095000 -59.494470 
-1.190000 -67.091609 
-1.285000 -68.990893 
-1.380000 -86.084455 
-1.475000 -91.782309 
-1.570000 -93.681594 
-1.665000 -93.681594 
-1.760000 -112.674440 
-1.855000 -108.875871 
-1.950000 -122.170864 
-2.045000 -133.566572 
-2.140000 -139.264426 
-2.235000 -148.760849 
-2.330000 -156.357988 
-2.425000 -163.955126 
-2.480000 -190.545112 
-2.385000 -196.242966 
-2.290000 -192.444396 
-2.195000 -207.638674 
-2.100000 -203.840104 
-2.005000 -203.840104 
-1.910000 -203.840104 
-1.815000 -203.840104 
-1.720000 -207.638674 
-1.625000 -207.638674 
-1.530000 -209.537958 
-1.435000 -205.739389 
-1.340000 -211.437243 
-1.245000 -211.437243 
-1.150000 -203.840104 
-1.055000 -207.638674 
-0.960000 -196.242966 
-0.865000 -196.242966 
-0.770000 -201.940820 
-0.675000 -194.343681 
-0.580000 -186.746542 
-0.485000 -181.048688 
-0.390000 -181.048688 
-0.295000 -182.947973 
-0.200000 -175.350834 
-0.105000 -171.552265 
-0.010000 -165.854411 
0.085000 -156.357988 
0.180000 -139.264426 
0.275000 -108.875871 
0.370000 -63.293039 
0.465000 -61.393755 
0.560000 -8.213784 
0.655000 12.678347 
0.750000 25.973340 
0.845000 31.671194 
0.940000 39.268333 
1.035000 46.865471 
1.130000 58.261179 
1.225000 67.757603 
1.320000 69.656887 
1.415000 71.556172 
1.510000 75.354741 
1.605000 90.549019 
1.700000 92.448303 
1.795000 113.340435 
1.890000 107.642581 
1.985000 126.635427 
2.080000 138.031135 
2.175000 141.829705 
2.270000 143.728989 
2.365000 168.419690 
2.460000 177.916113 
2.445000 183.613967 
2.350000 185.513252 
2.255000 196.908960 
2.160000 196.908960 
2.065000 196.908960 
1.970000 217.801091 
1.875000 208.304668 
1.780000 210.203952 
1.685000 214.002522 
1.590000 206.405383 
1.495000 221.599660 
1.400000 214.002522 
1.305000 204.506098 
1.210000 206.405383 
1.115000 196.908960 
1.020000 195.009675 
0.925000 200.707529 
0.830000 196.908960 
0.735000 191.211106 
0.640000 185.513252 
0.545000 187.412536 
0.450000 176.016828 
0.355000 179.815398 
0.260000 164.621120 
0.165000 157.023982 
0.070000 164.621120 
-0.025000 147.527558 
-0.120000 139.930420 
-0.215000 134.232566 
-0.310000 122.836858 
-0.405000 111.441150 
-0.500000 103.844011 
-0.595000 69.656887 
-0.690000 18.376201 
-0.785000 -17.710207 
-0.880000 -25.307346 
-0.975000 -36.703054 
-1.070000 -46.199477 
-1.165000 -59.494470 
-1.260000 -65.192324 
-1.355000 -72.789462 
-1.450000 -84.185170 
-1.545000 -86.084455 
-1.640000 -101.278732 
-1.735000 -99.379448 
-1.830000 -106.976586 
-1.925000 -112.674440 
-2.020000 -133.566572 
-2.115000 -141.163710 
-2.210000 -143.062995 
-2.305000 -158.257272 
-2.400000 -163.955126 
-2.495000 -175.350834 
-2.410000 -192.444396 
-2.315000 -194.343681 
-2.220000 -196.242966 
-2.125000 -211.437243 
-2.030000 -209.537958 
-1.935000 -211.437243 
-1.840000 -203.840104 
-1.745000 -213.336528 
-1.650000 -213.336528 
-1.555000 -211.437243 
-1.460000 -215.235812 
-1.365000 -209.537958 
-1.270000 -215.235812 
-1.175000 -203.840104 
-1.080000 -190.545112 
-0.985000 -203.840104 
-0.890000 -201.940820 
-0.795000 -196.242966 
-0.700000 -196.242966 
-0.605000 -188.645827 
-0.510000 -184.847258 
-0.415000 -188.645827 
-0.320000 -181.048688 
-0.225000 -181.048688 
-0.130000 -179.149404 
-0.035000 -160.156557 
0.060000 -160.156557 
0.155000 -137.365141 
0.250000 -95.580878 
0.345000 -67.091609 
0.440000 -44.300193 
0.535000 -15.810923 
0.630000 12.678347 
0.725000 31.671194 
0.820000 22.174771 
0.915000 41.167617 
1.010000 43.066902 
1.105000 50.664041 
1.200000 58.261179 
1.295000 73.455457 
1.390000 73.455457 
1.485000 77.254026 
1.580000 84.851165 
1.675000 96.246873 
1.770000 100.045442 
1.865000 119.038289 
1.960000 115.239719 
2.055000 143.728989 
2.150000 136.131851 
2.245000 143.728989 
2.340000 164.621120 
2.435000 158.923266 
2.470000 174.117544 
2.375000 183.613967 
2.280000 189.311821 
2.185000 191.211106 
2.090000 195.009675 
1.995000 210.203952 
1.900000 206.405383 
1.805000 214.002522 
1.710000 210.203952 
1.615000 202.606814 
1.520000 215.901806 
1.425000 214.002522 
1.330000 208.304668 
1.235000 202.606814 
1.140000 198.808244 
1.045000 198.808244 
0.950000 196.908960 
0.855000 196.908960 
0.760000 191.211106 
0.665000 189.311821 
0.570000 181.714682 
0.475000 174.117544 
0.380000 174.117544 
0.285000 172.218259 
0.190000 160.822551 
0.095000 160.822551 
-0.000000 155.124697 
-0.095000 147.527558 
-0.190000 138.031135 
-0.285000 128.534712 
-0.380000 113.340435 
-0.475000 105.743296 
-0.570000 98.146157 
-0.665000 62.059749 
-0.760000 5.081209 
-0.855000 -19.609492 
-0.950000 -29.105915 
-1.045000 -44.300193 
-1.140000 -63.293039 
-1.235000 -68.990893 
-1.330000 -82.285886 
-1.425000 -86.084455 
-1.520000 -86.084455 
-1.615000 -93.681594 
-1.710000 -99.379448 
-1.805000 -105.077302 
-1.900000 -120.271579 
-1.995000 -118.372294 
-2.090000 -131.667287 
-2.185000 -139.264426 
-2.280000 -152.559418 
-2.375000 -167.753696 
-2.470000 -203.840104 
-2.435000 -186.746542 
-2.340000 -203.840104 
-2.245000 -198.142250 
-2.150000 -203.840104 
-2.055000 -209.537958 
-1.960000 -211.437243 
-1.865000 -215.235812 
-1.770000 -203.840104 
-1.675000 -207.638674 
-1.580000 -203.840104 
-1.485000 -207.638674 
-1.390000 -203.840104 
-1.295000 -203.840104 
-1.200000 -203.840104 
-1.105000 -205.739389 
-1.010000 -203.840104 
-0.915000 -194.343681 
-0.820000 -194.343681 
-0.725000 -188.645827 
-0.630000 -190.545112 
-0.535000 -188.645827 
-0.440000 -184.847258 
-0.345000 -179.149404 
-0.250000 -171.552265 
-0.155000 -181.048688 
-0.060000 -169.652980 
0.035000 -165.854411 
0.130000 -148.760849 
0.225000 -144.962280 
0.320000 -118.372294 
0.415000 -89.883024 
0.510000 -49.998047 
0.605000 -12.012353 
0.700000 -38.602339 
0.795000 20.275486 
0.890000 33.570479 
0.985000 33.570479 
1.080000 46.865471 
1.175000 60.160464 
1.270000 24.074055 
1.365000 62.059749 
1.460000 75.354741 
1.555000 44.966187 
1.650000 88.649734 
1.745000 98.146157 
1.840000 100.045442 
1.935000 119.038289 
2.030000 122.836858 
2.125000 128.534712 
2.220000 139.930420 
2.315000 166.520405 
2.410000 164.621120 
2.495000 170.318974 
2.400000 195.009675 
2.305000 195.009675 
2.210000 195.009675 
2.115000 191.211106 
2.020000 208.304668 
1.925000 210.203952 
1.830000 202.606814 
1.735000 214.002522 
1.640000 208.304668 
1.545000 210.203952 
1.450000 215.901806 
1.355000 214.002522 
1.260000 204.506098 
1.165000 198.808244 
1.070000 181.714682 
0.975000 200.707529 
0.880000 198.808244 
0.785000 185.513252 
0.690000 187.412536 
0.595000 189.311821 
0.500000 181.714682 
0.405000 174.117544 
0.310000 177.916113 
0.215000 166.520405 
0.120000 158.923266 
0.025000 149.426843 
-0.070000 153.225412 
-0.165000 134.232566 
-0.260000 134.232566 
-0.355000 120.937573 
-0.450000 107.642581 
-0.545000 100.045442 
-0.640000 54.462610 
-0.735000 3.181924 
-0.830000 -8.213784 
-0.925000 -27.206631 
-1.020000 -38.602339 
-1.115000 -57.595185 
-1.210000 -76.588032 
-1.305000 -72.789462 
-1.400000 -84.185170 
-1.495000 -91.782309 
-1.590000 -91.782309 
-1.685000 -105.077302 
-1.780000 -105.077302 
-1.875000 -112.674440 
-1.970000 -122.170864 
-2.065000 -135.465856 
-2.160000 -137.365141 
-2.255000 -148.760849 
-2.350000 -162.055842 
-2.445000 -167.753696 
-2.460000 -186.746542 
-2.365000 -200.041535 
-2.270000 -203.840104 
-2.175000 -198.142250 
-2.080000 -200.041535 
-1.985000 -201.940820 
-1.890000 -205.739389 
-1.795000 -198.142250 
-1.700000 -211.437243 
-1.605000 -207.638674 
-1.510000 -209.537958 
-1.415000 -211.437243 
-1.320000 -219.034382 
-1.225000 -203.840104 
-1.130000 -209.537958 
-1.035000 -211.437243 
-0.940000 -192.444396 
-0.845000 -198.142250 
-0.750000 -196.242966 
-0.655000 -181.048688 
-0.560000 -190.545112 
-0.465000 -192.444396 
-0.370000 -184.847258 
-0.275000 -179.149404 
-0.180000 -173.451550 
-0.085000 -169.652980 
0.010000 -158.257272 
0.105000 -148.760849 
0.200000 -150.660134 
0.295000 -143.062995 
0.390000 -143.062995 
0.485000 -116.473010 
0.580000 -38.602339 
0.675000 -29.105915 
0.770000 6.980493 
0.865000 22.174771 
0.960000 -8.213784 
1.055000 41.167617 
1.150000 44.966187 
1.245000 63.959033 
1.340000 60.160464 
1.435000 77.254026 
1.530000 86.750449 
1.625000 94.347588 
1.720000 92.448303 
1.815000 109.541865 
1.910000 109.541865 
2.005000 124.736143 
2.100000 132.333281 
2.195000 136.131851 
2.290000 145.628274 
2.385000 162.721836 
2.480000 174.117544 
2.425000 183.613967 
2.330000 187.412536 
2.235000 208.304668 
2.140000 206.405383 
2.045000 204.506098 
1.950000 200.707529 
1.855000 214.002522 
1.760000 210.203952 
1.665000 208.304668 
1.570000 200.707529 
1.475000 206.405383 
1.380000 204.506098 
1.285000 206.405383 
1.190000 200.707529 
1.095000 196.908960 
1.000000 196.908960 
0.905000 204.506098 
0.810000 195.009675 
0.715000 191.211106 
0.620000 179.815398 
0.525000 181.714682 
0.430000 181.714682 
0.335000 174.117544 
0.240000 172.218259 
0.145000 157.023982 
0.050000 153.225412 
-0.045000 147.527558 
-0.140000 136.131851 
-0.235000 126.635427 
-0.330000 119.038289 
-0.425000 113.340435 
-0.520000 94.347588 
-0.615000 67.757603 
-0.710000 16.476917 
-0.805000 -25.307346 
-0.900000 -21.508777 
-0.995000 -32.904485 
-1.090000 -59.494470 
-1.185000 -65.192324 
-1.280000 -68.990893 
-1.375000 -86.084455 
-1.470000 -84.185170 
-1.565000 -89.883024 
-1.660000 -97.480163 
-1.755000 -97.480163 
-1.850000 -116.473010 
-1.945000 -124.070148 
-2.040000 -133.566572 
-2.135000 -131.667287 
-2.230000 -143.062995 
-2.325000 -160.156557 
-2.420000 -167.753696 
-2.485000 -177.250119 
-2.390000 -190.545112 
-2.295000 -188.645827 
-2.200000 -200.041535 
-2.105000 -209.537958 
-2.010000 -205.739389 
-1.915000 -205.739389 
-1.820000 -207.638674 
-1.725000 -201.940820 
-1.630000 -205.739389 
-1.535000 -207.638674 
-1.440000 -215.235812 
-1.345000 -203.840104 
-1.250000 -205.739389 
-1.155000 -211.437243 
-1.060000 -200.041535 
-0.965000 -201.940820 
-0.870000 -198.142250 
-0.775000 -190.545112 
-0.680000 -182.947973 
-0.585000 -184.847258 
-0.490000 -182.947973 
-0.395000 -184.847258 
-0.300000 -186.746542 
-0.205000 -182.947973 
-0.110000 -175.350834 
-0.015000 -173.451550 
0.080000 -160.156557 
0.175000 -146.861564 
0.270000 -108.875871 
0.365000 -70.890178 
0.460000 -21.508777 
0.555000 -12.012353 
0.650000 8.879778 
0.745000 18.376201 
0.840000 29.771909 
0.935000 37.369048 
1.030000 46.865471 
1.125000 58.261179 
1.220000 77.254026 
1.315000 63.959033 
1.410000 71.556172 
1.505000 88.649734 
1.600000 82.951880 
1.695000 94.347588 
1.790000 107.642581 
1.885000 109.541865 
1.980000 119.038289 
2.075000 136.131851 
2.170000 139.930420 
2.265000 143.728989 
2.360000 155.124697 
2.455000 185.513252 
2.450000 176.016828 
2.355000 181.714682 
2.260000 193.110390 
2.165000 191.211106 
2.070000 191.211106 
1.975000 204.506098 
1.880000 217.801091 
1.785000 200.707529 
1.690000 212.103237 
1.595000 204.506098 
1.500000 204.506098 
1.405000 212.103237 
1.310000 214.002522 
1.215000 210.203952 
1.120000 193.110390 
1.025000 189.311821 
0.930000 189.311821 
0.835000 195.009675 
0.740000 189.311821 
0.645000 183.613967 
0.550000 176.016828 
0.455000 183.613967 
0.360000 168.419690 
0.265000 162.721836 
0.170000 164.621120 
0.075000 149.426843 
-0.020000 145.628274 
-0.115000 139.930420 
-0.210000 130.433997 
-0.305000 124.736143 
-0.400000 107.642581 
-0.495000 98.146157 
-0.590000 60.160464 
-0.685000 14.577632 
-0.780000 -10.113069 
-0.875000 -19.609492 
-0.970000 -27.206631 
-1.065000 -48.098762 
-1.160000 -63.293039 
-1.255000 -68.990893 
-1.350000 -82.285886 
-1.445000 -82.285886 
-1.540000 -84.185170 
-1.635000 -91.782309 
-1.730000 -97.480163 
-1.825000 -105.077302 
-1.920000 -112.674440 
-2.015000 -120.271579 
-2.110000 -131.667287 
-2.205000 -141.163710 
-2.300000 -150.660134 
-2.395000 -162.055842 
-2.490000 -175.350834 
-2.415000 -182.947973 
-2.320000 -186.746542 
-2.225000 -198.142250 
-2.130000 -196.242966 
-2.035000 -205.739389 
-1.940000 -203.840104 
-1.845000 -203.840104 
-1.750000 -196.242966 
-1.655000 -205.739389 
-1.560000 -209.537958 
-1.465000 -205.739389 
-1.370000 -215.235812 
-1.275000 -211.437243 
-1.180000 -201.940820 
-1.085000 -205.739389 
-0.990000 -201.940820 
-0.895000 -198.142250 
-0.800000 -196.242966 
-0.705000 -192.444396 
-0.610000 -196.242966 
-0.515000 -181.048688 
-0.420000 -186.746542 
-0.325000 -182.947973 
-0.230000 -175.350834 
-0.135000 -175.350834 
-0.040000 -165.854411 
0.055000 -154.458703 
0.150000 -139.264426 
0.245000 -105.077302 
0.340000 -63.293039 
0.435000 -27.206631 
0.530000 -10.113069 
0.625000 8.879778 
0.720000 22.174771 
0.815000 33.570479 
0.910000 35.469763 
1.005000 48.764756 
1.100000 50.664041 
1.195000 75.354741 
1.290000 69.656887 
1.385000 63.959033 
1.480000 75.354741 
1.575000 81.052595 
1.670000 84.851165 
1.765000 101.944727 
1.860000 109.541865 
1.955000 124.736143 
2.050000 122.836858 
2.145000 139.930420 
2.240000 151.326128 
2.335000 155.124697 
2.430000 174.117544 
2.475000 166.520405 
2.380000 181.714682 
2.285000 200.707529 
2.190000 193.110390 
2.095000 189.311821 
2.000000 204.506098 
1.905000 214.002522 
1.810000 200.707529 
1.715000 212.103237 
1.620000 212.103237 
1.525000 204.506098 
1.430000 215.901806 
1.335000 210.203952 
1.240000 206.405383 
1.145000 198.808244 
1.050000 191.211106 
0.955000 191.211106 
0.860000 191.211106 
0.765000 185.513252 
0.670000 181.714682 
0.575000 183.613967 
0.480000 176.016828 
0.385000 172.218259 
0.290000 166.520405 
0.195000 158.923266 
0.100000 157.023982 
0.005000 145.628274 
-0.090000 143.728989 
-0.185000 128.534712 
-0.280000 126.635427 
-0.375000 115.239719 
-0.470000 105.743296 
-0.565000 90.549019 
-0.660000 50.664041 
-0.755000 1.282639 
-0.850000 -21.508777 
-0.945000 -29.105915 
-1.040000 -34.803769 
-1.135000 -53.796616 
-1.230000 -63.293039 
-1.325000 -70.890178 
-1.420000 -78.487316 
-1.515000 -87.983740 
-1.610000 -95.580878 
-1.705000 -95.580878 
-1.800000 -101.278732 
-1.895000 -106.976586 
-1.990000 -127.868718 
-2.085000 -129.768002 
-2.180000 -135.465856 
-2.275000 -150.660134 
-2.370000 -162.055842 
-2.465000 -167.753696 
-2.440000 -190.545112 
-2.345000 -201.940820 
-2.250000 -198.142250 
-2.155000 -203.840104 
-2.060000 -207.638674 
-1.965000 -209.537958 
-1.870000 -201.940820 
-1.775000 -205.739389 
-1.680000 -203.840104 
-1.585000 -200.041535 
-1.490000 -205.739389 
-1.395000 -200.041535 
-1.300000 -203.840104 
-1.205000 -203.840104 
-1.110000 -200.041535 
-1.015000 -200.041535 
-0.920000 -194.343681 
-0.825000 -201.940820 
-0.730000 -188.645827 
-0.635000 -194.343681 
-0.540000 -181.048688 
-0.445000 -173.451550 
-0.350000 -181.048688 
-0.255000 -179.149404 
-0.160000 -173.451550 
-0.065000 -167.753696 
0.030000 -156.357988 
0.125000 -152.559418 
0.220000 -124.070148 
0.315000 -87.983740 
0.410000 -61.393755 
0.505000 -29.105915 
0.600000 -0.616645 
0.695000 12.678347 
0.790000 25.973340 
0.885000 27.872625 
0.980000 43.066902 
1.075000 52.563325 
1.170000 46.865471 
1.265000 62.059749 
1.360000 77.254026 
1.455000 69.656887 
1.550000 79.153311 
1.645000 90.549019 
1.740000 100.045442 
1.835000 122.836858 
1.930000 107.642581 
2.025000 122.836858 
2.120000 134.232566 
2.215000 145.628274 
2.310000 158.923266 
2.405000 158.923266 
2.500000 170.318974 
2.405000 183.613967 
2.310000 183.613967 
2.215000 191.211106 
2.120000 191.211106 
2.025000 204.506098 
1.930000 206.405383 
1.835000 206.405383 
1.740000 212.103237 
1.645000 204.506098 
1.550000 202.606814 
1.455000 221.599660 
1.360000 208.304668 
1.265000 204.506098 
1.170000 166.520405 
1.075000 204.506098 
0.980000 196.908960 
0.885000 193.110390 
0.790000 193.110390 
0.695000 176.016828 
0.600000 179.815398 
0.505000 179.815398 
0.410000 174.117544 
0.315000 176.016828 
0.220000 168.419690 
0.125000 164.621120 
0.030000 155.124697 
-0.065000 149.426843 
-0.160000 139.930420 
-0.255000 130.433997 
-0.350000 122.836858 
-0.445000 115.239719 
-0.540000 94.347588 
-0.635000 60.160464 
-0.730000 8.879778 
-0.825000 -10.113069 
-0.920000 -29.105915 
-1.015000 -36.703054 
-1.110000 -44.300193 
-1.205000 -72.789462 
-1.300000 -78.487316 
-1.395000 -82.285886 
-1.490000 -82.285886 
-1.585000 -89.883024 
-1.680000 -95.580878 
-1.775000 -103.178017 
-1.870000 -112.674440 
-1.965000 -118.372294 
-2.060000 -129.768002 
-2.155000 -135.465856 
-2.250000 -152.559418 
-2.345000 -156.357988 
-2.440000 -175.350834 
-2.465000 -175.350834 
-2.370000 -188.645827 
-2.275000 -200.041535 
-2.180000 -198.142250 
-2.085000 -201.940820 
-1.990000 -213.336528 
-1.895000 -201.940820 
-1.800000 -198.142250 
-1.705000 -198.142250 
-1.610000 -201.940820 
-1.515000 -205.739389 
-1.420000 -198.142250 
-1.325000 -211.437243 
-1.230000 -209.537958 
-1.135000 -200.041535 
-1.040000 -200.041535 
-0.945000 -196.242966 
-0.850000 -196.242966 
-0.755000 -192.444396 
-0.660000 -192.444396 
-0.565000 -186.746542 
-0.470000 -186.746542 
-0.375000 -182.947973 
-0.280000 -173.451550 
-0.185000 -175.350834 
-0.090000 -173.451550 
0.005000 -160.156557 
0.100000 -158.257272 
0.195000 -146.861564 
0.290000 -122.170864 
0.385000 -78.487316 
0.480000 -59.494470 
0.575000 -27.206631 
0.670000 8.879778 
0.765000 18.376201 
0.860000 25.973340 
0.955000 44.966187 
1.050000 43.066902 
1.145000 54.462610 
1.240000 67.757603 
1.335000 69.656887 
1.430000 69.656887 
1.525000 77.254026 
1.620000 84.851165 
1.715000 92.448303 
1.810000 103.844011 
1.905000 115.239719 
2.000000 113.340435 
2.095000 130.433997 
2.190000 145.628274 
2.285000 168.419690 
2.380000 157.023982 
2.475000 176.016828 
2.430000 191.211106 
2.335000 193.110390 
2.240000 193.110390 
2.145000 193.110390 
2.050000 214.002522 
1.955000 196.908960 
1.860000 204.506098 
1.765000 206.405383 
1.670000 202.606814 
1.575000 204.506098 
1.480000 223.498945 
1.385000 214.002522 
1.290000 206.405383 
1.195000 210.203952 
1.100000 210.203952 
1.005000 200.707529 
0.910000 200.707529 
0.815000 193.110390 
0.720000 181.714682 
0.625000 187.412536 
0.530000 181.714682 
0.435000 179.815398 
0.340000 172.218259 
0.245000 168.419690 
0.150000 164.621120 
0.055000 164.621120 
-0.040000 149.426843 
-0.135000 151.326128 
-0.230000 130.433997 
-0.325000 130.433997 
-0.420000 120.937573 
-0.515000 94.347588 
-0.610000 62.059749 
-0.705000 8.879778 
-0.800000 -23.408061 
-0.895000 -25.307346 
-0.990000 -38.602339 
-1.085000 -49.998047 
-1.180000 -72.789462 
-1.275000 -70.890178 
-1.370000 -76.588032 
-1.465000 -86.084455 
-1.560000 -86.084455 
-1.655000 -93.681594 
-1.750000 -110.775156 
-1.845000 -118.372294 
-1.940000 -120.271579 
-2.035000 -127.868718 
-2.130000 -141.163710 
-2.225000 -150.660134 
-2.320000 -150.660134 
-2.415000 -163.955126 
-2.490000 -177.250119 
-2.395000 -192.444396 
-2.300000 -200.041535 
-2.205000 -196.242966 
-2.110000 -203.840104 
-2.015000 -203.840104 
-1.920000 -200.041535 
-1.825000 -203.840104 
-1.730000 -203.840104 
-1.635000 -194.343681 
-1.540000 -211.437243 
-1.445000 -213.336528 
-1.350000 -203.840104 
-1.255000 -213.336528 
-1.160000 -211.437243 
-1.065000 -196.242966 
-0.970000 -201.940820 
-0.875000 -203.840104 
-0.780000 -192.444396 
-0.685000 -194.343681 
-0.590000 -192.444396 
-0.495000 -190.545112 
-0.400000 -184.847258 
-0.305000 -179.149404 
-0.210000 -173.451550 
-0.115000 -173.451550 
-0.020000 -160.156557 
0.075000 -152.559418 
0.170000 -124.070148 
0.265000 -93.681594 
0.360000 -68.990893 
0.455000 -38.602339 
0.550000 -8.213784 
0.645000 -12.012353 
0.740000 16.476917 
0.835000 31.671194 
0.930000 48.764756 
1.025000 48.764756 
1.120000 48.764756 
1.215000 62.059749 
1.310000 69.656887 
1.405000 67.757603 
1.500000 39.268333 
1.595000 84.851165 
1.690000 94.347588 
1.785000 107.642581 
1.880000 117.139004 
1.975000 115.239719 
2.070000 128.534712 
2.165000 143.728989 
2.260000 143.728989 
2.355000 166.520405 
2.450000 170.318974 
2.455000 187.412536 
2.360000 193.110390 
2.265000 177.916113 
2.170000 202.606814 
2.075000 210.203952 
1.980000 212.103237 
1.885000 202.606814 
1.790000 202.606814 
1.695000 204.506098 
1.600000 225.398230 
1.505000 212.103237 
1.410000 204.506098 
1.315000 204.506098 
1.220000 214.002522 
1.125000 198.808244 
1.030000 200.707529 
0.935000 195.009675 
0.840000 193.110390 
0.745000 204.506098 
0.650000 181.714682 
0.555000 183.613967 
0.460000 179.815398 
0.365000 168.419690 
0.270000 168.419690 
0.175000 162.721836 
0.080000 151.326128 
-0.015000 149.426843 
-0.110000 139.930420 
-0.205000 122.836858 
-0.300000 119.038289 
-0.395000 113.340435 
-0.490000 90.549019 
-0.585000 63.959033 
-0.680000 12.678347 
-0.775000 -17.710207 
-0.870000 -19.609492 
-0.965000 -36.703054 
-1.060000 -49.998047 
-1.155000 -61.393755 
-1.250000 -67.091609 
-1.345000 -76.588032 
-1.440000 -74.688747 
-1.535000 -89.883024 
-1.630000 -95.580878 
-1.725000 -101.278732 
-1.820000 -112.674440 
-1.915000 -120.271579 
-2.010000 -118.372294 
-2.105000 -127.868718 
-2.200000 -146.861564 
-2.295000 -150.660134 
-2.390000 -167.753696 
-2.485000 -175.350834 
-2.420000 -186.746542 
-2.325000 -200.041535 
-2.230000 -205.739389 
-2.135000 -200.041535 
-2.040000 -200.041535 
-1.945000 -205.739389 
-1.850000 -209.537958 
-1.755000 -200.041535 
-1.660000 -207.638674 
-1.565000 -205.739389 
-1.470000 -222.832951 
-1.375000 -209.537958 
-1.280000 -215.235812 
-1.185000 -226.631520 
-1.090000 -209.537958 
-0.995000 -203.840104 
-0.900000 -196.242966 
-0.805000 -203.840104 
-0.710000 -182.947973 
-0.615000 -192.444396 
-0.520000 -188.645827 
-0.425000 -188.645827 
-0.330000 -182.947973 
-0.235000 -177.250119 
-0.140000 -173.451550 
-0.045000 -160.156557 
0.050000 -152.559418 
0.145000 -127.868718 
0.240000 -91.782309 
0.335000 -63.293039 
0.430000 -32.904485 
0.525000 -6.314499 
0.620000 8.879778 
0.715000 18.376201 
0.810000 31.671194 
0.905000 44.966187 
1.000000 46.865471 
1.095000 48.764756 
1.190000 67.757603 
1.285000 67.757603 
1.380000 75.354741 
1.475000 77.254026 
1.570000 82.951880 
1.665000 88.649734 
1.760000 60.160464 
1.855000 103.844011 
1.950000 115.239719 
2.045000 139.930420 
2.140000 138.031135 
2.235000 147.527558 
2.330000 160.822551 
2.425000 164.621120 
2.480000 174.117544 
2.385000 179.815398 
2.290000 183.613967 
2.195000 200.707529 
2.100000 204.506098 
2.005000 208.304668 
1.910000 204.506098 
1.815000 200.707529 
1.720000 214.002522 
1.625000 221.599660 
1.530000 214.002522 
1.435000 212.103237 
1.340000 208.304668 
1.245000 208.304668 
1.150000 204.506098 
1.055000 202.606814 
0.960000 196.908960 
0.865000 191.211106 
0.770000 198.808244 
0.675000 183.613967 
0.580000 179.815398 
0.485000 176.016828 
0.390000 172.218259 
0.295000 166.520405 
0.200000 166.520405 
0.105000 160.822551 
0.010000 151.326128 
-0.085000 138.031135 
-0.180000 138.031135 
-0.275000 122.836858 
-0.370000 113.340435 
-0.465000 107.642581 
-0.560000 84.851165 
-0.655000 48.764756 
-0.750000 1.282639 
-0.845000 -13.911638 
-0.940000 -25.307346 
-1.035000 -38.602339 
-1.130000 -51.897331 
-1.225000 -63.293039 
-1.320000 -82.285886 
-1.415000 -84.185170 
-1.510000 -84.185170 
-1.605000 -93.681594 
-1.700000 -103.178017 
-1.795000 -114.573725 
-1.890000 -114.573725 
-1.985000 -122.170864 
-2.080000 -131.667287 
-2.175000 -143.062995 
-2.270000 -150.660134 
-2.365000 -160.156557 
-2.460000 -179.149404 
-2.445000 -182.947973 
-2.350000 -188.645827 
-2.255000 -196.242966 
-2.160000 -203.840104 
-2.065000 -205.739389 
-1.970000 -213.336528 
-1.875000 -209.537958 
-1.780000 -205.739389 
-1.685000 -213.336528 
-1.590000 -207.638674 
-1.495000 -205.739389 
-1.400000 -203.840104 
-1.305000 -203.840104 
-1.210000 -203.840104 
-1.115000 -207.638674 
-1.020000 -203.840104 
-0.925000 -196.242966 
-0.830000 -192.444396 
-0.735000 -188.645827 
-0.640000 -196.242966 
-0.545000 -190.545112 
-0.450000 -188.645827 
-0.355000 -190.545112 
-0.260000 -181.048688 
-0.165000 -169.652980 
-0.070000 -169.652980 
0.025000 -158.257272 
0.120000 -127.868718 
0.215000 -118.372294 
0.310000 -89.883024 
0.405000 -55.695901 
0.500000 -29.105915 
0.595000 -8.213784 
0.690000 8.879778 
0.785000 22.174771 
0.880000 31.671194 
0.975000 39.268333 
1.070000 43.066902 
1.165000 54.462610 
1.260000 75.354741 
1.355000 71.556172 
1.450000 69.656887 
1.545000 75.354741 
1.640000 90.549019 
1.735000 92.448303 
1.830000 103.844011 
1.925000 120.937573 
2.020000 122.836858 
2.115000 136.131851 
2.210000 145.628274 
2.305000 158.923266 
2.400000 170.318974 
2.495000 170.318974 
2.410000 176.016828 
2.315000 193.110390 
2.220000 200.707529 
2.125000 198.808244 
2.030000 198.808244 
1.935000 206.405383 
1.840000 204.506098 
1.745000 217.801091 
1.650000 214.002522 
1.555000 210.203952 
1.460000 204.506098 
1.365000 221.599660 
1.270000 210.203952 
1.175000 210.203952 
1.080000 202.606814 
0.985000 196.908960 
0.890000 204.506098 
0.795000 195.009675 
0.700000 193.110390 
0.605000 191.211106 
0.510000 179.815398 
0.415000 172.218259 
0.320000 160.822551 
0.225000 174.117544 
0.130000 162.721836 
0.035000 151.326128 
-0.060000 147.527558 
-0.155000 132.333281 
-0.250000 128.534712 
-0.345000 107.642581 
-0.440000 105.743296 
-0.535000 92.448303 
-0.630000 54.462610 
-0.725000 5.081209 
-0.820000 -17.710207 
-0.915000 -27.206631 
-1.010000 -36.703054 
-1.105000 -51.897331 
-1.200000 -65.192324 
-1.295000 -70.890178 
-1.390000 -86.084455 
-1.485000 -87.983740 
-1.580000 -86.084455 
-1.675000 -99.379448 
-1.770000 -103.178017 
-1.865000 -112.674440 
-1.960000 -129.768002 
-2.055000 -133.566572 
-2.150000 -137.365141 
-2.245000 -148.760849 
-2.340000 -165.854411 
-2.435000 -179.149404 
-2.470000 -186.746542 
-2.375000 -188.645827 
-2.280000 -190.545112 
-2.185000 -196.242966 
-2.090000 -211.437243 
-1.995000 -215.235812 
-1.900000 -219.034382 
-1.805000 -215.235812 
-1.710000 -215.235812 
-1.615000 -209.537958 
-1.520000 -213.336528 
-1.425000 -219.034382 
-1.330000 -217.135097 
-1.235000 -211.437243 
-1.140000 -211.437243 
-1.045000 -211.437243 
-0.950000 -200.041535 
-0.855000 -205.739389 
-0.760000 -200.041535 
-0.665000 -192.444396 
-0.570000 -196.242966 
-0.475000 -188.645827 
-0.380000 -184.847258 
-0.285000 -194.343681 
-0.190000 -188.645827 
-0.095000 -181.048688 
