0.000000 -78.487316 
0.080000 -72.789462 
0.160000 -61.393755 
0.240000 -34.803769 
0.320000 -21.508777 
0.400000 -2.515930 
0.480000 1.282639 
0.560000 18.376201 
0.640000 25.973340 
0.720000 35.469763 
0.800000 33.570479 
0.880000 39.268333 
0.960000 58.261179 
1.040000 52.563325 
1.120000 67.757603 
1.200000 65.858318 
1.280000 63.959033 
1.360000 71.556172 
1.440000 75.354741 
1.520000 88.649734 
1.600000 94.347588 
1.680000 107.642581 
1.760000 115.239719 
1.840000 119.038289 
1.920000 130.433997 
2.000000 143.728989 
2.080000 143.728989 
2.160000 153.225412 
2.240000 158.923266 
2.320000 158.923266 
2.400000 168.419690 
2.480000 179.815398 
2.440000 183.613967 
2.360000 200.707529 
2.280000 210.203952 
2.200000 212.103237 
2.120000 215.901806 
2.040000 221.599660 
1.960000 215.901806 
1.880000 221.599660 
1.800000 210.203952 
1.720000 210.203952 
1.640000 225.398230 
1.560000 223.498945 
1.480000 210.203952 
1.400000 208.304668 
1.320000 206.405383 
1.240000 208.304668 
1.160000 214.002522 
1.080000 208.304668 
1.000000 198.808244 
0.920000 202.606814 
0.840000 198.808244 
0.760000 191.211106 
0.680000 189.311821 
0.600000 177.916113 
0.520000 177.916113 
0.440000 174.117544 
0.360000 166.520405 
0.280000 166.520405 
0.200000 158.923266 
0.120000 153.225412 
0.040000 145.628274 
-0.040000 138.031135 
-0.120000 124.736143 
-0.200000 111.441150 
-0.280000 94.347588 
-0.360000 92.448303 
-0.440000 88.649734 
-0.520000 65.858318 
-0.600000 18.376201 
-0.680000 -13.911638 
-0.760000 -55.695901 
-0.840000 -40.501623 
-0.920000 -49.998047 
-1.000000 -53.796616 
-1.080000 -67.091609 
-1.160000 -72.789462 
-1.240000 -72.789462 
-1.320000 -76.588032 
-1.400000 -84.185170 
-1.480000 -84.185170 
-1.560000 -91.782309 
-1.640000 -101.278732 
-1.720000 -116.473010 
-1.800000 -122.170864 
-1.880000 -129.768002 
-1.960000 -135.465856 
-2.040000 -143.062995 
-2.120000 -154.458703 
-2.200000 -163.955126 
-2.280000 -165.854411 
-2.360000 -173.451550 
-2.440000 -175.350834 
-2.480000 -188.645827 
-2.400000 -196.242966 
-2.320000 -201.940820 
-2.240000 -213.336528 
-2.160000 -217.135097 
-2.080000 -222.832951 
-2.000000 -224.732236 
-1.920000 -228.530805 
-1.840000 -230.430090 
-1.760000 -222.832951 
-1.680000 -219.034382 
-1.600000 -220.933666 
-1.520000 -224.732236 
-1.440000 -219.034382 
-1.360000 -215.235812 
-1.280000 -213.336528 
-1.200000 -220.933666 
-1.120000 -217.135097 
-1.040000 -213.336528 
-0.960000 -203.840104 
-0.880000 -203.840104 
-0.800000 -201.940820 
-0.720000 -196.242966 
-0.640000 -198.142250 
-0.560000 -190.545112 
-0.480000 -186.746542 
-0.400000 -182.947973 
-0.320000 -182.947973 
-0.240000 -167.753696 
-0.160000 -150.660134 
-0.080000 -139.264426 
0.000000 -124.070148 
0.080000 -124.070148 
0.160000 -118.372294 
0.240000 -97.480163 
0.320000 -57.595185 
0.400000 -32.904485 
0.480000 -8.213784 
0.560000 16.476917 
0.640000 18.376201 
0.720000 37.369048 
0.800000 31.671194 
0.880000 46.865471 
0.960000 58.261179 
1.040000 63.959033 
1.120000 58.261179 
1.200000 69.656887 
1.280000 75.354741 
1.360000 73.455457 
1.440000 79.153311 
1.520000 84.851165 
1.600000 100.045442 
1.680000 109.541865 
1.760000 120.937573 
1.840000 126.635427 
1.920000 134.232566 
2.000000 145.628274 
2.080000 157.023982 
2.160000 160.822551 
2.240000 162.721836 
2.320000 158.923266 
2.400000 179.815398 
2.480000 176.016828 
2.440000 149.426843 
2.360000 210.203952 
2.280000 204.506098 
2.200000 210.203952 
2.120000 221.599660 
2.040000 219.700376 
1.960000 217.801091 
1.880000 221.599660 
1.800000 214.002522 
1.720000 219.700376 
1.640000 227.297514 
1.560000 221.599660 
1.480000 214.002522 
1.400000 208.304668 
1.320000 212.103237 
1.240000 215.901806 
1.160000 215.901806 
1.080000 206.405383 
1.000000 204.506098 
0.920000 202.606814 
0.840000 191.211106 
0.760000 193.110390 
0.680000 191.211106 
0.600000 179.815398 
0.520000 174.117544 
0.440000 168.419690 
0.360000 170.318974 
0.280000 160.822551 
0.200000 157.023982 
0.120000 153.225412 
0.040000 147.527558 
-0.040000 139.930420 
-0.120000 130.433997 
-0.200000 109.541865 
-0.280000 101.944727 
-0.360000 98.146157 
-0.440000 82.951880 
-0.520000 62.059749 
-0.600000 39.268333 
-0.680000 -6.314499 
-0.760000 -19.609492 
-0.840000 -32.904485 
-0.920000 -38.602339 
-1.000000 -57.595185 
-1.080000 -67.091609 
-1.160000 -67.091609 
-1.240000 -80.386601 
-1.320000 -80.386601 
-1.400000 -84.185170 
-1.480000 -91.782309 
-1.560000 -101.278732 
-1.640000 -95.580878 
-1.720000 -99.379448 
-1.800000 -112.674440 
-1.880000 -122.170864 
-1.960000 -137.365141 
-2.040000 -144.962280 
-2.120000 -154.458703 
-2.200000 -165.854411 
-2.280000 -163.955126 
-2.360000 -179.149404 
-2.440000 -181.048688 
-2.480000 -188.645827 
-2.400000 -190.545112 
-2.320000 -196.242966 
-2.240000 -243.725082 
-2.160000 -215.235812 
-2.080000 -220.933666 
-2.000000 -228.530805 
-1.920000 -224.732236 
-1.840000 -230.430090 
-1.760000 -226.631520 
-1.680000 -220.933666 
-1.600000 -219.034382 
-1.520000 -222.832951 
-1.440000 -226.631520 
-1.360000 -217.135097 
-1.280000 -211.437243 
-1.200000 -209.537958 
-1.120000 -217.135097 
-1.040000 -211.437243 
-0.960000 -211.437243 
-0.880000 -203.840104 
-0.800000 -198.142250 
-0.720000 -203.840104 
-0.640000 -188.645827 
-0.560000 -190.545112 
-0.480000 -186.746542 
-0.400000 -190.545112 
-0.320000 -177.250119 
-0.240000 -167.753696 
-0.160000 -150.660134 
-0.080000 -137.365141 
0.000000 -129.768002 
0.080000 -127.868718 
0.160000 -114.573725 
0.240000 -86.084455 
0.320000 -53.796616 
0.400000 -25.307346 
0.480000 -10.113069 
0.560000 16.476917 
0.640000 27.872625 
0.720000 29.771909 
0.800000 41.167617 
0.880000 46.865471 
0.960000 52.563325 
1.040000 58.261179 
1.120000 54.462610 
1.200000 67.757603 
1.280000 71.556172 
1.360000 69.656887 
1.440000 82.951880 
1.520000 90.549019 
1.600000 101.944727 
1.680000 107.642581 
1.760000 115.239719 
1.840000 122.836858 
1.920000 128.534712 
2.000000 141.829705 
2.080000 145.628274 
2.160000 149.426843 
2.240000 151.326128 
2.320000 172.218259 
2.400000 176.016828 
2.480000 176.016828 
2.440000 189.311821 
2.360000 206.405383 
2.280000 204.506098 
2.200000 212.103237 
2.120000 221.599660 
2.040000 219.700376 
1.960000 219.700376 
1.880000 219.700376 
1.800000 214.002522 
1.720000 225.398230 
1.640000 217.801091 
1.560000 214.002522 
1.480000 215.901806 
1.400000 206.405383 
1.320000 208.304668 
1.240000 214.002522 
1.160000 212.103237 
1.080000 206.405383 
1.000000 198.808244 
0.920000 196.908960 
0.840000 191.211106 
0.760000 196.908960 
0.680000 183.613967 
0.600000 179.815398 
0.520000 176.016828 
0.440000 176.016828 
0.360000 166.520405 
0.280000 164.621120 
0.200000 155.124697 
0.120000 149.426843 
0.040000 139.930420 
-0.040000 130.433997 
-0.120000 124.736143 
-0.200000 109.541865 
-0.280000 111.441150 
-0.360000 100.045442 
-0.440000 90.549019 
-0.520000 54.462610 
-0.600000 22.174771 
-0.680000 -0.616645 
-0.760000 -17.710207 
-0.840000 -36.703054 
-0.920000 -48.098762 
-1.000000 -61.393755 
-1.080000 -57.595185 
-1.160000 -63.293039 
-1.240000 -72.789462 
-1.320000 -76.588032 
-1.400000 -76.588032 
-1.480000 -89.883024 
-1.560000 -91.782309 
-1.640000 -99.379448 
-1.720000 -105.077302 
-1.800000 -114.573725 
-1.880000 -124.070148 
-1.960000 -137.365141 
-2.040000 -143.062995 
-2.120000 -152.559418 
-2.200000 -160.156557 
-2.280000 -175.350834 
-2.360000 -182.947973 
-2.440000 -182.947973 
-2.480000 -188.645827 
-2.400000 -190.545112 
-2.320000 -198.142250 
-2.240000 -209.537958 
-2.160000 -213.336528 
-2.080000 -217.135097 
-2.000000 -226.631520 
-1.920000 -228.530805 
-1.840000 -228.530805 
-1.760000 -241.825798 
-1.680000 -220.933666 
-1.600000 -230.430090 
-1.520000 -226.631520 
-1.440000 -211.437243 
-1.360000 -213.336528 
-1.280000 -215.235812 
-1.200000 -211.437243 
-1.120000 -203.840104 
-1.040000 -209.537958 
-0.960000 -207.638674 
-0.880000 -205.739389 
-0.800000 -201.940820 
-0.720000 -198.142250 
-0.640000 -196.242966 
-0.560000 -198.142250 
-0.480000 -184.847258 
-0.400000 -181.048688 
-0.320000 -169.652980 
-0.240000 -167.753696 
-0.160000 -154.458703 
-0.080000 -143.062995 
0.000000 -137.365141 
0.080000 -122.170864 
0.160000 -114.573725 
0.240000 -89.883024 
0.320000 -53.796616 
0.400000 -32.904485 
0.480000 -2.515930 
0.560000 12.678347 
0.640000 25.973340 
0.720000 29.771909 
0.800000 31.671194 
0.880000 46.865471 
0.960000 52.563325 
1.040000 60.160464 
1.120000 60.160464 
1.200000 73.455457 
1.280000 63.959033 
1.360000 69.656887 
1.440000 82.951880 
1.520000 84.851165 
1.600000 98.146157 
1.680000 105.743296 
1.760000 115.239719 
1.840000 126.635427 
1.920000 139.930420 
2.000000 138.031135 
2.080000 153.225412 
2.160000 155.124697 
2.240000 153.225412 
2.320000 179.815398 
2.400000 168.419690 
2.480000 183.613967 
2.440000 196.908960 
2.360000 204.506098 
2.280000 204.506098 
2.200000 206.405383 
2.120000 221.599660 
2.040000 215.901806 
1.960000 219.700376 
1.880000 212.103237 
1.800000 214.002522 
1.720000 227.297514 
1.640000 214.002522 
1.560000 221.599660 
1.480000 208.304668 
1.400000 214.002522 
1.320000 210.203952 
1.240000 214.002522 
1.160000 208.304668 
1.080000 200.707529 
1.000000 210.203952 
0.920000 200.707529 
0.840000 193.110390 
0.760000 196.908960 
0.680000 177.916113 
0.600000 179.815398 
0.520000 177.916113 
0.440000 176.016828 
0.360000 166.520405 
0.280000 160.822551 
0.200000 155.124697 
0.120000 145.628274 
0.040000 143.728989 
-0.040000 134.232566 
-0.120000 130.433997 
-0.200000 122.836858 
-0.280000 105.743296 
-0.360000 96.246873 
-0.440000 84.851165 
-0.520000 58.261179 
-0.600000 12.678347 
-0.680000 -6.314499 
-0.760000 -25.307346 
-0.840000 -38.602339 
-0.920000 -48.098762 
-1.000000 -61.393755 
-1.080000 -68.990893 
-1.160000 -63.293039 
-1.240000 -76.588032 
-1.320000 -80.386601 
-1.400000 -89.883024 
-1.480000 -89.883024 
-1.560000 -93.681594 
-1.640000 -97.480163 
-1.720000 -112.674440 
-1.800000 -122.170864 
-1.880000 -122.170864 
-1.960000 -133.566572 
-2.040000 -154.458703 
-2.120000 -152.559418 
-2.200000 -160.156557 
-2.280000 -175.350834 
-2.360000 -169.652980 
-2.440000 -175.350834 
-2.480000 -184.847258 
-2.400000 -188.645827 
-2.320000 -196.242966 
-2.240000 -211.437243 
-2.160000 -209.537958 
-2.080000 -217.135097 
-2.000000 -219.034382 
-1.920000 -230.430090 
-1.840000 -230.430090 
-1.760000 -230.430090 
-1.680000 -213.336528 
-1.600000 -217.135097 
-1.520000 -220.933666 
-1.440000 -222.832951 
-1.360000 -219.034382 
-1.280000 -211.437243 
-1.200000 -209.537958 
-1.120000 -203.840104 
-1.040000 -209.537958 
-0.960000 -203.840104 
-0.880000 -205.739389 
-0.800000 -194.343681 
-0.720000 -200.041535 
-0.640000 -196.242966 
-0.560000 -198.142250 
-0.480000 -190.545112 
-0.400000 -190.545112 
-0.320000 -173.451550 
-0.240000 -173.451550 
-0.160000 -150.660134 
-0.080000 -141.163710 
0.000000 -137.365141 
0.080000 -129.768002 
0.160000 -105.077302 
0.240000 -82.285886 
0.320000 -51.897331 
0.400000 -27.206631 
0.480000 -13.911638 
0.560000 8.879778 
0.640000 27.872625 
0.720000 27.872625 
0.800000 39.268333 
0.880000 44.966187 
0.960000 60.160464 
1.040000 48.764756 
1.120000 52.563325 
1.200000 58.261179 
1.280000 73.455457 
1.360000 75.354741 
1.440000 84.851165 
1.520000 98.146157 
1.600000 100.045442 
1.680000 113.340435 
1.760000 113.340435 
1.840000 122.836858 
1.920000 136.131851 
2.000000 136.131851 
2.080000 147.527558 
2.160000 145.628274 
2.240000 157.023982 
2.320000 168.419690 
2.400000 166.520405 
2.480000 177.916113 
2.440000 193.110390 
2.360000 191.211106 
2.280000 196.908960 
2.200000 208.304668 
2.120000 214.002522 
2.040000 214.002522 
1.960000 223.498945 
1.880000 206.405383 
1.800000 200.707529 
1.720000 221.599660 
1.640000 212.103237 
1.560000 208.304668 
1.480000 210.203952 
1.400000 210.203952 
1.320000 208.304668 
1.240000 214.002522 
1.160000 208.304668 
1.080000 196.908960 
1.000000 198.808244 
0.920000 198.808244 
0.840000 189.311821 
0.760000 196.908960 
0.680000 183.613967 
0.600000 177.916113 
0.520000 177.916113 
0.440000 170.318974 
0.360000 155.124697 
0.280000 164.621120 
0.200000 153.225412 
0.120000 147.527558 
0.040000 145.628274 
-0.040000 130.433997 
-0.120000 128.534712 
-0.200000 111.441150 
-0.280000 107.642581 
-0.360000 92.448303 
-0.440000 82.951880 
-0.520000 75.354741 
-0.600000 24.074055 
-0.680000 -6.314499 
-0.760000 -21.508777 
-0.840000 -36.703054 
-0.920000 -51.897331 
-1.000000 -51.897331 
-1.080000 -61.393755 
-1.160000 -68.990893 
-1.240000 -76.588032 
-1.320000 -78.487316 
-1.400000 -76.588032 
-1.480000 -87.983740 
-1.560000 -97.480163 
-1.640000 -105.077302 
-1.720000 -101.278732 
-1.800000 -118.372294 
-1.880000 -124.070148 
-1.960000 -135.465856 
-2.040000 -143.062995 
-2.120000 -152.559418 
-2.200000 -163.955126 
-2.280000 -165.854411 
-2.360000 -173.451550 
-2.440000 -181.048688 
-2.480000 -182.947973 
-2.400000 -196.242966 
-2.320000 -201.940820 
-2.240000 -211.437243 
-2.160000 -209.537958 
-2.080000 -222.832951 
-2.000000 -220.933666 
-1.920000 -230.430090 
-1.840000 -230.430090 
-1.760000 -220.933666 
-1.680000 -226.631520 
-1.600000 -228.530805 
-1.520000 -217.135097 
-1.440000 -215.235812 
-1.360000 -226.631520 
-1.280000 -220.933666 
-1.200000 -209.537958 
-1.120000 -211.437243 
-1.040000 -213.336528 
-0.960000 -198.142250 
-0.880000 -211.437243 
-0.800000 -200.041535 
-0.720000 -190.545112 
-0.640000 -196.242966 
-0.560000 -194.343681 
-0.480000 -194.343681 
-0.400000 -179.149404 
-0.320000 -181.048688 
-0.240000 -163.955126 
-0.160000 -158.257272 
-0.080000 -143.062995 
0.000000 -133.566572 
0.080000 -125.969433 
0.160000 -118.372294 
0.240000 -84.185170 
0.320000 -46.199477 
0.400000 -36.703054 
0.480000 -6.314499 
0.560000 16.476917 
0.640000 24.074055 
0.720000 25.973340 
0.800000 41.167617 
0.880000 50.664041 
0.960000 41.167617 
1.040000 63.959033 
1.120000 58.261179 
1.200000 44.966187 
1.280000 67.757603 
1.360000 67.757603 
1.440000 46.865471 
1.520000 107.642581 
1.600000 92.448303 
1.680000 90.549019 
1.760000 119.038289 
1.840000 120.937573 
1.920000 138.031135 
2.000000 138.031135 
2.080000 147.527558 
2.160000 149.426843 
2.240000 160.822551 
2.320000 168.419690 
2.400000 168.419690 
2.480000 185.513252 
2.440000 195.009675 
2.360000 198.808244 
2.280000 198.808244 
2.200000 215.901806 
2.120000 214.002522 
2.040000 212.103237 
1.960000 221.599660 
1.880000 215.901806 
1.800000 210.203952 
1.720000 227.297514 
1.640000 214.002522 
1.560000 212.103237 
1.480000 212.103237 
1.400000 202.606814 
1.320000 208.304668 
1.240000 217.801091 
1.160000 200.707529 
1.080000 202.606814 
1.000000 206.405383 
0.920000 193.110390 
0.840000 195.009675 
0.760000 196.908960 
0.680000 183.613967 
0.600000 185.513252 
0.520000 170.318974 
0.440000 172.218259 
0.360000 162.721836 
0.280000 160.822551 
0.200000 151.326128 
0.120000 160.822551 
0.040000 139.930420 
-0.040000 136.131851 
-0.120000 132.333281 
-0.200000 119.038289 
-0.280000 103.844011 
-0.360000 90.549019 
-0.440000 88.649734 
-0.520000 58.261179 
-0.600000 18.376201 
-0.680000 -4.415215 
-0.760000 -32.904485 
-0.840000 -40.501623 
-0.920000 -44.300193 
-1.000000 -51.897331 
-1.080000 -61.393755 
-1.160000 -70.890178 
-1.240000 -67.091609 
-1.320000 -89.883024 
-1.400000 -84.185170 
-1.480000 -108.875871 
-1.560000 -91.782309 
-1.640000 -101.278732 
-1.720000 -114.573725 
-1.800000 -116.473010 
-1.880000 -122.170864 
-1.960000 -143.062995 
-2.040000 -141.163710 
-2.120000 -154.458703 
-2.200000 -162.055842 
-2.280000 -171.552265 
-2.360000 -175.350834 
-2.440000 -182.947973 
-2.480000 -182.947973 
-2.400000 -192.444396 
-2.320000 -196.242966 
-2.240000 -211.437243 
-2.160000 -213.336528 
-2.080000 -220.933666 
-2.000000 -222.832951 
-1.920000 -232.329374 
-1.840000 -228.530805 
-1.760000 -222.832951 
-1.680000 -230.430090 
-1.600000 -222.832951 
-1.520000 -222.832951 
-1.440000 -226.631520 
-1.360000 -211.437243 
-1.280000 -219.034382 
-1.200000 -217.135097 
-1.120000 -207.638674 
-1.040000 -211.437243 
-0.960000 -209.537958 
-0.880000 -203.840104 
-0.800000 -201.940820 
-0.720000 -200.041535 
-0.640000 -190.545112 
-0.560000 -194.343681 
-0.480000 -190.545112 
-0.400000 -179.149404 
-0.320000 -175.350834 
-0.240000 -165.854411 
-0.160000 -148.760849 
-0.080000 -135.465856 
0.000000 -137.365141 
0.080000 -125.969433 
0.160000 -112.674440 
0.240000 -82.285886 
0.320000 -61.393755 
0.400000 -25.307346 
0.480000 5.081209 
0.560000 12.678347 
0.640000 18.376201 
0.720000 31.671194 
0.800000 43.066902 
0.880000 43.066902 
0.960000 54.462610 
1.040000 58.261179 
1.120000 54.462610 
1.200000 69.656887 
1.280000 65.858318 
1.360000 73.455457 
1.440000 77.254026 
1.520000 96.246873 
1.600000 71.556172 
1.680000 103.844011 
1.760000 122.836858 
1.840000 120.937573 
1.920000 139.930420 
2.000000 134.232566 
2.080000 105.743296 
2.160000 141.829705 
2.240000 153.225412 
2.320000 174.117544 
2.400000 162.721836 
2.480000 185.513252 
2.440000 191.211106 
2.360000 193.110390 
2.280000 202.606814 
2.200000 196.908960 
2.120000 215.901806 
2.040000 215.901806 
1.960000 214.002522 
1.880000 214.002522 
1.800000 214.002522 
1.720000 227.297514 
1.640000 219.700376 
1.560000 214.002522 
1.480000 212.103237 
1.400000 198.808244 
1.320000 204.506098 
1.240000 215.901806 
1.160000 204.506098 
1.080000 204.506098 
1.000000 198.808244 
0.920000 196.908960 
0.840000 193.110390 
0.760000 195.009675 
0.680000 179.815398 
0.600000 176.016828 
0.520000 174.117544 
0.440000 164.621120 
0.360000 158.923266 
0.280000 151.326128 
0.200000 155.124697 
0.120000 143.728989 
0.040000 138.031135 
-0.040000 134.232566 
-0.120000 124.736143 
-0.200000 113.340435 
-0.280000 107.642581 
-0.360000 60.160464 
-0.440000 77.254026 
-0.520000 63.959033 
-0.600000 20.275486 
-0.680000 -6.314499 
-0.760000 -19.609492 
-0.840000 -44.300193 
-0.920000 -48.098762 
-1.000000 -53.796616 
-1.080000 -65.192324 
-1.160000 -76.588032 
-1.240000 -67.091609 
-1.320000 -74.688747 
-1.400000 -86.084455 
-1.480000 -89.883024 
-1.560000 -97.480163 
-1.640000 -93.681594 
-1.720000 -105.077302 
-1.800000 -118.372294 
-1.880000 -131.667287 
-1.960000 -139.264426 
-2.040000 -137.365141 
-2.120000 -154.458703 
-2.200000 -163.955126 
-2.280000 -165.854411 
-2.360000 -181.048688 
-2.440000 -182.947973 
-2.480000 -190.545112 
-2.400000 -184.847258 
-2.320000 -203.840104 
-2.240000 -207.638674 
-2.160000 -203.840104 
-2.080000 -217.135097 
-2.000000 -228.530805 
-1.920000 -224.732236 
-1.840000 -219.034382 
-1.760000 -230.430090 
-1.680000 -224.732236 
-1.600000 -224.732236 
-1.520000 -224.732236 
-1.440000 -220.933666 
-1.360000 -224.732236 
-1.280000 -213.336528 
-1.200000 -219.034382 
-1.120000 -215.235812 
-1.040000 -203.840104 
-0.960000 -205.739389 
-0.880000 -201.940820 
-0.800000 -200.041535 
-0.720000 -198.142250 
-0.640000 -190.545112 
-0.560000 -192.444396 
-0.480000 -190.545112 
-0.400000 -181.048688 
-0.320000 -173.451550 
-0.240000 -167.753696 
-0.160000 -165.854411 
-0.080000 -143.062995 
0.000000 -135.465856 
0.080000 -122.170864 
0.160000 -120.271579 
0.240000 -89.883024 
0.320000 -63.293039 
0.400000 -38.602339 
0.480000 -6.314499 
0.560000 18.376201 
0.640000 12.678347 
0.720000 29.771909 
0.800000 43.066902 
0.880000 33.570479 
0.960000 46.865471 
1.040000 62.059749 
1.120000 52.563325 
1.200000 63.959033 
1.280000 69.656887 
1.360000 75.354741 
1.440000 75.354741 
1.520000 92.448303 
1.600000 100.045442 
1.680000 113.340435 
1.760000 117.139004 
1.840000 119.038289 
1.920000 132.333281 
2.000000 138.031135 
2.080000 149.426843 
2.160000 160.822551 
2.240000 157.023982 
2.320000 166.520405 
2.400000 179.815398 
2.480000 181.714682 
2.440000 191.211106 
2.360000 202.606814 
2.280000 210.203952 
2.200000 210.203952 
2.120000 225.398230 
2.040000 217.801091 
1.960000 219.700376 
1.880000 221.599660 
1.800000 214.002522 
1.720000 219.700376 
1.640000 223.498945 
1.560000 215.901806 
1.480000 212.103237 
1.400000 204.506098 
1.320000 210.203952 
1.240000 225.398230 
1.160000 215.901806 
1.080000 208.304668 
1.000000 210.203952 
0.920000 196.908960 
0.840000 196.908960 
0.760000 193.110390 
0.680000 189.311821 
0.600000 174.117544 
0.520000 177.916113 
0.440000 177.916113 
0.360000 157.023982 
0.280000 164.621120 
0.200000 153.225412 
0.120000 149.426843 
0.040000 136.131851 
-0.040000 136.131851 
-0.120000 132.333281 
-0.200000 119.038289 
-0.280000 101.944727 
-0.360000 98.146157 
-0.440000 103.844011 
-0.520000 58.261179 
-0.600000 16.476917 
-0.680000 -10.113069 
-0.760000 -29.105915 
-0.840000 -36.703054 
-0.920000 -36.703054 
-1.000000 -57.595185 
-1.080000 -68.990893 
-1.160000 -68.990893 
-1.240000 -68.990893 
-1.320000 -78.487316 
-1.400000 -91.782309 
-1.480000 -89.883024 
-1.560000 -99.379448 
-1.640000 -97.480163 
-1.720000 -105.077302 
-1.800000 -114.573725 
-1.880000 -125.969433 
-1.960000 -141.163710 
-2.040000 -144.962280 
-2.120000 -152.559418 
-2.200000 -167.753696 
-2.280000 -165.854411 
-2.360000 -165.854411 
-2.440000 -175.350834 
-2.480000 -186.746542 
-2.400000 -192.444396 
-2.320000 -198.142250 
-2.240000 -211.437243 
-2.160000 -211.437243 
-2.080000 -215.235812 
-2.000000 -224.732236 
-1.920000 -234.228659 
-1.840000 -226.631520 
-1.760000 -226.631520 
-1.680000 -226.631520 
-1.600000 -222.832951 
-1.520000 -220.933666 
-1.440000 -220.933666 
-1.360000 -222.832951 
-1.280000 -213.336528 
-1.200000 -211.437243 
-1.120000 -215.235812 
-1.040000 -203.840104 
-0.960000 -203.840104 
-0.880000 -209.537958 
-0.800000 -196.242966 
-0.720000 -196.242966 
-0.640000 -196.242966 
-0.560000 -188.645827 
-0.480000 -190.545112 
-0.400000 -184.847258 
-0.320000 -177.250119 
-0.240000 -165.854411 
-0.160000 -156.357988 
-0.080000 -148.760849 
0.000000 -135.465856 
0.080000 -131.667287 
0.160000 -112.674440 
0.240000 -84.185170 
0.320000 -44.300193 
0.400000 -31.005200 
0.480000 1.282639 
0.560000 12.678347 
0.640000 25.973340 
0.720000 33.570479 
0.800000 -0.616645 
0.880000 50.664041 
0.960000 46.865471 
1.040000 46.865471 
1.120000 54.462610 
1.200000 65.858318 
1.280000 63.959033 
1.360000 71.556172 
1.440000 82.951880 
1.520000 88.649734 
1.600000 96.246873 
1.680000 117.139004 
1.760000 107.642581 
1.840000 120.937573 
1.920000 147.527558 
2.000000 136.131851 
2.080000 145.628274 
2.160000 153.225412 
2.240000 145.628274 
2.320000 174.117544 
2.400000 177.916113 
2.480000 177.916113 
2.440000 189.311821 
2.360000 206.405383 
2.280000 198.808244 
2.200000 204.506098 
2.120000 215.901806 
2.040000 219.700376 
1.960000 215.901806 
1.880000 210.203952 
1.800000 212.103237 
1.720000 195.009675 
1.640000 223.498945 
1.560000 204.506098 
1.480000 204.506098 
1.400000 217.801091 
1.320000 214.002522 
1.240000 214.002522 
1.160000 204.506098 
1.080000 204.506098 
1.000000 204.506098 
0.920000 198.808244 
0.840000 187.412536 
0.760000 185.513252 
0.680000 185.513252 
0.600000 176.016828 
0.520000 174.117544 
0.440000 170.318974 
0.360000 160.822551 
0.280000 160.822551 
0.200000 155.124697 
0.120000 145.628274 
0.040000 138.031135 
-0.040000 130.433997 
-0.120000 126.635427 
-0.200000 119.038289 
-0.280000 105.743296 
-0.360000 92.448303 
-0.440000 82.951880 
-0.520000 63.959033 
-0.600000 20.275486 
-0.680000 -10.113069 
-0.760000 -27.206631 
-0.840000 -36.703054 
-0.920000 -48.098762 
-1.000000 -57.595185 
-1.080000 -63.293039 
-1.160000 -76.588032 
-1.240000 -63.293039 
-1.320000 -76.588032 
-1.400000 -89.883024 
-1.480000 -93.681594 
-1.560000 -93.681594 
-1.640000 -99.379448 
-1.720000 -105.077302 
-1.800000 -116.473010 
-1.880000 -127.868718 
-1.960000 -131.667287 
-2.040000 -144.962280 
-2.120000 -160.156557 
-2.200000 -162.055842 
-2.280000 -175.350834 
-2.360000 -173.451550 
-2.440000 -181.048688 
-2.480000 -182.947973 
-2.400000 -192.444396 
-2.320000 -203.840104 
-2.240000 -209.537958 
-2.160000 -219.034382 
-2.080000 -219.034382 
-2.000000 -226.631520 
-1.920000 -226.631520 
-1.840000 -230.430090 
-1.760000 -230.430090 
-1.680000 -222.832951 
-1.600000 -224.732236 
-1.520000 -222.832951 
-1.440000 -219.034382 
-1.360000 -215.235812 
-1.280000 -217.135097 
-1.200000 -207.638674 
-1.120000 -211.437243 
-1.040000 -203.840104 
-0.960000 -205.739389 
-0.880000 -203.840104 
-0.800000 -196.242966 
-0.720000 -198.142250 
-0.640000 -200.041535 
-0.560000 -184.847258 
-0.480000 -184.847258 
-0.400000 -184.847258 
-0.320000 -182.947973 
-0.240000 -163.955126 
-0.160000 -154.458703 
-0.080000 -143.062995 
0.000000 -137.365141 
0.080000 -120.271579 
0.160000 -116.473010 
0.240000 -82.285886 
0.320000 -53.796616 
0.400000 -34.803769 
0.480000 -4.415215 
0.560000 6.980493 
0.640000 16.476917 
0.720000 27.872625 
0.800000 37.369048 
0.880000 35.469763 
0.960000 48.764756 
1.040000 48.764756 
1.120000 62.059749 
1.200000 65.858318 
1.280000 60.160464 
1.360000 75.354741 
1.440000 81.052595 
1.520000 88.649734 
1.600000 96.246873 
1.680000 105.743296 
1.760000 119.038289 
1.840000 117.139004 
1.920000 132.333281 
2.000000 145.628274 
2.080000 147.527558 
2.160000 151.326128 
2.240000 158.923266 
2.320000 170.318974 
2.400000 176.016828 
2.480000 176.016828 
2.440000 198.808244 
2.360000 208.304668 
2.280000 210.203952 
2.200000 204.506098 
2.120000 221.599660 
2.040000 221.599660 
1.960000 219.700376 
1.880000 217.801091 
1.800000 212.103237 
1.720000 229.196799 
1.640000 217.801091 
1.560000 217.801091 
1.480000 214.002522 
1.400000 202.606814 
1.320000 212.103237 
1.240000 214.002522 
1.160000 206.405383 
1.080000 202.606814 
1.000000 214.002522 
0.920000 198.808244 
0.840000 195.009675 
0.760000 189.311821 
0.680000 183.613967 
0.600000 181.714682 
0.520000 179.815398 
0.440000 174.117544 
0.360000 164.621120 
0.280000 166.520405 
0.200000 160.822551 
0.120000 153.225412 
0.040000 136.131851 
-0.040000 136.131851 
-0.120000 128.534712 
-0.200000 111.441150 
-0.280000 103.844011 
-0.360000 101.944727 
-0.440000 88.649734 
-0.520000 60.160464 
-0.600000 31.671194 
-0.680000 -2.515930 
-0.760000 -25.307346 
-0.840000 -44.300193 
-0.920000 -44.300193 
-1.000000 -55.695901 
-1.080000 -63.293039 
-1.160000 -76.588032 
-1.240000 -76.588032 
-1.320000 -84.185170 
-1.400000 -80.386601 
-1.480000 -91.782309 
-1.560000 -97.480163 
-1.640000 -95.580878 
-1.720000 -112.674440 
-1.800000 -122.170864 
-1.880000 -131.667287 
-1.960000 -139.264426 
-2.040000 -143.062995 
-2.120000 -154.458703 
-2.200000 -163.955126 
-2.280000 -167.753696 
-2.360000 -173.451550 
-2.440000 -181.048688 
-2.480000 -190.545112 
-2.400000 -190.545112 
-2.320000 -200.041535 
-2.240000 -205.739389 
-2.160000 -217.135097 
-2.080000 -226.631520 
-2.000000 -228.530805 
-1.920000 -226.631520 
-1.840000 -222.832951 
-1.760000 -220.933666 
-1.680000 -222.832951 
-1.600000 -222.832951 
-1.520000 -220.933666 
-1.440000 -215.235812 
-1.360000 -224.732236 
-1.280000 -217.135097 
-1.200000 -213.336528 
-1.120000 -211.437243 
-1.040000 -209.537958 
-0.960000 -203.840104 
-0.880000 -196.242966 
-0.800000 -198.142250 
-0.720000 -201.940820 
-0.640000 -196.242966 
-0.560000 -190.545112 
-0.480000 -190.545112 
-0.400000 -184.847258 
-0.320000 -167.753696 
-0.240000 -173.451550 
-0.160000 -158.257272 
-0.080000 -135.465856 
0.000000 -137.365141 
0.080000 -129.768002 
0.160000 -112.674440 
0.240000 -87.983740 
0.320000 -57.595185 
0.400000 -27.206631 
0.480000 1.282639 
0.560000 12.678347 
0.640000 31.671194 
0.720000 25.973340 
0.800000 31.671194 
0.880000 37.369048 
0.960000 44.966187 
1.040000 29.771909 
1.120000 60.160464 
1.200000 60.160464 
1.280000 31.671194 
1.360000 75.354741 
1.440000 79.153311 
1.520000 77.254026 
1.600000 103.844011 
1.680000 105.743296 
1.760000 94.347588 
1.840000 120.937573 
1.920000 138.031135 
2.000000 136.131851 
2.080000 151.326128 
2.160000 139.930420 
2.240000 153.225412 
2.320000 166.520405 
2.400000 166.520405 
2.480000 174.117544 
2.440000 185.513252 
2.360000 200.707529 
2.280000 198.808244 
2.200000 210.203952 
2.120000 225.398230 
2.040000 214.002522 
1.960000 219.700376 
1.880000 215.901806 
1.800000 204.506098 
1.720000 221.599660 
1.640000 221.599660 
1.560000 206.405383 
1.480000 212.103237 
1.400000 204.506098 
1.320000 214.002522 
1.240000 217.801091 
1.160000 204.506098 
1.080000 198.808244 
1.000000 204.506098 
0.920000 195.009675 
0.840000 196.908960 
0.760000 196.908960 
0.680000 183.613967 
0.600000 170.318974 
0.520000 176.016828 
0.440000 166.520405 
0.360000 160.822551 
0.280000 157.023982 
0.200000 151.326128 
0.120000 149.426843 
0.040000 141.829705 
-0.040000 138.031135 
-0.120000 119.038289 
-0.200000 111.441150 
-0.280000 60.160464 
-0.360000 88.649734 
-0.440000 81.052595 
-0.520000 69.656887 
-0.600000 18.376201 
-0.680000 -8.213784 
-0.760000 -19.609492 
-0.840000 -36.703054 
-0.920000 -44.300193 
-1.000000 -51.897331 
-1.080000 -65.192324 
-1.160000 -68.990893 
-1.240000 -76.588032 
-1.320000 -63.293039 
-1.400000 -80.386601 
-1.480000 -87.983740 
-1.560000 -95.580878 
-1.640000 -105.077302 
-1.720000 -110.775156 
-1.800000 -116.473010 
-1.880000 -131.667287 
-1.960000 -135.465856 
-2.040000 -143.062995 
-2.120000 -160.156557 
-2.200000 -160.156557 
-2.280000 -167.753696 
-2.360000 -173.451550 
-2.440000 -186.746542 
-2.480000 -179.149404 
-2.400000 -188.645827 
-2.320000 -194.343681 
-2.240000 -211.437243 
-2.160000 -213.336528 
-2.080000 -215.235812 
-2.000000 -226.631520 
-1.920000 -226.631520 
-1.840000 -226.631520 
-1.760000 -228.530805 
-1.680000 -220.933666 
-1.600000 -217.135097 
-1.520000 -219.034382 
-1.440000 -211.437243 
-1.360000 -215.235812 
-1.280000 -215.235812 
-1.200000 -209.537958 
-1.120000 -211.437243 
-1.040000 -209.537958 
-0.960000 -205.739389 
-0.880000 -194.343681 
-0.800000 -198.142250 
-0.720000 -194.343681 
-0.640000 -184.847258 
-0.560000 -186.746542 
-0.480000 -182.947973 
-0.400000 -173.451550 
-0.320000 -171.552265 
-0.240000 -169.652980 
-0.160000 -162.055842 
-0.080000 -158.257272 
0.000000 -144.962280 
0.080000 -135.465856 
0.160000 -146.861564 
0.240000 -93.681594 
0.320000 -65.192324 
0.400000 -32.904485 
0.480000 -10.113069 
0.560000 16.476917 
0.640000 25.973340 
0.720000 24.074055 
0.800000 37.369048 
0.880000 35.469763 
0.960000 46.865471 
1.040000 54.462610 
1.120000 52.563325 
1.200000 63.959033 
1.280000 79.153311 
1.360000 75.354741 
1.440000 77.254026 
1.520000 113.340435 
1.600000 98.146157 
1.680000 105.743296 
1.760000 109.541865 
1.840000 115.239719 
1.920000 134.232566 
2.000000 139.930420 
2.080000 153.225412 
2.160000 149.426843 
2.240000 168.419690 
2.320000 176.016828 
2.400000 170.318974 
2.480000 174.117544 
2.440000 198.808244 
2.360000 202.606814 
2.280000 198.808244 
2.200000 219.700376 
2.120000 214.002522 
2.040000 212.103237 
1.960000 221.599660 
1.880000 219.700376 
1.800000 214.002522 
1.720000 225.398230 
1.640000 215.901806 
1.560000 214.002522 
1.480000 225.398230 
1.400000 214.002522 
1.320000 208.304668 
1.240000 210.203952 
1.160000 206.405383 
1.080000 215.901806 
1.000000 204.506098 
0.920000 202.606814 
0.840000 196.908960 
0.760000 191.211106 
0.680000 191.211106 
0.600000 185.513252 
0.520000 179.815398 
0.440000 176.016828 
0.360000 170.318974 
0.280000 170.318974 
0.200000 164.621120 
0.120000 151.326128 
0.040000 153.225412 
-0.040000 139.930420 
-0.120000 132.333281 
-0.200000 117.139004 
-0.280000 103.844011 
-0.360000 100.045442 
-0.440000 92.448303 
-0.520000 63.959033 
-0.600000 8.879778 
-0.680000 -15.810923 
-0.760000 -65.192324 
-0.840000 -46.199477 
-0.920000 -55.695901 
-1.000000 -78.487316 
-1.080000 -63.293039 
-1.160000 -68.990893 
-1.240000 -70.890178 
-1.320000 -76.588032 
-1.400000 -84.185170 
-1.480000 -86.084455 
-1.560000 -97.480163 
-1.640000 -103.178017 
-1.720000 -105.077302 
-1.800000 -120.271579 
-1.880000 -129.768002 
-1.960000 -141.163710 
-2.040000 -143.062995 
-2.120000 -154.458703 
-2.200000 -163.955126 
-2.280000 -167.753696 
-2.360000 -173.451550 
-2.440000 -171.552265 
-2.480000 -182.947973 
-2.400000 -198.142250 
-2.320000 -203.840104 
-2.240000 -211.437243 
-2.160000 -211.437243 
-2.080000 -222.832951 
-2.000000 -226.631520 
-1.920000 -232.329374 
-1.840000 -224.732236 
-1.760000 -220.933666 
-1.680000 -217.135097 
-1.600000 -222.832951 
-1.520000 -220.933666 
-1.440000 -217.135097 
-1.360000 -215.235812 
-1.280000 -207.638674 
-1.200000 -211.437243 
-1.120000 -213.336528 
-1.040000 -203.840104 
-0.960000 -200.041535 
-0.880000 -198.142250 
-0.800000 -201.940820 
-0.720000 -198.142250 
-0.640000 -188.645827 
-0.560000 -182.947973 
-0.480000 -181.048688 
-0.400000 -175.350834 
-0.320000 -179.149404 
-0.240000 -163.955126 
-0.160000 -143.062995 
-0.080000 -135.465856 
0.000000 -129.768002 
0.080000 -122.170864 
0.160000 -122.170864 
0.240000 -99.379448 
0.320000 -65.192324 
0.400000 -25.307346 
0.480000 -4.415215 
0.560000 6.980493 
0.640000 31.671194 
0.720000 25.973340 
0.800000 29.771909 
0.880000 52.563325 
0.960000 46.865471 
1.040000 56.361895 
1.120000 60.160464 
1.200000 67.757603 
1.280000 71.556172 
1.360000 77.254026 
1.440000 82.951880 
1.520000 90.549019 
1.600000 88.649734 
1.680000 111.441150 
1.760000 109.541865 
1.840000 115.239719 
1.920000 130.433997 
2.000000 122.836858 
2.080000 136.131851 
2.160000 155.124697 
2.240000 155.124697 
2.320000 172.218259 
2.400000 172.218259 
2.480000 187.412536 
2.440000 198.808244 
2.360000 198.808244 
2.280000 210.203952 
2.200000 215.901806 
2.120000 206.405383 
2.040000 221.599660 
1.960000 227.297514 
1.880000 225.398230 
1.800000 214.002522 
1.720000 212.103237 
1.640000 210.203952 
1.560000 221.599660 
1.480000 214.002522 
1.400000 212.103237 
1.320000 208.304668 
1.240000 208.304668 
1.160000 210.203952 
1.080000 219.700376 
1.000000 200.707529 
0.920000 198.808244 
0.840000 212.103237 
0.760000 189.311821 
0.680000 191.211106 
0.600000 187.412536 
0.520000 181.714682 
0.440000 172.218259 
0.360000 164.621120 
0.280000 168.419690 
0.200000 153.225412 
0.120000 149.426843 
0.040000 139.930420 
-0.040000 138.031135 
-0.120000 132.333281 
-0.200000 117.139004 
-0.280000 103.844011 
-0.360000 94.347588 
-0.440000 84.851165 
-0.520000 62.059749 
-0.600000 12.678347 
-0.680000 -12.012353 
-0.760000 -17.710207 
-0.840000 -34.803769 
-0.920000 -53.796616 
-1.000000 -51.897331 
-1.080000 -65.192324 
-1.160000 -72.789462 
-1.240000 -68.990893 
-1.320000 -86.084455 
-1.400000 -86.084455 
-1.480000 -87.983740 
-1.560000 -87.983740 
-1.640000 -108.875871 
-1.720000 -112.674440 
-1.800000 -116.473010 
-1.880000 -122.170864 
-1.960000 -137.365141 
-2.040000 -144.962280 
-2.120000 -156.357988 
-2.200000 -165.854411 
-2.280000 -167.753696 
-2.360000 -181.048688 
-2.440000 -188.645827 
-2.480000 -184.847258 
-2.400000 -186.746542 
-2.320000 -200.041535 
-2.240000 -205.739389 
-2.160000 -211.437243 
-2.080000 -213.336528 
-2.000000 -220.933666 
-1.920000 -226.631520 
-1.840000 -230.430090 
-1.760000 -232.329374 
-1.680000 -230.430090 
-1.600000 -226.631520 
-1.520000 -220.933666 
-1.440000 -217.135097 
-1.360000 -219.034382 
-1.280000 -217.135097 
-1.200000 -217.135097 
-1.120000 -205.739389 
-1.040000 -200.041535 
-0.960000 -205.739389 
-0.880000 -205.739389 
-0.800000 -203.840104 
-0.720000 -196.242966 
-0.640000 -192.444396 
-0.560000 -190.545112 
-0.480000 -184.847258 
-0.400000 -179.149404 
-0.320000 -179.149404 
-0.240000 -167.753696 
-0.160000 -163.955126 
-0.080000 -135.465856 
0.000000 -125.969433 
0.080000 -127.868718 
0.160000 -112.674440 
0.240000 -97.480163 
0.320000 -57.595185 
0.400000 -29.105915 
0.480000 -6.314499 
0.560000 12.678347 
0.640000 27.872625 
0.720000 31.671194 
0.800000 35.469763 
0.880000 39.268333 
0.960000 52.563325 
1.040000 52.563325 
1.120000 54.462610 
1.200000 75.354741 
1.280000 71.556172 
1.360000 73.455457 
1.440000 88.649734 
1.520000 86.750449 
1.600000 98.146157 
1.680000 113.340435 
1.760000 115.239719 
1.840000 130.433997 
1.920000 130.433997 
2.000000 128.534712 
2.080000 143.728989 
2.160000 151.326128 
2.240000 160.822551 
2.320000 168.419690 
2.400000 170.318974 
2.480000 196.908960 
2.440000 189.311821 
2.360000 196.908960 
2.280000 221.599660 
2.200000 214.002522 
2.120000 214.002522 
2.040000 229.196799 
1.960000 221.599660 
1.880000 219.700376 
1.800000 221.599660 
1.720000 215.901806 
1.640000 215.901806 
1.560000 229.196799 
1.480000 223.498945 
1.400000 215.901806 
1.320000 214.002522 
1.240000 214.002522 
1.160000 210.203952 
1.080000 204.506098 
1.000000 196.908960 
0.920000 200.707529 
0.840000 200.707529 
0.760000 189.311821 
0.680000 189.311821 
0.600000 177.916113 
0.520000 174.117544 
0.440000 174.117544 
0.360000 170.318974 
0.280000 158.923266 
0.200000 149.426843 
0.120000 153.225412 
0.040000 147.527558 
-0.040000 141.829705 
-0.120000 134.232566 
-0.200000 113.340435 
-0.280000 101.944727 
-0.360000 98.146157 
-0.440000 81.052595 
-0.520000 54.462610 
-0.600000 16.476917 
-0.680000 -10.113069 
-0.760000 -21.508777 
-0.840000 -36.703054 
-0.920000 -51.897331 
-1.000000 -46.199477 
-1.080000 -63.293039 
-1.160000 -76.588032 
-1.240000 -70.890178 
-1.320000 -78.487316 
-1.400000 -84.185170 
-1.480000 -78.487316 
-1.560000 -87.983740 
-1.640000 -97.480163 
-1.720000 -106.976586 
-1.800000 -108.875871 
-1.880000 -133.566572 
-1.960000 -135.465856 
-2.040000 -143.062995 
-2.120000 -160.156557 
-2.200000 -160.156557 
-2.280000 -165.854411 
-2.360000 -179.149404 
-2.440000 -181.048688 
-2.480000 -190.545112 
-2.400000 -186.746542 
-2.320000 -200.041535 
-2.240000 -205.739389 
-2.160000 -213.336528 
-2.080000 -224.732236 
-2.000000 -224.732236 
-1.920000 -220.933666 
-1.840000 -224.732236 
-1.760000 -224.732236 
-1.680000 -228.530805 
-1.600000 -222.832951 
-1.520000 -224.732236 
-1.440000 -213.336528 
-1.360000 -236.127944 
-1.280000 -215.235812 
-1.200000 -219.034382 
-1.120000 -224.732236 
-1.040000 -203.840104 
-0.960000 -205.739389 
-0.880000 -203.840104 
-0.800000 -201.940820 
-0.720000 -192.444396 
-0.640000 -196.242966 
-0.560000 -196.242966 
-0.480000 -184.847258 
-0.400000 -175.350834 
-0.320000 -167.753696 
-0.240000 -154.458703 
-0.160000 -141.163710 
-0.080000 -137.365141 
0.000000 -133.566572 
0.080000 -124.070148 
0.160000 -112.674440 
0.240000 -97.480163 
0.320000 -53.796616 
0.400000 -29.105915 
0.480000 -8.213784 
0.560000 14.577632 
0.640000 16.476917 
0.720000 31.671194 
0.800000 39.268333 
0.880000 39.268333 
0.960000 43.066902 
1.040000 73.455457 
1.120000 60.160464 
1.200000 73.455457 
1.280000 73.455457 
1.360000 82.951880 
1.440000 73.455457 
1.520000 88.649734 
1.600000 103.844011 
1.680000 103.844011 
1.760000 113.340435 
1.840000 132.333281 
1.920000 124.736143 
2.000000 143.728989 
2.080000 145.628274 
2.160000 138.031135 
2.240000 160.822551 
2.320000 166.520405 
2.400000 166.520405 
2.480000 185.513252 
2.440000 181.714682 
2.360000 179.815398 
2.280000 212.103237 
2.200000 204.506098 
2.120000 219.700376 
2.040000 215.901806 
1.960000 212.103237 
1.880000 221.599660 
1.800000 214.002522 
1.720000 214.002522 
1.640000 231.096084 
1.560000 219.700376 
1.480000 215.901806 
1.400000 204.506098 
1.320000 206.405383 
1.240000 212.103237 
1.160000 208.304668 
1.080000 200.707529 
1.000000 202.606814 
0.920000 204.506098 
0.840000 193.110390 
0.760000 189.311821 
0.680000 187.412536 
0.600000 181.714682 
0.520000 179.815398 
0.440000 172.218259 
0.360000 164.621120 
0.280000 155.124697 
0.200000 158.923266 
0.120000 153.225412 
0.040000 145.628274 
-0.040000 136.131851 
-0.120000 128.534712 
-0.200000 111.441150 
-0.280000 109.541865 
-0.360000 105.743296 
-0.440000 81.052595 
-0.520000 62.059749 
-0.600000 31.671194 
-0.680000 -8.213784 
-0.760000 -27.206631 
-0.840000 -36.703054 
-0.920000 -42.400908 
-1.000000 -51.897331 
-1.080000 -59.494470 
-1.160000 -70.890178 
-1.240000 -78.487316 
-1.320000 -74.688747 
-1.400000 -122.170864 
-1.480000 -89.883024 
-1.560000 -89.883024 
-1.640000 -99.379448 
-1.720000 -106.976586 
-1.800000 -116.473010 
-1.880000 -122.170864 
-1.960000 -135.465856 
-2.040000 -139.264426 
-2.120000 -154.458703 
-2.200000 -167.753696 
-2.280000 -167.753696 
-2.360000 -173.451550 
-2.440000 -177.250119 
-2.480000 -190.545112 
-2.400000 -196.242966 
-2.320000 -196.242966 
-2.240000 -203.840104 
-2.160000 -209.537958 
-2.080000 -219.034382 
-2.000000 -220.933666 
-1.920000 -222.832951 
-1.840000 -232.329374 
-1.760000 -222.832951 
-1.680000 -220.933666 
-1.600000 -224.732236 
-1.520000 -220.933666 
-1.440000 -222.832951 
-1.360000 -220.933666 
-1.280000 -215.235812 
-1.200000 -213.336528 
-1.120000 -203.840104 
-1.040000 -203.840104 
-0.960000 -209.537958 
-0.880000 -203.840104 
-0.800000 -196.242966 
-0.720000 -201.940820 
-0.640000 -192.444396 
-0.560000 -192.444396 
-0.480000 -188.645827 
-0.400000 -175.350834 
-0.320000 -165.854411 
-0.240000 -165.854411 
-0.160000 -148.760849 
-0.080000 -139.264426 
0.000000 -131.667287 
0.080000 -118.372294 
0.160000 -112.674440 
0.240000 -82.285886 
0.320000 -55.695901 
0.400000 -23.408061 
0.480000 -12.012353 
0.560000 3.181924 
0.640000 20.275486 
0.720000 24.074055 
0.800000 39.268333 
0.880000 39.268333 
0.960000 46.865471 
1.040000 54.462610 
1.120000 63.959033 
1.200000 62.059749 
1.280000 65.858318 
1.360000 79.153311 
1.440000 88.649734 
1.520000 90.549019 
1.600000 100.045442 
1.680000 101.944727 
1.760000 115.239719 
1.840000 119.038289 
1.920000 130.433997 
2.000000 147.527558 
2.080000 155.124697 
2.160000 151.326128 
2.240000 153.225412 
2.320000 174.117544 
2.400000 176.016828 
2.480000 195.009675 
2.440000 191.211106 
2.360000 200.707529 
2.280000 206.405383 
2.200000 210.203952 
2.120000 219.700376 
2.040000 214.002522 
1.960000 227.297514 
1.880000 221.599660 
1.800000 214.002522 
1.720000 227.297514 
1.640000 225.398230 
1.560000 221.599660 
1.480000 214.002522 
1.400000 206.405383 
1.320000 206.405383 
1.240000 217.801091 
1.160000 206.405383 
1.080000 206.405383 
1.000000 204.506098 
0.920000 200.707529 
0.840000 202.606814 
0.760000 193.110390 
0.680000 185.513252 
0.600000 183.613967 
0.520000 176.016828 
0.440000 174.117544 
0.360000 168.419690 
0.280000 166.520405 
0.200000 151.326128 
0.120000 147.527558 
0.040000 143.728989 
-0.040000 138.031135 
-0.120000 130.433997 
-0.200000 119.038289 
-0.280000 111.441150 
-0.360000 100.045442 
-0.440000 77.254026 
-0.520000 67.757603 
-0.600000 16.476917 
-0.680000 -6.314499 
-0.760000 -27.206631 
-0.840000 -36.703054 
-0.920000 -48.098762 
-1.000000 -57.595185 
-1.080000 -65.192324 
-1.160000 -72.789462 
-1.240000 -68.990893 
-1.320000 -74.688747 
-1.400000 -87.983740 
-1.480000 -93.681594 
-1.560000 -93.681594 
-1.640000 -99.379448 
-1.720000 -112.674440 
-1.800000 -110.775156 
-1.880000 -122.170864 
-1.960000 -143.062995 
-2.040000 -148.760849 
-2.120000 -150.660134 
-2.200000 -167.753696 
-2.280000 -169.652980 
-2.360000 -169.652980 
-2.440000 -175.350834 
-2.480000 -186.746542 
-2.400000 -196.242966 
-2.320000 -198.142250 
-2.240000 -203.840104 
-2.160000 -213.336528 
-2.080000 -226.631520 
-2.000000 -224.732236 
-1.920000 -222.832951 
-1.840000 -232.329374 
-1.760000 -226.631520 
-1.680000 -219.034382 
-1.600000 -226.631520 
-1.520000 -220.933666 
-1.440000 -220.933666 
-1.360000 -217.135097 
-1.280000 -215.235812 
-1.200000 -219.034382 
-1.120000 -215.235812 
-1.040000 -211.437243 
-0.960000 -205.739389 
-0.880000 -198.142250 
-0.800000 -200.041535 
-0.720000 -194.343681 
-0.640000 -190.545112 
-0.560000 -190.545112 
-0.480000 -192.444396 
-0.400000 -186.746542 
-0.320000 -167.753696 
-0.240000 -165.854411 
-0.160000 -150.660134 
0.000000 0.000000 
