0.000000 -70.890178 
0.075000 -63.293039 
0.150000 -53.796616 
0.225000 -34.803769 
0.300000 -21.508777 
0.375000 1.282639 
0.450000 10.779063 
0.525000 -19.609492 
0.600000 22.174771 
0.675000 37.369048 
0.750000 41.167617 
0.825000 43.066902 
0.900000 43.066902 
0.975000 48.764756 
1.050000 48.764756 
1.125000 54.462610 
1.200000 71.556172 
1.275000 73.455457 
1.350000 73.455457 
1.425000 84.851165 
1.500000 92.448303 
1.575000 96.246873 
1.650000 111.441150 
1.725000 120.937573 
1.800000 120.937573 
1.875000 124.736143 
1.950000 136.131851 
2.025000 149.426843 
2.100000 153.225412 
2.175000 155.124697 
2.250000 166.520405 
2.325000 162.721836 
2.400000 193.110390 
2.475000 179.815398 
2.450000 195.009675 
2.375000 212.103237 
2.300000 210.203952 
2.225000 208.304668 
2.150000 217.801091 
2.075000 217.801091 
2.000000 215.901806 
1.925000 225.398230 
1.850000 219.700376 
1.775000 215.901806 
1.700000 229.196799 
1.625000 221.599660 
1.550000 215.901806 
1.475000 219.700376 
1.400000 210.203952 
1.325000 217.801091 
1.250000 214.002522 
1.175000 206.405383 
1.100000 202.606814 
1.025000 202.606814 
0.950000 195.009675 
0.875000 196.908960 
0.800000 191.211106 
0.725000 185.513252 
0.650000 189.311821 
0.575000 181.714682 
0.500000 174.117544 
0.425000 174.117544 
0.350000 155.124697 
0.275000 160.822551 
0.200000 149.426843 
0.125000 147.527558 
0.050000 147.527558 
-0.025000 138.031135 
-0.100000 124.736143 
-0.175000 113.340435 
-0.250000 101.944727 
-0.325000 90.549019 
-0.400000 77.254026 
-0.475000 62.059749 
-0.550000 22.174771 
-0.625000 3.181924 
-0.700000 -15.810923 
-0.775000 -32.904485 
-0.850000 -32.904485 
-0.925000 -51.897331 
-1.000000 -59.494470 
-1.075000 -63.293039 
-1.150000 -76.588032 
-1.225000 -78.487316 
-1.300000 -76.588032 
-1.375000 -87.983740 
-1.450000 -93.681594 
-1.525000 -91.782309 
-1.600000 -105.077302 
-1.675000 -108.875871 
-1.750000 -120.271579 
-1.825000 -129.768002 
-1.900000 -131.667287 
-1.975000 -143.062995 
-2.050000 -146.861564 
-2.125000 -150.660134 
-2.200000 -158.257272 
-2.275000 -165.854411 
-2.350000 -173.451550 
-2.425000 -182.947973 
-2.500000 -182.947973 
-2.425000 -196.242966 
-2.350000 -196.242966 
-2.275000 -215.235812 
-2.200000 -220.933666 
-2.125000 -224.732236 
-2.050000 -222.832951 
-1.975000 -230.430090 
-1.900000 -226.631520 
-1.825000 -228.530805 
-1.750000 -224.732236 
-1.675000 -219.034382 
-1.600000 -220.933666 
-1.525000 -222.832951 
-1.450000 -215.235812 
-1.375000 -219.034382 
-1.300000 -215.235812 
-1.225000 -211.437243 
-1.150000 -219.034382 
-1.075000 -209.537958 
-1.000000 -200.041535 
-0.925000 -200.041535 
-0.850000 -196.242966 
-0.775000 -196.242966 
-0.700000 -192.444396 
-0.625000 -196.242966 
-0.550000 -194.343681 
-0.475000 -186.746542 
-0.400000 -188.645827 
-0.325000 -179.149404 
-0.250000 -167.753696 
-0.175000 -165.854411 
-0.100000 -144.962280 
-0.025000 -124.070148 
0.050000 -120.271579 
0.125000 -120.271579 
0.200000 -93.681594 
0.275000 -59.494470 
0.350000 -32.904485 
0.425000 -8.213784 
0.500000 3.181924 
0.575000 16.476917 
0.650000 25.973340 
0.725000 24.074055 
0.800000 39.268333 
0.875000 41.167617 
0.950000 50.664041 
1.025000 52.563325 
1.100000 65.858318 
1.175000 75.354741 
1.250000 73.455457 
1.325000 79.153311 
1.400000 79.153311 
1.475000 86.750449 
1.550000 100.045442 
1.625000 107.642581 
1.700000 107.642581 
1.775000 124.736143 
1.850000 132.333281 
1.925000 130.433997 
2.000000 145.628274 
2.075000 151.326128 
2.150000 153.225412 
2.225000 155.124697 
2.300000 172.218259 
2.375000 183.613967 
2.450000 181.714682 
2.475000 193.110390 
2.400000 204.506098 
2.325000 204.506098 
2.250000 202.606814 
2.175000 221.599660 
2.100000 214.002522 
2.025000 214.002522 
1.950000 225.398230 
1.875000 206.405383 
1.800000 212.103237 
1.725000 227.297514 
1.650000 215.901806 
1.575000 210.203952 
1.500000 214.002522 
1.425000 214.002522 
1.350000 217.801091 
1.275000 215.901806 
1.200000 206.405383 
1.125000 208.304668 
1.050000 208.304668 
0.975000 200.707529 
0.900000 204.506098 
0.825000 191.211106 
0.750000 189.311821 
0.675000 187.412536 
0.600000 187.412536 
0.525000 179.815398 
0.450000 176.016828 
0.375000 166.520405 
0.300000 155.124697 
0.225000 151.326128 
0.150000 149.426843 
0.075000 143.728989 
-0.000000 143.728989 
-0.075000 130.433997 
-0.150000 115.239719 
-0.225000 111.441150 
-0.300000 98.146157 
-0.375000 86.750449 
-0.450000 67.757603 
-0.525000 31.671194 
-0.600000 -8.213784 
-0.675000 -23.408061 
-0.750000 -38.602339 
-0.825000 -46.199477 
-0.900000 -57.595185 
-0.975000 -59.494470 
-1.050000 -70.890178 
-1.125000 -72.789462 
-1.200000 -70.890178 
-1.275000 -84.185170 
-1.350000 -87.983740 
-1.425000 -87.983740 
-1.500000 -99.379448 
-1.575000 -101.278732 
-1.650000 -103.178017 
-1.725000 -118.372294 
-1.800000 -122.170864 
-1.875000 -131.667287 
-1.950000 -135.465856 
-2.025000 -143.062995 
-2.100000 -148.760849 
-2.175000 -158.257272 
-2.250000 -167.753696 
-2.325000 -167.753696 
-2.400000 -179.149404 
-2.475000 -188.645827 
-2.450000 -198.142250 
-2.375000 -196.242966 
-2.300000 -203.840104 
-2.225000 -215.235812 
-2.150000 -224.732236 
-2.075000 -226.631520 
-2.000000 -228.530805 
-1.925000 -249.422936 
-1.850000 -226.631520 
-1.775000 -222.832951 
-1.700000 -226.631520 
-1.625000 -224.732236 
-1.550000 -219.034382 
-1.475000 -219.034382 
-1.400000 -211.437243 
-1.325000 -220.933666 
-1.250000 -217.135097 
-1.175000 -215.235812 
-1.100000 -213.336528 
-1.025000 -211.437243 
-0.950000 -205.739389 
-0.875000 -205.739389 
-0.800000 -196.242966 
-0.725000 -196.242966 
-0.650000 -198.142250 
-0.575000 -192.444396 
-0.500000 -190.545112 
-0.425000 -179.149404 
-0.350000 -173.451550 
-0.275000 -167.753696 
-0.200000 -165.854411 
-0.125000 -150.660134 
-0.050000 -133.566572 
0.025000 -120.271579 
0.100000 -118.372294 
0.175000 -118.372294 
0.250000 -89.883024 
0.325000 -48.098762 
0.400000 -32.904485 
0.475000 -10.113069 
0.550000 8.879778 
0.625000 27.872625 
0.700000 27.872625 
0.775000 33.570479 
0.850000 41.167617 
0.925000 43.066902 
1.000000 56.361895 
1.075000 62.059749 
1.150000 69.656887 
1.225000 77.254026 
1.300000 75.354741 
1.375000 79.153311 
1.450000 88.649734 
1.525000 90.549019 
1.600000 105.743296 
1.675000 111.441150 
1.750000 113.340435 
1.825000 122.836858 
1.900000 128.534712 
1.975000 134.232566 
2.050000 145.628274 
2.125000 149.426843 
2.200000 160.822551 
2.275000 157.023982 
2.350000 174.117544 
2.425000 181.714682 
2.500000 185.513252 
2.425000 202.606814 
2.350000 212.103237 
2.275000 214.002522 
2.200000 217.801091 
2.125000 225.398230 
2.050000 221.599660 
1.975000 221.599660 
1.900000 223.498945 
1.825000 215.901806 
1.750000 234.894653 
1.675000 223.498945 
1.600000 214.002522 
1.525000 212.103237 
1.450000 206.405383 
1.375000 214.002522 
1.300000 223.498945 
1.225000 214.002522 
1.150000 210.203952 
1.075000 200.707529 
1.000000 206.405383 
0.925000 204.506098 
0.850000 202.606814 
0.775000 187.412536 
0.700000 181.714682 
0.625000 185.513252 
0.550000 176.016828 
0.475000 174.117544 
0.400000 174.117544 
0.325000 160.822551 
0.250000 158.923266 
0.175000 149.426843 
0.100000 145.628274 
0.025000 138.031135 
-0.050000 132.333281 
-0.125000 120.937573 
-0.200000 109.541865 
-0.275000 103.844011 
-0.350000 92.448303 
-0.425000 82.951880 
-0.500000 60.160464 
-0.575000 18.376201 
-0.650000 -10.113069 
-0.725000 -23.408061 
-0.800000 -31.005200 
-0.875000 -51.897331 
-0.950000 -61.393755 
-1.025000 -65.192324 
-1.100000 -68.990893 
-1.175000 -76.588032 
-1.250000 -80.386601 
-1.325000 -78.487316 
-1.400000 -82.285886 
-1.475000 -97.480163 
-1.550000 -101.278732 
-1.625000 -110.775156 
-1.700000 -112.674440 
-1.775000 -118.372294 
-1.850000 -124.070148 
-1.925000 -139.264426 
-2.000000 -146.861564 
-2.075000 -154.458703 
-2.150000 -160.156557 
-2.225000 -173.451550 
-2.300000 -171.552265 
-2.375000 -177.250119 
-2.450000 -188.645827 
-2.475000 -190.545112 
-2.400000 -203.840104 
-2.325000 -205.739389 
-2.250000 -220.933666 
-2.175000 -222.832951 
-2.100000 -222.832951 
-2.025000 -230.430090 
-1.950000 -234.228659 
-1.875000 -224.732236 
-1.800000 -226.631520 
-1.725000 -220.933666 
-1.650000 -224.732236 
-1.575000 -219.034382 
-1.500000 -215.235812 
-1.425000 -220.933666 
-1.350000 -215.235812 
-1.275000 -215.235812 
-1.200000 -211.437243 
-1.125000 -211.437243 
-1.050000 -203.840104 
-0.975000 -200.041535 
-0.900000 -196.242966 
-0.825000 -194.343681 
-0.750000 -198.142250 
-0.675000 -198.142250 
-0.600000 -194.343681 
-0.525000 -194.343681 
-0.450000 -184.847258 
-0.375000 -177.250119 
-0.300000 -173.451550 
-0.225000 -163.955126 
-0.150000 -154.458703 
-0.075000 -135.465856 
0.000000 -124.070148 
0.075000 -120.271579 
0.150000 -106.976586 
0.225000 -87.983740 
0.300000 -49.998047 
0.375000 -27.206631 
0.450000 -2.515930 
0.525000 14.577632 
0.600000 25.973340 
0.675000 33.570479 
0.750000 44.966187 
0.825000 39.268333 
0.900000 46.865471 
0.975000 60.160464 
1.050000 63.959033 
1.125000 60.160464 
1.200000 62.059749 
1.275000 67.757603 
1.350000 73.455457 
1.425000 77.254026 
1.500000 90.549019 
1.575000 101.944727 
1.650000 107.642581 
1.725000 122.836858 
1.800000 124.736143 
1.875000 124.736143 
1.950000 141.829705 
2.025000 141.829705 
2.100000 153.225412 
2.175000 158.923266 
2.250000 160.822551 
2.325000 179.815398 
2.400000 176.016828 
2.475000 153.225412 
2.450000 200.707529 
2.375000 206.405383 
2.300000 208.304668 
2.225000 210.203952 
2.150000 215.901806 
2.075000 210.203952 
2.000000 217.801091 
1.925000 210.203952 
1.850000 208.304668 
1.775000 236.793938 
1.700000 229.196799 
1.625000 217.801091 
1.550000 215.901806 
1.475000 221.599660 
1.400000 221.599660 
1.325000 225.398230 
1.250000 210.203952 
1.175000 208.304668 
1.100000 210.203952 
1.025000 206.405383 
0.950000 200.707529 
0.875000 198.808244 
0.800000 191.211106 
0.725000 185.513252 
0.650000 187.412536 
0.575000 174.117544 
0.500000 177.916113 
0.425000 174.117544 
0.350000 160.822551 
0.275000 158.923266 
0.200000 153.225412 
0.125000 151.326128 
0.050000 143.728989 
-0.025000 130.433997 
-0.100000 128.534712 
-0.175000 113.340435 
-0.250000 107.642581 
-0.325000 94.347588 
-0.400000 84.851165 
-0.475000 65.858318 
-0.550000 18.376201 
-0.625000 -6.314499 
-0.700000 -17.710207 
-0.775000 -36.703054 
-0.850000 -38.602339 
-0.925000 -55.695901 
-1.000000 -63.293039 
-1.075000 -68.990893 
-1.150000 -76.588032 
-1.225000 -82.285886 
-1.300000 -72.789462 
-1.375000 -89.883024 
-1.450000 -87.983740 
-1.525000 -87.983740 
-1.600000 -101.278732 
-1.675000 -110.775156 
-1.750000 -120.271579 
-1.825000 -124.070148 
-1.900000 -133.566572 
-1.975000 -143.062995 
-2.050000 -148.760849 
-2.125000 -152.559418 
-2.200000 -160.156557 
-2.275000 -160.156557 
-2.350000 -160.156557 
-2.425000 -182.947973 
-2.500000 -184.847258 
-2.425000 -196.242966 
-2.350000 -203.840104 
-2.275000 -213.336528 
-2.200000 -215.235812 
-2.125000 -220.933666 
-2.050000 -222.832951 
-1.975000 -226.631520 
-1.900000 -226.631520 
-1.825000 -228.530805 
-1.750000 -230.430090 
-1.675000 -222.832951 
-1.600000 -220.933666 
-1.525000 -219.034382 
-1.450000 -220.933666 
-1.375000 -215.235812 
-1.300000 -215.235812 
-1.225000 -203.840104 
-1.150000 -203.840104 
-1.075000 -203.840104 
-1.000000 -200.041535 
-0.925000 -198.142250 
-0.850000 -196.242966 
-0.775000 -198.142250 
-0.700000 -194.343681 
-0.625000 -188.645827 
-0.550000 -184.847258 
-0.475000 -182.947973 
-0.400000 -167.753696 
-0.325000 -167.753696 
-0.250000 -165.854411 
-0.175000 -146.861564 
-0.100000 -137.365141 
-0.025000 -129.768002 
0.050000 -118.372294 
0.125000 -112.674440 
0.200000 -91.782309 
0.275000 -53.796616 
0.350000 -27.206631 
0.425000 -8.213784 
0.500000 6.980493 
0.575000 20.275486 
0.650000 37.369048 
0.725000 33.570479 
0.800000 46.865471 
0.875000 41.167617 
0.950000 54.462610 
1.025000 58.261179 
1.100000 62.059749 
1.175000 60.160464 
1.250000 73.455457 
1.325000 75.354741 
1.400000 75.354741 
1.475000 88.649734 
1.550000 100.045442 
1.625000 105.743296 
1.700000 115.239719 
1.775000 84.851165 
1.850000 132.333281 
1.925000 134.232566 
2.000000 141.829705 
2.075000 143.728989 
2.150000 145.628274 
2.225000 166.520405 
2.300000 168.419690 
2.375000 181.714682 
2.450000 191.211106 
2.475000 198.808244 
2.400000 196.908960 
2.325000 196.908960 
2.250000 215.901806 
2.175000 217.801091 
2.100000 221.599660 
2.025000 217.801091 
1.950000 212.103237 
1.875000 231.096084 
1.800000 225.398230 
1.725000 217.801091 
1.650000 214.002522 
1.575000 210.203952 
1.500000 214.002522 
1.425000 221.599660 
1.350000 219.700376 
1.275000 206.405383 
1.200000 219.700376 
1.125000 212.103237 
1.050000 214.002522 
0.975000 208.304668 
0.900000 191.211106 
0.825000 191.211106 
0.750000 195.009675 
0.675000 181.714682 
0.600000 153.225412 
0.525000 172.218259 
0.450000 166.520405 
0.375000 139.930420 
0.300000 158.923266 
0.225000 158.923266 
0.150000 130.433997 
0.075000 134.232566 
-0.000000 139.930420 
-0.075000 130.433997 
-0.150000 111.441150 
-0.225000 109.541865 
-0.300000 100.045442 
-0.375000 92.448303 
-0.450000 62.059749 
-0.525000 27.872625 
-0.600000 -6.314499 
-0.675000 -17.710207 
-0.750000 -38.602339 
-0.825000 -42.400908 
-0.900000 -53.796616 
-0.975000 -63.293039 
-1.050000 -65.192324 
-1.125000 -68.990893 
-1.200000 -67.091609 
-1.275000 -78.487316 
-1.350000 -82.285886 
-1.425000 -82.285886 
-1.500000 -97.480163 
-1.575000 -101.278732 
-1.650000 -101.278732 
-1.725000 -116.473010 
-1.800000 -124.070148 
-1.875000 -129.768002 
-1.950000 -144.962280 
-2.025000 -146.861564 
-2.100000 -154.458703 
-2.175000 -165.854411 
-2.250000 -171.552265 
-2.325000 -175.350834 
-2.400000 -181.048688 
-2.475000 -179.149404 
-2.450000 -196.242966 
-2.375000 -198.142250 
-2.300000 -213.336528 
-2.225000 -217.135097 
-2.150000 -220.933666 
-2.075000 -226.631520 
-2.000000 -234.228659 
-1.925000 -226.631520 
-1.850000 -220.933666 
-1.775000 -220.933666 
-1.700000 -219.034382 
-1.625000 -217.135097 
-1.550000 -220.933666 
-1.475000 -219.034382 
-1.400000 -215.235812 
-1.325000 -213.336528 
-1.250000 -219.034382 
-1.175000 -224.732236 
-1.100000 -215.235812 
-1.025000 -207.638674 
-0.950000 -205.739389 
-0.875000 -198.142250 
-0.800000 -192.444396 
-0.725000 -192.444396 
-0.650000 -194.343681 
-0.575000 -184.847258 
-0.500000 -186.746542 
-0.425000 -181.048688 
-0.350000 -171.552265 
-0.275000 -158.257272 
-0.200000 -150.660134 
-0.125000 -139.264426 
-0.050000 -133.566572 
0.025000 -129.768002 
0.100000 -122.170864 
0.175000 -112.674440 
0.250000 -82.285886 
0.325000 -55.695901 
0.400000 -31.005200 
0.475000 -0.616645 
0.550000 3.181924 
0.625000 35.469763 
0.700000 31.671194 
0.775000 33.570479 
0.850000 44.966187 
0.925000 48.764756 
1.000000 62.059749 
1.075000 60.160464 
1.150000 62.059749 
1.225000 60.160464 
1.300000 77.254026 
1.375000 81.052595 
1.450000 86.750449 
1.525000 88.649734 
1.600000 103.844011 
1.675000 109.541865 
1.750000 122.836858 
1.825000 138.031135 
1.900000 136.131851 
1.975000 141.829705 
2.050000 139.930420 
2.125000 145.628274 
2.200000 155.124697 
2.275000 168.419690 
2.350000 166.520405 
2.425000 181.714682 
2.500000 187.412536 
2.425000 191.211106 
2.350000 195.009675 
2.275000 212.103237 
2.200000 212.103237 
2.125000 210.203952 
2.050000 215.901806 
1.975000 210.203952 
1.900000 215.901806 
1.825000 231.096084 
1.750000 212.103237 
1.675000 210.203952 
1.600000 212.103237 
1.525000 219.700376 
1.450000 215.901806 
1.375000 210.203952 
1.300000 215.901806 
1.225000 210.203952 
1.150000 210.203952 
1.075000 204.506098 
1.000000 214.002522 
0.925000 193.110390 
0.850000 187.412536 
0.775000 195.009675 
0.700000 181.714682 
0.625000 168.419690 
0.550000 170.318974 
0.475000 168.419690 
0.400000 166.520405 
0.325000 155.124697 
0.250000 147.527558 
0.175000 158.923266 
0.100000 151.326128 
0.025000 143.728989 
-0.050000 128.534712 
-0.125000 122.836858 
-0.200000 107.642581 
-0.275000 98.146157 
-0.350000 90.549019 
-0.425000 77.254026 
-0.500000 54.462610 
-0.575000 20.275486 
-0.650000 -8.213784 
-0.725000 -25.307346 
-0.800000 -36.703054 
-0.875000 -51.897331 
-0.950000 -57.595185 
-1.025000 -67.091609 
-1.100000 -68.990893 
-1.175000 -74.688747 
-1.250000 -78.487316 
-1.325000 -82.285886 
-1.400000 -87.983740 
-1.475000 -99.379448 
-1.550000 -99.379448 
-1.625000 -105.077302 
-1.700000 -116.473010 
-1.775000 -118.372294 
-1.850000 -127.868718 
-1.925000 -131.667287 
-2.000000 -143.062995 
-2.075000 -156.357988 
-2.150000 -160.156557 
-2.225000 -162.055842 
-2.300000 -175.350834 
-2.375000 -182.947973 
-2.450000 -188.645827 
-2.475000 -188.645827 
-2.400000 -196.242966 
-2.325000 -203.840104 
-2.250000 -211.437243 
-2.175000 -219.034382 
-2.100000 -226.631520 
-2.025000 -228.530805 
-1.950000 -230.430090 
-1.875000 -224.732236 
-1.800000 -228.530805 
-1.725000 -220.933666 
-1.650000 -215.235812 
-1.575000 -224.732236 
-1.500000 -215.235812 
-1.425000 -203.840104 
-1.350000 -220.933666 
-1.275000 -215.235812 
-1.200000 -215.235812 
-1.125000 -205.739389 
-1.050000 -205.739389 
-0.975000 -205.739389 
-0.900000 -198.142250 
-0.825000 -198.142250 
-0.750000 -196.242966 
-0.675000 -198.142250 
-0.600000 -192.444396 
-0.525000 -184.847258 
-0.450000 -181.048688 
-0.375000 -177.250119 
-0.300000 -158.257272 
-0.225000 -135.465856 
-0.150000 -143.062995 
-0.075000 -133.566572 
0.000000 -124.070148 
0.075000 -122.170864 
0.150000 -108.875871 
0.225000 -76.588032 
0.300000 -46.199477 
0.375000 -31.005200 
0.450000 1.282639 
0.525000 10.779063 
0.600000 14.577632 
0.675000 29.771909 
0.750000 33.570479 
0.825000 16.476917 
0.900000 44.966187 
0.975000 44.966187 
1.050000 44.966187 
1.125000 50.664041 
1.200000 69.656887 
1.275000 29.771909 
1.350000 73.455457 
1.425000 77.254026 
1.500000 65.858318 
1.575000 103.844011 
1.650000 100.045442 
1.725000 109.541865 
1.800000 132.333281 
1.875000 136.131851 
1.950000 138.031135 
2.025000 139.930420 
2.100000 143.728989 
2.175000 160.822551 
2.250000 166.520405 
2.325000 166.520405 
2.400000 177.916113 
2.475000 193.110390 
2.450000 193.110390 
2.375000 196.908960 
2.300000 210.203952 
2.225000 206.405383 
2.150000 202.606814 
2.075000 215.901806 
2.000000 210.203952 
1.925000 219.700376 
1.850000 234.894653 
1.775000 221.599660 
1.700000 195.009675 
1.625000 214.002522 
1.550000 217.801091 
1.475000 221.599660 
1.400000 214.002522 
1.325000 210.203952 
1.250000 206.405383 
1.175000 212.103237 
1.100000 214.002522 
1.025000 204.506098 
0.950000 195.009675 
0.875000 198.808244 
0.800000 191.211106 
0.725000 181.714682 
0.650000 183.613967 
0.575000 177.916113 
0.500000 168.419690 
0.425000 164.621120 
0.350000 157.023982 
0.275000 153.225412 
0.200000 151.326128 
0.125000 153.225412 
0.050000 143.728989 
-0.025000 132.333281 
-0.100000 124.736143 
-0.175000 120.937573 
-0.250000 101.944727 
-0.325000 100.045442 
-0.400000 86.750449 
-0.475000 60.160464 
-0.550000 25.973340 
-0.625000 -0.616645 
-0.700000 -29.105915 
-0.775000 -29.105915 
-0.850000 -38.602339 
-0.925000 -67.091609 
-1.000000 -57.595185 
-1.075000 -67.091609 
-1.150000 -76.588032 
-1.225000 -76.588032 
-1.300000 -80.386601 
-1.375000 -84.185170 
-1.450000 -84.185170 
-1.525000 -99.379448 
-1.600000 -99.379448 
-1.675000 -110.775156 
-1.750000 -124.070148 
-1.825000 -129.768002 
-1.900000 -135.465856 
-1.975000 -150.660134 
-2.050000 -154.458703 
-2.125000 -162.055842 
-2.200000 -167.753696 
-2.275000 -171.552265 
-2.350000 -179.149404 
-2.425000 -182.947973 
-2.500000 -190.545112 
-2.425000 -192.444396 
-2.350000 -198.142250 
-2.275000 -213.336528 
-2.200000 -215.235812 
-2.125000 -230.430090 
-2.050000 -226.631520 
-1.975000 -230.430090 
-1.900000 -228.530805 
-1.825000 -219.034382 
-1.750000 -224.732236 
-1.675000 -224.732236 
-1.600000 -220.933666 
-1.525000 -220.933666 
-1.450000 -211.437243 
-1.375000 -207.638674 
-1.300000 -209.537958 
-1.225000 -211.437243 
-1.150000 -215.235812 
-1.075000 -209.537958 
-1.000000 -211.437243 
-0.925000 -203.840104 
-0.850000 -198.142250 
-0.775000 -203.840104 
-0.700000 -194.343681 
-0.625000 -196.242966 
-0.550000 -188.645827 
-0.475000 -182.947973 
-0.400000 -179.149404 
-0.325000 -167.753696 
-0.250000 -150.660134 
-0.175000 -139.264426 
-0.100000 -135.465856 
-0.025000 -127.868718 
0.050000 -124.070148 
0.125000 -110.775156 
0.200000 -72.789462 
0.275000 -55.695901 
0.350000 -29.105915 
0.425000 -6.314499 
0.500000 6.980493 
0.575000 10.779063 
0.650000 24.074055 
0.725000 31.671194 
0.800000 37.369048 
0.875000 44.966187 
0.950000 50.664041 
1.025000 44.966187 
1.100000 60.160464 
1.175000 60.160464 
1.250000 69.656887 
1.325000 79.153311 
1.400000 86.750449 
1.475000 96.246873 
1.550000 92.448303 
1.625000 100.045442 
1.700000 122.836858 
1.775000 122.836858 
1.850000 124.736143 
1.925000 145.628274 
2.000000 136.131851 
2.075000 138.031135 
2.150000 160.822551 
2.225000 166.520405 
2.300000 166.520405 
2.375000 181.714682 
2.450000 189.311821 
2.475000 191.211106 
2.400000 193.110390 
2.325000 214.002522 
2.250000 206.405383 
2.175000 208.304668 
2.100000 225.398230 
2.025000 210.203952 
1.950000 210.203952 
1.875000 227.297514 
1.800000 225.398230 
1.725000 219.700376 
1.650000 214.002522 
1.575000 214.002522 
1.500000 219.700376 
1.425000 223.498945 
1.350000 212.103237 
1.275000 210.203952 
1.200000 214.002522 
1.125000 202.606814 
1.050000 206.405383 
0.975000 196.908960 
0.900000 195.009675 
0.825000 196.908960 
0.750000 193.110390 
0.675000 172.218259 
0.600000 174.117544 
0.525000 166.520405 
0.450000 166.520405 
0.375000 166.520405 
0.300000 164.621120 
0.225000 153.225412 
0.150000 149.426843 
0.075000 143.728989 
-0.000000 151.326128 
-0.075000 128.534712 
-0.150000 119.038289 
-0.225000 109.541865 
-0.300000 92.448303 
-0.375000 82.951880 
-0.450000 69.656887 
-0.525000 35.469763 
-0.600000 -4.415215 
-0.675000 -19.609492 
-0.750000 -38.602339 
-0.825000 -46.199477 
-0.900000 -51.897331 
-0.975000 -65.192324 
-1.050000 -65.192324 
-1.125000 -67.091609 
-1.200000 -68.990893 
-1.275000 -80.386601 
-1.350000 -87.983740 
-1.425000 -86.084455 
-1.500000 -99.379448 
-1.575000 -108.875871 
-1.650000 -101.278732 
-1.725000 -114.573725 
-1.800000 -127.868718 
-1.875000 -143.062995 
-1.950000 -144.962280 
-2.025000 -152.559418 
-2.100000 -150.660134 
-2.175000 -162.055842 
-2.250000 -167.753696 
-2.325000 -171.552265 
-2.400000 -175.350834 
-2.475000 -186.746542 
-2.450000 -186.746542 
-2.375000 -192.444396 
-2.300000 -213.336528 
-2.225000 -220.933666 
-2.150000 -222.832951 
-2.075000 -228.530805 
-2.000000 -224.732236 
-1.925000 -228.530805 
-1.850000 -228.530805 
-1.775000 -226.631520 
-1.700000 -220.933666 
-1.625000 -224.732236 
-1.550000 -226.631520 
-1.475000 -215.235812 
-1.400000 -211.437243 
-1.325000 -211.437243 
-1.250000 -215.235812 
-1.175000 -219.034382 
-1.100000 -209.537958 
-1.025000 -207.638674 
-0.950000 -196.242966 
-0.875000 -205.739389 
-0.800000 -200.041535 
-0.725000 -188.645827 
-0.650000 -198.142250 
-0.575000 -188.645827 
-0.500000 -181.048688 
-0.425000 -179.149404 
-0.350000 -167.753696 
-0.275000 -150.660134 
-0.200000 -146.861564 
-0.125000 -137.365141 
-0.050000 -133.566572 
0.025000 -129.768002 
0.100000 -122.170864 
0.175000 -106.976586 
0.250000 -74.688747 
0.325000 -55.695901 
0.400000 -29.105915 
0.475000 -8.213784 
0.550000 14.577632 
0.625000 12.678347 
0.700000 29.771909 
0.775000 31.671194 
0.850000 41.167617 
0.925000 46.865471 
1.000000 54.462610 
1.075000 60.160464 
1.150000 60.160464 
1.225000 60.160464 
1.300000 73.455457 
1.375000 77.254026 
1.450000 88.649734 
1.525000 100.045442 
1.600000 105.743296 
1.675000 109.541865 
1.750000 126.635427 
1.825000 124.736143 
1.900000 136.131851 
1.975000 149.426843 
2.050000 149.426843 
2.125000 153.225412 
2.200000 170.318974 
2.275000 168.419690 
2.350000 185.513252 
2.425000 179.815398 
2.500000 191.211106 
2.425000 196.908960 
2.350000 204.506098 
2.275000 212.103237 
2.200000 210.203952 
2.125000 227.297514 
2.050000 214.002522 
1.975000 204.506098 
1.900000 229.196799 
1.825000 221.599660 
1.750000 219.700376 
1.675000 212.103237 
1.600000 212.103237 
1.525000 214.002522 
1.450000 227.297514 
1.375000 208.304668 
1.300000 210.203952 
1.225000 221.599660 
1.150000 212.103237 
1.075000 202.606814 
1.000000 200.707529 
0.925000 198.808244 
0.850000 183.613967 
0.775000 193.110390 
0.700000 179.815398 
0.625000 179.815398 
0.550000 176.016828 
0.475000 168.419690 
0.400000 166.520405 
0.325000 158.923266 
0.250000 158.923266 
0.175000 153.225412 
0.100000 141.829705 
0.025000 136.131851 
-0.050000 136.131851 
-0.125000 122.836858 
-0.200000 113.340435 
-0.275000 103.844011 
-0.350000 86.750449 
-0.425000 77.254026 
-0.500000 60.160464 
-0.575000 22.174771 
-0.650000 -8.213784 
-0.725000 -25.307346 
-0.800000 -32.904485 
-0.875000 -51.897331 
-0.950000 -57.595185 
-1.025000 -57.595185 
-1.100000 -76.588032 
-1.175000 -74.688747 
-1.250000 -78.487316 
-1.325000 -84.185170 
-1.400000 -84.185170 
-1.475000 -91.782309 
-1.550000 -105.077302 
-1.625000 -108.875871 
-1.700000 -112.674440 
-1.775000 -112.674440 
-1.850000 -129.768002 
-1.925000 -137.365141 
-2.000000 -143.062995 
-2.075000 -144.962280 
-2.150000 -156.357988 
-2.225000 -165.854411 
-2.300000 -175.350834 
-2.375000 -182.947973 
-2.450000 -184.847258 
-2.475000 -190.545112 
-2.400000 -190.545112 
-2.325000 -201.940820 
-2.250000 -207.638674 
-2.175000 -211.437243 
-2.100000 -232.329374 
-2.025000 -232.329374 
-1.950000 -220.933666 
-1.875000 -226.631520 
-1.800000 -226.631520 
-1.725000 -228.530805 
-1.650000 -219.034382 
-1.575000 -220.933666 
-1.500000 -219.034382 
-1.425000 -211.437243 
-1.350000 -215.235812 
-1.275000 -213.336528 
-1.200000 -219.034382 
-1.125000 -217.135097 
-1.050000 -205.739389 
-0.975000 -205.739389 
-0.900000 -207.638674 
-0.825000 -200.041535 
-0.750000 -196.242966 
-0.675000 -198.142250 
-0.600000 -196.242966 
-0.525000 -182.947973 
-0.450000 -182.947973 
-0.375000 -175.350834 
-0.300000 -163.955126 
-0.225000 -144.962280 
-0.150000 -146.861564 
-0.075000 -129.768002 
0.000000 -129.768002 
0.075000 -127.868718 
0.150000 -105.077302 
0.225000 -72.789462 
0.300000 -53.796616 
0.375000 -31.005200 
0.450000 -4.415215 
0.525000 10.779063 
0.600000 14.577632 
0.675000 27.872625 
0.750000 31.671194 
0.825000 39.268333 
0.900000 48.764756 
0.975000 46.865471 
1.050000 62.059749 
1.125000 62.059749 
1.200000 60.160464 
1.275000 71.556172 
1.350000 79.153311 
1.425000 90.549019 
1.500000 88.649734 
1.575000 94.347588 
1.650000 115.239719 
1.725000 119.038289 
1.800000 124.736143 
1.875000 136.131851 
1.950000 134.232566 
2.025000 143.728989 
2.100000 147.527558 
2.175000 162.721836 
2.250000 168.419690 
2.325000 168.419690 
2.400000 181.714682 
2.475000 179.815398 
2.450000 189.311821 
2.375000 191.211106 
2.300000 210.203952 
2.225000 210.203952 
2.150000 215.901806 
2.075000 215.901806 
2.000000 206.405383 
1.925000 215.901806 
1.850000 221.599660 
1.775000 214.002522 
1.700000 212.103237 
1.625000 212.103237 
1.550000 210.203952 
1.475000 225.398230 
1.400000 208.304668 
1.325000 208.304668 
1.250000 214.002522 
1.175000 204.506098 
1.100000 200.707529 
1.025000 198.808244 
0.950000 191.211106 
0.875000 195.009675 
0.800000 187.412536 
0.725000 181.714682 
0.650000 172.218259 
0.575000 179.815398 
0.500000 164.621120 
0.425000 162.721836 
0.350000 158.923266 
0.275000 155.124697 
0.200000 151.326128 
0.125000 138.031135 
0.050000 138.031135 
-0.025000 134.232566 
-0.100000 119.038289 
-0.175000 126.635427 
-0.250000 100.045442 
-0.325000 84.851165 
-0.400000 81.052595 
-0.475000 65.858318 
-0.550000 27.872625 
-0.625000 -8.213784 
-0.700000 -27.206631 
-0.775000 -34.803769 
-0.850000 -46.199477 
-0.925000 -49.998047 
-1.000000 -61.393755 
-1.075000 -72.789462 
-1.150000 -67.091609 
-1.225000 -72.789462 
-1.300000 -80.386601 
-1.375000 -82.285886 
-1.450000 -93.681594 
-1.525000 -99.379448 
-1.600000 -105.077302 
-1.675000 -108.875871 
-1.750000 -124.070148 
-1.825000 -131.667287 
-1.900000 -131.667287 
-1.975000 -137.365141 
-2.050000 -144.962280 
-2.125000 -152.559418 
-2.200000 -169.652980 
-2.275000 -179.149404 
-2.350000 -182.947973 
-2.425000 -177.250119 
-2.500000 -186.746542 
-2.425000 -190.545112 
-2.350000 -232.329374 
-2.275000 -217.135097 
-2.200000 -217.135097 
-2.125000 -249.422936 
-2.050000 -226.631520 
-1.975000 -226.631520 
-1.900000 -220.933666 
-1.825000 -217.135097 
-1.750000 -220.933666 
-1.675000 -217.135097 
-1.600000 -224.732236 
-1.525000 -215.235812 
-1.450000 -217.135097 
-1.375000 -213.336528 
-1.300000 -213.336528 
-1.225000 -205.739389 
-1.150000 -209.537958 
-1.075000 -196.242966 
-1.000000 -200.041535 
-0.925000 -200.041535 
-0.850000 -198.142250 
-0.775000 -196.242966 
-0.700000 -200.041535 
-0.625000 -190.545112 
-0.550000 -184.847258 
-0.475000 -182.947973 
-0.400000 -173.451550 
-0.325000 -162.055842 
-0.250000 -150.660134 
-0.175000 -137.365141 
-0.100000 -135.465856 
-0.025000 -124.070148 
0.050000 -125.969433 
0.125000 -116.473010 
0.200000 -87.983740 
0.275000 -57.595185 
0.350000 -36.703054 
0.425000 -8.213784 
0.500000 12.678347 
0.575000 12.678347 
0.650000 27.872625 
0.725000 25.973340 
0.800000 29.771909 
0.875000 46.865471 
0.950000 52.563325 
1.025000 54.462610 
1.100000 50.664041 
1.175000 71.556172 
1.250000 73.455457 
1.325000 69.656887 
1.400000 82.951880 
1.475000 92.448303 
1.550000 92.448303 
1.625000 100.045442 
1.700000 111.441150 
1.775000 136.131851 
1.850000 126.635427 
1.925000 136.131851 
2.000000 138.031135 
2.075000 138.031135 
2.150000 149.426843 
2.225000 166.520405 
2.300000 160.822551 
2.375000 176.016828 
2.450000 189.311821 
2.475000 185.513252 
2.400000 185.513252 
2.325000 210.203952 
2.250000 219.700376 
2.175000 215.901806 
2.100000 214.002522 
2.025000 212.103237 
1.950000 202.606814 
1.875000 229.196799 
1.800000 221.599660 
1.725000 214.002522 
1.650000 212.103237 
1.575000 215.901806 
1.500000 206.405383 
1.425000 223.498945 
1.350000 206.405383 
1.275000 206.405383 
1.200000 215.901806 
1.125000 206.405383 
1.050000 204.506098 
0.975000 196.908960 
0.900000 196.908960 
0.825000 195.009675 
0.750000 189.311821 
0.675000 181.714682 
0.600000 177.916113 
0.525000 176.016828 
0.450000 160.822551 
0.375000 157.023982 
0.300000 157.023982 
0.225000 151.326128 
0.150000 157.023982 
0.075000 145.628274 
-0.000000 139.930420 
-0.075000 138.031135 
-0.150000 119.038289 
-0.225000 107.642581 
-0.300000 101.944727 
-0.375000 88.649734 
-0.450000 69.656887 
-0.525000 31.671194 
-0.600000 -0.616645 
-0.675000 -23.408061 
-0.750000 -31.005200 
-0.825000 -46.199477 
-0.900000 -55.695901 
-0.975000 -61.393755 
-1.050000 -61.393755 
-1.125000 -112.674440 
-1.200000 -72.789462 
-1.275000 -80.386601 
-1.350000 -78.487316 
-1.425000 -89.883024 
-1.500000 -95.580878 
-1.575000 -101.278732 
-1.650000 -101.278732 
-1.725000 -120.271579 
-1.800000 -129.768002 
-1.875000 -125.969433 
-1.950000 -137.365141 
-2.025000 -143.062995 
-2.100000 -156.357988 
-2.175000 -165.854411 
-2.250000 -175.350834 
-2.325000 -173.451550 
-2.400000 -184.847258 
-2.475000 -184.847258 
-2.450000 -190.545112 
-2.375000 -194.343681 
-2.300000 -211.437243 
-2.225000 -215.235812 
-2.150000 -219.034382 
-2.075000 -228.530805 
-2.000000 -230.430090 
-1.925000 -228.530805 
-1.850000 -226.631520 
-1.775000 -220.933666 
-1.700000 -224.732236 
-1.625000 -226.631520 
-1.550000 -220.933666 
-1.475000 -222.832951 
-1.400000 -241.825798 
-1.325000 -211.437243 
-1.250000 -215.235812 
-1.175000 -213.336528 
-1.100000 -213.336528 
-1.025000 -205.739389 
-0.950000 -205.739389 
-0.875000 -201.940820 
-0.800000 -201.940820 
-0.725000 -198.142250 
-0.650000 -188.645827 
-0.575000 -188.645827 
-0.500000 -182.947973 
-0.425000 -179.149404 
-0.350000 -169.652980 
-0.275000 -150.660134 
-0.200000 -143.062995 
-0.125000 -135.465856 
-0.050000 -131.667287 
0.025000 -127.868718 
0.100000 -118.372294 
0.175000 -103.178017 
0.250000 -78.487316 
0.325000 -53.796616 
0.400000 -34.803769 
0.475000 3.181924 
0.550000 -0.616645 
0.625000 22.174771 
0.700000 20.275486 
0.775000 35.469763 
0.850000 46.865471 
0.925000 54.462610 
1.000000 54.462610 
1.075000 60.160464 
1.150000 62.059749 
1.225000 69.656887 
1.300000 62.059749 
1.375000 77.254026 
1.450000 82.951880 
1.525000 100.045442 
1.600000 98.146157 
1.675000 82.951880 
1.750000 117.139004 
1.825000 128.534712 
1.900000 132.333281 
1.975000 136.131851 
2.050000 143.728989 
2.125000 145.628274 
2.200000 162.721836 
2.275000 164.621120 
2.350000 166.520405 
2.425000 181.714682 
2.500000 191.211106 
2.425000 191.211106 
2.350000 193.110390 
2.275000 214.002522 
2.200000 210.203952 
2.125000 215.901806 
2.050000 221.599660 
1.975000 202.606814 
1.900000 210.203952 
1.825000 221.599660 
1.750000 214.002522 
1.675000 212.103237 
1.600000 208.304668 
1.525000 212.103237 
1.450000 214.002522 
1.375000 215.901806 
1.300000 206.405383 
1.225000 208.304668 
1.150000 212.103237 
1.075000 196.908960 
1.000000 198.808244 
0.925000 185.513252 
0.850000 185.513252 
0.775000 187.412536 
0.700000 179.815398 
0.625000 174.117544 
0.550000 172.218259 
0.475000 168.419690 
0.400000 164.621120 
0.325000 157.023982 
0.250000 160.822551 
0.175000 151.326128 
0.100000 143.728989 
0.025000 134.232566 
-0.050000 136.131851 
-0.125000 117.139004 
-0.200000 119.038289 
-0.275000 101.944727 
-0.350000 94.347588 
-0.425000 84.851165 
-0.500000 69.656887 
-0.575000 29.771909 
-0.650000 -2.515930 
-0.725000 -38.602339 
-0.800000 -36.703054 
-0.875000 -44.300193 
-0.950000 -67.091609 
-1.025000 -65.192324 
-1.100000 -68.990893 
-1.175000 -76.588032 
-1.250000 -86.084455 
-1.325000 -89.883024 
-1.400000 -87.983740 
-1.475000 -93.681594 
-1.550000 -97.480163 
-1.625000 -108.875871 
-1.700000 -114.573725 
-1.775000 -122.170864 
-1.850000 -133.566572 
-1.925000 -137.365141 
-2.000000 -144.962280 
-2.075000 -160.156557 
-2.150000 -165.854411 
-2.225000 -175.350834 
-2.300000 -175.350834 
-2.375000 -179.149404 
-2.450000 -182.947973 
-2.475000 -182.947973 
-2.400000 -196.242966 
-2.325000 -205.739389 
-2.250000 -213.336528 
-2.175000 -226.631520 
-2.100000 -220.933666 
-2.025000 -220.933666 
-1.950000 -224.732236 
-1.875000 -222.832951 
-1.800000 -222.832951 
-1.725000 -226.631520 
-1.650000 -222.832951 
-1.575000 -220.933666 
-1.500000 -217.135097 
-1.425000 -219.034382 
-1.350000 -220.933666 
-1.275000 -217.135097 
-1.200000 -220.933666 
-1.125000 -205.739389 
-1.050000 -203.840104 
-0.975000 -209.537958 
-0.900000 -203.840104 
-0.825000 -196.242966 
-0.750000 -203.840104 
-0.675000 -196.242966 
-0.600000 -198.142250 
-0.525000 -203.840104 
-0.450000 -184.847258 
-0.375000 -177.250119 
-0.300000 -165.854411 
-0.225000 -156.357988 
-0.150000 -143.062995 
-0.075000 -137.365141 
0.000000 -137.365141 
0.075000 -124.070148 
0.150000 -114.573725 
0.225000 -78.487316 
0.300000 -53.796616 
0.375000 -23.408061 
0.450000 -8.213784 
0.525000 6.980493 
0.600000 24.074055 
0.675000 29.771909 
0.750000 37.369048 
0.825000 44.966187 
0.900000 46.865471 
0.975000 48.764756 
1.050000 63.959033 
1.125000 60.160464 
1.200000 62.059749 
1.275000 71.556172 
1.350000 79.153311 
1.425000 82.951880 
1.500000 88.649734 
1.575000 101.944727 
1.650000 107.642581 
1.725000 113.340435 
1.800000 132.333281 
1.875000 136.131851 
1.950000 141.829705 
2.025000 151.326128 
2.100000 153.225412 
2.175000 147.527558 
2.250000 170.318974 
2.325000 151.326128 
2.400000 179.815398 
2.475000 191.211106 
2.450000 196.908960 
2.375000 195.009675 
2.300000 206.405383 
2.225000 217.801091 
2.150000 210.203952 
2.075000 217.801091 
2.000000 206.405383 
1.925000 206.405383 
1.850000 223.498945 
1.775000 221.599660 
1.700000 217.801091 
1.625000 214.002522 
1.550000 208.304668 
1.475000 219.700376 
1.400000 229.196799 
1.325000 210.203952 
1.250000 204.506098 
1.175000 212.103237 
1.100000 208.304668 
1.025000 208.304668 
0.950000 198.808244 
0.875000 185.513252 
0.800000 183.613967 
0.725000 183.613967 
0.650000 185.513252 
0.575000 174.117544 
0.500000 168.419690 
0.425000 166.520405 
0.350000 155.124697 
0.275000 160.822551 
0.200000 158.923266 
0.125000 143.728989 
0.050000 138.031135 
-0.025000 136.131851 
-0.100000 126.635427 
-0.175000 111.441150 
-0.250000 103.844011 
-0.325000 98.146157 
-0.400000 81.052595 
-0.475000 63.959033 
-0.550000 24.074055 
-0.625000 -2.515930 
-0.700000 -27.206631 
-0.775000 -32.904485 
-0.850000 -40.501623 
-0.925000 -59.494470 
-1.000000 -65.192324 
-1.075000 -70.890178 
-1.150000 -76.588032 
-1.225000 -70.890178 
-1.300000 -80.386601 
-1.375000 -89.883024 
-1.450000 -82.285886 
-1.525000 -97.480163 
-1.600000 -106.976586 
-1.675000 -105.077302 
-1.750000 -118.372294 
-1.825000 -127.868718 
-1.900000 -129.768002 
-1.975000 -141.163710 
-2.050000 -144.962280 
-2.125000 -156.357988 
-2.200000 -165.854411 
-2.275000 -173.451550 
-2.350000 -177.250119 
-2.425000 -177.250119 
-2.500000 -184.847258 
-2.425000 -196.242966 
-2.350000 -203.840104 
-2.275000 -217.135097 
-2.200000 -224.732236 
-2.125000 -222.832951 
-2.050000 -226.631520 
-1.975000 -234.228659 
-1.900000 -234.228659 
-1.825000 -228.530805 
-1.750000 -220.933666 
-1.675000 -219.034382 
-1.600000 -224.732236 
-1.525000 -217.135097 
-1.450000 -219.034382 
-1.375000 -211.437243 
-1.300000 -217.135097 
-1.225000 -213.336528 
-1.150000 -205.739389 
-1.075000 -209.537958 
-1.000000 -207.638674 
-0.925000 -203.840104 
-0.850000 -196.242966 
-0.775000 -201.940820 
-0.700000 -200.041535 
-0.625000 -188.645827 
-0.550000 -190.545112 
-0.475000 -184.847258 
-0.400000 -169.652980 
-0.325000 -171.552265 
-0.250000 -160.156557 
-0.175000 -154.458703 
-0.100000 -165.854411 
-0.025000 -135.465856 
0.050000 -118.372294 
0.125000 -108.875871 
0.200000 -87.983740 
0.275000 -61.393755 
0.350000 -32.904485 
0.425000 -4.415215 
0.500000 6.980493 
0.575000 22.174771 
0.650000 16.476917 
0.725000 35.469763 
0.800000 44.966187 
0.875000 50.664041 
0.950000 60.160464 
1.025000 56.361895 
1.100000 62.059749 
1.175000 65.858318 
1.250000 67.757603 
1.325000 75.354741 
1.400000 79.153311 
1.475000 92.448303 
1.550000 90.549019 
1.625000 109.541865 
1.700000 109.541865 
1.775000 119.038289 
1.850000 128.534712 
1.925000 130.433997 
2.000000 138.031135 
2.075000 141.829705 
2.150000 155.124697 
2.225000 168.419690 
2.300000 160.822551 
2.375000 172.218259 
2.450000 187.412536 
2.475000 196.908960 
2.400000 200.707529 
2.325000 198.808244 
2.250000 215.901806 
2.175000 210.203952 
2.100000 198.808244 
2.025000 212.103237 
1.950000 210.203952 
1.875000 189.311821 
1.800000 227.297514 
1.725000 215.901806 
1.650000 217.801091 
1.575000 227.297514 
1.500000 219.700376 
1.425000 227.297514 
1.350000 214.002522 
1.275000 212.103237 
1.200000 214.002522 
1.125000 206.405383 
1.050000 210.203952 
0.975000 200.707529 
0.900000 196.908960 
0.825000 198.808244 
0.750000 191.211106 
0.675000 183.613967 
0.600000 176.016828 
0.525000 176.016828 
0.450000 166.520405 
0.375000 164.621120 
0.300000 164.621120 
0.225000 158.923266 
0.150000 153.225412 
0.075000 145.628274 
-0.000000 141.829705 
-0.075000 136.131851 
-0.150000 122.836858 
-0.225000 113.340435 
-0.300000 103.844011 
-0.375000 92.448303 
-0.450000 71.556172 
-0.525000 31.671194 
-0.600000 -2.515930 
-0.675000 -15.810923 
-0.750000 -38.602339 
-0.825000 -44.300193 
-0.900000 -51.897331 
-0.975000 -67.091609 
-1.050000 -68.990893 
-1.125000 -70.890178 
-1.200000 -70.890178 
-1.275000 -76.588032 
-1.350000 -87.983740 
-1.425000 -82.285886 
-1.500000 -95.580878 
-1.575000 -106.976586 
-1.650000 -112.674440 
-1.725000 -124.070148 
-1.800000 -127.868718 
-1.875000 -135.465856 
-1.950000 -133.566572 
-2.025000 -146.861564 
-2.100000 -150.660134 
-2.175000 -162.055842 
-2.250000 -169.652980 
-2.325000 -167.753696 
-2.400000 -173.451550 
-2.475000 -181.048688 
-2.450000 -181.048688 
-2.375000 -207.638674 
-2.300000 -205.739389 
-2.225000 -211.437243 
-2.150000 -222.832951 
-2.075000 -234.228659 
-2.000000 -228.530805 
-1.925000 -226.631520 
-1.850000 -230.430090 
-1.775000 -226.631520 
-1.700000 -220.933666 
-1.625000 -222.832951 
-1.550000 -219.034382 
-1.475000 -219.034382 
-1.400000 -211.437243 
-1.325000 -219.034382 
-1.250000 -203.840104 
-1.175000 -209.537958 
-1.100000 -209.537958 
-1.025000 -201.940820 
-0.950000 -207.638674 
-0.875000 -201.940820 
-0.800000 -198.142250 
-0.725000 -200.041535 
-0.650000 -198.142250 
-0.575000 -196.242966 
-0.500000 -188.645827 
-0.425000 -175.350834 
-0.350000 -169.652980 
-0.275000 -156.357988 
-0.200000 -152.559418 
-0.125000 -137.365141 
-0.050000 -137.365141 
0.025000 -122.170864 
0.100000 -122.170864 
0.175000 -112.674440 
0.250000 -68.990893 
0.325000 -53.796616 
0.400000 -25.307346 
0.475000 -4.415215 
0.550000 10.779063 
0.625000 25.973340 
0.700000 22.174771 
0.775000 39.268333 
0.850000 43.066902 
0.925000 52.563325 
1.000000 54.462610 
1.075000 60.160464 
1.150000 60.160464 
1.225000 43.066902 
1.300000 79.153311 
1.375000 79.153311 
1.450000 92.448303 
1.525000 100.045442 
1.600000 107.642581 
1.675000 107.642581 
1.750000 117.139004 
1.825000 138.031135 
1.900000 134.232566 
1.975000 145.628274 
2.050000 145.628274 
2.125000 145.628274 
2.200000 160.822551 
2.275000 176.016828 
2.350000 174.117544 
2.425000 179.815398 
2.500000 193.110390 
2.425000 191.211106 
2.350000 196.908960 
2.275000 225.398230 
2.200000 215.901806 
2.125000 217.801091 
2.050000 227.297514 
1.975000 217.801091 
1.900000 214.002522 
1.825000 232.995368 
1.750000 223.498945 
1.675000 212.103237 
1.600000 214.002522 
1.525000 217.801091 
1.450000 214.002522 
1.375000 221.599660 
1.300000 210.203952 
1.225000 217.801091 
1.150000 221.599660 
1.075000 208.304668 
1.000000 208.304668 
0.925000 195.009675 
0.850000 191.211106 
0.775000 187.412536 
0.700000 187.412536 
0.625000 185.513252 
0.550000 177.916113 
0.475000 174.117544 
0.400000 166.520405 
0.325000 158.923266 
0.250000 160.822551 
0.175000 151.326128 
0.100000 141.829705 
0.025000 143.728989 
-0.050000 134.232566 
-0.125000 124.736143 
-0.200000 107.642581 
-0.275000 109.541865 
-0.350000 100.045442 
-0.425000 84.851165 
-0.500000 69.656887 
-0.575000 24.074055 
-0.650000 -8.213784 
-0.725000 -21.508777 
-0.800000 -38.602339 
-0.875000 -51.897331 
-0.950000 -59.494470 
-1.025000 -63.293039 
-1.100000 -68.990893 
-1.175000 -76.588032 
-1.250000 -78.487316 
-1.325000 -82.285886 
-1.400000 -89.883024 
-1.475000 -89.883024 
-1.550000 -99.379448 
-1.625000 -101.278732 
-1.700000 -108.875871 
-1.775000 -120.271579 
-1.850000 -127.868718 
-1.925000 -135.465856 
-2.000000 -143.062995 
-2.075000 -150.660134 
-2.150000 -152.559418 
-2.225000 -167.753696 
-2.300000 -173.451550 
-2.375000 -177.250119 
-2.450000 -186.746542 
-2.475000 -190.545112 
-2.400000 -194.343681 
-2.325000 -209.537958 
-2.250000 -219.034382 
-2.175000 -219.034382 
-2.100000 -226.631520 
-2.025000 -230.430090 
-1.950000 -232.329374 
-1.875000 -224.732236 
-1.800000 -228.530805 
-1.725000 -226.631520 
-1.650000 -222.832951 
-1.575000 -224.732236 
-1.500000 -220.933666 
-1.425000 -215.235812 
-1.350000 -213.336528 
-1.275000 -211.437243 
-1.200000 -215.235812 
-1.125000 -215.235812 
-1.050000 -207.638674 
-0.975000 -201.940820 
-0.900000 -203.840104 
-0.825000 -201.940820 
-0.750000 -198.142250 
-0.675000 -196.242966 
-0.600000 -194.343681 
-0.525000 -184.847258 
-0.450000 -181.048688 
-0.375000 -173.451550 
-0.300000 -160.156557 
-0.225000 -148.760849 
-0.150000 -146.861564 
-0.075000 -131.667287 
