0.000000 -6.314499 
0.010000 1.282639 
0.020000 3.181924 
0.030000 -2.515930 
0.040000 1.282639 
0.050000 -4.415215 
0.060000 -0.616645 
0.070000 -6.314499 
0.080000 5.081209 
0.090000 1.282639 
0.100000 1.282639 
0.110000 5.081209 
0.120000 -0.616645 
0.130000 5.081209 
0.140000 -0.616645 
0.150000 8.879778 
0.160000 -4.415215 
0.170000 -0.616645 
0.180000 5.081209 
0.190000 6.980493 
0.200000 16.476917 
0.210000 27.872625 
0.220000 27.872625 
0.230000 27.872625 
0.240000 24.074055 
0.250000 33.570479 
0.260000 25.973340 
0.270000 35.469763 
0.280000 39.268333 
0.290000 31.671194 
0.300000 33.570479 
0.310000 27.872625 
0.320000 29.771909 
0.330000 48.764756 
0.340000 31.671194 
0.350000 35.469763 
0.360000 52.563325 
0.370000 29.771909 
0.380000 39.268333 
0.390000 44.966187 
0.400000 39.268333 
0.410000 46.865471 
0.420000 44.966187 
0.430000 44.966187 
0.440000 50.664041 
0.450000 46.865471 
0.460000 54.462610 
0.470000 54.462610 
0.480000 46.865471 
0.490000 52.563325 
0.500000 52.563325 
0.510000 48.764756 
0.520000 58.261179 
0.530000 60.160464 
0.540000 62.059749 
0.550000 62.059749 
0.560000 58.261179 
0.570000 60.160464 
0.580000 62.059749 
0.590000 67.757603 
0.600000 54.462610 
0.610000 75.354741 
0.620000 67.757603 
0.630000 65.858318 
0.640000 75.354741 
0.650000 71.556172 
0.660000 67.757603 
0.670000 75.354741 
0.680000 69.656887 
0.690000 73.455457 
0.700000 75.354741 
0.710000 81.052595 
0.720000 77.254026 
0.730000 75.354741 
0.740000 75.354741 
0.750000 79.153311 
0.760000 82.951880 
0.770000 88.649734 
0.780000 82.951880 
0.790000 82.951880 
0.800000 88.649734 
0.810000 96.246873 
0.820000 92.448303 
0.830000 96.246873 
0.840000 98.146157 
0.850000 96.246873 
0.860000 101.944727 
0.870000 105.743296 
0.880000 94.347588 
0.890000 94.347588 
0.900000 113.340435 
0.910000 113.340435 
0.920000 109.541865 
0.930000 107.642581 
0.940000 109.541865 
0.950000 105.743296 
0.960000 111.441150 
0.970000 111.441150 
0.980000 117.139004 
0.990000 117.139004 
1.000000 113.340435 
1.010000 122.836858 
1.020000 119.038289 
1.030000 120.937573 
1.040000 124.736143 
1.050000 119.038289 
1.060000 124.736143 
1.070000 124.736143 
1.080000 117.139004 
1.090000 126.635427 
1.100000 122.836858 
1.110000 130.433997 
1.120000 130.433997 
1.130000 122.836858 
1.140000 132.333281 
1.150000 130.433997 
1.160000 130.433997 
1.170000 138.031135 
1.180000 138.031135 
1.190000 130.433997 
1.200000 147.527558 
1.210000 139.930420 
1.220000 147.527558 
1.230000 138.031135 
1.240000 141.829705 
1.250000 141.829705 
1.260000 145.628274 
1.270000 145.628274 
1.280000 143.728989 
1.290000 153.225412 
1.300000 153.225412 
1.310000 143.728989 
1.320000 139.930420 
1.330000 153.225412 
1.340000 155.124697 
1.350000 145.628274 
1.360000 158.923266 
1.370000 145.628274 
1.380000 149.426843 
1.390000 149.426843 
1.400000 145.628274 
1.410000 160.822551 
1.420000 155.124697 
1.430000 160.822551 
1.440000 160.822551 
1.450000 158.923266 
1.460000 170.318974 
1.470000 164.621120 
1.480000 160.822551 
1.490000 170.318974 
1.500000 176.016828 
1.510000 166.520405 
1.520000 177.916113 
1.530000 177.916113 
1.540000 187.412536 
1.550000 191.211106 
1.560000 183.613967 
1.570000 189.311821 
1.580000 191.211106 
1.590000 193.110390 
1.600000 183.613967 
1.610000 189.311821 
1.620000 195.009675 
1.630000 185.513252 
1.640000 179.815398 
1.650000 196.908960 
1.660000 193.110390 
1.670000 189.311821 
1.680000 191.211106 
1.690000 189.311821 
1.700000 187.412536 
1.710000 195.009675 
1.720000 204.506098 
1.730000 196.908960 
1.740000 200.707529 
1.750000 210.203952 
1.760000 204.506098 
1.770000 191.211106 
1.780000 214.002522 
1.790000 204.506098 
1.800000 219.700376 
1.810000 212.103237 
1.820000 212.103237 
1.830000 219.700376 
1.840000 217.801091 
1.850000 221.599660 
1.860000 214.002522 
1.870000 217.801091 
1.880000 214.002522 
1.890000 227.297514 
1.900000 225.398230 
1.910000 227.297514 
1.920000 221.599660 
1.930000 231.096084 
1.940000 231.096084 
1.950000 227.297514 
1.960000 229.196799 
1.970000 238.693222 
1.980000 236.793938 
1.990000 244.391076 
2.000000 238.693222 
2.010000 240.592507 
2.020000 240.592507 
2.030000 236.793938 
2.040000 238.693222 
2.050000 234.894653 
2.060000 244.391076 
2.070000 246.290361 
2.080000 240.592507 
2.090000 240.592507 
2.100000 234.894653 
2.110000 251.988215 
2.120000 255.786784 
2.130000 246.290361 
2.140000 244.391076 
2.150000 251.988215 
2.160000 253.887500 
2.170000 257.686069 
2.180000 240.592507 
2.190000 259.585354 
2.200000 248.189646 
2.210000 253.887500 
2.220000 246.290361 
2.230000 251.988215 
2.240000 259.585354 
2.250000 259.585354 
2.260000 251.988215 
2.270000 250.088930 
2.280000 251.988215 
2.290000 255.786784 
2.300000 261.484638 
2.310000 267.182492 
2.320000 255.786784 
2.330000 259.585354 
2.340000 257.686069 
2.350000 269.081777 
2.360000 257.686069 
2.370000 261.484638 
2.380000 265.283208 
2.390000 253.887500 
2.400000 253.887500 
2.410000 255.786784 
2.420000 263.383923 
2.430000 257.686069 
2.440000 267.182492 
2.450000 269.081777 
2.460000 265.283208 
2.470000 272.880346 
2.480000 265.283208 
2.490000 274.779631 
2.500000 269.081777 
2.490000 274.779631 
2.480000 272.880346 
2.470000 282.376770 
2.460000 274.779631 
2.450000 278.578200 
2.440000 274.779631 
2.430000 276.678916 
2.420000 282.376770 
2.410000 278.578200 
2.400000 274.779631 
2.390000 282.376770 
2.380000 299.470332 
2.370000 288.074624 
2.360000 289.973908 
2.350000 278.578200 
2.340000 291.873193 
2.330000 284.276054 
2.320000 280.477485 
2.310000 288.074624 
2.300000 286.175339 
2.290000 278.578200 
2.280000 282.376770 
2.270000 286.175339 
2.260000 295.671762 
2.250000 289.973908 
2.240000 280.477485 
2.230000 293.772478 
2.220000 286.175339 
2.210000 286.175339 
2.200000 278.578200 
2.190000 286.175339 
2.180000 286.175339 
2.170000 286.175339 
2.160000 276.678916 
2.150000 282.376770 
2.140000 278.578200 
2.130000 282.376770 
2.120000 274.779631 
2.110000 278.578200 
2.100000 276.678916 
2.090000 280.477485 
2.080000 278.578200 
2.070000 265.283208 
2.060000 278.578200 
2.050000 269.081777 
2.040000 261.484638 
2.030000 270.981062 
2.020000 270.981062 
2.010000 263.383923 
2.000000 267.182492 
1.990000 259.585354 
1.980000 250.088930 
1.970000 265.283208 
1.960000 251.988215 
1.950000 234.894653 
1.940000 251.988215 
1.930000 242.491792 
1.920000 242.491792 
1.910000 242.491792 
1.900000 251.988215 
1.890000 238.693222 
1.880000 236.793938 
1.870000 244.391076 
1.860000 238.693222 
1.850000 234.894653 
1.840000 232.995368 
1.830000 234.894653 
1.820000 236.793938 
1.810000 231.096084 
1.800000 227.297514 
1.790000 221.599660 
1.780000 221.599660 
1.770000 229.196799 
1.760000 215.901806 
1.750000 229.196799 
1.740000 214.002522 
1.730000 219.700376 
1.720000 221.599660 
1.710000 214.002522 
1.700000 223.498945 
1.690000 225.398230 
1.680000 219.700376 
1.670000 221.599660 
1.660000 223.498945 
1.650000 215.901806 
1.640000 225.398230 
1.630000 219.700376 
1.620000 219.700376 
1.610000 215.901806 
1.600000 210.203952 
1.590000 221.599660 
1.580000 215.901806 
1.570000 219.700376 
1.560000 212.103237 
1.550000 214.002522 
1.540000 210.203952 
1.530000 210.203952 
1.520000 215.901806 
1.510000 206.405383 
1.500000 196.908960 
1.490000 204.506098 
1.480000 204.506098 
1.470000 198.808244 
1.460000 202.606814 
1.450000 185.513252 
1.440000 204.506098 
1.430000 198.808244 
1.420000 191.211106 
1.410000 189.311821 
1.400000 202.606814 
1.390000 187.412536 
1.380000 191.211106 
1.370000 195.009675 
1.360000 183.613967 
1.350000 187.412536 
1.340000 185.513252 
1.330000 191.211106 
1.320000 189.311821 
1.310000 195.009675 
1.300000 179.815398 
1.290000 183.613967 
1.280000 187.412536 
1.270000 187.412536 
1.260000 181.714682 
1.250000 181.714682 
1.240000 191.211106 
1.230000 181.714682 
1.220000 189.311821 
1.210000 183.613967 
1.200000 177.916113 
1.190000 183.613967 
1.180000 181.714682 
1.170000 174.117544 
1.160000 170.318974 
1.150000 174.117544 
1.140000 168.419690 
1.130000 168.419690 
1.120000 174.117544 
1.110000 166.520405 
1.100000 166.520405 
1.090000 170.318974 
1.080000 153.225412 
1.070000 174.117544 
1.060000 155.124697 
1.050000 153.225412 
1.040000 155.124697 
1.030000 157.023982 
1.020000 158.923266 
1.010000 149.426843 
1.000000 158.923266 
0.990000 168.419690 
0.980000 155.124697 
0.970000 155.124697 
0.960000 168.419690 
0.950000 158.923266 
0.940000 149.426843 
0.930000 153.225412 
0.920000 143.728989 
0.910000 147.527558 
0.900000 145.628274 
0.890000 153.225412 
0.880000 153.225412 
0.870000 143.728989 
0.860000 139.930420 
0.850000 145.628274 
0.840000 138.031135 
0.830000 109.541865 
0.820000 138.031135 
0.810000 136.131851 
0.800000 136.131851 
0.790000 134.232566 
0.780000 126.635427 
0.770000 130.433997 
0.760000 120.937573 
0.750000 117.139004 
0.740000 126.635427 
0.730000 122.836858 
0.720000 128.534712 
0.710000 128.534712 
0.700000 124.736143 
0.690000 122.836858 
0.680000 130.433997 
0.670000 113.340435 
0.660000 117.139004 
0.650000 120.937573 
0.640000 119.038289 
0.630000 117.139004 
0.620000 113.340435 
0.610000 105.743296 
0.600000 107.642581 
0.590000 115.239719 
0.580000 107.642581 
0.570000 103.844011 
0.560000 113.340435 
0.550000 113.340435 
0.540000 101.944727 
0.530000 105.743296 
0.520000 113.340435 
0.510000 96.246873 
0.500000 92.448303 
0.490000 101.944727 
0.480000 98.146157 
0.470000 92.448303 
0.460000 98.146157 
0.450000 88.649734 
0.440000 90.549019 
0.430000 86.750449 
0.420000 79.153311 
0.410000 84.851165 
0.400000 88.649734 
0.390000 86.750449 
0.380000 73.455457 
0.370000 82.951880 
0.360000 79.153311 
0.350000 73.455457 
0.340000 82.951880 
0.330000 73.455457 
0.320000 77.254026 
0.310000 67.757603 
0.300000 73.455457 
0.290000 71.556172 
0.280000 69.656887 
0.270000 63.959033 
0.260000 69.656887 
0.250000 71.556172 
0.240000 71.556172 
0.230000 65.858318 
0.220000 69.656887 
0.210000 62.059749 
0.200000 54.462610 
0.190000 60.160464 
0.180000 58.261179 
0.170000 58.261179 
0.160000 58.261179 
0.150000 65.858318 
0.140000 52.563325 
0.130000 60.160464 
0.120000 63.959033 
0.110000 48.764756 
0.100000 58.261179 
0.090000 52.563325 
0.080000 50.664041 
0.070000 56.361895 
0.060000 48.764756 
0.050000 46.865471 
0.040000 46.865471 
0.030000 44.966187 
0.020000 31.671194 
0.010000 29.771909 
-0.000000 24.074055 
-0.010000 18.376201 
-0.020000 16.476917 
-0.030000 8.879778 
-0.040000 -0.616645 
-0.050000 3.181924 
-0.060000 -8.213784 
-0.070000 -0.616645 
-0.080000 3.181924 
-0.090000 1.282639 
-0.100000 -0.616645 
-0.110000 -6.314499 
-0.120000 -2.515930 
-0.130000 -12.012353 
-0.140000 -13.911638 
-0.150000 -4.415215 
-0.160000 -12.012353 
-0.170000 -13.911638 
-0.180000 -13.911638 
-0.190000 -17.710207 
-0.200000 -23.408061 
-0.210000 -17.710207 
-0.220000 -13.911638 
-0.230000 -17.710207 
-0.240000 -13.911638 
-0.250000 -21.508777 
-0.260000 -21.508777 
-0.270000 -21.508777 
-0.280000 -25.307346 
-0.290000 -23.408061 
-0.300000 -23.408061 
-0.310000 -17.710207 
-0.320000 -29.105915 
-0.330000 -31.005200 
-0.340000 -25.307346 
-0.350000 -32.904485 
-0.360000 -29.105915 
-0.370000 -32.904485 
-0.380000 -32.904485 
-0.390000 -36.703054 
-0.400000 -31.005200 
-0.410000 -32.904485 
-0.420000 -38.602339 
-0.430000 -72.789462 
-0.440000 -34.803769 
-0.450000 -38.602339 
-0.460000 -59.494470 
-0.470000 -27.206631 
-0.480000 -32.904485 
-0.490000 -46.199477 
-0.500000 -38.602339 
-0.510000 -32.904485 
-0.520000 -78.487316 
-0.530000 -40.501623 
-0.540000 -38.602339 
-0.550000 -44.300193 
-0.560000 -44.300193 
-0.570000 -46.199477 
-0.580000 -49.998047 
-0.590000 -48.098762 
-0.600000 -44.300193 
-0.610000 -51.897331 
-0.620000 -49.998047 
-0.630000 -51.897331 
-0.640000 -46.199477 
-0.650000 -61.393755 
-0.660000 -59.494470 
-0.670000 -48.098762 
-0.680000 -63.293039 
-0.690000 -61.393755 
-0.700000 -48.098762 
-0.710000 -67.091609 
-0.720000 -61.393755 
-0.730000 -51.897331 
-0.740000 -68.990893 
-0.750000 -72.789462 
-0.760000 -68.990893 
-0.770000 -68.990893 
-0.780000 -72.789462 
-0.790000 -82.285886 
-0.800000 -74.688747 
-0.810000 -82.285886 
-0.820000 -78.487316 
-0.830000 -78.487316 
-0.840000 -114.573725 
-0.850000 -78.487316 
-0.860000 -89.883024 
-0.870000 -84.185170 
-0.880000 -84.185170 
-0.890000 -86.084455 
-0.900000 -82.285886 
-0.910000 -89.883024 
-0.920000 -89.883024 
-0.930000 -101.278732 
-0.940000 -86.084455 
-0.950000 -72.789462 
-0.960000 -82.285886 
-0.970000 -86.084455 
-0.980000 -86.084455 
-0.990000 -89.883024 
-1.000000 -93.681594 
-1.010000 -97.480163 
-1.020000 -91.782309 
-1.030000 -99.379448 
-1.040000 -97.480163 
-1.050000 -105.077302 
-1.060000 -105.077302 
-1.070000 -93.681594 
-1.080000 -97.480163 
-1.090000 -103.178017 
-1.100000 -97.480163 
-1.110000 -105.077302 
-1.120000 -106.976586 
-1.130000 -103.178017 
-1.140000 -99.379448 
-1.150000 -112.674440 
-1.160000 -114.573725 
-1.170000 -114.573725 
-1.180000 -118.372294 
-1.190000 -108.875871 
-1.200000 -112.674440 
-1.210000 -122.170864 
-1.220000 -122.170864 
-1.230000 -120.271579 
-1.240000 -116.473010 
-1.250000 -125.969433 
-1.260000 -120.271579 
-1.270000 -122.170864 
-1.280000 -122.170864 
-1.290000 -120.271579 
-1.300000 -116.473010 
-1.310000 -135.465856 
-1.320000 -124.070148 
-1.330000 -118.372294 
-1.340000 -131.667287 
-1.350000 -125.969433 
-1.360000 -127.868718 
-1.370000 -124.070148 
-1.380000 -129.768002 
-1.390000 -129.768002 
-1.400000 -135.465856 
-1.410000 -150.660134 
-1.420000 -143.062995 
-1.430000 -143.062995 
-1.440000 -144.962280 
-1.450000 -150.660134 
-1.460000 -148.760849 
-1.470000 -169.652980 
-1.480000 -152.559418 
-1.490000 -158.257272 
-1.500000 -156.357988 
-1.510000 -152.559418 
-1.520000 -150.660134 
-1.530000 -160.156557 
-1.540000 -162.055842 
-1.550000 -158.257272 
-1.560000 -162.055842 
-1.570000 -165.854411 
-1.580000 -160.156557 
-1.590000 -152.559418 
-1.600000 -160.156557 
-1.610000 -160.156557 
-1.620000 -165.854411 
-1.630000 -169.652980 
-1.640000 -169.652980 
-1.650000 -167.753696 
-1.660000 -175.350834 
-1.670000 -165.854411 
-1.680000 -171.552265 
-1.690000 -175.350834 
-1.700000 -171.552265 
-1.710000 -181.048688 
-1.720000 -182.947973 
-1.730000 -182.947973 
-1.740000 -173.451550 
-1.750000 -192.444396 
-1.760000 -192.444396 
-1.770000 -181.048688 
-1.780000 -188.645827 
-1.790000 -186.746542 
-1.800000 -184.847258 
-1.810000 -190.545112 
-1.820000 -194.343681 
-1.830000 -190.545112 
-1.840000 -190.545112 
-1.850000 -188.645827 
-1.860000 -188.645827 
-1.870000 -190.545112 
-1.880000 -205.739389 
-1.890000 -190.545112 
-1.900000 -200.041535 
-1.910000 -213.336528 
-1.920000 -194.343681 
-1.930000 -209.537958 
-1.940000 -220.933666 
-1.950000 -205.739389 
-1.960000 -217.135097 
-1.970000 -220.933666 
-1.980000 -209.537958 
-1.990000 -228.530805 
-2.000000 -222.832951 
-2.010000 -217.135097 
-2.020000 -224.732236 
-2.030000 -219.034382 
-2.040000 -220.933666 
-2.050000 -226.631520 
-2.060000 -217.135097 
-2.070000 -230.430090 
-2.080000 -226.631520 
-2.090000 -226.631520 
-2.100000 -230.430090 
-2.110000 -230.430090 
-2.120000 -224.732236 
-2.130000 -243.725082 
-2.140000 -232.329374 
-2.150000 -230.430090 
-2.160000 -241.825798 
-2.170000 -234.228659 
-2.180000 -236.127944 
-2.190000 -239.926513 
-2.200000 -238.027228 
-2.210000 -245.624367 
-2.220000 -247.523652 
-2.230000 -251.322221 
-2.240000 -253.221506 
-2.250000 -239.926513 
-2.260000 -253.221506 
-2.270000 -245.624367 
-2.280000 -257.020075 
-2.290000 -253.221506 
-2.300000 -253.221506 
-2.310000 -276.012922 
-2.320000 -260.818644 
-2.330000 -251.322221 
-2.340000 -247.523652 
-2.350000 -255.120790 
-2.360000 -258.919360 
-2.370000 -266.516498 
-2.380000 -253.221506 
-2.390000 -258.919360 
-2.400000 -260.818644 
-2.410000 -255.120790 
-2.420000 -268.415783 
-2.430000 -272.214352 
-2.440000 -270.315068 
-2.450000 -272.214352 
-2.460000 -268.415783 
-2.470000 -272.214352 
-2.480000 -272.214352 
-2.490000 -272.214352 
-2.500000 -272.214352 
-2.490000 -279.811491 
-2.480000 -272.214352 
-2.470000 -279.811491 
-2.460000 -270.315068 
-2.450000 -279.811491 
-2.440000 -274.113637 
-2.430000 -277.912206 
-2.420000 -276.012922 
-2.410000 -272.214352 
-2.400000 -272.214352 
-2.390000 -276.012922 
-2.380000 -279.811491 
-2.370000 -279.811491 
-2.360000 -289.307914 
-2.350000 -276.012922 
-2.340000 -277.912206 
-2.330000 -285.509345 
-2.320000 -281.710775 
-2.310000 -272.214352 
-2.300000 -276.012922 
-2.290000 -281.710775 
-2.280000 -276.012922 
-2.270000 -277.912206 
-2.260000 -272.214352 
-2.250000 -279.811491 
-2.240000 -274.113637 
-2.230000 -276.012922 
-2.220000 -268.415783 
-2.210000 -266.516498 
-2.200000 -276.012922 
-2.190000 -281.710775 
-2.180000 -270.315068 
-2.170000 -274.113637 
-2.160000 -279.811491 
-2.150000 -276.012922 
-2.140000 -266.516498 
-2.130000 -266.516498 
-2.120000 -264.617214 
-2.110000 -262.717929 
-2.100000 -266.516498 
-2.090000 -264.617214 
-2.080000 -272.214352 
-2.070000 -264.617214 
-2.060000 -260.818644 
-2.050000 -274.113637 
-2.040000 -264.617214 
-2.030000 -276.012922 
-2.020000 -268.415783 
-2.010000 -266.516498 
-2.000000 -272.214352 
-1.990000 -272.214352 
-1.980000 -264.617214 
-1.970000 -262.717929 
-1.960000 -264.617214 
-1.950000 -264.617214 
-1.940000 -264.617214 
-1.930000 -251.322221 
-1.920000 -258.919360 
-1.910000 -253.221506 
-1.900000 -253.221506 
-1.890000 -258.919360 
-1.880000 -251.322221 
-1.870000 -243.725082 
-1.860000 -243.725082 
-1.850000 -238.027228 
-1.840000 -245.624367 
-1.830000 -243.725082 
-1.820000 -241.825798 
-1.810000 -239.926513 
-1.800000 -243.725082 
-1.790000 -238.027228 
-1.780000 -241.825798 
-1.770000 -234.228659 
-1.760000 -228.530805 
-1.750000 -243.725082 
-1.740000 -241.825798 
-1.730000 -234.228659 
-1.720000 -236.127944 
-1.710000 -236.127944 
-1.700000 -228.530805 
-1.690000 -224.732236 
-1.680000 -226.631520 
-1.670000 -219.034382 
-1.660000 -217.135097 
-1.650000 -220.933666 
-1.640000 -226.631520 
-1.630000 -217.135097 
-1.620000 -219.034382 
-1.610000 -222.832951 
-1.600000 -213.336528 
-1.590000 -209.537958 
-1.580000 -215.235812 
-1.570000 -219.034382 
-1.560000 -207.638674 
-1.550000 -213.336528 
-1.540000 -215.235812 
-1.530000 -213.336528 
-1.520000 -203.840104 
-1.510000 -209.537958 
-1.500000 -205.739389 
-1.490000 -209.537958 
-1.480000 -203.840104 
-1.470000 -198.142250 
-1.460000 -205.739389 
-1.450000 -198.142250 
-1.440000 -194.343681 
-1.430000 -186.746542 
-1.420000 -194.343681 
-1.410000 -192.444396 
-1.400000 -198.142250 
-1.390000 -186.746542 
-1.380000 -184.847258 
-1.370000 -192.444396 
-1.360000 -190.545112 
-1.350000 -184.847258 
-1.340000 -184.847258 
-1.330000 -181.048688 
-1.320000 -192.444396 
-1.310000 -190.545112 
-1.300000 -188.645827 
-1.290000 -181.048688 
-1.280000 -188.645827 
-1.270000 -182.947973 
-1.260000 -181.048688 
-1.250000 -179.149404 
-1.240000 -173.451550 
-1.230000 -175.350834 
-1.220000 -171.552265 
-1.210000 -175.350834 
-1.200000 -177.250119 
-1.190000 -165.854411 
-1.180000 -167.753696 
-1.170000 -169.652980 
-1.160000 -158.257272 
-1.150000 -165.854411 
-1.140000 -169.652980 
-1.130000 -160.156557 
-1.120000 -160.156557 
-1.110000 -158.257272 
-1.100000 -160.156557 
-1.090000 -158.257272 
-1.080000 -156.357988 
-1.070000 -158.257272 
-1.060000 -165.854411 
-1.050000 -163.955126 
-1.040000 -165.854411 
-1.030000 -150.660134 
-1.020000 -152.559418 
-1.010000 -160.156557 
-1.000000 -167.753696 
-0.990000 -156.357988 
-0.980000 -152.559418 
-0.970000 -163.955126 
-0.960000 -154.458703 
-0.950000 -158.257272 
-0.940000 -160.156557 
-0.930000 -154.458703 
-0.920000 -148.760849 
-0.910000 -158.257272 
-0.900000 -150.660134 
-0.890000 -148.760849 
-0.880000 -150.660134 
-0.870000 -150.660134 
-0.860000 -143.062995 
-0.850000 -137.365141 
-0.840000 -144.962280 
-0.830000 -137.365141 
-0.820000 -131.667287 
-0.810000 -139.264426 
-0.800000 -127.868718 
-0.790000 -139.264426 
-0.780000 -127.868718 
-0.770000 -125.969433 
-0.760000 -124.070148 
-0.750000 -129.768002 
-0.740000 -131.667287 
-0.730000 -122.170864 
-0.720000 -120.271579 
-0.710000 -122.170864 
-0.700000 -116.473010 
-0.690000 -122.170864 
-0.680000 -127.868718 
-0.670000 -122.170864 
-0.660000 -122.170864 
-0.650000 -124.070148 
-0.640000 -116.473010 
-0.630000 -139.264426 
-0.620000 -118.372294 
-0.610000 -120.271579 
-0.600000 -118.372294 
-0.590000 -124.070148 
-0.580000 -120.271579 
-0.570000 -114.573725 
-0.560000 -122.170864 
-0.550000 -112.674440 
-0.540000 -108.875871 
-0.530000 -108.875871 
-0.520000 -105.077302 
-0.510000 -106.976586 
-0.500000 -105.077302 
-0.490000 -105.077302 
-0.480000 -105.077302 
-0.470000 -106.976586 
-0.460000 -105.077302 
-0.450000 -99.379448 
-0.440000 -93.681594 
-0.430000 -93.681594 
-0.420000 -82.285886 
-0.410000 -84.185170 
-0.400000 -84.185170 
-0.390000 -87.983740 
-0.380000 -82.285886 
-0.370000 -72.789462 
-0.360000 -80.386601 
-0.350000 -72.789462 
-0.340000 -67.091609 
-0.330000 -72.789462 
-0.320000 -76.588032 
-0.310000 -65.192324 
-0.300000 -70.890178 
-0.290000 -63.293039 
-0.280000 -59.494470 
-0.270000 -61.393755 
-0.260000 -51.897331 
-0.250000 -57.595185 
-0.240000 -61.393755 
-0.230000 -49.998047 
-0.220000 -51.897331 
-0.210000 -55.695901 
-0.200000 -61.393755 
-0.190000 -48.098762 
-0.180000 -48.098762 
-0.170000 -57.595185 
-0.160000 -44.300193 
-0.150000 -44.300193 
-0.140000 -46.199477 
-0.130000 -49.998047 
-0.120000 -40.501623 
-0.110000 -40.501623 
-0.100000 -36.703054 
-0.090000 -29.105915 
-0.080000 -29.105915 
-0.070000 -38.602339 
-0.060000 -36.703054 
-0.050000 -29.105915 
-0.040000 -32.904485 
-0.030000 -21.508777 
-0.020000 -29.105915 
-0.010000 -29.105915 
0.000000 -29.105915 
0.010000 -19.609492 
0.020000 -12.012353 
0.030000 -0.616645 
0.040000 -2.515930 
0.050000 1.282639 
0.060000 1.282639 
0.070000 1.282639 
0.080000 -6.314499 
0.090000 5.081209 
0.100000 -2.515930 
0.110000 -0.616645 
0.120000 -4.415215 
0.130000 5.081209 
0.140000 -6.314499 
0.150000 -0.616645 
0.160000 1.282639 
0.170000 6.980493 
0.180000 6.980493 
0.190000 12.678347 
0.200000 18.376201 
0.210000 20.275486 
0.220000 27.872625 
0.230000 31.671194 
0.240000 31.671194 
0.250000 6.980493 
0.260000 31.671194 
0.270000 27.872625 
0.280000 29.771909 
0.290000 20.275486 
0.300000 27.872625 
0.310000 5.081209 
0.320000 24.074055 
0.330000 31.671194 
0.340000 35.469763 
0.350000 27.872625 
0.360000 37.369048 
0.370000 35.469763 
0.380000 31.671194 
0.390000 44.966187 
0.400000 41.167617 
0.410000 43.066902 
0.420000 39.268333 
0.430000 39.268333 
0.440000 44.966187 
0.450000 43.066902 
0.460000 46.865471 
0.470000 41.167617 
0.480000 50.664041 
0.490000 44.966187 
0.500000 41.167617 
0.510000 48.764756 
0.520000 44.966187 
0.530000 54.462610 
0.540000 46.865471 
0.550000 63.959033 
0.560000 54.462610 
0.570000 62.059749 
0.580000 71.556172 
0.590000 54.462610 
0.600000 54.462610 
0.610000 63.959033 
0.620000 69.656887 
0.630000 62.059749 
0.640000 71.556172 
0.650000 75.354741 
0.660000 75.354741 
0.670000 71.556172 
0.680000 71.556172 
0.690000 75.354741 
0.700000 73.455457 
0.710000 73.455457 
0.720000 84.851165 
0.730000 79.153311 
0.740000 82.951880 
0.750000 82.951880 
0.760000 77.254026 
0.770000 88.649734 
0.780000 58.261179 
0.790000 84.851165 
0.800000 96.246873 
0.810000 94.347588 
0.820000 90.549019 
0.830000 92.448303 
0.840000 88.649734 
0.850000 96.246873 
0.860000 103.844011 
0.870000 100.045442 
0.880000 96.246873 
0.890000 103.844011 
0.900000 100.045442 
0.910000 111.441150 
0.920000 109.541865 
0.930000 107.642581 
0.940000 111.441150 
0.950000 103.844011 
0.960000 109.541865 
0.970000 117.139004 
0.980000 107.642581 
0.990000 120.937573 
1.000000 115.239719 
1.010000 113.340435 
1.020000 122.836858 
1.030000 126.635427 
1.040000 124.736143 
1.050000 115.239719 
1.060000 128.534712 
1.070000 134.232566 
1.080000 128.534712 
1.090000 126.635427 
1.100000 134.232566 
1.110000 109.541865 
1.120000 130.433997 
1.130000 132.333281 
1.140000 130.433997 
1.150000 134.232566 
1.160000 138.031135 
1.170000 141.829705 
1.180000 138.031135 
1.190000 138.031135 
1.200000 138.031135 
1.210000 143.728989 
1.220000 145.628274 
1.230000 139.930420 
1.240000 138.031135 
1.250000 141.829705 
1.260000 151.326128 
1.270000 153.225412 
1.280000 153.225412 
1.290000 160.822551 
1.300000 162.721836 
1.310000 155.124697 
1.320000 158.923266 
1.330000 160.822551 
1.340000 162.721836 
1.350000 168.419690 
1.360000 160.822551 
1.370000 166.520405 
1.380000 166.520405 
1.390000 166.520405 
1.400000 158.923266 
1.410000 168.419690 
1.420000 158.923266 
1.430000 164.621120 
1.440000 160.822551 
1.450000 168.419690 
1.460000 160.822551 
1.470000 168.419690 
1.480000 164.621120 
1.490000 170.318974 
1.500000 176.016828 
1.510000 174.117544 
1.520000 174.117544 
1.530000 179.815398 
1.540000 191.211106 
1.550000 183.613967 
1.560000 185.513252 
1.570000 191.211106 
1.580000 187.412536 
1.590000 191.211106 
1.600000 196.908960 
1.610000 196.908960 
1.620000 183.613967 
1.630000 191.211106 
1.640000 196.908960 
1.650000 196.908960 
1.660000 195.009675 
1.670000 195.009675 
1.680000 191.211106 
1.690000 196.908960 
1.700000 210.203952 
1.710000 193.110390 
1.720000 191.211106 
1.730000 204.506098 
1.740000 196.908960 
1.750000 204.506098 
1.760000 221.599660 
1.770000 206.405383 
1.780000 200.707529 
1.790000 214.002522 
1.800000 200.707529 
1.810000 214.002522 
1.820000 227.297514 
1.830000 206.405383 
1.840000 212.103237 
1.850000 229.196799 
1.860000 210.203952 
1.870000 215.901806 
1.880000 215.901806 
1.890000 206.405383 
1.900000 225.398230 
1.910000 217.801091 
1.920000 214.002522 
1.930000 221.599660 
1.940000 214.002522 
1.950000 215.901806 
1.960000 231.096084 
1.970000 210.203952 
1.980000 219.700376 
1.990000 227.297514 
2.000000 214.002522 
2.010000 234.894653 
2.020000 227.297514 
2.030000 221.599660 
2.040000 242.491792 
2.050000 225.398230 
2.060000 227.297514 
2.070000 229.196799 
2.080000 225.398230 
2.090000 234.894653 
2.100000 232.995368 
2.110000 215.901806 
2.120000 232.995368 
2.130000 221.599660 
2.140000 238.693222 
2.150000 227.297514 
2.160000 236.793938 
2.170000 242.491792 
2.180000 225.398230 
2.190000 240.592507 
2.200000 244.391076 
2.210000 238.693222 
2.220000 253.887500 
2.230000 232.995368 
2.240000 234.894653 
2.250000 246.290361 
2.260000 229.196799 
2.270000 251.988215 
2.280000 227.297514 
2.290000 248.189646 
2.300000 242.491792 
2.310000 236.793938 
2.320000 255.786784 
2.330000 244.391076 
2.340000 240.592507 
2.350000 251.988215 
2.360000 250.088930 
2.370000 259.585354 
2.380000 253.887500 
2.390000 251.988215 
2.400000 255.786784 
2.410000 255.786784 
2.420000 259.585354 
2.430000 251.988215 
2.440000 263.383923 
2.450000 259.585354 
2.460000 272.880346 
2.470000 259.585354 
2.480000 261.484638 
2.490000 270.981062 
2.500000 253.887500 
2.490000 282.376770 
2.480000 261.484638 
2.470000 267.182492 
2.460000 251.988215 
2.450000 282.376770 
2.440000 261.484638 
2.430000 265.283208 
2.420000 276.678916 
2.410000 272.880346 
2.400000 282.376770 
2.390000 261.484638 
2.380000 276.678916 
2.370000 274.779631 
2.360000 284.276054 
2.350000 267.182492 
2.340000 282.376770 
2.330000 278.578200 
2.320000 270.981062 
2.310000 261.484638 
2.300000 267.182492 
2.290000 282.376770 
2.280000 278.578200 
2.270000 280.477485 
2.260000 259.585354 
2.250000 276.678916 
2.240000 274.779631 
2.230000 267.182492 
2.220000 261.484638 
2.210000 278.578200 
2.200000 261.484638 
2.190000 255.786784 
2.180000 259.585354 
2.170000 250.088930 
2.160000 246.290361 
2.150000 257.686069 
2.140000 250.088930 
2.130000 244.391076 
2.120000 257.686069 
2.110000 259.585354 
2.100000 242.491792 
2.090000 255.786784 
2.080000 251.988215 
2.070000 242.491792 
2.060000 259.585354 
2.050000 240.592507 
2.040000 240.592507 
2.030000 238.693222 
2.020000 246.290361 
2.010000 236.793938 
2.000000 225.398230 
1.990000 242.491792 
1.980000 232.995368 
1.970000 234.894653 
1.960000 232.995368 
1.950000 221.599660 
1.940000 240.592507 
1.930000 215.901806 
1.920000 232.995368 
1.910000 232.995368 
1.900000 229.196799 
1.890000 221.599660 
1.880000 221.599660 
1.870000 219.700376 
1.860000 221.599660 
1.850000 215.901806 
1.840000 214.002522 
1.830000 221.599660 
1.820000 210.203952 
1.810000 212.103237 
1.800000 212.103237 
1.790000 200.707529 
1.780000 217.801091 
1.770000 208.304668 
1.760000 204.506098 
1.750000 206.405383 
1.740000 215.901806 
1.730000 210.203952 
1.720000 217.801091 
1.710000 208.304668 
1.700000 198.808244 
1.690000 215.901806 
1.680000 204.506098 
1.670000 198.808244 
1.660000 206.405383 
1.650000 200.707529 
1.640000 193.110390 
1.630000 202.606814 
1.620000 185.513252 
1.610000 200.707529 
1.600000 195.009675 
1.590000 183.613967 
1.580000 183.613967 
1.570000 191.211106 
1.560000 179.815398 
1.550000 181.714682 
1.540000 189.311821 
1.530000 176.016828 
1.520000 183.613967 
1.510000 183.613967 
1.500000 172.218259 
1.490000 179.815398 
1.480000 177.916113 
1.470000 170.318974 
1.460000 181.714682 
1.450000 158.923266 
1.440000 170.318974 
1.430000 158.923266 
1.420000 155.124697 
1.410000 158.923266 
1.400000 168.419690 
1.390000 160.822551 
1.380000 166.520405 
1.370000 162.721836 
1.360000 168.419690 
1.350000 151.326128 
1.340000 143.728989 
1.330000 151.326128 
1.320000 153.225412 
1.310000 147.527558 
1.300000 139.930420 
1.290000 153.225412 
1.280000 138.031135 
1.270000 147.527558 
1.260000 138.031135 
1.250000 151.326128 
1.240000 155.124697 
1.230000 145.628274 
1.220000 151.326128 
1.210000 143.728989 
1.200000 139.930420 
1.190000 138.031135 
1.180000 147.527558 
1.170000 145.628274 
1.160000 155.124697 
1.150000 145.628274 
1.140000 149.426843 
1.130000 138.031135 
1.120000 143.728989 
1.110000 143.728989 
1.100000 141.829705 
1.090000 138.031135 
1.080000 138.031135 
1.070000 138.031135 
1.060000 124.736143 
1.050000 126.635427 
1.040000 138.031135 
1.030000 132.333281 
1.020000 130.433997 
1.010000 132.333281 
1.000000 124.736143 
0.990000 138.031135 
0.980000 134.232566 
0.970000 120.937573 
0.960000 122.836858 
0.950000 132.333281 
0.940000 122.836858 
0.930000 115.239719 
0.920000 117.139004 
0.910000 120.937573 
0.900000 107.642581 
0.890000 126.635427 
0.880000 119.038289 
0.870000 107.642581 
0.860000 113.340435 
0.850000 115.239719 
0.840000 107.642581 
0.830000 113.340435 
0.820000 120.937573 
0.810000 119.038289 
0.800000 98.146157 
0.790000 100.045442 
0.780000 109.541865 
0.770000 94.347588 
0.760000 100.045442 
0.750000 96.246873 
0.740000 92.448303 
0.730000 84.851165 
0.720000 90.549019 
0.710000 94.347588 
0.700000 98.146157 
0.690000 84.851165 
0.680000 84.851165 
0.670000 82.951880 
0.660000 75.354741 
0.650000 92.448303 
0.640000 79.153311 
0.630000 84.851165 
0.620000 82.951880 
0.610000 81.052595 
0.600000 86.750449 
0.590000 75.354741 
0.580000 77.254026 
0.570000 82.951880 
0.560000 73.455457 
0.550000 79.153311 
0.540000 73.455457 
0.530000 69.656887 
0.520000 73.455457 
0.510000 73.455457 
0.500000 75.354741 
0.490000 63.959033 
0.480000 67.757603 
0.470000 65.858318 
0.460000 67.757603 
0.450000 71.556172 
0.440000 75.354741 
0.430000 65.858318 
0.420000 63.959033 
0.410000 60.160464 
0.400000 67.757603 
0.390000 50.664041 
0.380000 63.959033 
0.370000 52.563325 
0.360000 54.462610 
0.350000 54.462610 
0.340000 39.268333 
0.330000 54.462610 
0.320000 50.664041 
0.310000 52.563325 
0.300000 46.865471 
0.290000 41.167617 
0.280000 58.261179 
0.270000 48.764756 
0.260000 44.966187 
0.250000 52.563325 
0.240000 46.865471 
0.230000 41.167617 
0.220000 46.865471 
0.210000 39.268333 
0.200000 44.966187 
0.190000 44.966187 
0.180000 43.066902 
0.170000 37.369048 
0.160000 31.671194 
0.150000 37.369048 
0.140000 35.469763 
0.130000 29.771909 
0.120000 29.771909 
0.110000 25.973340 
0.100000 37.369048 
0.090000 24.074055 
0.080000 27.872625 
0.070000 31.671194 
0.060000 29.771909 
0.050000 25.973340 
0.040000 24.074055 
0.030000 14.577632 
0.020000 6.980493 
0.010000 -4.415215 
-0.000000 3.181924 
-0.010000 -2.515930 
-0.020000 8.879778 
-0.030000 1.282639 
-0.040000 -8.213784 
-0.050000 -6.314499 
-0.060000 -12.012353 
-0.070000 -12.012353 
-0.080000 -17.710207 
-0.090000 -4.415215 
-0.100000 -15.810923 
-0.110000 -21.508777 
-0.120000 -13.911638 
-0.130000 -21.508777 
-0.140000 -31.005200 
-0.150000 -29.105915 
-0.160000 -25.307346 
-0.170000 -31.005200 
-0.180000 -32.904485 
-0.190000 -31.005200 
-0.200000 -23.408061 
-0.210000 -25.307346 
-0.220000 -27.206631 
-0.230000 -31.005200 
-0.240000 -27.206631 
-0.250000 -34.803769 
-0.260000 -32.904485 
-0.270000 -38.602339 
-0.280000 -36.703054 
-0.290000 -46.199477 
-0.300000 -38.602339 
-0.310000 -44.300193 
-0.320000 -40.501623 
-0.330000 -48.098762 
-0.340000 -44.300193 
-0.350000 -46.199477 
-0.360000 -46.199477 
-0.370000 -49.998047 
-0.380000 -44.300193 
-0.390000 -38.602339 
-0.400000 -40.501623 
-0.410000 -46.199477 
-0.420000 -40.501623 
-0.430000 -29.105915 
-0.440000 -51.897331 
-0.450000 -44.300193 
-0.460000 -38.602339 
-0.470000 -51.897331 
-0.480000 -48.098762 
-0.490000 -42.400908 
-0.500000 -55.695901 
-0.510000 -48.098762 
-0.520000 -55.695901 
-0.530000 -59.494470 
-0.540000 -57.595185 
-0.550000 -59.494470 
-0.560000 -55.695901 
-0.570000 -61.393755 
-0.580000 -51.897331 
-0.590000 -51.897331 
-0.600000 -51.897331 
-0.610000 -48.098762 
-0.620000 -48.098762 
-0.630000 -53.796616 
-0.640000 -57.595185 
-0.650000 -61.393755 
-0.660000 -57.595185 
-0.670000 -68.990893 
-0.680000 -76.588032 
-0.690000 -67.091609 
-0.700000 -78.487316 
-0.710000 -74.688747 
-0.720000 -80.386601 
-0.730000 -80.386601 
-0.740000 -78.487316 
-0.750000 -76.588032 
-0.760000 -82.285886 
-0.770000 -82.285886 
-0.780000 -86.084455 
-0.790000 -87.983740 
-0.800000 -84.185170 
-0.810000 -93.681594 
-0.820000 -86.084455 
-0.830000 -95.580878 
-0.840000 -89.883024 
-0.850000 -103.178017 
-0.860000 -93.681594 
-0.870000 -95.580878 
-0.880000 -89.883024 
-0.890000 -97.480163 
-0.900000 -91.782309 
-0.910000 -97.480163 
-0.920000 -99.379448 
-0.930000 -101.278732 
-0.940000 -106.976586 
-0.950000 -101.278732 
-0.960000 -105.077302 
-0.970000 -105.077302 
-0.980000 -106.976586 
-0.990000 -105.077302 
-1.000000 -108.875871 
-1.010000 -103.178017 
-1.020000 -112.674440 
-1.030000 -116.473010 
-1.040000 -118.372294 
-1.050000 -122.170864 
-1.060000 -120.271579 
-1.070000 -122.170864 
-1.080000 -124.070148 
-1.090000 -135.465856 
-1.100000 -122.170864 
-1.110000 -131.667287 
-1.120000 -131.667287 
-1.130000 -137.365141 
-1.140000 -133.566572 
-1.150000 -139.264426 
-1.160000 -129.768002 
-1.170000 -133.566572 
-1.180000 -137.365141 
-1.190000 -129.768002 
-1.200000 -144.962280 
-1.210000 -133.566572 
-1.220000 -137.365141 
-1.230000 -144.962280 
-1.240000 -141.163710 
-1.250000 -135.465856 
-1.260000 -137.365141 
-1.270000 -141.163710 
-1.280000 -148.760849 
-1.290000 -146.861564 
-1.300000 -139.264426 
-1.310000 -150.660134 
-1.320000 -148.760849 
-1.330000 -143.062995 
-1.340000 -148.760849 
-1.350000 -152.559418 
-1.360000 -154.458703 
-1.370000 -150.660134 
-1.380000 -150.660134 
-1.390000 -158.257272 
-1.400000 -158.257272 
-1.410000 -162.055842 
-1.420000 -154.458703 
-1.430000 -169.652980 
-1.440000 -165.854411 
-1.450000 -154.458703 
-1.460000 -165.854411 
-1.470000 -169.652980 
-1.480000 -163.955126 
-1.490000 -160.156557 
-1.500000 -169.652980 
-1.510000 -163.955126 
-1.520000 -173.451550 
-1.530000 -162.055842 
-1.540000 -169.652980 
-1.550000 -167.753696 
-1.560000 -160.156557 
-1.570000 -160.156557 
-1.580000 -167.753696 
-1.590000 -167.753696 
-1.600000 -165.854411 
-1.610000 -175.350834 
-1.620000 -173.451550 
-1.630000 -177.250119 
-1.640000 -175.350834 
-1.650000 -192.444396 
-1.660000 -182.947973 
-1.670000 -181.048688 
-1.680000 -194.343681 
-1.690000 -179.149404 
-1.700000 -192.444396 
-1.710000 -200.041535 
-1.720000 -192.444396 
-1.730000 -190.545112 
-1.740000 -190.545112 
-1.750000 -188.645827 
-1.760000 -196.242966 
-1.770000 -196.242966 
-1.780000 -203.840104 
-1.790000 -198.142250 
-1.800000 -200.041535 
-1.810000 -194.343681 
-1.820000 -200.041535 
-1.830000 -203.840104 
-1.840000 -205.739389 
-1.850000 -196.242966 
-1.860000 -211.437243 
-1.870000 -207.638674 
-1.880000 -198.142250 
-1.890000 -211.437243 
-1.900000 -205.739389 
-1.910000 -207.638674 
-1.920000 -219.034382 
-1.930000 -217.135097 
-1.940000 -209.537958 
-1.950000 -217.135097 
-1.960000 -219.034382 
-1.970000 -215.235812 
-1.980000 -226.631520 
-1.990000 -217.135097 
-2.000000 -215.235812 
-2.010000 -226.631520 
-2.020000 -217.135097 
-2.030000 -219.034382 
-2.040000 -220.933666 
-2.050000 -219.034382 
-2.060000 -224.732236 
-2.070000 -226.631520 
-2.080000 -222.832951 
-2.090000 -226.631520 
-2.100000 -217.135097 
-2.110000 -224.732236 
-2.120000 -226.631520 
-2.130000 -215.235812 
-2.140000 -236.127944 
-2.150000 -230.430090 
-2.160000 -226.631520 
-2.170000 -236.127944 
-2.180000 -226.631520 
-2.190000 -230.430090 
-2.200000 -241.825798 
-2.210000 -236.127944 
-2.220000 -241.825798 
-2.230000 -234.228659 
-2.240000 -247.523652 
-2.250000 -243.725082 
-2.260000 -220.933666 
-2.270000 -251.322221 
-2.280000 -238.027228 
-2.290000 -234.228659 
-2.300000 -245.624367 
-2.310000 -241.825798 
-2.320000 -243.725082 
-2.330000 -238.027228 
-2.340000 -239.926513 
-2.350000 -253.221506 
-2.360000 -243.725082 
-2.370000 -245.624367 
-2.380000 -251.322221 
-2.390000 -258.919360 
-2.400000 -258.919360 
-2.410000 -245.624367 
-2.420000 -258.919360 
-2.430000 -253.221506 
-2.440000 -258.919360 
-2.450000 -258.919360 
-2.460000 -251.322221 
-2.470000 -264.617214 
-2.480000 -262.717929 
-2.490000 -266.516498 
-2.500000 -262.717929 
-2.490000 -264.617214 
-2.480000 -266.516498 
-2.470000 -266.516498 
-2.460000 -262.717929 
-2.450000 -274.113637 
-2.440000 -274.113637 
-2.430000 -270.315068 
-2.420000 -266.516498 
-2.410000 -262.717929 
-2.400000 -268.415783 
-2.390000 -270.315068 
-2.380000 -274.113637 
-2.370000 -272.214352 
-2.360000 -274.113637 
-2.350000 -281.710775 
-2.340000 -277.912206 
-2.330000 -277.912206 
-2.320000 -277.912206 
-2.310000 -285.509345 
-2.300000 -272.214352 
-2.290000 -285.509345 
-2.280000 -264.617214 
-2.270000 -274.113637 
-2.260000 -270.315068 
-2.250000 -277.912206 
-2.240000 -277.912206 
-2.230000 -268.415783 
-2.220000 -272.214352 
-2.210000 -270.315068 
-2.200000 -272.214352 
-2.190000 -266.516498 
-2.180000 -272.214352 
-2.170000 -266.516498 
-2.160000 -276.012922 
-2.150000 -262.717929 
-2.140000 -264.617214 
-2.130000 -260.818644 
-2.120000 -258.919360 
-2.110000 -268.415783 
-2.100000 -258.919360 
-2.090000 -255.120790 
-2.080000 -253.221506 
-2.070000 -251.322221 
-2.060000 -255.120790 
-2.050000 -241.825798 
-2.040000 -241.825798 
-2.030000 -258.919360 
-2.020000 -247.523652 
-2.010000 -239.926513 
-2.000000 -243.725082 
-1.990000 -238.027228 
-1.980000 -239.926513 
-1.970000 -260.818644 
-1.960000 -232.329374 
-1.950000 -239.926513 
-1.940000 -245.624367 
-1.930000 -236.127944 
-1.920000 -239.926513 
-1.910000 -228.530805 
-1.900000 -234.228659 
-1.890000 -241.825798 
-1.880000 -234.228659 
-1.870000 -251.322221 
-1.860000 -236.127944 
-1.850000 -230.430090 
-1.840000 -234.228659 
-1.830000 -228.530805 
-1.820000 -239.926513 
-1.810000 -228.530805 
-1.800000 -228.530805 
-1.790000 -232.329374 
-1.780000 -232.329374 
-1.770000 -224.732236 
-1.760000 -224.732236 
-1.750000 -220.933666 
-1.740000 -230.430090 
-1.730000 -230.430090 
-1.720000 -224.732236 
-1.710000 -215.235812 
-1.700000 -220.933666 
-1.690000 -219.034382 
-1.680000 -213.336528 
-1.670000 -213.336528 
-1.660000 -217.135097 
-1.650000 -224.732236 
-1.640000 -224.732236 
-1.630000 -213.336528 
-1.620000 -211.437243 
-1.610000 -211.437243 
-1.600000 -203.840104 
-1.590000 -203.840104 
-1.580000 -207.638674 
-1.570000 -211.437243 
-1.560000 -209.537958 
-1.550000 -190.545112 
-1.540000 -201.940820 
-1.530000 -201.940820 
-1.520000 -200.041535 
-1.510000 -194.343681 
-1.500000 -194.343681 
-1.490000 -200.041535 
-1.480000 -207.638674 
-1.470000 -192.444396 
-1.460000 -192.444396 
-1.450000 -194.343681 
-1.440000 -179.149404 
-1.430000 -181.048688 
-1.420000 -181.048688 
-1.410000 -181.048688 
-1.400000 -186.746542 
-1.390000 -171.552265 
-1.380000 -165.854411 
-1.370000 -198.142250 
-1.360000 -171.552265 
-1.350000 -175.350834 
-1.340000 -163.955126 
-1.330000 -154.458703 
-1.320000 -162.055842 
-1.310000 -162.055842 
-1.300000 -146.861564 
-1.290000 -167.753696 
-1.280000 -154.458703 
-1.270000 -148.760849 
-1.260000 -143.062995 
-1.250000 -150.660134 
-1.240000 -150.660134 
-1.230000 -143.062995 
-1.220000 -146.861564 
-1.210000 -160.156557 
-1.200000 -152.559418 
-1.190000 -143.062995 
-1.180000 -143.062995 
-1.170000 -152.559418 
-1.160000 -143.062995 
-1.150000 -143.062995 
-1.140000 -144.962280 
-1.130000 -135.465856 
-1.120000 -148.760849 
-1.110000 -137.365141 
-1.100000 -127.868718 
-1.090000 -173.451550 
-1.080000 -146.861564 
-1.070000 -139.264426 
-1.060000 -141.163710 
-1.050000 -129.768002 
-1.040000 -137.365141 
-1.030000 -133.566572 
-1.020000 -124.070148 
-1.010000 -131.667287 
-1.000000 -129.768002 
-0.990000 -124.070148 
-0.980000 -127.868718 
-0.970000 -122.170864 
-0.960000 -124.070148 
-0.950000 -124.070148 
-0.940000 -129.768002 
-0.930000 -118.372294 
-0.920000 -124.070148 
-0.910000 -124.070148 
-0.900000 -122.170864 
-0.890000 -122.170864 
-0.880000 -143.062995 
-0.870000 -122.170864 
-0.860000 -110.775156 
-0.850000 -133.566572 
-0.840000 -125.969433 
-0.830000 -118.372294 
-0.820000 -120.271579 
-0.810000 -112.674440 
-0.800000 -120.271579 
-0.790000 -105.077302 
-0.780000 -118.372294 
-0.770000 -112.674440 
-0.760000 -112.674440 
-0.750000 -108.875871 
-0.740000 -103.178017 
-0.730000 -105.077302 
-0.720000 -112.674440 
-0.710000 -93.681594 
-0.700000 -89.883024 
-0.690000 -105.077302 
-0.680000 -93.681594 
-0.670000 -87.983740 
-0.660000 -93.681594 
-0.650000 -87.983740 
-0.640000 -78.487316 
-0.630000 -86.084455 
-0.620000 -80.386601 
-0.610000 -78.487316 
-0.600000 -68.990893 
-0.590000 -51.897331 
-0.580000 -68.990893 
-0.570000 -67.091609 
-0.560000 -53.796616 
-0.550000 -53.796616 
-0.540000 -53.796616 
-0.530000 -51.897331 
-0.520000 -57.595185 
-0.510000 -57.595185 
-0.500000 -53.796616 
-0.490000 -48.098762 
-0.480000 -55.695901 
-0.470000 -49.998047 
-0.460000 -57.595185 
-0.450000 -57.595185 
-0.440000 -53.796616 
-0.430000 -55.695901 
-0.420000 -53.796616 
-0.410000 -57.595185 
-0.400000 -55.695901 
-0.390000 -53.796616 
-0.380000 -61.393755 
-0.370000 -59.494470 
-0.360000 -59.494470 
-0.350000 -59.494470 
-0.340000 -48.098762 
-0.330000 -59.494470 
-0.320000 -48.098762 
-0.310000 -48.098762 
-0.300000 -46.199477 
-0.290000 -46.199477 
-0.280000 -57.595185 
-0.270000 -46.199477 
-0.260000 -86.084455 
-0.250000 -46.199477 
-0.240000 -48.098762 
-0.230000 -46.199477 
-0.220000 -40.501623 
-0.210000 -42.400908 
-0.200000 -44.300193 
-0.190000 -46.199477 
-0.180000 -40.501623 
-0.170000 -42.400908 
-0.160000 -44.300193 
-0.150000 -38.602339 
-0.140000 -40.501623 
-0.130000 -31.005200 
-0.120000 -32.904485 
-0.110000 -29.105915 
-0.100000 -38.602339 
-0.090000 -38.602339 
-0.080000 -32.904485 
-0.070000 -29.105915 
-0.060000 -29.105915 
-0.050000 -21.508777 
-0.040000 -19.609492 
-0.030000 -23.408061 
-0.020000 -21.508777 
-0.010000 -21.508777 
