0.000000 -25.307346 
0.035000 -23.408061 
0.070000 -15.810923 
0.105000 -6.314499 
0.140000 1.282639 
0.175000 6.980493 
0.210000 1.282639 
0.245000 3.181924 
0.280000 -4.415215 
0.315000 -0.616645 
0.350000 1.282639 
0.385000 5.081209 
0.420000 1.282639 
0.455000 -4.415215 
0.490000 16.476917 
0.525000 18.376201 
0.560000 31.671194 
0.595000 44.966187 
0.630000 46.865471 
0.665000 52.563325 
0.700000 54.462610 
0.735000 44.966187 
0.770000 56.361895 
0.805000 69.656887 
0.840000 58.261179 
0.875000 62.059749 
0.910000 65.858318 
0.945000 71.556172 
0.980000 69.656887 
1.015000 73.455457 
1.050000 75.354741 
1.085000 75.354741 
1.120000 88.649734 
1.155000 92.448303 
1.190000 98.146157 
1.225000 94.347588 
1.260000 98.146157 
1.295000 103.844011 
1.330000 107.642581 
1.365000 113.340435 
1.400000 113.340435 
1.435000 107.642581 
1.470000 122.836858 
1.505000 120.937573 
1.540000 128.534712 
1.575000 136.131851 
1.610000 138.031135 
1.645000 134.232566 
1.680000 149.426843 
1.715000 155.124697 
1.750000 151.326128 
1.785000 151.326128 
1.820000 162.721836 
1.855000 158.923266 
1.890000 166.520405 
1.925000 168.419690 
1.960000 181.714682 
1.995000 176.016828 
2.030000 179.815398 
2.065000 185.513252 
2.100000 191.211106 
2.135000 196.908960 
2.170000 206.405383 
2.205000 204.506098 
2.240000 204.506098 
2.275000 204.506098 
2.310000 221.599660 
2.345000 210.203952 
2.380000 204.506098 
2.415000 232.995368 
2.450000 221.599660 
2.485000 234.894653 
2.480000 244.391076 
2.445000 242.491792 
2.410000 255.786784 
2.375000 240.592507 
2.340000 242.491792 
2.305000 244.391076 
2.270000 234.894653 
2.235000 253.887500 
2.200000 251.988215 
2.165000 257.686069 
2.130000 250.088930 
2.095000 259.585354 
2.060000 265.283208 
2.025000 253.887500 
1.990000 257.686069 
1.955000 267.182492 
1.920000 259.585354 
1.885000 263.383923 
1.850000 253.887500 
1.815000 255.786784 
1.780000 253.887500 
1.745000 255.786784 
1.710000 251.988215 
1.675000 242.491792 
1.640000 240.592507 
1.605000 244.391076 
1.570000 246.290361 
1.535000 244.391076 
1.500000 234.894653 
1.465000 242.491792 
1.430000 219.700376 
1.395000 242.491792 
1.360000 232.995368 
1.325000 240.592507 
1.290000 227.297514 
1.255000 223.498945 
1.220000 227.297514 
1.185000 225.398230 
1.150000 215.901806 
1.115000 214.002522 
1.080000 196.908960 
1.045000 198.808244 
1.010000 204.506098 
0.975000 200.707529 
0.940000 200.707529 
0.905000 193.110390 
0.870000 168.419690 
0.835000 193.110390 
0.800000 189.311821 
0.765000 160.822551 
0.730000 185.513252 
0.695000 181.714682 
0.660000 183.613967 
0.625000 177.916113 
0.590000 177.916113 
0.555000 179.815398 
0.520000 166.520405 
0.485000 164.621120 
0.450000 164.621120 
0.415000 153.225412 
0.380000 143.728989 
0.345000 155.124697 
0.310000 141.829705 
0.275000 138.031135 
0.240000 136.131851 
0.205000 130.433997 
0.170000 124.736143 
0.135000 122.836858 
0.100000 119.038289 
0.065000 113.340435 
0.030000 115.239719 
-0.005000 111.441150 
-0.040000 107.642581 
-0.075000 94.347588 
-0.110000 77.254026 
-0.145000 75.354741 
-0.180000 69.656887 
-0.215000 54.462610 
-0.250000 33.570479 
-0.285000 -0.616645 
-0.320000 -25.307346 
-0.355000 -29.105915 
-0.390000 -36.703054 
-0.425000 -36.703054 
-0.460000 -40.501623 
-0.495000 -38.602339 
-0.530000 -40.501623 
-0.565000 -51.897331 
-0.600000 -49.998047 
-0.635000 -49.998047 
-0.670000 -55.695901 
-0.705000 -44.300193 
-0.740000 -53.796616 
-0.775000 -53.796616 
-0.810000 -57.595185 
-0.845000 -68.990893 
-0.880000 -70.890178 
-0.915000 -65.192324 
-0.950000 -84.185170 
-0.985000 -78.487316 
-1.020000 -87.983740 
-1.055000 -91.782309 
-1.090000 -89.883024 
-1.125000 -95.580878 
-1.160000 -93.681594 
-1.195000 -97.480163 
-1.230000 -105.077302 
-1.265000 -99.379448 
-1.300000 -114.573725 
-1.335000 -116.473010 
-1.370000 -118.372294 
-1.405000 -125.969433 
-1.440000 -122.170864 
-1.475000 -124.070148 
-1.510000 -137.365141 
-1.545000 -137.365141 
-1.580000 -143.062995 
-1.615000 -144.962280 
-1.650000 -148.760849 
-1.685000 -160.156557 
-1.720000 -154.458703 
-1.755000 -162.055842 
-1.790000 -175.350834 
-1.825000 -165.854411 
-1.860000 -175.350834 
-1.895000 -169.652980 
-1.930000 -181.048688 
-1.965000 -175.350834 
-2.000000 -188.645827 
-2.035000 -188.645827 
-2.070000 -196.242966 
-2.105000 -198.142250 
-2.140000 -207.638674 
-2.175000 -209.537958 
-2.210000 -207.638674 
-2.245000 -211.437243 
-2.280000 -213.336528 
-2.315000 -224.732236 
-2.350000 -226.631520 
-2.385000 -226.631520 
-2.420000 -236.127944 
-2.455000 -234.228659 
-2.490000 -236.127944 
-2.475000 -239.926513 
-2.440000 -243.725082 
-2.405000 -249.422936 
-2.370000 -253.221506 
-2.335000 -253.221506 
-2.300000 -245.624367 
-2.265000 -255.120790 
-2.230000 -255.120790 
-2.195000 -241.825798 
-2.160000 -251.322221 
-2.125000 -249.422936 
-2.090000 -255.120790 
-2.055000 -249.422936 
-2.020000 -245.624367 
-1.985000 -253.221506 
-1.950000 -255.120790 
-1.915000 -264.617214 
-1.880000 -258.919360 
-1.845000 -257.020075 
-1.810000 -251.322221 
-1.775000 -255.120790 
-1.740000 -249.422936 
-1.705000 -257.020075 
-1.670000 -245.624367 
-1.635000 -243.725082 
-1.600000 -251.322221 
-1.565000 -249.422936 
-1.530000 -236.127944 
-1.495000 -234.228659 
-1.460000 -226.631520 
-1.425000 -222.832951 
-1.390000 -226.631520 
-1.355000 -234.228659 
-1.320000 -220.933666 
-1.285000 -224.732236 
-1.250000 -234.228659 
-1.215000 -209.537958 
-1.180000 -207.638674 
-1.145000 -209.537958 
-1.110000 -203.840104 
-1.075000 -200.041535 
-1.040000 -192.444396 
-1.005000 -198.142250 
-0.970000 -184.847258 
-0.935000 -181.048688 
-0.900000 -181.048688 
-0.865000 -169.652980 
-0.830000 -165.854411 
-0.795000 -165.854411 
-0.760000 -152.559418 
-0.725000 -160.156557 
-0.690000 -167.753696 
-0.655000 -158.257272 
-0.620000 -152.559418 
-0.585000 -148.760849 
-0.550000 -135.465856 
-0.515000 -144.962280 
-0.480000 -139.264426 
-0.445000 -137.365141 
-0.410000 -131.667287 
-0.375000 -122.170864 
-0.340000 -125.969433 
-0.305000 -114.573725 
-0.270000 -112.674440 
-0.235000 -120.271579 
-0.200000 -108.875871 
-0.165000 -124.070148 
-0.130000 -101.278732 
-0.095000 -91.782309 
-0.060000 -89.883024 
-0.025000 -87.983740 
0.010000 -80.386601 
0.045000 -72.789462 
0.080000 -65.192324 
0.115000 -53.796616 
0.150000 -38.602339 
0.185000 -32.904485 
0.220000 -21.508777 
0.255000 -13.911638 
0.290000 5.081209 
0.325000 6.980493 
0.360000 -0.616645 
0.395000 3.181924 
0.430000 -2.515930 
0.465000 5.081209 
0.500000 5.081209 
0.535000 27.872625 
0.570000 35.469763 
0.605000 46.865471 
0.640000 43.066902 
0.675000 44.966187 
0.710000 52.563325 
0.745000 52.563325 
0.780000 60.160464 
0.815000 58.261179 
0.850000 65.858318 
0.885000 62.059749 
0.920000 69.656887 
0.955000 67.757603 
0.990000 71.556172 
1.025000 73.455457 
1.060000 79.153311 
1.095000 84.851165 
1.130000 75.354741 
1.165000 88.649734 
1.200000 90.549019 
1.235000 94.347588 
1.270000 100.045442 
1.305000 109.541865 
1.340000 109.541865 
1.375000 113.340435 
1.410000 119.038289 
1.445000 122.836858 
1.480000 120.937573 
1.515000 124.736143 
1.550000 126.635427 
1.585000 128.534712 
1.620000 139.930420 
1.655000 141.829705 
1.690000 139.930420 
1.725000 151.326128 
1.760000 160.822551 
1.795000 160.822551 
1.830000 172.218259 
1.865000 160.822551 
1.900000 172.218259 
1.935000 181.714682 
1.970000 166.520405 
2.005000 170.318974 
2.040000 187.412536 
2.075000 187.412536 
2.110000 183.613967 
2.145000 195.009675 
2.180000 206.405383 
2.215000 204.506098 
2.250000 204.506098 
2.285000 212.103237 
2.320000 214.002522 
2.355000 231.096084 
2.390000 221.599660 
2.425000 225.398230 
2.460000 234.894653 
2.495000 234.894653 
2.470000 236.793938 
2.435000 246.290361 
2.400000 238.693222 
2.365000 250.088930 
2.330000 246.290361 
2.295000 251.988215 
2.260000 259.585354 
2.225000 259.585354 
2.190000 250.088930 
2.155000 255.786784 
2.120000 263.383923 
2.085000 257.686069 
2.050000 259.585354 
2.015000 272.880346 
1.980000 267.182492 
1.945000 261.484638 
1.910000 253.887500 
1.875000 263.383923 
1.840000 255.786784 
1.805000 259.585354 
1.770000 257.686069 
1.735000 251.988215 
1.700000 255.786784 
1.665000 251.988215 
1.630000 257.686069 
1.595000 246.290361 
1.560000 251.988215 
1.525000 242.491792 
1.490000 242.491792 
1.455000 248.189646 
1.420000 251.988215 
1.385000 242.491792 
1.350000 238.693222 
1.315000 242.491792 
1.280000 231.096084 
1.245000 231.096084 
1.210000 227.297514 
1.175000 221.599660 
1.140000 227.297514 
1.105000 212.103237 
1.070000 214.002522 
1.035000 204.506098 
1.000000 200.707529 
0.965000 198.808244 
0.930000 206.405383 
0.895000 204.506098 
0.860000 196.908960 
0.825000 191.211106 
0.790000 202.606814 
0.755000 193.110390 
0.720000 195.009675 
0.685000 193.110390 
0.650000 179.815398 
0.615000 179.815398 
0.580000 181.714682 
0.545000 174.117544 
0.510000 164.621120 
0.475000 162.721836 
0.440000 160.822551 
0.405000 151.326128 
0.370000 151.326128 
0.335000 153.225412 
0.300000 145.628274 
0.265000 141.829705 
0.230000 138.031135 
0.195000 141.829705 
0.160000 130.433997 
0.125000 126.635427 
0.090000 115.239719 
0.055000 117.139004 
0.020000 119.038289 
-0.015000 107.642581 
-0.050000 98.146157 
-0.085000 92.448303 
-0.120000 86.750449 
-0.155000 65.858318 
-0.190000 63.959033 
-0.225000 54.462610 
-0.260000 -4.415215 
-0.295000 8.879778 
-0.330000 -17.710207 
-0.365000 -29.105915 
-0.400000 -27.206631 
-0.435000 -40.501623 
-0.470000 -44.300193 
-0.505000 -36.703054 
-0.540000 -44.300193 
-0.575000 -44.300193 
-0.610000 -46.199477 
-0.645000 -49.998047 
-0.680000 -46.199477 
-0.715000 -34.803769 
-0.750000 -59.494470 
-0.785000 -53.796616 
-0.820000 -59.494470 
-0.855000 -55.695901 
-0.890000 -67.091609 
-0.925000 -78.487316 
-0.960000 -70.890178 
-0.995000 -78.487316 
-1.030000 -84.185170 
-1.065000 -87.983740 
-1.100000 -89.883024 
-1.135000 -93.681594 
-1.170000 -91.782309 
-1.205000 -95.580878 
-1.240000 -108.875871 
-1.275000 -103.178017 
-1.310000 -106.976586 
-1.345000 -116.473010 
-1.380000 -122.170864 
-1.415000 -114.573725 
-1.450000 -127.868718 
-1.485000 -129.768002 
-1.520000 -139.264426 
-1.555000 -137.365141 
-1.590000 -131.667287 
-1.625000 -143.062995 
-1.660000 -148.760849 
-1.695000 -150.660134 
-1.730000 -156.357988 
-1.765000 -165.854411 
-1.800000 -165.854411 
-1.835000 -169.652980 
-1.870000 -169.652980 
-1.905000 -175.350834 
-1.940000 -184.847258 
-1.975000 -184.847258 
-2.010000 -190.545112 
-2.045000 -184.847258 
-2.080000 -192.444396 
-2.115000 -190.545112 
-2.150000 -198.142250 
-2.185000 -200.041535 
-2.220000 -209.537958 
-2.255000 -209.537958 
-2.290000 -220.933666 
-2.325000 -219.034382 
-2.360000 -217.135097 
-2.395000 -232.329374 
-2.430000 -228.530805 
-2.465000 -234.228659 
-2.500000 -239.926513 
-2.465000 -245.624367 
-2.430000 -241.825798 
-2.395000 -249.422936 
-2.360000 -249.422936 
-2.325000 -255.120790 
-2.290000 -258.919360 
-2.255000 -255.120790 
-2.220000 -266.516498 
-2.185000 -257.020075 
-2.150000 -260.818644 
-2.115000 -249.422936 
-2.080000 -245.624367 
-2.045000 -245.624367 
-2.010000 -239.926513 
-1.975000 -251.322221 
-1.940000 -245.624367 
-1.905000 -243.725082 
-1.870000 -251.322221 
-1.835000 -257.020075 
-1.800000 -251.322221 
-1.765000 -241.825798 
-1.730000 -253.221506 
-1.695000 -247.523652 
-1.660000 -243.725082 
-1.625000 -245.624367 
-1.590000 -241.825798 
-1.555000 -245.624367 
-1.520000 -236.127944 
-1.485000 -236.127944 
-1.450000 -224.732236 
-1.415000 -226.631520 
-1.380000 -220.933666 
-1.345000 -217.135097 
-1.310000 -213.336528 
-1.275000 -215.235812 
-1.240000 -211.437243 
-1.205000 -213.336528 
-1.170000 -211.437243 
-1.135000 -203.840104 
-1.100000 -203.840104 
-1.065000 -220.933666 
-1.030000 -200.041535 
-0.995000 -196.242966 
-0.960000 -190.545112 
-0.925000 -184.847258 
-0.890000 -182.947973 
-0.855000 -169.652980 
-0.820000 -175.350834 
-0.785000 -179.149404 
-0.750000 -173.451550 
-0.715000 -158.257272 
-0.680000 -148.760849 
-0.645000 -158.257272 
-0.610000 -146.861564 
-0.575000 -150.660134 
-0.540000 -154.458703 
-0.505000 -150.660134 
-0.470000 -148.760849 
-0.435000 -141.163710 
-0.400000 -135.465856 
-0.365000 -135.465856 
-0.330000 -131.667287 
-0.295000 -133.566572 
-0.260000 -120.271579 
-0.225000 -108.875871 
-0.190000 -108.875871 
-0.155000 -112.674440 
-0.120000 -103.178017 
-0.085000 -89.883024 
-0.050000 -89.883024 
-0.015000 -93.681594 
0.020000 -84.185170 
0.055000 -78.487316 
0.090000 -67.091609 
0.125000 -59.494470 
0.160000 -53.796616 
0.195000 -38.602339 
0.230000 -27.206631 
0.265000 -13.911638 
0.300000 -4.415215 
0.335000 16.476917 
0.370000 6.980493 
0.405000 3.181924 
0.440000 31.671194 
0.475000 31.671194 
0.510000 37.369048 
0.545000 35.469763 
0.580000 39.268333 
0.615000 35.469763 
0.650000 35.469763 
0.685000 43.066902 
0.720000 44.966187 
0.755000 44.966187 
0.790000 46.865471 
0.825000 48.764756 
0.860000 52.563325 
0.895000 62.059749 
0.930000 56.361895 
0.965000 60.160464 
1.000000 69.656887 
1.035000 73.455457 
1.070000 79.153311 
1.105000 79.153311 
1.140000 84.851165 
1.175000 88.649734 
1.210000 100.045442 
1.245000 96.246873 
1.280000 107.642581 
1.315000 113.340435 
1.350000 109.541865 
1.385000 105.743296 
1.420000 122.836858 
1.455000 119.038289 
1.490000 122.836858 
1.525000 124.736143 
1.560000 122.836858 
1.595000 139.930420 
1.630000 136.131851 
1.665000 145.628274 
1.700000 147.527558 
1.735000 153.225412 
1.770000 168.419690 
1.805000 158.923266 
1.840000 160.822551 
1.875000 158.923266 
1.910000 174.117544 
1.945000 170.318974 
1.980000 176.016828 
2.015000 181.714682 
2.050000 185.513252 
2.085000 187.412536 
2.120000 196.908960 
2.155000 196.908960 
2.190000 198.808244 
2.225000 200.707529 
2.260000 208.304668 
2.295000 208.304668 
2.330000 217.801091 
2.365000 221.599660 
2.400000 221.599660 
2.435000 229.196799 
2.470000 236.793938 
2.495000 223.498945 
2.460000 227.297514 
2.425000 236.793938 
2.390000 253.887500 
2.355000 251.988215 
2.320000 250.088930 
2.285000 253.887500 
2.250000 251.988215 
2.215000 259.585354 
2.180000 255.786784 
2.145000 257.686069 
2.110000 265.283208 
2.075000 267.182492 
2.040000 270.981062 
2.005000 263.383923 
1.970000 263.383923 
1.935000 267.182492 
1.900000 259.585354 
1.865000 255.786784 
1.830000 255.786784 
1.795000 250.088930 
1.760000 250.088930 
1.725000 253.887500 
1.690000 251.988215 
1.655000 250.088930 
1.620000 253.887500 
1.585000 251.988215 
1.550000 261.484638 
1.515000 253.887500 
1.480000 246.290361 
1.445000 244.391076 
1.410000 242.491792 
1.375000 248.189646 
1.340000 236.793938 
1.305000 231.096084 
1.270000 227.297514 
1.235000 200.707529 
1.200000 214.002522 
1.165000 214.002522 
1.130000 214.002522 
1.095000 204.506098 
1.060000 204.506098 
1.025000 204.506098 
0.990000 212.103237 
0.955000 208.304668 
0.920000 210.203952 
0.885000 210.203952 
0.850000 206.405383 
0.815000 202.606814 
0.780000 198.808244 
0.745000 196.908960 
0.710000 195.009675 
0.675000 183.613967 
0.640000 174.117544 
0.605000 174.117544 
0.570000 176.016828 
0.535000 162.721836 
0.500000 158.923266 
0.465000 153.225412 
0.430000 151.326128 
0.395000 153.225412 
0.360000 151.326128 
0.325000 151.326128 
0.290000 145.628274 
0.255000 139.930420 
0.220000 138.031135 
0.185000 136.131851 
0.150000 130.433997 
0.115000 122.836858 
0.080000 119.038289 
0.045000 111.441150 
0.010000 119.038289 
-0.025000 107.642581 
-0.060000 100.045442 
-0.095000 92.448303 
-0.130000 82.951880 
-0.165000 65.858318 
-0.200000 54.462610 
-0.235000 44.966187 
-0.270000 35.469763 
-0.305000 16.476917 
-0.340000 -15.810923 
-0.375000 -23.408061 
-0.410000 -21.508777 
-0.445000 -34.803769 
-0.480000 -40.501623 
-0.515000 -48.098762 
-0.550000 -51.897331 
-0.585000 -48.098762 
-0.620000 -46.199477 
-0.655000 -46.199477 
-0.690000 -59.494470 
-0.725000 -59.494470 
-0.760000 -51.897331 
-0.795000 -51.897331 
-0.830000 -61.393755 
-0.865000 -67.091609 
-0.900000 -76.588032 
-0.935000 -93.681594 
-0.970000 -78.487316 
-1.005000 -87.983740 
-1.040000 -87.983740 
-1.075000 -89.883024 
-1.110000 -93.681594 
-1.145000 -89.883024 
-1.180000 -101.278732 
-1.215000 -95.580878 
-1.250000 -103.178017 
-1.285000 -106.976586 
-1.320000 -112.674440 
-1.355000 -108.875871 
-1.390000 -122.170864 
-1.425000 -129.768002 
-1.460000 -129.768002 
-1.495000 -135.465856 
-1.530000 -135.465856 
-1.565000 -139.264426 
-1.600000 -139.264426 
-1.635000 -150.660134 
-1.670000 -160.156557 
-1.705000 -154.458703 
-1.740000 -150.660134 
-1.775000 -160.156557 
-1.810000 -158.257272 
-1.845000 -160.156557 
-1.880000 -173.451550 
-1.915000 -175.350834 
-1.950000 -181.048688 
-1.985000 -190.545112 
-2.020000 -196.242966 
-2.055000 -194.343681 
-2.090000 -200.041535 
-2.125000 -196.242966 
-2.160000 -194.343681 
-2.195000 -211.437243 
-2.230000 -215.235812 
-2.265000 -215.235812 
-2.300000 -211.437243 
-2.335000 -219.034382 
-2.370000 -226.631520 
-2.405000 -234.228659 
-2.440000 -224.732236 
-2.475000 -236.127944 
-2.490000 -243.725082 
-2.455000 -264.617214 
-2.420000 -251.322221 
-2.385000 -253.221506 
-2.350000 -253.221506 
-2.315000 -255.120790 
-2.280000 -253.221506 
-2.245000 -258.919360 
-2.210000 -262.717929 
-2.175000 -258.919360 
-2.140000 -264.617214 
-2.105000 -257.020075 
-2.070000 -264.617214 
-2.035000 -253.221506 
-2.000000 -257.020075 
-1.965000 -249.422936 
-1.930000 -257.020075 
-1.895000 -257.020075 
-1.860000 -253.221506 
-1.825000 -249.422936 
-1.790000 -247.523652 
-1.755000 -251.322221 
-1.720000 -245.624367 
-1.685000 -241.825798 
-1.650000 -247.523652 
-1.615000 -241.825798 
-1.580000 -253.221506 
-1.545000 -234.228659 
-1.510000 -236.127944 
-1.475000 -234.228659 
-1.440000 -236.127944 
-1.405000 -234.228659 
-1.370000 -234.228659 
-1.335000 -226.631520 
-1.300000 -224.732236 
-1.265000 -215.235812 
-1.230000 -209.537958 
-1.195000 -203.840104 
-1.160000 -198.142250 
-1.125000 -198.142250 
-1.090000 -200.041535 
-1.055000 -194.343681 
-1.020000 -190.545112 
-0.985000 -186.746542 
-0.950000 -184.847258 
-0.915000 -190.545112 
-0.880000 -179.149404 
-0.845000 -169.652980 
-0.810000 -167.753696 
-0.775000 -167.753696 
-0.740000 -160.156557 
-0.705000 -165.854411 
-0.670000 -167.753696 
-0.635000 -156.357988 
-0.600000 -150.660134 
-0.565000 -137.365141 
-0.530000 -135.465856 
-0.495000 -137.365141 
-0.460000 -137.365141 
-0.425000 -124.070148 
-0.390000 -129.768002 
-0.355000 -129.768002 
-0.320000 -114.573725 
-0.285000 -110.775156 
-0.250000 -110.775156 
-0.215000 -118.372294 
-0.180000 -106.976586 
-0.145000 -105.077302 
-0.110000 -105.077302 
-0.075000 -91.782309 
-0.040000 -87.983740 
-0.005000 -82.285886 
0.030000 -82.285886 
0.065000 -84.185170 
0.100000 -67.091609 
0.135000 -53.796616 
0.170000 -40.501623 
0.205000 -31.005200 
0.240000 -17.710207 
0.275000 -8.213784 
0.310000 3.181924 
0.345000 6.980493 
0.380000 8.879778 
0.415000 -0.616645 
0.450000 1.282639 
0.485000 18.376201 
0.520000 24.074055 
0.555000 29.771909 
0.590000 37.369048 
0.625000 43.066902 
0.660000 37.369048 
0.695000 44.966187 
0.730000 39.268333 
0.765000 50.664041 
0.800000 54.462610 
0.835000 60.160464 
0.870000 56.361895 
0.905000 69.656887 
0.940000 60.160464 
0.975000 67.757603 
1.010000 79.153311 
1.045000 75.354741 
1.080000 84.851165 
1.115000 75.354741 
1.150000 82.951880 
1.185000 92.448303 
1.220000 96.246873 
1.255000 105.743296 
1.290000 107.642581 
1.325000 109.541865 
1.360000 111.441150 
1.395000 113.340435 
1.430000 134.232566 
1.465000 120.937573 
1.500000 124.736143 
1.535000 122.836858 
1.570000 134.232566 
1.605000 149.426843 
1.640000 141.829705 
1.675000 143.728989 
1.710000 145.628274 
1.745000 164.621120 
1.780000 160.822551 
1.815000 160.822551 
1.850000 153.225412 
1.885000 177.916113 
1.920000 181.714682 
1.955000 174.117544 
1.990000 177.916113 
2.025000 193.110390 
2.060000 183.613967 
2.095000 183.613967 
2.130000 202.606814 
2.165000 200.707529 
2.200000 206.405383 
2.235000 214.002522 
2.270000 206.405383 
2.305000 212.103237 
2.340000 221.599660 
2.375000 219.700376 
2.410000 223.498945 
2.445000 229.196799 
2.480000 229.196799 
2.485000 236.793938 
2.450000 234.894653 
2.415000 244.391076 
2.380000 246.290361 
2.345000 246.290361 
2.310000 261.484638 
2.275000 265.283208 
2.240000 255.786784 
2.205000 265.283208 
2.170000 259.585354 
2.135000 265.283208 
2.100000 253.887500 
2.065000 261.484638 
2.030000 257.686069 
1.995000 269.081777 
1.960000 265.283208 
1.925000 253.887500 
1.890000 255.786784 
1.855000 251.988215 
1.820000 259.585354 
1.785000 257.686069 
1.750000 257.686069 
1.715000 257.686069 
1.680000 236.793938 
1.645000 265.283208 
1.610000 251.988215 
1.575000 231.096084 
1.540000 251.988215 
1.505000 246.290361 
1.470000 251.988215 
1.435000 236.793938 
1.400000 242.491792 
1.365000 231.096084 
1.330000 232.995368 
1.295000 225.398230 
1.260000 225.398230 
1.225000 227.297514 
1.190000 221.599660 
1.155000 214.002522 
1.120000 215.901806 
1.085000 212.103237 
1.050000 217.801091 
1.015000 214.002522 
0.980000 206.405383 
0.945000 212.103237 
0.910000 208.304668 
0.875000 195.009675 
0.840000 206.405383 
0.805000 195.009675 
0.770000 189.311821 
0.735000 189.311821 
0.700000 189.311821 
0.665000 174.117544 
0.630000 172.218259 
0.595000 170.318974 
0.560000 166.520405 
0.525000 164.621120 
0.490000 164.621120 
0.455000 151.326128 
0.420000 155.124697 
0.385000 151.326128 
0.350000 147.527558 
0.315000 138.031135 
0.280000 126.635427 
0.245000 141.829705 
0.210000 136.131851 
0.175000 107.642581 
0.140000 130.433997 
0.105000 119.038289 
0.070000 119.038289 
0.035000 120.937573 
-0.000000 119.038289 
-0.035000 113.340435 
-0.070000 98.146157 
-0.105000 88.649734 
-0.140000 79.153311 
-0.175000 69.656887 
-0.210000 58.261179 
-0.245000 41.167617 
-0.280000 6.980493 
-0.315000 -15.810923 
-0.350000 -21.508777 
-0.385000 -34.803769 
-0.420000 -34.803769 
-0.455000 -27.206631 
-0.490000 -38.602339 
-0.525000 -48.098762 
-0.560000 -42.400908 
-0.595000 -46.199477 
-0.630000 -48.098762 
-0.665000 -44.300193 
-0.700000 -53.796616 
-0.735000 -59.494470 
-0.770000 -61.393755 
-0.805000 -59.494470 
-0.840000 -67.091609 
-0.875000 -63.293039 
-0.910000 -74.688747 
-0.945000 -84.185170 
-0.980000 -84.185170 
-1.015000 -70.890178 
-1.050000 -78.487316 
-1.085000 -87.983740 
-1.120000 -93.681594 
-1.155000 -87.983740 
-1.190000 -101.278732 
-1.225000 -105.077302 
-1.260000 -105.077302 
-1.295000 -118.372294 
-1.330000 -124.070148 
-1.365000 -120.271579 
-1.400000 -116.473010 
-1.435000 -122.170864 
-1.470000 -124.070148 
-1.505000 -133.566572 
-1.540000 -139.264426 
-1.575000 -139.264426 
-1.610000 -141.163710 
-1.645000 -148.760849 
-1.680000 -143.062995 
-1.715000 -148.760849 
-1.750000 -163.955126 
-1.785000 -160.156557 
-1.820000 -165.854411 
-1.855000 -173.451550 
-1.890000 -173.451550 
-1.925000 -173.451550 
-1.960000 -182.947973 
-1.995000 -188.645827 
-2.030000 -188.645827 
-2.065000 -196.242966 
-2.100000 -198.142250 
-2.135000 -203.840104 
-2.170000 -203.840104 
-2.205000 -209.537958 
-2.240000 -211.437243 
-2.275000 -213.336528 
-2.310000 -217.135097 
-2.345000 -262.717929 
-2.380000 -222.832951 
-2.415000 -226.631520 
-2.450000 -260.818644 
-2.485000 -234.228659 
-2.480000 -236.127944 
-2.445000 -243.725082 
-2.410000 -249.422936 
-2.375000 -249.422936 
-2.340000 -253.221506 
-2.305000 -258.919360 
-2.270000 -251.322221 
-2.235000 -255.120790 
-2.200000 -255.120790 
-2.165000 -258.919360 
-2.130000 -260.818644 
-2.095000 -268.415783 
-2.060000 -266.516498 
-2.025000 -258.919360 
-1.990000 -281.710775 
-1.955000 -249.422936 
-1.920000 -251.322221 
-1.885000 -253.221506 
-1.850000 -249.422936 
-1.815000 -247.523652 
-1.780000 -247.523652 
-1.745000 -243.725082 
-1.710000 -236.127944 
-1.675000 -243.725082 
-1.640000 -241.825798 
-1.605000 -238.027228 
-1.570000 -251.322221 
-1.535000 -241.825798 
-1.500000 -239.926513 
-1.465000 -236.127944 
-1.430000 -234.228659 
-1.395000 -226.631520 
-1.360000 -238.027228 
-1.325000 -230.430090 
-1.290000 -226.631520 
-1.255000 -209.537958 
-1.220000 -215.235812 
-1.185000 -211.437243 
-1.150000 -196.242966 
-1.115000 -196.242966 
-1.080000 -196.242966 
-1.045000 -190.545112 
-1.010000 -184.847258 
-0.975000 -192.444396 
-0.940000 -181.048688 
-0.905000 -182.947973 
-0.870000 -211.437243 
-0.835000 -181.048688 
-0.800000 -165.854411 
-0.765000 -182.947973 
-0.730000 -169.652980 
-0.695000 -162.055842 
-0.660000 -154.458703 
-0.625000 -156.357988 
-0.590000 -154.458703 
-0.555000 -146.861564 
-0.520000 -141.163710 
-0.485000 -135.465856 
-0.450000 -129.768002 
-0.415000 -122.170864 
-0.380000 -112.674440 
-0.345000 -114.573725 
-0.310000 -116.473010 
-0.275000 -114.573725 
-0.240000 -105.077302 
-0.205000 -105.077302 
-0.170000 -108.875871 
-0.135000 -105.077302 
-0.100000 -97.480163 
-0.065000 -95.580878 
-0.030000 -86.084455 
0.005000 -84.185170 
0.040000 -82.285886 
0.075000 -72.789462 
0.110000 -61.393755 
0.145000 -48.098762 
0.180000 -36.703054 
0.215000 -31.005200 
0.250000 -15.810923 
0.285000 -13.911638 
0.320000 -6.314499 
0.355000 5.081209 
0.390000 3.181924 
0.425000 -0.616645 
0.460000 18.376201 
0.495000 24.074055 
0.530000 37.369048 
0.565000 35.469763 
0.600000 33.570479 
0.635000 46.865471 
0.670000 39.268333 
0.705000 43.066902 
0.740000 52.563325 
0.775000 60.160464 
0.810000 63.959033 
0.845000 54.462610 
0.880000 60.160464 
0.915000 60.160464 
0.950000 73.455457 
0.985000 67.757603 
1.020000 75.354741 
1.055000 77.254026 
1.090000 84.851165 
1.125000 82.951880 
1.160000 92.448303 
1.195000 90.549019 
1.230000 94.347588 
1.265000 107.642581 
1.300000 103.844011 
1.335000 103.844011 
1.370000 111.441150 
1.405000 122.836858 
1.440000 126.635427 
1.475000 119.038289 
1.510000 124.736143 
1.545000 130.433997 
1.580000 136.131851 
1.615000 128.534712 
1.650000 145.628274 
1.685000 147.527558 
1.720000 147.527558 
1.755000 149.426843 
1.790000 158.923266 
1.825000 166.520405 
1.860000 176.016828 
1.895000 172.218259 
1.930000 174.117544 
1.965000 179.815398 
2.000000 191.211106 
2.035000 185.513252 
2.070000 189.311821 
2.105000 196.908960 
2.140000 196.908960 
2.175000 206.405383 
2.210000 204.506098 
2.245000 206.405383 
2.280000 214.002522 
2.315000 215.901806 
2.350000 214.002522 
2.385000 221.599660 
2.420000 236.793938 
2.455000 236.793938 
2.490000 238.693222 
2.475000 234.894653 
2.440000 242.491792 
2.405000 250.088930 
2.370000 246.290361 
2.335000 253.887500 
2.300000 267.182492 
2.265000 257.686069 
2.230000 263.383923 
2.195000 255.786784 
2.160000 263.383923 
2.125000 259.585354 
2.090000 259.585354 
2.055000 263.383923 
2.020000 261.484638 
1.985000 255.786784 
1.950000 251.988215 
1.915000 259.585354 
1.880000 257.686069 
1.845000 259.585354 
1.810000 261.484638 
1.775000 267.182492 
1.740000 261.484638 
1.705000 255.786784 
1.670000 257.686069 
1.635000 253.887500 
1.600000 261.484638 
1.565000 250.088930 
1.530000 248.189646 
1.495000 242.491792 
1.460000 240.592507 
1.425000 238.693222 
1.390000 229.196799 
1.355000 236.793938 
1.320000 231.096084 
1.285000 219.700376 
1.250000 225.398230 
1.215000 227.297514 
1.180000 206.405383 
1.145000 221.599660 
1.110000 221.599660 
1.075000 221.599660 
1.040000 219.700376 
1.005000 214.002522 
0.970000 208.304668 
0.935000 204.506098 
0.900000 196.908960 
0.865000 202.606814 
0.830000 200.707529 
0.795000 191.211106 
0.760000 183.613967 
0.725000 187.412536 
0.690000 179.815398 
0.655000 187.412536 
0.620000 177.916113 
0.585000 166.520405 
0.550000 164.621120 
0.515000 166.520405 
0.480000 153.225412 
0.445000 158.923266 
0.410000 160.822551 
0.375000 149.426843 
0.340000 151.326128 
0.305000 143.728989 
0.270000 138.031135 
0.235000 141.829705 
0.200000 139.930420 
0.165000 126.635427 
0.130000 134.232566 
0.095000 128.534712 
0.060000 122.836858 
0.025000 115.239719 
-0.010000 111.441150 
-0.045000 105.743296 
-0.080000 94.347588 
-0.115000 79.153311 
-0.150000 73.455457 
-0.185000 63.959033 
-0.220000 48.764756 
-0.255000 31.671194 
-0.290000 16.476917 
-0.325000 -6.314499 
-0.360000 -49.998047 
-0.395000 -36.703054 
-0.430000 -42.400908 
-0.465000 -32.904485 
-0.500000 -44.300193 
-0.535000 -42.400908 
-0.570000 -48.098762 
-0.605000 -48.098762 
-0.640000 -48.098762 
-0.675000 -51.897331 
-0.710000 -49.998047 
-0.745000 -38.602339 
-0.780000 -51.897331 
-0.815000 -55.695901 
-0.850000 -48.098762 
-0.885000 -59.494470 
-0.920000 -67.091609 
-0.955000 -80.386601 
-0.990000 -84.185170 
-1.025000 -87.983740 
-1.060000 -93.681594 
-1.095000 -91.782309 
-1.130000 -105.077302 
-1.165000 -108.875871 
-1.200000 -99.379448 
-1.235000 -105.077302 
-1.270000 -105.077302 
-1.305000 -112.674440 
-1.340000 -118.372294 
-1.375000 -118.372294 
-1.410000 -125.969433 
-1.445000 -129.768002 
-1.480000 -144.962280 
-1.515000 -150.660134 
-1.550000 -144.962280 
-1.585000 -152.559418 
-1.620000 -152.559418 
-1.655000 -156.357988 
-1.690000 -156.357988 
-1.725000 -162.055842 
-1.760000 -173.451550 
-1.795000 -171.552265 
-1.830000 -177.250119 
-1.865000 -165.854411 
-1.900000 -198.142250 
-1.935000 -179.149404 
-1.970000 -188.645827 
-2.005000 -211.437243 
-2.040000 -194.343681 
-2.075000 -200.041535 
-2.110000 -200.041535 
-2.145000 -200.041535 
-2.180000 -209.537958 
-2.215000 -205.739389 
-2.250000 -211.437243 
-2.285000 -228.530805 
-2.320000 -224.732236 
-2.355000 -222.832951 
-2.390000 -234.228659 
-2.425000 -228.530805 
-2.460000 -228.530805 
-2.495000 -234.228659 
-2.470000 -243.725082 
-2.435000 -247.523652 
-2.400000 -249.422936 
-2.365000 -243.725082 
-2.330000 -251.322221 
-2.295000 -255.120790 
-2.260000 -255.120790 
-2.225000 -262.717929 
-2.190000 -260.818644 
-2.155000 -255.120790 
-2.120000 -260.818644 
-2.085000 -264.617214 
-2.050000 -260.818644 
-2.015000 -260.818644 
-1.980000 -264.617214 
-1.945000 -258.919360 
-1.910000 -253.221506 
-1.875000 -251.322221 
-1.840000 -249.422936 
-1.805000 -241.825798 
-1.770000 -239.926513 
-1.735000 -255.120790 
-1.700000 -245.624367 
-1.665000 -245.624367 
-1.630000 -241.825798 
-1.595000 -272.214352 
-1.560000 -243.725082 
-1.525000 -236.127944 
-1.490000 -238.027228 
-1.455000 -243.725082 
-1.420000 -236.127944 
-1.385000 -239.926513 
-1.350000 -232.329374 
-1.315000 -234.228659 
-1.280000 -234.228659 
-1.245000 -226.631520 
-1.210000 -224.732236 
-1.175000 -217.135097 
-1.140000 -215.235812 
-1.105000 -205.739389 
-1.070000 -200.041535 
-1.035000 -198.142250 
-1.000000 -198.142250 
-0.965000 -182.947973 
-0.930000 -184.847258 
-0.895000 -188.645827 
-0.860000 -182.947973 
-0.825000 -173.451550 
-0.790000 -177.250119 
-0.755000 -175.350834 
-0.720000 -173.451550 
-0.685000 -165.854411 
-0.650000 -167.753696 
-0.615000 -163.955126 
-0.580000 -154.458703 
-0.545000 -158.257272 
-0.510000 -152.559418 
-0.475000 -143.062995 
-0.440000 -141.163710 
-0.405000 -133.566572 
-0.370000 -133.566572 
-0.335000 -120.271579 
-0.300000 -108.875871 
-0.265000 -110.775156 
-0.230000 -112.674440 
-0.195000 -108.875871 
-0.160000 -106.976586 
-0.125000 -103.178017 
-0.090000 -93.681594 
-0.055000 -95.580878 
-0.020000 -97.480163 
0.015000 -91.782309 
0.050000 -86.084455 
0.085000 -80.386601 
0.120000 -61.393755 
0.155000 -44.300193 
0.190000 -21.508777 
0.225000 -13.911638 
0.260000 -0.616645 
0.295000 5.081209 
0.330000 1.282639 
0.365000 -0.616645 
0.400000 3.181924 
0.435000 3.181924 
0.470000 16.476917 
0.505000 16.476917 
0.540000 25.973340 
0.575000 29.771909 
0.610000 43.066902 
0.645000 39.268333 
0.680000 44.966187 
0.715000 48.764756 
0.750000 52.563325 
0.785000 58.261179 
0.820000 63.959033 
0.855000 67.757603 
0.890000 58.261179 
0.925000 73.455457 
0.960000 73.455457 
0.995000 73.455457 
1.030000 73.455457 
1.065000 82.951880 
1.100000 75.354741 
1.135000 84.851165 
1.170000 96.246873 
1.205000 86.750449 
1.240000 105.743296 
1.275000 119.038289 
1.310000 109.541865 
1.345000 109.541865 
1.380000 107.642581 
1.415000 113.340435 
1.450000 122.836858 
1.485000 117.139004 
1.520000 122.836858 
1.555000 130.433997 
1.590000 130.433997 
1.625000 120.937573 
1.660000 136.131851 
1.695000 153.225412 
1.730000 155.124697 
1.765000 166.520405 
1.800000 164.621120 
1.835000 168.419690 
1.870000 166.520405 
1.905000 187.412536 
1.940000 172.218259 
1.975000 172.218259 
2.010000 187.412536 
2.045000 189.311821 
2.080000 191.211106 
2.115000 200.707529 
2.150000 200.707529 
2.185000 196.908960 
2.220000 212.103237 
2.255000 214.002522 
2.290000 204.506098 
2.325000 225.398230 
2.360000 225.398230 
2.395000 221.599660 
2.430000 232.995368 
2.465000 229.196799 
2.500000 238.693222 
2.465000 246.290361 
2.430000 240.592507 
2.395000 242.491792 
2.360000 265.283208 
2.325000 259.585354 
2.290000 263.383923 
2.255000 261.484638 
2.220000 261.484638 
2.185000 261.484638 
2.150000 261.484638 
2.115000 265.283208 
2.080000 259.585354 
2.045000 257.686069 
2.010000 261.484638 
1.975000 259.585354 
1.940000 257.686069 
1.905000 269.081777 
1.870000 265.283208 
1.835000 265.283208 
1.800000 267.182492 
1.765000 257.686069 
1.730000 267.182492 
1.695000 261.484638 
1.660000 259.585354 
1.625000 253.887500 
1.590000 248.189646 
1.555000 244.391076 
1.520000 240.592507 
1.485000 238.693222 
1.450000 234.894653 
1.415000 242.491792 
1.380000 231.096084 
1.345000 229.196799 
1.310000 234.894653 
1.275000 227.297514 
1.240000 234.894653 
1.205000 227.297514 
1.170000 225.398230 
1.135000 229.196799 
1.100000 221.599660 
1.065000 217.801091 
1.030000 210.203952 
0.995000 210.203952 
0.960000 206.405383 
0.925000 206.405383 
0.890000 196.908960 
0.855000 191.211106 
0.820000 185.513252 
0.785000 191.211106 
0.750000 196.908960 
0.715000 189.311821 
0.680000 174.117544 
0.645000 177.916113 
0.610000 174.117544 
0.575000 168.419690 
0.540000 174.117544 
0.505000 162.721836 
0.470000 160.822551 
0.435000 155.124697 
0.400000 149.426843 
0.365000 155.124697 
0.330000 155.124697 
0.295000 143.728989 
0.260000 143.728989 
0.225000 145.628274 
0.190000 139.930420 
0.155000 130.433997 
0.120000 128.534712 
0.085000 124.736143 
0.050000 117.139004 
0.015000 115.239719 
-0.020000 109.541865 
-0.055000 92.448303 
-0.090000 86.750449 
-0.125000 81.052595 
-0.160000 63.959033 
-0.195000 58.261179 
-0.230000 44.966187 
-0.265000 37.369048 
-0.300000 18.376201 
-0.335000 -10.113069 
-0.370000 -27.206631 
-0.405000 -27.206631 
-0.440000 -38.602339 
-0.475000 -38.602339 
-0.510000 -40.501623 
-0.545000 -46.199477 
-0.580000 -44.300193 
-0.615000 -44.300193 
-0.650000 -51.897331 
-0.685000 -51.897331 
-0.720000 -48.098762 
-0.755000 -53.796616 
-0.790000 -53.796616 
-0.825000 -55.695901 
-0.860000 -84.185170 
-0.895000 -70.890178 
-0.930000 -63.293039 
-0.965000 -76.588032 
-1.000000 -84.185170 
-1.035000 -78.487316 
-1.070000 -80.386601 
-1.105000 -84.185170 
-1.140000 -97.480163 
-1.175000 -95.580878 
-1.210000 -97.480163 
-1.245000 -110.775156 
-1.280000 -108.875871 
-1.315000 -110.775156 
-1.350000 -114.573725 
-1.385000 -124.070148 
-1.420000 -122.170864 
-1.455000 -122.170864 
-1.490000 -135.465856 
-1.525000 -133.566572 
-1.560000 -135.465856 
-1.595000 -143.062995 
-1.630000 -158.257272 
-1.665000 -154.458703 
-1.700000 -154.458703 
-1.735000 -158.257272 
-1.770000 -167.753696 
-1.805000 -165.854411 
-1.840000 -167.753696 
-1.875000 -186.746542 
-1.910000 -179.149404 
-1.945000 -182.947973 
-1.980000 -186.746542 
-2.015000 -186.746542 
-2.050000 -186.746542 
-2.085000 -201.940820 
-2.120000 -198.142250 
-2.155000 -201.940820 
-2.190000 -211.437243 
-2.225000 -203.840104 
-2.260000 -219.034382 
-2.295000 -215.235812 
-2.330000 -220.933666 
-2.365000 -236.127944 
-2.400000 -232.329374 
-2.435000 -228.530805 
-2.470000 -228.530805 
-2.495000 -236.127944 
-2.460000 -236.127944 
-2.425000 -239.926513 
-2.390000 -255.120790 
-2.355000 -249.422936 
-2.320000 -251.322221 
-2.285000 -255.120790 
-2.250000 -258.919360 
-2.215000 -264.617214 
-2.180000 -255.120790 
-2.145000 -264.617214 
-2.110000 -264.617214 
-2.075000 -264.617214 
-2.040000 -258.919360 
-2.005000 -258.919360 
-1.970000 -260.818644 
-1.935000 -258.919360 
-1.900000 -268.415783 
-1.865000 -260.818644 
-1.830000 -253.221506 
-1.795000 -258.919360 
-1.760000 -243.725082 
-1.725000 -245.624367 
-1.690000 -243.725082 
-1.655000 -243.725082 
-1.620000 -245.624367 
-1.585000 -239.926513 
-1.550000 -243.725082 
-1.515000 -230.430090 
-1.480000 -234.228659 
-1.445000 -239.926513 
-1.410000 -228.530805 
-1.375000 -230.430090 
-1.340000 -238.027228 
-1.305000 -234.228659 
-1.270000 -222.832951 
-1.235000 -220.933666 
-1.200000 -224.732236 
-1.165000 -236.127944 
-1.130000 -211.437243 
-1.095000 -219.034382 
-1.060000 -203.840104 
-1.025000 -196.242966 
-0.990000 -200.041535 
-0.955000 -196.242966 
-0.920000 -184.847258 
-0.885000 -181.048688 
-0.850000 -179.149404 
-0.815000 -175.350834 
-0.780000 -165.854411 
-0.745000 -167.753696 
-0.710000 -171.552265 
-0.675000 -160.156557 
-0.640000 -167.753696 
-0.605000 -156.357988 
-0.570000 -144.962280 
-0.535000 -154.458703 
-0.500000 -148.760849 
-0.465000 -144.962280 
-0.430000 -137.365141 
-0.395000 -125.969433 
-0.360000 -129.768002 
-0.325000 -116.473010 
-0.290000 -124.070148 
-0.255000 -114.573725 
-0.220000 -106.976586 
-0.185000 -106.976586 
-0.150000 -103.178017 
-0.115000 -95.580878 
-0.080000 -89.883024 
-0.045000 -89.883024 
-0.010000 -84.185170 
0.025000 -84.185170 
0.060000 -72.789462 
0.095000 -63.293039 
0.130000 -59.494470 
0.165000 -44.300193 
0.200000 -25.307346 
0.235000 -21.508777 
0.270000 -2.515930 
0.305000 5.081209 
0.340000 8.879778 
0.375000 -4.415215 
0.410000 -0.616645 
0.445000 8.879778 
0.480000 20.275486 
0.515000 24.074055 
0.550000 33.570479 
0.585000 39.268333 
0.620000 37.369048 
0.655000 44.966187 
0.690000 52.563325 
0.725000 54.462610 
0.760000 63.959033 
0.795000 63.959033 
0.830000 60.160464 
0.865000 56.361895 
0.900000 71.556172 
0.935000 73.455457 
0.970000 79.153311 
1.005000 58.261179 
1.040000 73.455457 
1.075000 82.951880 
1.110000 52.563325 
1.145000 86.750449 
1.180000 101.944727 
1.215000 52.563325 
1.250000 100.045442 
1.285000 107.642581 
1.320000 98.146157 
1.355000 107.642581 
1.390000 115.239719 
1.425000 113.340435 
1.460000 115.239719 
1.495000 120.937573 
1.530000 126.635427 
1.565000 134.232566 
1.600000 134.232566 
1.635000 134.232566 
1.670000 136.131851 
1.705000 158.923266 
1.740000 157.023982 
1.775000 151.326128 
1.810000 166.520405 
1.845000 170.318974 
1.880000 170.318974 
1.915000 176.016828 
1.950000 168.419690 
1.985000 187.412536 
2.020000 183.613967 
2.055000 185.513252 
2.090000 187.412536 
2.125000 189.311821 
2.160000 193.110390 
2.195000 210.203952 
2.230000 208.304668 
2.265000 208.304668 
2.300000 225.398230 
2.335000 219.700376 
2.370000 221.599660 
2.405000 234.894653 
2.440000 234.894653 
2.475000 238.693222 
2.490000 255.786784 
2.455000 257.686069 
2.420000 251.988215 
2.385000 242.491792 
2.350000 251.988215 
2.315000 259.585354 
2.280000 255.786784 
2.245000 263.383923 
2.210000 259.585354 
2.175000 257.686069 
2.140000 259.585354 
2.105000 261.484638 
2.070000 267.182492 
2.035000 259.585354 
2.000000 272.880346 
1.965000 269.081777 
1.930000 278.578200 
1.895000 269.081777 
1.860000 265.283208 
1.825000 265.283208 
1.790000 265.283208 
1.755000 270.981062 
1.720000 263.383923 
1.685000 261.484638 
1.650000 250.088930 
1.615000 242.491792 
1.580000 250.088930 
1.545000 246.290361 
1.510000 244.391076 
1.475000 236.793938 
1.440000 238.693222 
1.405000 240.592507 
1.370000 246.290361 
1.335000 246.290361 
1.300000 232.995368 
1.265000 232.995368 
1.230000 236.793938 
1.195000 229.196799 
1.160000 227.297514 
1.125000 217.801091 
1.090000 221.599660 
1.055000 221.599660 
1.020000 214.002522 
0.985000 206.405383 
0.950000 206.405383 
0.915000 202.606814 
0.880000 202.606814 
0.845000 202.606814 
0.810000 189.311821 
0.775000 191.211106 
0.740000 191.211106 
0.705000 183.613967 
0.670000 191.211106 
0.635000 183.613967 
0.600000 176.016828 
0.565000 174.117544 
0.530000 172.218259 
0.495000 164.621120 
0.460000 164.621120 
0.425000 170.318974 
0.390000 162.721836 
0.355000 153.225412 
0.320000 143.728989 
0.285000 143.728989 
0.250000 143.728989 
0.215000 138.031135 
0.180000 136.131851 
0.145000 119.038289 
0.110000 117.139004 
0.075000 109.541865 
0.040000 101.944727 
0.005000 105.743296 
-0.030000 105.743296 
-0.065000 100.045442 
-0.100000 79.153311 
-0.135000 71.556172 
-0.170000 56.361895 
-0.205000 46.865471 
-0.240000 41.167617 
-0.275000 24.074055 
-0.310000 14.577632 
-0.345000 -13.911638 
-0.380000 -21.508777 
-0.415000 -29.105915 
-0.450000 -34.803769 
-0.485000 -38.602339 
-0.520000 -40.501623 
-0.555000 -40.501623 
-0.590000 -38.602339 
-0.625000 -49.998047 
-0.660000 -51.897331 
-0.695000 -55.695901 
-0.730000 -57.595185 
-0.765000 -59.494470 
-0.800000 -55.695901 
-0.835000 -63.293039 
-0.870000 -63.293039 
-0.905000 -65.192324 
-0.940000 -74.688747 
-0.975000 -78.487316 
-1.010000 -84.185170 
-1.045000 -84.185170 
-1.080000 -93.681594 
-1.115000 -93.681594 
-1.150000 -93.681594 
-1.185000 -93.681594 
-1.220000 -99.379448 
-1.255000 -99.379448 
-1.290000 -103.178017 
-1.325000 -106.976586 
-1.360000 -106.976586 
-1.395000 -118.372294 
-1.430000 -124.070148 
-1.465000 -127.868718 
-1.500000 -131.667287 
-1.535000 -139.264426 
-1.570000 -144.962280 
-1.605000 -150.660134 
-1.640000 -150.660134 
-1.675000 -150.660134 
-1.710000 -148.760849 
-1.745000 -152.559418 
-1.780000 -156.357988 
-1.815000 -169.652980 
-1.850000 -173.451550 
-1.885000 -169.652980 
-1.920000 -175.350834 
-1.955000 -181.048688 
-1.990000 -190.545112 
-2.025000 -198.142250 
-2.060000 -196.242966 
-2.095000 -200.041535 
-2.130000 -203.840104 
-2.165000 -201.940820 
-2.200000 -205.739389 
-2.235000 -213.336528 
-2.270000 -211.437243 
-2.305000 -215.235812 
-2.340000 -222.832951 
-2.375000 -226.631520 
-2.410000 -234.228659 
-2.445000 -228.530805 
-2.480000 -239.926513 
-2.485000 -243.725082 
-2.450000 -239.926513 
-2.415000 -249.422936 
-2.380000 -251.322221 
-2.345000 -257.020075 
-2.310000 -249.422936 
-2.275000 -260.818644 
-2.240000 -258.919360 
-2.205000 -255.120790 
-2.170000 -260.818644 
-2.135000 -260.818644 
-2.100000 -264.617214 
-2.065000 -258.919360 
-2.030000 -266.516498 
-1.995000 -268.415783 
-1.960000 -260.818644 
-1.925000 -260.818644 
-1.890000 -258.919360 
-1.855000 -260.818644 
-1.820000 -257.020075 
-1.785000 -266.516498 
-1.750000 -257.020075 
-1.715000 -270.315068 
-1.680000 -251.322221 
-1.645000 -241.825798 
-1.610000 -268.415783 
-1.575000 -236.127944 
-1.540000 -241.825798 
-1.505000 -241.825798 
-1.470000 -232.329374 
-1.435000 -232.329374 
-1.400000 -228.530805 
-1.365000 -234.228659 
-1.330000 -232.329374 
-1.295000 -228.530805 
-1.260000 -236.127944 
-1.225000 -226.631520 
-1.190000 -224.732236 
-1.155000 -222.832951 
-1.120000 -211.437243 
-1.085000 -219.034382 
-1.050000 -219.034382 
-1.015000 -211.437243 
-0.980000 -205.739389 
-0.945000 -198.142250 
-0.910000 -192.444396 
-0.875000 -184.847258 
-0.840000 -182.947973 
-0.805000 -181.048688 
-0.770000 -167.753696 
-0.735000 -167.753696 
-0.700000 -163.955126 
-0.665000 -148.760849 
-0.630000 -156.357988 
-0.595000 -154.458703 
-0.560000 -148.760849 
-0.525000 -139.264426 
-0.490000 -141.163710 
-0.455000 -143.062995 
-0.420000 -133.566572 
-0.385000 -133.566572 
-0.350000 -133.566572 
-0.315000 -122.170864 
-0.280000 -122.170864 
-0.245000 -108.875871 
-0.210000 -103.178017 
-0.175000 -108.875871 
-0.140000 -97.480163 
-0.105000 -91.782309 
-0.070000 -99.379448 
-0.035000 -78.487316 
