0.000000 -70.890178 
0.050000 -67.091609 
0.100000 -61.393755 
0.150000 -49.998047 
0.200000 -31.005200 
0.250000 -0.616645 
0.300000 6.980493 
0.350000 16.476917 
0.400000 16.476917 
0.450000 22.174771 
0.500000 29.771909 
0.550000 35.469763 
0.600000 39.268333 
0.650000 46.865471 
0.700000 39.268333 
0.750000 39.268333 
0.800000 43.066902 
0.850000 54.462610 
0.900000 52.563325 
0.950000 60.160464 
1.000000 63.959033 
1.050000 62.059749 
1.100000 77.254026 
1.150000 79.153311 
1.200000 82.951880 
1.250000 92.448303 
1.300000 92.448303 
1.350000 94.347588 
1.400000 101.944727 
1.450000 105.743296 
1.500000 113.340435 
1.550000 124.736143 
1.600000 122.836858 
1.650000 122.836858 
1.700000 138.031135 
1.750000 138.031135 
1.800000 143.728989 
1.850000 153.225412 
1.900000 168.419690 
1.950000 160.822551 
2.000000 160.822551 
2.050000 166.520405 
2.100000 179.815398 
2.150000 179.815398 
2.200000 179.815398 
2.250000 185.513252 
2.300000 187.412536 
2.350000 198.808244 
2.400000 206.405383 
2.450000 221.599660 
2.500000 212.103237 
2.450000 231.096084 
2.400000 236.793938 
2.350000 229.196799 
2.300000 236.793938 
2.250000 250.088930 
2.200000 253.887500 
2.150000 255.786784 
2.100000 250.088930 
2.050000 259.585354 
2.000000 255.786784 
1.950000 253.887500 
1.900000 248.189646 
1.850000 240.592507 
1.800000 253.887500 
1.750000 244.391076 
1.700000 250.088930 
1.650000 246.290361 
1.600000 244.391076 
1.550000 255.786784 
1.500000 244.391076 
1.450000 250.088930 
1.400000 251.988215 
1.350000 248.189646 
1.300000 248.189646 
1.250000 232.995368 
1.200000 227.297514 
1.150000 229.196799 
1.100000 229.196799 
1.050000 227.297514 
1.000000 214.002522 
0.950000 214.002522 
0.900000 215.901806 
0.850000 200.707529 
0.800000 198.808244 
0.750000 191.211106 
0.700000 187.412536 
0.650000 189.311821 
0.600000 183.613967 
0.550000 177.916113 
0.500000 177.916113 
0.450000 177.916113 
0.400000 172.218259 
0.350000 162.721836 
0.300000 157.023982 
0.250000 155.124697 
0.200000 153.225412 
0.150000 138.031135 
0.100000 138.031135 
0.050000 136.131851 
-0.000000 136.131851 
-0.050000 120.937573 
-0.100000 107.642581 
-0.150000 105.743296 
-0.200000 92.448303 
-0.250000 77.254026 
-0.300000 63.959033 
-0.350000 54.462610 
-0.400000 29.771909 
-0.450000 -0.616645 
-0.500000 -23.408061 
-0.550000 -29.105915 
-0.600000 -36.703054 
-0.650000 -46.199477 
-0.700000 -55.695901 
-0.750000 -48.098762 
-0.800000 -57.595185 
-0.850000 -63.293039 
-0.900000 -61.393755 
-0.950000 -68.990893 
-1.000000 -67.091609 
-1.050000 -68.990893 
-1.100000 -78.487316 
-1.150000 -84.185170 
-1.200000 -87.983740 
-1.250000 -89.883024 
-1.300000 -95.580878 
-1.350000 -97.480163 
-1.400000 -105.077302 
-1.450000 -108.875871 
-1.500000 -120.271579 
-1.550000 -122.170864 
-1.600000 -125.969433 
-1.650000 -122.170864 
-1.700000 -133.566572 
-1.750000 -141.163710 
-1.800000 -150.660134 
-1.850000 -150.660134 
-1.900000 -158.257272 
-1.950000 -160.156557 
-2.000000 -169.652980 
-2.050000 -173.451550 
-2.100000 -171.552265 
-2.150000 -175.350834 
-2.200000 -181.048688 
-2.250000 -194.343681 
-2.300000 -198.142250 
-2.350000 -203.840104 
-2.400000 -201.940820 
-2.450000 -209.537958 
-2.500000 -215.235812 
-2.450000 -224.732236 
-2.400000 -232.329374 
-2.350000 -234.228659 
-2.300000 -230.430090 
-2.250000 -232.329374 
-2.200000 -236.127944 
-2.150000 -243.725082 
-2.100000 -245.624367 
-2.050000 -239.926513 
-2.000000 -241.825798 
-1.950000 -236.127944 
-1.900000 -245.624367 
-1.850000 -243.725082 
-1.800000 -241.825798 
-1.750000 -243.725082 
-1.700000 -243.725082 
-1.650000 -234.228659 
-1.600000 -230.430090 
-1.550000 -236.127944 
-1.500000 -230.430090 
-1.450000 -230.430090 
-1.400000 -230.430090 
-1.350000 -226.631520 
-1.300000 -219.034382 
-1.250000 -211.437243 
-1.200000 -213.336528 
-1.150000 -213.336528 
-1.100000 -205.739389 
-1.050000 -196.242966 
-1.000000 -192.444396 
-0.950000 -194.343681 
-0.900000 -184.847258 
-0.850000 -190.545112 
-0.800000 -186.746542 
-0.750000 -171.552265 
-0.700000 -169.652980 
-0.650000 -167.753696 
-0.600000 -163.955126 
-0.550000 -154.458703 
-0.500000 -156.357988 
-0.450000 -148.760849 
-0.400000 -143.062995 
-0.350000 -146.861564 
-0.300000 -135.465856 
-0.250000 -133.566572 
-0.200000 -135.465856 
-0.150000 -127.868718 
-0.100000 -122.170864 
-0.050000 -106.976586 
0.000000 -114.573725 
0.050000 -110.775156 
0.100000 -101.278732 
0.150000 -95.580878 
0.200000 -99.379448 
0.250000 -76.588032 
0.300000 -0.616645 
0.350000 -0.616645 
0.400000 8.879778 
0.450000 27.872625 
0.500000 22.174771 
0.550000 35.469763 
0.600000 35.469763 
0.650000 37.369048 
0.700000 37.369048 
0.750000 44.966187 
0.800000 44.966187 
0.850000 52.563325 
0.900000 54.462610 
0.950000 58.261179 
1.000000 54.462610 
1.050000 73.455457 
1.100000 75.354741 
1.150000 73.455457 
1.200000 82.951880 
1.250000 86.750449 
1.300000 100.045442 
1.350000 92.448303 
1.400000 107.642581 
1.450000 103.844011 
1.500000 103.844011 
1.550000 109.541865 
1.600000 113.340435 
1.650000 122.836858 
1.700000 124.736143 
1.750000 122.836858 
1.800000 138.031135 
1.850000 153.225412 
1.900000 147.527558 
1.950000 149.426843 
2.000000 164.621120 
2.050000 168.419690 
2.100000 166.520405 
2.150000 177.916113 
2.200000 179.815398 
2.250000 198.808244 
2.300000 196.908960 
2.350000 212.103237 
2.400000 217.801091 
2.450000 214.002522 
2.500000 217.801091 
2.450000 232.995368 
2.400000 234.894653 
2.350000 242.491792 
2.300000 240.592507 
2.250000 229.196799 
2.200000 248.189646 
2.150000 246.290361 
2.100000 240.592507 
2.050000 242.491792 
2.000000 248.189646 
1.950000 259.585354 
1.900000 244.391076 
1.850000 246.290361 
1.800000 251.988215 
1.750000 253.887500 
1.700000 259.585354 
1.650000 242.491792 
1.600000 246.290361 
1.550000 246.290361 
1.500000 253.887500 
1.450000 240.592507 
1.400000 236.793938 
1.350000 240.592507 
1.300000 240.592507 
1.250000 225.398230 
1.200000 225.398230 
1.150000 221.599660 
1.100000 219.700376 
1.050000 217.801091 
1.000000 212.103237 
0.950000 208.304668 
0.900000 196.908960 
0.850000 198.808244 
0.800000 198.808244 
0.750000 187.412536 
0.700000 181.714682 
0.650000 187.412536 
0.600000 181.714682 
0.550000 174.117544 
0.500000 172.218259 
0.450000 170.318974 
0.400000 164.621120 
0.350000 155.124697 
0.300000 160.822551 
0.250000 147.527558 
0.200000 139.930420 
0.150000 139.930420 
0.100000 138.031135 
0.050000 96.246873 
-0.000000 122.836858 
-0.050000 109.541865 
-0.100000 105.743296 
-0.150000 94.347588 
-0.200000 81.052595 
-0.250000 75.354741 
-0.300000 62.059749 
-0.350000 54.462610 
-0.400000 -6.314499 
-0.450000 3.181924 
-0.500000 -21.508777 
-0.550000 -21.508777 
-0.600000 -36.703054 
-0.650000 -48.098762 
-0.700000 -53.796616 
-0.750000 -48.098762 
-0.800000 -51.897331 
-0.850000 -63.293039 
-0.900000 -63.293039 
-0.950000 -59.494470 
-1.000000 -59.494470 
-1.050000 -65.192324 
-1.100000 -70.890178 
-1.150000 -76.588032 
-1.200000 -82.285886 
-1.250000 -89.883024 
-1.300000 -99.379448 
-1.350000 -105.077302 
-1.400000 -106.976586 
-1.450000 -105.077302 
-1.500000 -116.473010 
-1.550000 -118.372294 
-1.600000 -133.566572 
-1.650000 -124.070148 
-1.700000 -124.070148 
-1.750000 -135.465856 
-1.800000 -143.062995 
-1.850000 -152.559418 
-1.900000 -150.660134 
-1.950000 -160.156557 
-2.000000 -173.451550 
-2.050000 -163.955126 
-2.100000 -179.149404 
-2.150000 -182.947973 
-2.200000 -184.847258 
-2.250000 -196.242966 
-2.300000 -196.242966 
-2.350000 -200.041535 
-2.400000 -203.840104 
-2.450000 -215.235812 
-2.500000 -213.336528 
-2.450000 -211.437243 
-2.400000 -226.631520 
-2.350000 -226.631520 
-2.300000 -236.127944 
-2.250000 -230.430090 
-2.200000 -239.926513 
-2.150000 -236.127944 
-2.100000 -236.127944 
-2.050000 -238.027228 
-2.000000 -239.926513 
-1.950000 -238.027228 
-1.900000 -243.725082 
-1.850000 -236.127944 
-1.800000 -238.027228 
-1.750000 -241.825798 
-1.700000 -230.430090 
-1.650000 -234.228659 
-1.600000 -230.430090 
-1.550000 -226.631520 
-1.500000 -230.430090 
-1.450000 -224.732236 
-1.400000 -228.530805 
-1.350000 -230.430090 
-1.300000 -226.631520 
-1.250000 -211.437243 
-1.200000 -219.034382 
-1.150000 -213.336528 
-1.100000 -211.437243 
-1.050000 -213.336528 
-1.000000 -198.142250 
-0.950000 -201.940820 
-0.900000 -196.242966 
-0.850000 -188.645827 
-0.800000 -188.645827 
-0.750000 -179.149404 
-0.700000 -181.048688 
-0.650000 -179.149404 
-0.600000 -165.854411 
-0.550000 -163.955126 
-0.500000 -165.854411 
-0.450000 -150.660134 
-0.400000 -152.559418 
-0.350000 -141.163710 
-0.300000 -135.465856 
-0.250000 -143.062995 
-0.200000 -133.566572 
-0.150000 -124.070148 
-0.100000 -124.070148 
-0.050000 -118.372294 
0.000000 -112.674440 
0.050000 -106.976586 
0.100000 -97.480163 
0.150000 -95.580878 
0.200000 -89.883024 
0.250000 -87.983740 
0.300000 -38.602339 
0.350000 6.980493 
0.400000 8.879778 
0.450000 16.476917 
0.500000 20.275486 
0.550000 29.771909 
0.600000 39.268333 
0.650000 37.369048 
0.700000 35.469763 
0.750000 44.966187 
0.800000 43.066902 
0.850000 48.764756 
0.900000 46.865471 
0.950000 52.563325 
1.000000 58.261179 
1.050000 69.656887 
1.100000 75.354741 
1.150000 77.254026 
1.200000 82.951880 
1.250000 88.649734 
1.300000 92.448303 
1.350000 101.944727 
1.400000 96.246873 
1.450000 107.642581 
1.500000 107.642581 
1.550000 105.743296 
1.600000 119.038289 
1.650000 136.131851 
1.700000 128.534712 
1.750000 113.340435 
1.800000 143.728989 
1.850000 143.728989 
1.900000 153.225412 
1.950000 168.419690 
2.000000 160.822551 
2.050000 168.419690 
2.100000 189.311821 
2.150000 177.916113 
2.200000 189.311821 
2.250000 196.908960 
2.300000 202.606814 
2.350000 200.707529 
2.400000 214.002522 
2.450000 212.103237 
2.500000 221.599660 
2.450000 236.793938 
2.400000 227.297514 
2.350000 238.693222 
2.300000 251.988215 
2.250000 236.793938 
2.200000 242.491792 
2.150000 242.491792 
2.100000 250.088930 
2.050000 255.786784 
2.000000 236.793938 
1.950000 244.391076 
1.900000 251.988215 
1.850000 261.484638 
1.800000 250.088930 
1.750000 246.290361 
1.700000 261.484638 
1.650000 248.189646 
1.600000 251.988215 
1.550000 250.088930 
1.500000 242.491792 
1.450000 248.189646 
1.400000 240.592507 
1.350000 229.196799 
1.300000 231.096084 
1.250000 229.196799 
1.200000 221.599660 
1.150000 223.498945 
1.100000 214.002522 
1.050000 217.801091 
1.000000 221.599660 
0.950000 219.700376 
0.900000 204.506098 
0.850000 198.808244 
0.800000 200.707529 
0.750000 193.110390 
0.700000 185.513252 
0.650000 189.311821 
0.600000 183.613967 
0.550000 179.815398 
0.500000 179.815398 
0.450000 168.419690 
0.400000 158.923266 
0.350000 157.023982 
0.300000 149.426843 
0.250000 143.728989 
0.200000 141.829705 
0.150000 130.433997 
0.100000 126.635427 
0.050000 122.836858 
-0.000000 122.836858 
-0.050000 109.541865 
-0.100000 100.045442 
-0.150000 94.347588 
-0.200000 81.052595 
-0.250000 69.656887 
-0.300000 58.261179 
-0.350000 44.966187 
-0.400000 31.671194 
-0.450000 16.476917 
-0.500000 -13.911638 
-0.550000 -27.206631 
-0.600000 -32.904485 
-0.650000 -46.199477 
-0.700000 -51.897331 
-0.750000 -59.494470 
-0.800000 -59.494470 
-0.850000 -67.091609 
-0.900000 -67.091609 
-0.950000 -61.393755 
-1.000000 -63.293039 
-1.050000 -67.091609 
-1.100000 -80.386601 
-1.150000 -82.285886 
-1.200000 -78.487316 
-1.250000 -95.580878 
-1.300000 -95.580878 
-1.350000 -99.379448 
-1.400000 -101.278732 
-1.450000 -110.775156 
-1.500000 -116.473010 
-1.550000 -125.969433 
-1.600000 -127.868718 
-1.650000 -118.372294 
-1.700000 -139.264426 
-1.750000 -143.062995 
-1.800000 -143.062995 
-1.850000 -143.062995 
-1.900000 -150.660134 
-1.950000 -162.055842 
-2.000000 -171.552265 
-2.050000 -169.652980 
-2.100000 -181.048688 
-2.150000 -179.149404 
-2.200000 -182.947973 
-2.250000 -186.746542 
-2.300000 -200.041535 
-2.350000 -201.940820 
-2.400000 -203.840104 
-2.450000 -211.437243 
-2.500000 -219.034382 
-2.450000 -215.235812 
-2.400000 -220.933666 
-2.350000 -220.933666 
-2.300000 -224.732236 
-2.250000 -226.631520 
-2.200000 -234.228659 
-2.150000 -234.228659 
-2.100000 -239.926513 
-2.050000 -234.228659 
-2.000000 -245.624367 
-1.950000 -239.926513 
-1.900000 -239.926513 
-1.850000 -234.228659 
-1.800000 -243.725082 
-1.750000 -238.027228 
-1.700000 -228.530805 
-1.650000 -236.127944 
-1.600000 -226.631520 
-1.550000 -224.732236 
-1.500000 -232.329374 
-1.450000 -226.631520 
-1.400000 -224.732236 
-1.350000 -219.034382 
-1.300000 -219.034382 
-1.250000 -215.235812 
-1.200000 -211.437243 
-1.150000 -207.638674 
-1.100000 -211.437243 
-1.050000 -201.940820 
-1.000000 -200.041535 
-0.950000 -201.940820 
-0.900000 -196.242966 
-0.850000 -194.343681 
-0.800000 -186.746542 
-0.750000 -177.250119 
-0.700000 -173.451550 
-0.650000 -171.552265 
-0.600000 -169.652980 
-0.550000 -169.652980 
-0.500000 -160.156557 
-0.450000 -158.257272 
-0.400000 -146.861564 
-0.350000 -133.566572 
-0.300000 -135.465856 
-0.250000 -129.768002 
-0.200000 -127.868718 
-0.150000 -129.768002 
-0.100000 -118.372294 
-0.050000 -110.775156 
0.000000 -106.976586 
0.050000 -101.278732 
0.100000 -93.681594 
0.150000 -84.185170 
0.200000 -68.990893 
0.250000 -34.803769 
0.300000 -12.012353 
0.350000 14.577632 
0.400000 10.779063 
0.450000 25.973340 
0.500000 27.872625 
0.550000 31.671194 
0.600000 37.369048 
0.650000 41.167617 
0.700000 44.966187 
0.750000 44.966187 
0.800000 44.966187 
0.850000 54.462610 
0.900000 62.059749 
0.950000 60.160464 
1.000000 67.757603 
1.050000 69.656887 
1.100000 71.556172 
1.150000 73.455457 
1.200000 96.246873 
1.250000 94.347588 
1.300000 96.246873 
1.350000 103.844011 
1.400000 101.944727 
1.450000 103.844011 
1.500000 122.836858 
1.550000 113.340435 
1.600000 115.239719 
1.650000 124.736143 
1.700000 132.333281 
1.750000 141.829705 
1.800000 157.023982 
1.850000 158.923266 
1.900000 155.124697 
1.950000 170.318974 
2.000000 179.815398 
2.050000 174.117544 
2.100000 179.815398 
2.150000 189.311821 
2.200000 200.707529 
2.250000 189.311821 
2.300000 206.405383 
2.350000 208.304668 
2.400000 204.506098 
2.450000 227.297514 
2.500000 214.002522 
2.450000 223.498945 
2.400000 234.894653 
2.350000 240.592507 
2.300000 234.894653 
2.250000 248.189646 
2.200000 236.793938 
2.150000 244.391076 
2.100000 244.391076 
2.050000 259.585354 
2.000000 259.585354 
1.950000 242.491792 
1.900000 251.988215 
1.850000 251.988215 
1.800000 253.887500 
1.750000 257.686069 
1.700000 246.290361 
1.650000 250.088930 
1.600000 248.189646 
1.550000 238.693222 
1.500000 232.995368 
1.450000 234.894653 
1.400000 238.693222 
1.350000 229.196799 
1.300000 229.196799 
1.250000 221.599660 
1.200000 215.901806 
1.150000 221.599660 
1.100000 215.901806 
1.050000 206.405383 
1.000000 210.203952 
0.950000 206.405383 
0.900000 196.908960 
0.850000 195.009675 
0.800000 185.513252 
0.750000 185.513252 
0.700000 177.916113 
0.650000 179.815398 
0.600000 176.016828 
0.550000 168.419690 
0.500000 160.822551 
0.450000 158.923266 
0.400000 151.326128 
0.350000 155.124697 
0.300000 153.225412 
0.250000 139.930420 
0.200000 138.031135 
0.150000 136.131851 
0.100000 132.333281 
0.050000 130.433997 
-0.000000 115.239719 
-0.050000 120.937573 
-0.100000 103.844011 
-0.150000 90.549019 
-0.200000 77.254026 
-0.250000 75.354741 
-0.300000 63.959033 
-0.350000 50.664041 
-0.400000 39.268333 
-0.450000 10.779063 
-0.500000 -13.911638 
-0.550000 -29.105915 
-0.600000 -36.703054 
-0.650000 -46.199477 
-0.700000 -48.098762 
-0.750000 -61.393755 
-0.800000 -63.293039 
-0.850000 -57.595185 
-0.900000 -61.393755 
-0.950000 -67.091609 
-1.000000 -72.789462 
-1.050000 -76.588032 
-1.100000 -76.588032 
-1.150000 -82.285886 
-1.200000 -78.487316 
-1.250000 -91.782309 
-1.300000 -105.077302 
-1.350000 -103.178017 
-1.400000 -106.976586 
-1.450000 -114.573725 
-1.500000 -120.271579 
-1.550000 -124.070148 
-1.600000 -125.969433 
-1.650000 -131.667287 
-1.700000 -135.465856 
-1.750000 -137.365141 
-1.800000 -137.365141 
-1.850000 -154.458703 
-1.900000 -154.458703 
-1.950000 -163.955126 
-2.000000 -163.955126 
-2.050000 -177.250119 
-2.100000 -175.350834 
-2.150000 -175.350834 
-2.200000 -188.645827 
-2.250000 -190.545112 
-2.300000 -192.444396 
-2.350000 -196.242966 
-2.400000 -211.437243 
-2.450000 -217.135097 
-2.500000 -220.933666 
-2.450000 -219.034382 
-2.400000 -224.732236 
-2.350000 -228.530805 
-2.300000 -236.127944 
-2.250000 -234.228659 
-2.200000 -234.228659 
-2.150000 -241.825798 
-2.100000 -241.825798 
-2.050000 -243.725082 
-2.000000 -241.825798 
-1.950000 -239.926513 
-1.900000 -239.926513 
-1.850000 -239.926513 
-1.800000 -238.027228 
-1.750000 -238.027228 
-1.700000 -234.228659 
-1.650000 -234.228659 
-1.600000 -224.732236 
-1.550000 -228.530805 
-1.500000 -232.329374 
-1.450000 -228.530805 
-1.400000 -224.732236 
-1.350000 -220.933666 
-1.300000 -215.235812 
-1.250000 -213.336528 
-1.200000 -215.235812 
-1.150000 -203.840104 
-1.100000 -198.142250 
-1.050000 -200.041535 
-1.000000 -203.840104 
-0.950000 -198.142250 
-0.900000 -200.041535 
-0.850000 -198.142250 
-0.800000 -188.645827 
-0.750000 -175.350834 
-0.700000 -179.149404 
-0.650000 -173.451550 
-0.600000 -167.753696 
-0.550000 -160.156557 
-0.500000 -167.753696 
-0.450000 -158.257272 
-0.400000 -148.760849 
-0.350000 -144.962280 
-0.300000 -133.566572 
-0.250000 -124.070148 
-0.200000 -116.473010 
-0.150000 -114.573725 
-0.100000 -110.775156 
-0.050000 -110.775156 
0.000000 -105.077302 
0.050000 -99.379448 
0.100000 -93.681594 
0.150000 -91.782309 
0.200000 -82.285886 
0.250000 -49.998047 
0.300000 1.282639 
0.350000 -0.616645 
0.400000 18.376201 
0.450000 24.074055 
0.500000 24.074055 
0.550000 31.671194 
0.600000 31.671194 
0.650000 39.268333 
0.700000 41.167617 
0.750000 46.865471 
0.800000 44.966187 
0.850000 46.865471 
0.900000 54.462610 
0.950000 54.462610 
1.000000 58.261179 
1.050000 58.261179 
1.100000 73.455457 
1.150000 79.153311 
1.200000 81.052595 
1.250000 77.254026 
1.300000 88.649734 
1.350000 90.549019 
1.400000 101.944727 
1.450000 107.642581 
1.500000 111.441150 
1.550000 98.146157 
1.600000 130.433997 
1.650000 134.232566 
1.700000 128.534712 
1.750000 145.628274 
1.800000 147.527558 
1.850000 145.628274 
1.900000 164.621120 
1.950000 153.225412 
2.000000 172.218259 
2.050000 176.016828 
2.100000 174.117544 
2.150000 191.211106 
2.200000 193.110390 
2.250000 195.009675 
2.300000 204.506098 
2.350000 208.304668 
2.400000 210.203952 
2.450000 227.297514 
2.500000 221.599660 
2.450000 231.096084 
2.400000 242.491792 
2.350000 236.793938 
2.300000 234.894653 
2.250000 236.793938 
2.200000 242.491792 
2.150000 255.786784 
2.100000 244.391076 
2.050000 250.088930 
2.000000 255.786784 
1.950000 242.491792 
1.900000 259.585354 
1.850000 251.988215 
1.800000 242.491792 
1.750000 257.686069 
1.700000 250.088930 
1.650000 242.491792 
1.600000 234.894653 
1.550000 236.793938 
1.500000 242.491792 
1.450000 227.297514 
1.400000 229.196799 
1.350000 225.398230 
1.300000 229.196799 
1.250000 227.297514 
1.200000 221.599660 
1.150000 223.498945 
1.100000 217.801091 
1.050000 210.203952 
1.000000 206.405383 
0.950000 210.203952 
0.900000 204.506098 
0.850000 206.405383 
0.800000 191.211106 
0.750000 183.613967 
0.700000 179.815398 
0.650000 172.218259 
0.600000 176.016828 
0.550000 179.815398 
0.500000 172.218259 
0.450000 164.621120 
0.400000 166.520405 
0.350000 151.326128 
0.300000 143.728989 
0.250000 143.728989 
0.200000 147.527558 
0.150000 141.829705 
0.100000 132.333281 
0.050000 132.333281 
-0.000000 132.333281 
-0.050000 117.139004 
-0.100000 107.642581 
-0.150000 96.246873 
-0.200000 84.851165 
-0.250000 75.354741 
-0.300000 65.858318 
-0.350000 54.462610 
-0.400000 37.369048 
-0.450000 1.282639 
-0.500000 -12.012353 
-0.550000 -15.810923 
-0.600000 -42.400908 
-0.650000 -44.300193 
-0.700000 -49.998047 
-0.750000 -53.796616 
-0.800000 -61.393755 
-0.850000 -59.494470 
-0.900000 -67.091609 
-0.950000 -61.393755 
-1.000000 -68.990893 
-1.050000 -76.588032 
-1.100000 -72.789462 
-1.150000 -82.285886 
-1.200000 -84.185170 
-1.250000 -95.580878 
-1.300000 -97.480163 
-1.350000 -103.178017 
-1.400000 -114.573725 
-1.450000 -112.674440 
-1.500000 -112.674440 
-1.550000 -127.868718 
-1.600000 -122.170864 
-1.650000 -131.667287 
-1.700000 -163.955126 
-1.750000 -144.962280 
-1.800000 -150.660134 
-1.850000 -158.257272 
-1.900000 -154.458703 
-1.950000 -158.257272 
-2.000000 -167.753696 
-2.050000 -177.250119 
-2.100000 -186.746542 
-2.150000 -184.847258 
-2.200000 -184.847258 
-2.250000 -196.242966 
-2.300000 -190.545112 
-2.350000 -198.142250 
-2.400000 -209.537958 
-2.450000 -203.840104 
-2.500000 -213.336528 
-2.450000 -224.732236 
-2.400000 -226.631520 
-2.350000 -232.329374 
-2.300000 -236.127944 
-2.250000 -234.228659 
-2.200000 -245.624367 
-2.150000 -238.027228 
-2.100000 -239.926513 
-2.050000 -243.725082 
-2.000000 -243.725082 
-1.950000 -247.523652 
-1.900000 -236.127944 
-1.850000 -238.027228 
-1.800000 -238.027228 
-1.750000 -238.027228 
-1.700000 -236.127944 
-1.650000 -232.329374 
-1.600000 -238.027228 
-1.550000 -239.926513 
-1.500000 -230.430090 
-1.450000 -226.631520 
-1.400000 -222.832951 
-1.350000 -222.832951 
-1.300000 -219.034382 
-1.250000 -220.933666 
-1.200000 -219.034382 
-1.150000 -211.437243 
-1.100000 -211.437243 
-1.050000 -201.940820 
-1.000000 -200.041535 
-0.950000 -203.840104 
-0.900000 -194.343681 
-0.850000 -196.242966 
-0.800000 -192.444396 
-0.750000 -184.847258 
-0.700000 -190.545112 
-0.650000 -181.048688 
-0.600000 -167.753696 
-0.550000 -165.854411 
-0.500000 -158.257272 
-0.450000 -148.760849 
-0.400000 -139.264426 
-0.350000 -143.062995 
-0.300000 -139.264426 
-0.250000 -127.868718 
-0.200000 -124.070148 
-0.150000 -124.070148 
-0.100000 -112.674440 
-0.050000 -118.372294 
0.000000 -110.775156 
0.050000 -101.278732 
0.100000 -101.278732 
0.150000 -89.883024 
0.200000 -86.084455 
0.250000 -36.703054 
0.300000 -12.012353 
0.350000 1.282639 
0.400000 16.476917 
0.450000 18.376201 
0.500000 24.074055 
0.550000 37.369048 
0.600000 44.966187 
0.650000 43.066902 
0.700000 43.066902 
0.750000 41.167617 
0.800000 46.865471 
0.850000 50.664041 
0.900000 50.664041 
0.950000 52.563325 
1.000000 60.160464 
1.050000 67.757603 
1.100000 73.455457 
1.150000 82.951880 
1.200000 77.254026 
1.250000 81.052595 
1.300000 94.347588 
1.350000 96.246873 
1.400000 107.642581 
1.450000 100.045442 
1.500000 107.642581 
1.550000 120.937573 
1.600000 117.139004 
1.650000 126.635427 
1.700000 130.433997 
1.750000 134.232566 
1.800000 153.225412 
1.850000 158.923266 
1.900000 157.023982 
1.950000 158.923266 
2.000000 168.419690 
2.050000 172.218259 
2.100000 166.520405 
2.150000 172.218259 
2.200000 191.211106 
2.250000 189.311821 
2.300000 183.613967 
2.350000 198.808244 
2.400000 200.707529 
2.450000 221.599660 
2.500000 221.599660 
2.450000 225.398230 
2.400000 215.901806 
2.350000 234.894653 
2.300000 231.096084 
2.250000 242.491792 
2.200000 244.391076 
2.150000 231.096084 
2.100000 251.988215 
2.050000 246.290361 
2.000000 255.786784 
1.950000 253.887500 
1.900000 236.793938 
1.850000 251.988215 
1.800000 246.290361 
1.750000 234.894653 
1.700000 236.793938 
1.650000 229.196799 
1.600000 240.592507 
1.550000 231.096084 
1.500000 229.196799 
1.450000 229.196799 
1.400000 225.398230 
1.350000 225.398230 
1.300000 219.700376 
1.250000 219.700376 
1.200000 221.599660 
1.150000 214.002522 
1.100000 215.901806 
1.050000 210.203952 
1.000000 200.707529 
0.950000 204.506098 
0.900000 202.606814 
0.850000 189.311821 
0.800000 185.513252 
0.750000 179.815398 
0.700000 181.714682 
0.650000 179.815398 
0.600000 157.023982 
0.550000 172.218259 
0.500000 160.822551 
0.450000 160.822551 
0.400000 153.225412 
0.350000 149.426843 
0.300000 147.527558 
0.250000 143.728989 
0.200000 138.031135 
0.150000 139.930420 
0.100000 138.031135 
0.050000 126.635427 
-0.000000 119.038289 
-0.050000 115.239719 
-0.100000 96.246873 
-0.150000 88.649734 
-0.200000 77.254026 
-0.250000 69.656887 
-0.300000 52.563325 
-0.350000 46.865471 
-0.400000 31.671194 
-0.450000 8.879778 
-0.500000 -21.508777 
-0.550000 -29.105915 
-0.600000 -36.703054 
-0.650000 -34.803769 
-0.700000 -48.098762 
-0.750000 -51.897331 
-0.800000 -51.897331 
-0.850000 -61.393755 
-0.900000 -59.494470 
-0.950000 -57.595185 
-1.000000 -68.990893 
-1.050000 -68.990893 
-1.100000 -74.688747 
-1.150000 -74.688747 
-1.200000 -89.883024 
-1.250000 -99.379448 
-1.300000 -99.379448 
-1.350000 -105.077302 
-1.400000 -110.775156 
-1.450000 -112.674440 
-1.500000 -125.969433 
-1.550000 -120.271579 
-1.600000 -125.969433 
-1.650000 -135.465856 
-1.700000 -141.163710 
-1.750000 -144.962280 
-1.800000 -188.645827 
-1.850000 -154.458703 
-1.900000 -152.559418 
-1.950000 -169.652980 
-2.000000 -165.854411 
-2.050000 -173.451550 
-2.100000 -175.350834 
-2.150000 -181.048688 
-2.200000 -190.545112 
-2.250000 -194.343681 
-2.300000 -192.444396 
-2.350000 -205.739389 
-2.400000 -205.739389 
-2.450000 -203.840104 
-2.500000 -209.537958 
-2.450000 -224.732236 
-2.400000 -234.228659 
-2.350000 -232.329374 
-2.300000 -238.027228 
-2.250000 -236.127944 
-2.200000 -232.329374 
-2.150000 -234.228659 
-2.100000 -234.228659 
-2.050000 -236.127944 
-2.000000 -232.329374 
-1.950000 -241.825798 
-1.900000 -243.725082 
-1.850000 -241.825798 
-1.800000 -245.624367 
-1.750000 -238.027228 
-1.700000 -236.127944 
-1.650000 -230.430090 
-1.600000 -238.027228 
-1.550000 -226.631520 
-1.500000 -220.933666 
-1.450000 -224.732236 
-1.400000 -222.832951 
-1.350000 -215.235812 
-1.300000 -222.832951 
-1.250000 -220.933666 
-1.200000 -209.537958 
-1.150000 -205.739389 
-1.100000 -205.739389 
-1.050000 -203.840104 
-1.000000 -203.840104 
-0.950000 -198.142250 
-0.900000 -194.343681 
-0.850000 -192.444396 
-0.800000 -190.545112 
-0.750000 -190.545112 
-0.700000 -181.048688 
-0.650000 -179.149404 
-0.600000 -169.652980 
-0.550000 -169.652980 
-0.500000 -158.257272 
-0.450000 -146.861564 
-0.400000 -150.660134 
-0.350000 -141.163710 
-0.300000 -137.365141 
-0.250000 -129.768002 
-0.200000 -118.372294 
-0.150000 -120.271579 
-0.100000 -114.573725 
-0.050000 -106.976586 
0.000000 -103.178017 
0.050000 -97.480163 
0.100000 -97.480163 
0.150000 -82.285886 
0.200000 -63.293039 
0.250000 -32.904485 
0.300000 -6.314499 
0.350000 6.980493 
0.400000 16.476917 
0.450000 22.174771 
0.500000 27.872625 
0.550000 31.671194 
0.600000 31.671194 
0.650000 33.570479 
0.700000 43.066902 
0.750000 44.966187 
0.800000 52.563325 
0.850000 44.966187 
0.900000 46.865471 
0.950000 54.462610 
1.000000 65.858318 
1.050000 63.959033 
1.100000 71.556172 
1.150000 86.750449 
1.200000 86.750449 
1.250000 90.549019 
1.300000 73.455457 
1.350000 96.246873 
1.400000 113.340435 
1.450000 113.340435 
1.500000 120.937573 
1.550000 119.038289 
1.600000 115.239719 
1.650000 122.836858 
1.700000 134.232566 
1.750000 138.031135 
1.800000 147.527558 
1.850000 153.225412 
1.900000 166.520405 
1.950000 160.822551 
2.000000 153.225412 
2.050000 164.621120 
2.100000 176.016828 
2.150000 177.916113 
2.200000 179.815398 
2.250000 191.211106 
2.300000 189.311821 
2.350000 196.908960 
2.400000 208.304668 
2.450000 214.002522 
2.500000 206.405383 
2.450000 223.498945 
2.400000 223.498945 
2.350000 229.196799 
2.300000 236.793938 
2.250000 229.196799 
2.200000 240.592507 
2.150000 253.887500 
2.100000 242.491792 
2.050000 253.887500 
2.000000 242.491792 
1.950000 246.290361 
1.900000 251.988215 
1.850000 242.491792 
1.800000 234.894653 
1.750000 231.096084 
1.700000 234.894653 
1.650000 250.088930 
1.600000 231.096084 
1.550000 236.793938 
1.500000 227.297514 
1.450000 227.297514 
1.400000 238.693222 
1.350000 223.498945 
1.300000 200.707529 
1.250000 225.398230 
1.200000 221.599660 
1.150000 225.398230 
1.100000 204.506098 
1.050000 196.908960 
1.000000 202.606814 
0.950000 196.908960 
0.900000 195.009675 
0.850000 193.110390 
0.800000 174.117544 
0.750000 172.218259 
0.700000 172.218259 
0.650000 172.218259 
0.600000 174.117544 
0.550000 164.621120 
0.500000 160.822551 
0.450000 151.326128 
0.400000 151.326128 
0.350000 151.326128 
0.300000 145.628274 
0.250000 143.728989 
0.200000 139.930420 
0.150000 132.333281 
0.100000 139.930420 
0.050000 130.433997 
-0.000000 109.541865 
-0.050000 107.642581 
-0.100000 107.642581 
-0.150000 88.649734 
-0.200000 79.153311 
-0.250000 69.656887 
-0.300000 54.462610 
-0.350000 46.865471 
-0.400000 31.671194 
-0.450000 14.577632 
-0.500000 -12.012353 
-0.550000 -27.206631 
-0.600000 -38.602339 
-0.650000 -40.501623 
-0.700000 -49.998047 
-0.750000 -53.796616 
-0.800000 -53.796616 
-0.850000 -61.393755 
-0.900000 -65.192324 
-0.950000 -65.192324 
-1.000000 -68.990893 
-1.050000 -76.588032 
-1.100000 -76.588032 
-1.150000 -74.688747 
-1.200000 -82.285886 
-1.250000 -80.386601 
-1.300000 -89.883024 
-1.350000 -99.379448 
-1.400000 -97.480163 
-1.450000 -118.372294 
-1.500000 -118.372294 
-1.550000 -124.070148 
-1.600000 -122.170864 
-1.650000 -124.070148 
-1.700000 -135.465856 
-1.750000 -135.465856 
-1.800000 -143.062995 
-1.850000 -156.357988 
-1.900000 -156.357988 
-1.950000 -169.652980 
-2.000000 -171.552265 
-2.050000 -167.753696 
-2.100000 -177.250119 
-2.150000 -186.746542 
-2.200000 -188.645827 
-2.250000 -186.746542 
-2.300000 -203.840104 
-2.350000 -200.041535 
-2.400000 -198.142250 
-2.450000 -205.739389 
-2.500000 -213.336528 
-2.450000 -211.437243 
-2.400000 -220.933666 
-2.350000 -236.127944 
-2.300000 -232.329374 
-2.250000 -241.825798 
-2.200000 -238.027228 
-2.150000 -232.329374 
-2.100000 -236.127944 
-2.050000 -239.926513 
-2.000000 -245.624367 
-1.950000 -241.825798 
-1.900000 -232.329374 
-1.850000 -241.825798 
-1.800000 -236.127944 
-1.750000 -236.127944 
-1.700000 -241.825798 
-1.650000 -234.228659 
-1.600000 -226.631520 
-1.550000 -230.430090 
-1.500000 -234.228659 
-1.450000 -228.530805 
-1.400000 -228.530805 
-1.350000 -211.437243 
-1.300000 -219.034382 
-1.250000 -209.537958 
-1.200000 -209.537958 
-1.150000 -211.437243 
-1.100000 -203.840104 
-1.050000 -198.142250 
-1.000000 -200.041535 
-0.950000 -200.041535 
-0.900000 -198.142250 
-0.850000 -188.645827 
-0.800000 -186.746542 
-0.750000 -188.645827 
-0.700000 -181.048688 
-0.650000 -182.947973 
-0.600000 -173.451550 
-0.550000 -162.055842 
-0.500000 -150.660134 
-0.450000 -143.062995 
-0.400000 -150.660134 
-0.350000 -137.365141 
-0.300000 -133.566572 
-0.250000 -127.868718 
-0.200000 -120.271579 
-0.150000 -116.473010 
-0.100000 -112.674440 
-0.050000 -108.875871 
0.000000 -112.674440 
0.050000 -105.077302 
0.100000 -99.379448 
0.150000 -95.580878 
0.200000 -87.983740 
0.250000 -48.098762 
0.300000 1.282639 
0.350000 -8.213784 
0.400000 12.678347 
0.450000 18.376201 
0.500000 22.174771 
0.550000 27.872625 
0.600000 1.282639 
0.650000 37.369048 
0.700000 39.268333 
0.750000 18.376201 
0.800000 44.966187 
0.850000 43.066902 
0.900000 52.563325 
0.950000 54.462610 
1.000000 63.959033 
1.050000 63.959033 
1.100000 67.757603 
1.150000 69.656887 
1.200000 84.851165 
1.250000 92.448303 
1.300000 96.246873 
1.350000 100.045442 
1.400000 109.541865 
1.450000 107.642581 
1.500000 115.239719 
1.550000 120.937573 
1.600000 126.635427 
1.650000 141.829705 
1.700000 141.829705 
1.750000 143.728989 
1.800000 155.124697 
1.850000 149.426843 
1.900000 153.225412 
1.950000 166.520405 
2.000000 174.117544 
2.050000 177.916113 
2.100000 172.218259 
2.150000 181.714682 
2.200000 187.412536 
2.250000 195.009675 
2.300000 198.808244 
2.350000 204.506098 
2.400000 200.707529 
2.450000 219.700376 
2.500000 225.398230 
2.450000 217.801091 
2.400000 238.693222 
2.350000 231.096084 
2.300000 231.096084 
2.250000 242.491792 
2.200000 234.894653 
2.150000 246.290361 
2.100000 250.088930 
2.050000 234.894653 
2.000000 250.088930 
1.950000 248.189646 
1.900000 232.995368 
1.850000 244.391076 
1.800000 234.894653 
1.750000 242.491792 
1.700000 236.793938 
1.650000 234.894653 
1.600000 227.297514 
1.550000 231.096084 
1.500000 242.491792 
1.450000 229.196799 
1.400000 225.398230 
1.350000 225.398230 
1.300000 221.599660 
1.250000 225.398230 
1.200000 215.901806 
1.150000 210.203952 
1.100000 208.304668 
1.050000 204.506098 
1.000000 200.707529 
0.950000 193.110390 
0.900000 183.613967 
0.850000 187.412536 
0.800000 185.513252 
0.750000 191.211106 
0.700000 179.815398 
0.650000 174.117544 
0.600000 170.318974 
0.550000 162.721836 
0.500000 164.621120 
0.450000 158.923266 
0.400000 153.225412 
0.350000 147.527558 
0.300000 147.527558 
0.250000 139.930420 
0.200000 124.736143 
0.150000 126.635427 
0.100000 132.333281 
0.050000 130.433997 
-0.000000 119.038289 
-0.050000 120.937573 
-0.100000 103.844011 
-0.150000 96.246873 
-0.200000 86.750449 
-0.250000 67.757603 
-0.300000 56.361895 
-0.350000 46.865471 
-0.400000 37.369048 
-0.450000 3.181924 
-0.500000 -17.710207 
-0.550000 -29.105915 
-0.600000 -40.501623 
-0.650000 -40.501623 
-0.700000 -48.098762 
-0.750000 -59.494470 
-0.800000 -63.293039 
-0.850000 -59.494470 
-0.900000 -59.494470 
-0.950000 -61.393755 
-1.000000 -63.293039 
-1.050000 -67.091609 
-1.100000 -78.487316 
-1.150000 -84.185170 
-1.200000 -86.084455 
-1.250000 -89.883024 
-1.300000 -97.480163 
-1.350000 -91.782309 
-1.400000 -105.077302 
-1.450000 -105.077302 
-1.500000 -114.573725 
-1.550000 -118.372294 
-1.600000 -124.070148 
-1.650000 -129.768002 
-1.700000 -127.868718 
-1.750000 -137.365141 
-1.800000 -141.163710 
-1.850000 -143.062995 
-1.900000 -156.357988 
-1.950000 -163.955126 
-2.000000 -167.753696 
-2.050000 -179.149404 
-2.100000 -179.149404 
-2.150000 -182.947973 
-2.200000 -184.847258 
-2.250000 -196.242966 
-2.300000 -196.242966 
-2.350000 -211.437243 
-2.400000 -215.235812 
-2.450000 -215.235812 
-2.500000 -217.135097 
-2.450000 -220.933666 
-2.400000 -222.832951 
-2.350000 -226.631520 
-2.300000 -230.430090 
-2.250000 -230.430090 
-2.200000 -238.027228 
-2.150000 -238.027228 
-2.100000 -243.725082 
-2.050000 -236.127944 
-2.000000 -243.725082 
-1.950000 -243.725082 
-1.900000 -236.127944 
-1.850000 -236.127944 
-1.800000 -238.027228 
-1.750000 -234.228659 
-1.700000 -239.926513 
-1.650000 -241.825798 
-1.600000 -234.228659 
-1.550000 -226.631520 
-1.500000 -230.430090 
-1.450000 -226.631520 
-1.400000 -226.631520 
-1.350000 -224.732236 
-1.300000 -217.135097 
-1.250000 -213.336528 
-1.200000 -213.336528 
-1.150000 -215.235812 
-1.100000 -201.940820 
-1.050000 -203.840104 
-1.000000 -200.041535 
-0.950000 -198.142250 
-0.900000 -194.343681 
-0.850000 -196.242966 
-0.800000 -194.343681 
-0.750000 -194.343681 
-0.700000 -182.947973 
-0.650000 -186.746542 
-0.600000 -167.753696 
-0.550000 -165.854411 
-0.500000 -150.660134 
-0.450000 -139.264426 
-0.400000 -135.465856 
-0.350000 -131.667287 
-0.300000 -133.566572 
-0.250000 -129.768002 
-0.200000 -122.170864 
-0.150000 -120.271579 
-0.100000 -114.573725 
-0.050000 -112.674440 
0.000000 -108.875871 
0.050000 -101.278732 
0.100000 -99.379448 
0.150000 -91.782309 
0.200000 -65.192324 
0.250000 -8.213784 
0.300000 -6.314499 
0.350000 5.081209 
0.400000 16.476917 
0.450000 18.376201 
0.500000 24.074055 
0.550000 27.872625 
0.600000 52.563325 
0.650000 41.167617 
0.700000 39.268333 
0.750000 41.167617 
0.800000 43.066902 
0.850000 43.066902 
0.900000 48.764756 
0.950000 54.462610 
1.000000 62.059749 
1.050000 69.656887 
1.100000 77.254026 
1.150000 82.951880 
1.200000 96.246873 
1.250000 90.549019 
1.300000 94.347588 
1.350000 105.743296 
1.400000 111.441150 
1.450000 113.340435 
1.500000 113.340435 
1.550000 115.239719 
1.600000 126.635427 
1.650000 141.829705 
1.700000 139.930420 
1.750000 143.728989 
1.800000 147.527558 
1.850000 158.923266 
1.900000 158.923266 
1.950000 158.923266 
2.000000 160.822551 
2.050000 174.117544 
2.100000 172.218259 
2.150000 174.117544 
2.200000 176.016828 
2.250000 189.311821 
2.300000 191.211106 
2.350000 195.009675 
2.400000 214.002522 
2.450000 208.304668 
2.500000 231.096084 
2.450000 227.297514 
2.400000 221.599660 
2.350000 236.793938 
2.300000 246.290361 
2.250000 238.693222 
2.200000 246.290361 
2.150000 242.491792 
2.100000 234.894653 
2.050000 255.786784 
2.000000 244.391076 
1.950000 244.391076 
1.900000 236.793938 
1.850000 244.391076 
1.800000 240.592507 
1.750000 240.592507 
1.700000 231.096084 
1.650000 236.793938 
1.600000 236.793938 
1.550000 236.793938 
1.500000 214.002522 
1.450000 227.297514 
1.400000 232.995368 
1.350000 221.599660 
1.300000 225.398230 
1.250000 214.002522 
1.200000 214.002522 
1.150000 217.801091 
1.100000 200.707529 
1.050000 204.506098 
1.000000 198.808244 
0.950000 193.110390 
0.900000 187.412536 
0.850000 196.908960 
0.800000 181.714682 
0.750000 179.815398 
0.700000 177.916113 
0.650000 164.621120 
0.600000 174.117544 
0.550000 164.621120 
0.500000 166.520405 
0.450000 164.621120 
0.400000 157.023982 
0.350000 151.326128 
0.300000 143.728989 
0.250000 134.232566 
0.200000 139.930420 
0.150000 138.031135 
0.100000 130.433997 
0.050000 126.635427 
-0.000000 117.139004 
-0.050000 117.139004 
-0.100000 103.844011 
-0.150000 84.851165 
-0.200000 81.052595 
-0.250000 69.656887 
-0.300000 58.261179 
-0.350000 39.268333 
-0.400000 29.771909 
-0.450000 6.980493 
-0.500000 -15.810923 
-0.550000 -25.307346 
-0.600000 -23.408061 
-0.650000 -48.098762 
-0.700000 -49.998047 
-0.750000 -53.796616 
-0.800000 -59.494470 
-0.850000 -67.091609 
-0.900000 -59.494470 
-0.950000 -76.588032 
-1.000000 -68.990893 
-1.050000 -76.588032 
-1.100000 -68.990893 
-1.150000 -78.487316 
-1.200000 -78.487316 
-1.250000 -93.681594 
-1.300000 -93.681594 
-1.350000 -95.580878 
-1.400000 -97.480163 
-1.450000 -99.379448 
-1.500000 -105.077302 
-1.550000 -112.674440 
-1.600000 -129.768002 
-1.650000 -124.070148 
-1.700000 -133.566572 
-1.750000 -148.760849 
-1.800000 -152.559418 
-1.850000 -143.062995 
-1.900000 -154.458703 
-1.950000 -158.257272 
-2.000000 -158.257272 
-2.050000 -171.552265 
-2.100000 -171.552265 
-2.150000 -177.250119 
-2.200000 -186.746542 
-2.250000 -196.242966 
-2.300000 -196.242966 
-2.350000 -200.041535 
-2.400000 -205.739389 
-2.450000 -211.437243 
-2.500000 -220.933666 
-2.450000 -217.135097 
-2.400000 -224.732236 
-2.350000 -230.430090 
-2.300000 -228.530805 
-2.250000 -234.228659 
-2.200000 -241.825798 
-2.150000 -238.027228 
-2.100000 -249.422936 
-2.050000 -243.725082 
-2.000000 -243.725082 
-1.950000 -243.725082 
-1.900000 -238.027228 
-1.850000 -239.926513 
-1.800000 -245.624367 
-1.750000 -238.027228 
-1.700000 -236.127944 
-1.650000 -238.027228 
-1.600000 -230.430090 
-1.550000 -236.127944 
-1.500000 -230.430090 
-1.450000 -224.732236 
-1.400000 -226.631520 
-1.350000 -224.732236 
-1.300000 -226.631520 
-1.250000 -220.933666 
-1.200000 -224.732236 
-1.150000 -211.437243 
-1.100000 -209.537958 
-1.050000 -209.537958 
-1.000000 -209.537958 
-0.950000 -198.142250 
-0.900000 -203.840104 
-0.850000 -203.840104 
-0.800000 -192.444396 
-0.750000 -186.746542 
-0.700000 -179.149404 
-0.650000 -173.451550 
-0.600000 -179.149404 
-0.550000 -167.753696 
-0.500000 -154.458703 
-0.450000 -143.062995 
-0.400000 -137.365141 
-0.350000 -129.768002 
-0.300000 -129.768002 
-0.250000 -129.768002 
-0.200000 -122.170864 
-0.150000 -124.070148 
-0.100000 -120.271579 
-0.050000 -116.473010 
0.000000 -108.875871 
0.050000 -101.278732 
0.100000 -101.278732 
0.150000 -91.782309 
0.200000 -70.890178 
0.250000 -12.012353 
0.300000 -10.113069 
0.350000 8.879778 
0.400000 16.476917 
0.450000 24.074055 
0.500000 31.671194 
0.550000 31.671194 
0.600000 43.066902 
0.650000 31.671194 
0.700000 33.570479 
0.750000 37.369048 
0.800000 46.865471 
0.850000 46.865471 
0.900000 56.361895 
0.950000 48.764756 
1.000000 63.959033 
1.050000 73.455457 
1.100000 65.858318 
1.150000 84.851165 
1.200000 90.549019 
1.250000 96.246873 
1.300000 105.743296 
1.350000 96.246873 
1.400000 101.944727 
1.450000 107.642581 
1.500000 113.340435 
1.550000 124.736143 
1.600000 120.937573 
1.650000 120.937573 
1.700000 138.031135 
1.750000 141.829705 
1.800000 145.628274 
1.850000 151.326128 
1.900000 136.131851 
1.950000 155.124697 
2.000000 164.621120 
2.050000 168.419690 
2.100000 166.520405 
2.150000 170.318974 
2.200000 187.412536 
2.250000 185.513252 
2.300000 196.908960 
2.350000 196.908960 
2.400000 198.808244 
2.450000 223.498945 
2.500000 214.002522 
2.450000 221.599660 
2.400000 232.995368 
2.350000 232.995368 
2.300000 231.096084 
2.250000 248.189646 
2.200000 242.491792 
2.150000 234.894653 
2.100000 253.887500 
2.050000 244.391076 
2.000000 236.793938 
1.950000 238.693222 
1.900000 236.793938 
1.850000 242.491792 
1.800000 231.096084 
1.750000 234.894653 
1.700000 234.894653 
1.650000 231.096084 
1.600000 236.793938 
1.550000 234.894653 
1.500000 227.297514 
1.450000 231.096084 
1.400000 221.599660 
1.350000 229.196799 
1.300000 223.498945 
1.250000 212.103237 
1.200000 215.901806 
1.150000 214.002522 
1.100000 206.405383 
1.050000 179.815398 
1.000000 193.110390 
0.950000 195.009675 
0.900000 174.117544 
0.850000 185.513252 
0.800000 179.815398 
0.750000 155.124697 
0.700000 176.016828 
0.650000 174.117544 
0.600000 166.520405 
0.550000 160.822551 
0.500000 160.822551 
0.450000 166.520405 
0.400000 153.225412 
0.350000 151.326128 
0.300000 139.930420 
0.250000 145.628274 
0.200000 138.031135 
0.150000 134.232566 
0.100000 128.534712 
0.050000 122.836858 
-0.000000 120.937573 
-0.050000 113.340435 
-0.100000 94.347588 
-0.150000 88.649734 
-0.200000 77.254026 
-0.250000 65.858318 
-0.300000 54.462610 
-0.350000 46.865471 
-0.400000 24.074055 
-0.450000 16.476917 
-0.500000 -15.810923 
-0.550000 -31.005200 
-0.600000 -31.005200 
-0.650000 -51.897331 
-0.700000 -49.998047 
-0.750000 -59.494470 
-0.800000 -61.393755 
-0.850000 -63.293039 
-0.900000 -65.192324 
-0.950000 -103.178017 
-1.000000 -72.789462 
-1.050000 -74.688747 
-1.100000 -74.688747 
-1.150000 -80.386601 
-1.200000 -84.185170 
-1.250000 -82.285886 
-1.300000 -91.782309 
-1.350000 -99.379448 
-1.400000 -105.077302 
-1.450000 -108.875871 
-1.500000 -112.674440 
-1.550000 -118.372294 
-1.600000 -129.768002 
-1.650000 -129.768002 
-1.700000 -137.365141 
-1.750000 -141.163710 
-1.800000 -146.861564 
-1.850000 -156.357988 
-1.900000 -160.156557 
-1.950000 -160.156557 
-2.000000 -160.156557 
-2.050000 -167.753696 
-2.100000 -173.451550 
-2.150000 -173.451550 
-2.200000 -182.947973 
-2.250000 -192.444396 
-2.300000 -188.645827 
-2.350000 -192.444396 
-2.400000 -209.537958 
-2.450000 -209.537958 
-2.500000 -215.235812 
-2.450000 -220.933666 
-2.400000 -222.832951 
-2.350000 -226.631520 
-2.300000 -224.732236 
-2.250000 -228.530805 
-2.200000 -232.329374 
-2.150000 -239.926513 
-2.100000 -236.127944 
-2.050000 -238.027228 
-2.000000 -239.926513 
-1.950000 -239.926513 
-1.900000 -239.926513 
-1.850000 -238.027228 
-1.800000 -234.228659 
-1.750000 -234.228659 
-1.700000 -239.926513 
-1.650000 -241.825798 
-1.600000 -236.127944 
-1.550000 -228.530805 
-1.500000 -230.430090 
-1.450000 -226.631520 
-1.400000 -220.933666 
-1.350000 -222.832951 
-1.300000 -224.732236 
-1.250000 -215.235812 
-1.200000 -219.034382 
-1.150000 -215.235812 
-1.100000 -211.437243 
-1.050000 -207.638674 
-1.000000 -211.437243 
-0.950000 -198.142250 
-0.900000 -200.041535 
-0.850000 -203.840104 
-0.800000 -190.545112 
-0.750000 -194.343681 
-0.700000 -194.343681 
-0.650000 -175.350834 
-0.600000 -173.451550 
-0.550000 -165.854411 
-0.500000 -160.156557 
-0.450000 -148.760849 
-0.400000 -139.264426 
-0.350000 -131.667287 
-0.300000 -127.868718 
-0.250000 -150.660134 
-0.200000 -120.271579 
-0.150000 -122.170864 
-0.100000 -106.976586 
-0.050000 -112.674440 
