0.000000 -17.710207 
0.030000 -25.307346 
0.060000 -15.810923 
0.090000 1.282639 
0.120000 8.879778 
0.150000 -4.415215 
0.180000 6.980493 
0.210000 10.779063 
0.240000 1.282639 
0.270000 1.282639 
0.300000 -0.616645 
0.330000 6.980493 
0.360000 1.282639 
0.390000 8.879778 
0.420000 8.879778 
0.450000 22.174771 
0.480000 37.369048 
0.510000 44.966187 
0.540000 41.167617 
0.570000 39.268333 
0.600000 39.268333 
0.630000 48.764756 
0.660000 60.160464 
0.690000 56.361895 
0.720000 62.059749 
0.750000 63.959033 
0.780000 62.059749 
0.810000 65.858318 
0.840000 65.858318 
0.870000 75.354741 
0.900000 77.254026 
0.930000 77.254026 
0.960000 75.354741 
0.990000 88.649734 
1.020000 79.153311 
1.050000 86.750449 
1.080000 92.448303 
1.110000 100.045442 
1.140000 98.146157 
1.170000 98.146157 
1.200000 107.642581 
1.230000 107.642581 
1.260000 107.642581 
1.290000 115.239719 
1.320000 111.441150 
1.350000 120.937573 
1.380000 117.139004 
1.410000 119.038289 
1.440000 122.836858 
1.470000 138.031135 
1.500000 138.031135 
1.530000 147.527558 
1.560000 138.031135 
1.590000 143.728989 
1.620000 147.527558 
1.650000 145.628274 
1.680000 143.728989 
1.710000 149.426843 
1.740000 153.225412 
1.770000 158.923266 
1.800000 162.721836 
1.830000 168.419690 
1.860000 166.520405 
1.890000 166.520405 
1.920000 176.016828 
1.950000 187.412536 
1.980000 187.412536 
2.010000 195.009675 
2.040000 181.714682 
2.070000 195.009675 
2.100000 185.513252 
2.130000 193.110390 
2.160000 206.405383 
2.190000 206.405383 
2.220000 208.304668 
2.250000 221.599660 
2.280000 214.002522 
2.310000 219.700376 
2.340000 234.894653 
2.370000 221.599660 
2.400000 227.297514 
2.430000 238.693222 
2.460000 229.196799 
2.490000 240.592507 
2.480000 242.491792 
2.450000 234.894653 
2.420000 259.585354 
2.390000 244.391076 
2.360000 257.686069 
2.330000 255.786784 
2.300000 257.686069 
2.270000 267.182492 
2.240000 255.786784 
2.210000 253.887500 
2.180000 259.585354 
2.150000 261.484638 
2.120000 250.088930 
2.090000 250.088930 
2.060000 255.786784 
2.030000 253.887500 
2.000000 261.484638 
1.970000 251.988215 
1.940000 259.585354 
1.910000 263.383923 
1.880000 261.484638 
1.850000 257.686069 
1.820000 251.988215 
1.790000 248.189646 
1.760000 255.786784 
1.730000 255.786784 
1.700000 246.290361 
1.670000 240.592507 
1.640000 240.592507 
1.610000 240.592507 
1.580000 242.491792 
1.550000 242.491792 
1.520000 236.793938 
1.490000 231.096084 
1.460000 238.693222 
1.430000 234.894653 
1.400000 232.995368 
1.370000 236.793938 
1.340000 229.196799 
1.310000 221.599660 
1.280000 227.297514 
1.250000 223.498945 
1.220000 219.700376 
1.190000 210.203952 
1.160000 204.506098 
1.130000 204.506098 
1.100000 202.606814 
1.070000 206.405383 
1.040000 198.808244 
1.010000 191.211106 
0.980000 191.211106 
0.950000 195.009675 
0.920000 191.211106 
0.890000 191.211106 
0.860000 181.714682 
0.830000 181.714682 
0.800000 191.211106 
0.770000 183.613967 
0.740000 170.318974 
0.710000 181.714682 
0.680000 179.815398 
0.650000 168.419690 
0.620000 168.419690 
0.590000 164.621120 
0.560000 153.225412 
0.530000 157.023982 
0.500000 153.225412 
0.470000 145.628274 
0.440000 139.930420 
0.410000 143.728989 
0.380000 130.433997 
0.350000 138.031135 
0.320000 138.031135 
0.290000 126.635427 
0.260000 130.433997 
0.230000 128.534712 
0.200000 124.736143 
0.170000 113.340435 
0.140000 109.541865 
0.110000 111.441150 
0.080000 100.045442 
0.050000 105.743296 
0.020000 100.045442 
-0.010000 84.851165 
-0.040000 84.851165 
-0.070000 75.354741 
-0.100000 60.160464 
-0.130000 58.261179 
-0.160000 41.167617 
-0.190000 33.570479 
-0.220000 29.771909 
-0.250000 24.074055 
-0.280000 1.282639 
-0.310000 -8.213784 
-0.340000 -25.307346 
-0.370000 -32.904485 
-0.400000 -29.105915 
-0.430000 -36.703054 
-0.460000 -42.400908 
-0.490000 -40.501623 
-0.520000 -46.199477 
-0.550000 -42.400908 
-0.580000 -44.300193 
-0.610000 -42.400908 
-0.640000 -48.098762 
-0.670000 -57.595185 
-0.700000 -57.595185 
-0.730000 -61.393755 
-0.760000 -59.494470 
-0.790000 -59.494470 
-0.820000 -65.192324 
-0.850000 -68.990893 
-0.880000 -70.890178 
-0.910000 -78.487316 
-0.940000 -82.285886 
-0.970000 -76.588032 
-1.000000 -84.185170 
-1.030000 -86.084455 
-1.060000 -86.084455 
-1.090000 -91.782309 
-1.120000 -99.379448 
-1.150000 -105.077302 
-1.180000 -105.077302 
-1.210000 -103.178017 
-1.240000 -108.875871 
-1.270000 -108.875871 
-1.300000 -124.070148 
-1.330000 -122.170864 
-1.360000 -112.674440 
-1.390000 -129.768002 
-1.420000 -135.465856 
-1.450000 -131.667287 
-1.480000 -133.566572 
-1.510000 -135.465856 
-1.540000 -143.062995 
-1.570000 -148.760849 
-1.600000 -160.156557 
-1.630000 -152.559418 
-1.660000 -152.559418 
-1.690000 -167.753696 
-1.720000 -173.451550 
-1.750000 -171.552265 
-1.780000 -179.149404 
-1.810000 -184.847258 
-1.840000 -184.847258 
-1.870000 -182.947973 
-1.900000 -184.847258 
-1.930000 -192.444396 
-1.960000 -190.545112 
-1.990000 -184.847258 
-2.020000 -200.041535 
-2.050000 -201.940820 
-2.080000 -201.940820 
-2.110000 -211.437243 
-2.140000 -211.437243 
-2.170000 -205.739389 
-2.200000 -222.832951 
-2.230000 -224.732236 
-2.260000 -228.530805 
-2.290000 -228.530805 
-2.320000 -234.228659 
-2.350000 -234.228659 
-2.380000 -241.825798 
-2.410000 -234.228659 
-2.440000 -239.926513 
-2.470000 -247.523652 
-2.500000 -255.120790 
-2.470000 -264.617214 
-2.440000 -260.818644 
-2.410000 -257.020075 
-2.380000 -257.020075 
-2.350000 -251.322221 
-2.320000 -255.120790 
-2.290000 -258.919360 
-2.260000 -262.717929 
-2.230000 -253.221506 
-2.200000 -257.020075 
-2.170000 -258.919360 
-2.140000 -258.919360 
-2.110000 -262.717929 
-2.080000 -264.617214 
-2.050000 -264.617214 
-2.020000 -262.717929 
-1.990000 -272.214352 
-1.960000 -272.214352 
-1.930000 -262.717929 
-1.900000 -268.415783 
-1.870000 -270.315068 
-1.840000 -262.717929 
-1.810000 -251.322221 
-1.780000 -249.422936 
-1.750000 -253.221506 
-1.720000 -241.825798 
-1.690000 -239.926513 
-1.660000 -238.027228 
-1.630000 -238.027228 
-1.600000 -241.825798 
-1.570000 -236.127944 
-1.540000 -230.430090 
-1.510000 -236.127944 
-1.480000 -234.228659 
-1.450000 -224.732236 
-1.420000 -220.933666 
-1.390000 -226.631520 
-1.360000 -215.235812 
-1.330000 -213.336528 
-1.300000 -209.537958 
-1.270000 -203.840104 
-1.240000 -209.537958 
-1.210000 -196.242966 
-1.180000 -198.142250 
-1.150000 -209.537958 
-1.120000 -213.336528 
-1.090000 -188.645827 
-1.060000 -194.343681 
-1.030000 -196.242966 
-1.000000 -182.947973 
-0.970000 -181.048688 
-0.940000 -192.444396 
-0.910000 -173.451550 
-0.880000 -173.451550 
-0.850000 -179.149404 
-0.820000 -169.652980 
-0.790000 -167.753696 
-0.760000 -165.854411 
-0.730000 -152.559418 
-0.700000 -141.163710 
-0.670000 -143.062995 
-0.640000 -154.458703 
-0.610000 -141.163710 
-0.580000 -135.465856 
-0.550000 -139.264426 
-0.520000 -125.969433 
-0.490000 -122.170864 
-0.460000 -124.070148 
-0.430000 -125.969433 
-0.400000 -122.170864 
-0.370000 -110.775156 
-0.340000 -108.875871 
-0.310000 -99.379448 
-0.280000 -105.077302 
-0.250000 -91.782309 
-0.220000 -89.883024 
-0.190000 -95.580878 
-0.160000 -91.782309 
-0.130000 -91.782309 
-0.100000 -82.285886 
-0.070000 -82.285886 
-0.040000 -78.487316 
-0.010000 -65.192324 
0.020000 -70.890178 
0.050000 -68.990893 
0.080000 -59.494470 
0.110000 -44.300193 
0.140000 -23.408061 
0.170000 -13.911638 
0.200000 6.980493 
0.230000 -0.616645 
0.260000 3.181924 
0.290000 -0.616645 
0.320000 -4.415215 
0.350000 -2.515930 
0.380000 1.282639 
0.410000 8.879778 
0.440000 3.181924 
0.470000 16.476917 
0.500000 18.376201 
0.530000 29.771909 
0.560000 35.469763 
0.590000 37.369048 
0.620000 52.563325 
0.650000 56.361895 
0.680000 48.764756 
0.710000 58.261179 
0.740000 54.462610 
0.770000 63.959033 
0.800000 65.858318 
0.830000 52.563325 
0.860000 62.059749 
0.890000 67.757603 
0.920000 65.858318 
0.950000 63.959033 
0.980000 69.656887 
1.010000 58.261179 
1.040000 82.951880 
1.070000 92.448303 
1.100000 96.246873 
1.130000 98.146157 
1.160000 100.045442 
1.190000 101.944727 
1.220000 100.045442 
1.250000 115.239719 
1.280000 115.239719 
1.310000 107.642581 
1.340000 115.239719 
1.370000 119.038289 
1.400000 124.736143 
1.430000 134.232566 
1.460000 122.836858 
1.490000 126.635427 
1.520000 130.433997 
1.550000 126.635427 
1.580000 139.930420 
1.610000 139.930420 
1.640000 138.031135 
1.670000 145.628274 
1.700000 143.728989 
1.730000 157.023982 
1.760000 155.124697 
1.790000 158.923266 
1.820000 160.822551 
1.850000 164.621120 
1.880000 172.218259 
1.910000 179.815398 
1.940000 172.218259 
1.970000 181.714682 
2.000000 183.613967 
2.030000 189.311821 
2.060000 187.412536 
2.090000 191.211106 
2.120000 204.506098 
2.150000 200.707529 
2.180000 183.613967 
2.210000 212.103237 
2.240000 214.002522 
2.270000 210.203952 
2.300000 225.398230 
2.330000 221.599660 
2.360000 221.599660 
2.390000 232.995368 
2.420000 232.995368 
2.450000 236.793938 
2.480000 240.592507 
2.490000 242.491792 
2.460000 248.189646 
2.430000 253.887500 
2.400000 244.391076 
2.370000 263.383923 
2.340000 255.786784 
2.310000 267.182492 
2.280000 267.182492 
2.250000 263.383923 
2.220000 251.988215 
2.190000 257.686069 
2.160000 259.585354 
2.130000 251.988215 
2.100000 263.383923 
2.070000 257.686069 
2.040000 272.880346 
2.010000 272.880346 
1.980000 265.283208 
1.950000 263.383923 
1.920000 263.383923 
1.890000 270.981062 
1.860000 259.585354 
1.830000 259.585354 
1.800000 255.786784 
1.770000 251.988215 
1.740000 253.887500 
1.710000 251.988215 
1.680000 244.391076 
1.650000 240.592507 
1.620000 242.491792 
1.590000 238.693222 
1.560000 240.592507 
1.530000 236.793938 
1.500000 231.096084 
1.470000 234.894653 
1.440000 240.592507 
1.410000 242.491792 
1.380000 236.793938 
1.350000 232.995368 
1.320000 236.793938 
1.290000 231.096084 
1.260000 225.398230 
1.230000 217.801091 
1.200000 215.901806 
1.170000 208.304668 
1.140000 200.707529 
1.110000 202.606814 
1.080000 196.908960 
1.050000 191.211106 
1.020000 195.009675 
0.990000 198.808244 
0.960000 189.311821 
0.930000 191.211106 
0.900000 189.311821 
0.870000 198.808244 
0.840000 189.311821 
0.810000 185.513252 
0.780000 193.110390 
0.750000 183.613967 
0.720000 176.016828 
0.690000 181.714682 
0.660000 172.218259 
0.630000 166.520405 
0.600000 158.923266 
0.570000 166.520405 
0.540000 158.923266 
0.510000 145.628274 
0.480000 149.426843 
0.450000 141.829705 
0.420000 149.426843 
0.390000 119.038289 
0.360000 134.232566 
0.330000 138.031135 
0.300000 139.930420 
0.270000 128.534712 
0.240000 122.836858 
0.210000 126.635427 
0.180000 120.937573 
0.150000 115.239719 
0.120000 115.239719 
0.090000 109.541865 
0.060000 115.239719 
0.030000 109.541865 
-0.000000 100.045442 
-0.030000 92.448303 
-0.060000 88.649734 
-0.090000 73.455457 
-0.120000 60.160464 
-0.150000 60.160464 
-0.180000 44.966187 
-0.210000 31.671194 
-0.240000 22.174771 
-0.270000 -2.515930 
-0.300000 -13.911638 
-0.330000 -29.105915 
-0.360000 -36.703054 
-0.390000 -36.703054 
-0.420000 -36.703054 
-0.450000 -38.602339 
-0.480000 -44.300193 
-0.510000 -36.703054 
-0.540000 -40.501623 
-0.570000 -49.998047 
-0.600000 -40.501623 
-0.630000 -76.588032 
-0.660000 -51.897331 
-0.690000 -61.393755 
-0.720000 -59.494470 
-0.750000 -67.091609 
-0.780000 -76.588032 
-0.810000 -70.890178 
-0.840000 -67.091609 
-0.870000 -76.588032 
-0.900000 -78.487316 
-0.930000 -80.386601 
-0.960000 -68.990893 
-0.990000 -84.185170 
-1.020000 -84.185170 
-1.050000 -82.285886 
-1.080000 -89.883024 
-1.110000 -99.379448 
-1.140000 -101.278732 
-1.170000 -106.976586 
-1.200000 -114.573725 
-1.230000 -112.674440 
-1.260000 -105.077302 
-1.290000 -118.372294 
-1.320000 -120.271579 
-1.350000 -118.372294 
-1.380000 -120.271579 
-1.410000 -127.868718 
-1.440000 -129.768002 
-1.470000 -143.062995 
-1.500000 -141.163710 
-1.530000 -135.465856 
-1.560000 -148.760849 
-1.590000 -144.962280 
-1.620000 -150.660134 
-1.650000 -162.055842 
-1.680000 -158.257272 
-1.710000 -158.257272 
-1.740000 -169.652980 
-1.770000 -167.753696 
-1.800000 -167.753696 
-1.830000 -179.149404 
-1.860000 -184.847258 
-1.890000 -184.847258 
-1.920000 -190.545112 
-1.950000 -190.545112 
-1.980000 -186.746542 
-2.010000 -198.142250 
-2.040000 -196.242966 
-2.070000 -198.142250 
-2.100000 -215.235812 
-2.130000 -213.336528 
-2.160000 -211.437243 
-2.190000 -215.235812 
-2.220000 -209.537958 
-2.250000 -220.933666 
-2.280000 -228.530805 
-2.310000 -224.732236 
-2.340000 -234.228659 
-2.370000 -239.926513 
-2.400000 -236.127944 
-2.430000 -238.027228 
-2.460000 -243.725082 
-2.490000 -249.422936 
-2.480000 -251.322221 
-2.450000 -257.020075 
-2.420000 -258.919360 
-2.390000 -260.818644 
-2.360000 -257.020075 
-2.330000 -255.120790 
-2.300000 -258.919360 
-2.270000 -257.020075 
-2.240000 -251.322221 
-2.210000 -264.617214 
-2.180000 -257.020075 
-2.150000 -251.322221 
-2.120000 -266.516498 
-2.090000 -264.617214 
-2.060000 -270.315068 
-2.030000 -258.919360 
-2.000000 -257.020075 
-1.970000 -264.617214 
-1.940000 -258.919360 
-1.910000 -264.617214 
-1.880000 -266.516498 
-1.850000 -260.818644 
-1.820000 -262.717929 
-1.790000 -258.919360 
-1.760000 -251.322221 
-1.730000 -241.825798 
-1.700000 -243.725082 
-1.670000 -238.027228 
-1.640000 -238.027228 
-1.610000 -226.631520 
-1.580000 -234.228659 
-1.550000 -268.415783 
-1.520000 -226.631520 
-1.490000 -226.631520 
-1.460000 -226.631520 
-1.430000 -234.228659 
-1.400000 -220.933666 
-1.370000 -219.034382 
-1.340000 -226.631520 
-1.310000 -209.537958 
-1.280000 -209.537958 
-1.250000 -213.336528 
-1.220000 -196.242966 
-1.190000 -196.242966 
-1.160000 -194.343681 
-1.130000 -188.645827 
-1.100000 -198.142250 
-1.070000 -196.242966 
-1.040000 -188.645827 
-1.010000 -184.847258 
-0.980000 -181.048688 
-0.950000 -179.149404 
-0.920000 -173.451550 
-0.890000 -181.048688 
-0.860000 -179.149404 
-0.830000 -158.257272 
-0.800000 -162.055842 
-0.770000 -160.156557 
-0.740000 -154.458703 
-0.710000 -148.760849 
-0.680000 -148.760849 
-0.650000 -146.861564 
-0.620000 -133.566572 
-0.590000 -135.465856 
-0.560000 -144.962280 
-0.530000 -131.667287 
-0.500000 -124.070148 
-0.470000 -122.170864 
-0.440000 -129.768002 
-0.410000 -118.372294 
-0.380000 -110.775156 
-0.350000 -110.775156 
-0.320000 -112.674440 
-0.290000 -114.573725 
-0.260000 -99.379448 
-0.230000 -89.883024 
-0.200000 -99.379448 
-0.170000 -87.983740 
-0.140000 -84.185170 
-0.110000 -89.883024 
-0.080000 -78.487316 
-0.050000 -76.588032 
-0.020000 -78.487316 
0.010000 -82.285886 
0.040000 -61.393755 
0.070000 -51.897331 
0.100000 -48.098762 
0.130000 -36.703054 
0.160000 -51.897331 
0.190000 -8.213784 
0.220000 -2.515930 
0.250000 1.282639 
0.280000 3.181924 
0.310000 3.181924 
0.340000 -2.515930 
0.370000 1.282639 
0.400000 8.879778 
0.430000 -0.616645 
0.460000 18.376201 
0.490000 31.671194 
0.520000 27.872625 
0.550000 31.671194 
0.580000 35.469763 
0.610000 41.167617 
0.640000 39.268333 
0.670000 52.563325 
0.700000 60.160464 
0.730000 60.160464 
0.760000 65.858318 
0.790000 65.858318 
0.820000 63.959033 
0.850000 56.361895 
0.880000 71.556172 
0.910000 62.059749 
0.940000 75.354741 
0.970000 69.656887 
1.000000 77.254026 
1.030000 82.951880 
1.060000 84.851165 
1.090000 90.549019 
1.120000 86.750449 
1.150000 100.045442 
1.180000 109.541865 
1.210000 100.045442 
1.240000 101.944727 
1.270000 103.844011 
1.300000 103.844011 
1.330000 107.642581 
1.360000 113.340435 
1.390000 119.038289 
1.420000 130.433997 
1.450000 117.139004 
1.480000 100.045442 
1.510000 130.433997 
1.540000 136.131851 
1.570000 134.232566 
1.600000 138.031135 
1.630000 143.728989 
1.660000 151.326128 
1.690000 149.426843 
1.720000 143.728989 
1.750000 151.326128 
1.780000 160.822551 
1.810000 162.721836 
1.840000 160.822551 
1.870000 174.117544 
1.900000 176.016828 
1.930000 168.419690 
1.960000 177.916113 
1.990000 195.009675 
2.020000 179.815398 
2.050000 189.311821 
2.080000 198.808244 
2.110000 200.707529 
2.140000 193.110390 
2.170000 212.103237 
2.200000 208.304668 
2.230000 195.009675 
2.260000 219.700376 
2.290000 217.801091 
2.320000 217.801091 
2.350000 225.398230 
2.380000 221.599660 
2.410000 206.405383 
2.440000 246.290361 
2.470000 236.793938 
2.500000 248.189646 
2.470000 246.290361 
2.440000 250.088930 
2.410000 255.786784 
2.380000 251.988215 
2.350000 265.283208 
2.320000 255.786784 
2.290000 250.088930 
2.260000 253.887500 
2.230000 253.887500 
2.200000 265.283208 
2.170000 259.585354 
2.140000 255.786784 
2.110000 229.196799 
2.080000 265.283208 
2.050000 267.182492 
2.020000 259.585354 
1.990000 270.981062 
1.960000 265.283208 
1.930000 259.585354 
1.900000 263.383923 
1.870000 261.484638 
1.840000 259.585354 
1.810000 257.686069 
1.780000 259.585354 
1.750000 240.592507 
1.720000 246.290361 
1.690000 244.391076 
1.660000 240.592507 
1.630000 246.290361 
1.600000 240.592507 
1.570000 242.491792 
1.540000 234.894653 
1.510000 244.391076 
1.480000 251.988215 
1.450000 234.894653 
1.420000 234.894653 
1.390000 240.592507 
1.360000 234.894653 
1.330000 227.297514 
1.300000 225.398230 
1.270000 223.498945 
1.240000 214.002522 
1.210000 206.405383 
1.180000 210.203952 
1.150000 212.103237 
1.120000 206.405383 
1.090000 181.714682 
1.060000 198.808244 
1.030000 206.405383 
1.000000 198.808244 
0.970000 193.110390 
0.940000 200.707529 
0.910000 198.808244 
0.880000 191.211106 
0.850000 195.009675 
0.820000 193.110390 
0.790000 179.815398 
0.760000 181.714682 
0.730000 191.211106 
0.700000 168.419690 
0.670000 168.419690 
0.640000 176.016828 
0.610000 168.419690 
0.580000 153.225412 
0.550000 166.520405 
0.520000 160.822551 
0.490000 153.225412 
0.460000 153.225412 
0.430000 153.225412 
0.400000 149.426843 
0.370000 139.930420 
0.340000 138.031135 
0.310000 141.829705 
0.280000 130.433997 
0.250000 130.433997 
0.220000 128.534712 
0.190000 124.736143 
0.160000 136.131851 
0.130000 120.937573 
0.100000 115.239719 
0.070000 117.139004 
0.040000 107.642581 
0.010000 117.139004 
-0.020000 105.743296 
-0.050000 92.448303 
-0.080000 88.649734 
-0.110000 81.052595 
-0.140000 62.059749 
-0.170000 52.563325 
-0.200000 46.865471 
-0.230000 44.966187 
-0.260000 12.678347 
-0.290000 -8.213784 
-0.320000 -21.508777 
-0.350000 -34.803769 
-0.380000 -36.703054 
-0.410000 -31.005200 
-0.440000 -42.400908 
-0.470000 -38.602339 
-0.500000 -46.199477 
-0.530000 -42.400908 
-0.560000 -44.300193 
-0.590000 -48.098762 
-0.620000 -46.199477 
-0.650000 -48.098762 
-0.680000 -57.595185 
-0.710000 -55.695901 
-0.740000 -59.494470 
-0.770000 -63.293039 
-0.800000 -61.393755 
-0.830000 -68.990893 
-0.860000 -70.890178 
-0.890000 -70.890178 
-0.920000 -80.386601 
-0.950000 -82.285886 
-0.980000 -87.983740 
-1.010000 -89.883024 
-1.040000 -84.185170 
-1.070000 -93.681594 
-1.100000 -99.379448 
-1.130000 -99.379448 
-1.160000 -105.077302 
-1.190000 -106.976586 
-1.220000 -116.473010 
-1.250000 -110.775156 
-1.280000 -118.372294 
-1.310000 -125.969433 
-1.340000 -127.868718 
-1.370000 -122.170864 
-1.400000 -124.070148 
-1.430000 -158.257272 
-1.460000 -137.365141 
-1.490000 -137.365141 
-1.520000 -135.465856 
-1.550000 -146.861564 
-1.580000 -152.559418 
-1.610000 -152.559418 
-1.640000 -158.257272 
-1.670000 -160.156557 
-1.700000 -163.955126 
-1.730000 -171.552265 
-1.760000 -173.451550 
-1.790000 -179.149404 
-1.820000 -177.250119 
-1.850000 -184.847258 
-1.880000 -194.343681 
-1.910000 -190.545112 
-1.940000 -200.041535 
-1.970000 -190.545112 
-2.000000 -196.242966 
-2.030000 -205.739389 
-2.060000 -194.343681 
-2.090000 -200.041535 
-2.120000 -209.537958 
-2.150000 -211.437243 
-2.180000 -213.336528 
-2.210000 -215.235812 
-2.240000 -217.135097 
-2.270000 -226.631520 
-2.300000 -232.329374 
-2.330000 -234.228659 
-2.360000 -230.430090 
-2.390000 -239.926513 
-2.420000 -247.523652 
-2.450000 -239.926513 
-2.480000 -245.624367 
-2.490000 -249.422936 
-2.460000 -255.120790 
-2.430000 -255.120790 
-2.400000 -260.818644 
-2.370000 -270.315068 
-2.340000 -268.415783 
-2.310000 -258.919360 
-2.280000 -258.919360 
-2.250000 -262.717929 
-2.220000 -255.120790 
-2.190000 -258.919360 
-2.160000 -268.415783 
-2.130000 -253.221506 
-2.100000 -257.020075 
-2.070000 -258.919360 
-2.040000 -264.617214 
-2.010000 -260.818644 
-1.980000 -264.617214 
-1.950000 -272.214352 
-1.920000 -264.617214 
-1.890000 -264.617214 
-1.860000 -266.516498 
-1.830000 -258.919360 
-1.800000 -253.221506 
-1.770000 -262.717929 
-1.740000 -258.919360 
-1.710000 -245.624367 
-1.680000 -245.624367 
-1.650000 -245.624367 
-1.620000 -243.725082 
-1.590000 -234.228659 
-1.560000 -228.530805 
-1.530000 -236.127944 
-1.500000 -236.127944 
-1.470000 -226.631520 
-1.440000 -226.631520 
-1.410000 -226.631520 
-1.380000 -230.430090 
-1.350000 -215.235812 
-1.320000 -220.933666 
-1.290000 -220.933666 
-1.260000 -213.336528 
-1.230000 -213.336528 
-1.200000 -200.041535 
-1.170000 -194.343681 
-1.140000 -196.242966 
-1.110000 -182.947973 
-1.080000 -188.645827 
-1.050000 -194.343681 
-1.020000 -188.645827 
-0.990000 -188.645827 
-0.960000 -184.847258 
-0.930000 -181.048688 
-0.900000 -175.350834 
-0.870000 -169.652980 
-0.840000 -169.652980 
-0.810000 -163.955126 
-0.780000 -156.357988 
-0.750000 -163.955126 
-0.720000 -154.458703 
-0.690000 -150.660134 
-0.660000 -150.660134 
-0.630000 -150.660134 
-0.600000 -139.264426 
-0.570000 -137.365141 
-0.540000 -133.566572 
-0.510000 -135.465856 
-0.480000 -133.566572 
-0.450000 -127.868718 
-0.420000 -110.775156 
-0.390000 -127.868718 
-0.360000 -118.372294 
-0.330000 -103.178017 
-0.300000 -106.976586 
-0.270000 -106.976586 
-0.240000 -99.379448 
-0.210000 -91.782309 
-0.180000 -87.983740 
-0.150000 -89.883024 
-0.120000 -82.285886 
-0.090000 -80.386601 
-0.060000 -70.890178 
-0.030000 -70.890178 
-0.000000 -76.588032 
0.030000 -61.393755 
0.060000 -61.393755 
0.090000 -48.098762 
0.120000 -42.400908 
0.150000 -27.206631 
0.180000 -8.213784 
0.210000 -6.314499 
0.240000 5.081209 
0.270000 8.879778 
0.300000 -2.515930 
0.330000 -2.515930 
0.360000 5.081209 
0.390000 3.181924 
0.420000 8.879778 
0.450000 29.771909 
0.480000 27.872625 
0.510000 44.966187 
0.540000 37.369048 
0.570000 33.570479 
0.600000 54.462610 
0.630000 44.966187 
0.660000 46.865471 
0.690000 69.656887 
0.720000 60.160464 
0.750000 60.160464 
0.780000 60.160464 
0.810000 67.757603 
0.840000 73.455457 
0.870000 65.858318 
0.900000 71.556172 
0.930000 73.455457 
0.960000 69.656887 
0.990000 79.153311 
1.020000 88.649734 
1.050000 88.649734 
1.080000 84.851165 
1.110000 94.347588 
1.140000 90.549019 
1.170000 96.246873 
1.200000 107.642581 
1.230000 100.045442 
1.260000 111.441150 
1.290000 113.340435 
1.320000 101.944727 
1.350000 105.743296 
1.380000 115.239719 
1.410000 119.038289 
1.440000 120.937573 
1.470000 119.038289 
1.500000 107.642581 
1.530000 134.232566 
1.560000 136.131851 
1.590000 126.635427 
1.620000 151.326128 
1.650000 138.031135 
1.680000 153.225412 
1.710000 149.426843 
1.740000 151.326128 
1.770000 160.822551 
1.800000 166.520405 
1.830000 160.822551 
1.860000 166.520405 
1.890000 176.016828 
1.920000 185.513252 
1.950000 174.117544 
1.980000 191.211106 
2.010000 198.808244 
2.040000 191.211106 
2.070000 193.110390 
2.100000 196.908960 
2.130000 198.808244 
2.160000 191.211106 
2.190000 212.103237 
2.220000 214.002522 
2.250000 206.405383 
2.280000 217.801091 
2.310000 221.599660 
2.340000 227.297514 
2.370000 234.894653 
2.400000 234.894653 
2.430000 240.592507 
2.460000 250.088930 
2.490000 242.491792 
2.480000 246.290361 
2.450000 255.786784 
2.420000 251.988215 
2.390000 259.585354 
2.360000 250.088930 
2.330000 253.887500 
2.300000 251.988215 
2.270000 265.283208 
2.240000 265.283208 
2.210000 263.383923 
2.180000 259.585354 
2.150000 269.081777 
2.120000 270.981062 
2.090000 272.880346 
2.060000 272.880346 
2.030000 272.880346 
2.000000 278.578200 
1.970000 274.779631 
1.940000 263.383923 
1.910000 261.484638 
1.880000 267.182492 
1.850000 263.383923 
1.820000 251.988215 
1.790000 255.786784 
1.760000 250.088930 
1.730000 248.189646 
1.700000 255.786784 
1.670000 250.088930 
1.640000 257.686069 
1.610000 242.491792 
1.580000 259.585354 
1.550000 255.786784 
1.520000 244.391076 
1.490000 238.693222 
1.460000 246.290361 
1.430000 244.391076 
1.400000 234.894653 
1.370000 236.793938 
1.340000 231.096084 
1.310000 217.801091 
1.280000 225.398230 
1.250000 219.700376 
1.220000 223.498945 
1.190000 214.002522 
1.160000 210.203952 
1.130000 214.002522 
1.100000 215.901806 
1.070000 214.002522 
1.040000 208.304668 
1.010000 206.405383 
0.980000 212.103237 
0.950000 200.707529 
0.920000 204.506098 
0.890000 191.211106 
0.860000 195.009675 
0.830000 189.311821 
0.800000 183.613967 
0.770000 191.211106 
0.740000 181.714682 
0.710000 176.016828 
0.680000 181.714682 
0.650000 168.419690 
0.620000 168.419690 
0.590000 168.419690 
0.560000 162.721836 
0.530000 164.621120 
0.500000 160.822551 
0.470000 145.628274 
0.440000 149.426843 
0.410000 143.728989 
0.380000 145.628274 
0.350000 138.031135 
0.320000 141.829705 
0.290000 139.930420 
0.260000 136.131851 
0.230000 120.937573 
0.200000 128.534712 
0.170000 136.131851 
0.140000 124.736143 
0.110000 120.937573 
0.080000 113.340435 
0.050000 113.340435 
0.020000 107.642581 
-0.010000 100.045442 
-0.040000 96.246873 
-0.070000 82.951880 
-0.100000 71.556172 
-0.130000 67.757603 
-0.160000 54.462610 
-0.190000 37.369048 
-0.220000 25.973340 
-0.250000 20.275486 
-0.280000 -0.616645 
-0.310000 -17.710207 
-0.340000 -29.105915 
-0.370000 -29.105915 
-0.400000 -31.005200 
-0.430000 -36.703054 
-0.460000 -46.199477 
-0.490000 -42.400908 
-0.520000 -42.400908 
-0.550000 -51.897331 
-0.580000 -46.199477 
-0.610000 -48.098762 
-0.640000 -44.300193 
-0.670000 -48.098762 
-0.700000 -46.199477 
-0.730000 -46.199477 
-0.760000 -65.192324 
-0.790000 -68.990893 
-0.820000 -68.990893 
-0.850000 -74.688747 
-0.880000 -80.386601 
-0.910000 -82.285886 
-0.940000 -93.681594 
-0.970000 -89.883024 
-1.000000 -84.185170 
-1.030000 -91.782309 
-1.060000 -89.883024 
-1.090000 -93.681594 
-1.120000 -93.681594 
-1.150000 -99.379448 
-1.180000 -114.573725 
-1.210000 -116.473010 
-1.240000 -120.271579 
-1.270000 -127.868718 
-1.300000 -127.868718 
-1.330000 -133.566572 
-1.360000 -122.170864 
-1.390000 -129.768002 
-1.420000 -133.566572 
-1.450000 -133.566572 
-1.480000 -139.264426 
-1.510000 -150.660134 
-1.540000 -143.062995 
-1.570000 -143.062995 
-1.600000 -146.861564 
-1.630000 -154.458703 
-1.660000 -154.458703 
-1.690000 -163.955126 
-1.720000 -175.350834 
-1.750000 -173.451550 
-1.780000 -173.451550 
-1.810000 -171.552265 
-1.840000 -175.350834 
-1.870000 -171.552265 
-1.900000 -181.048688 
-1.930000 -188.645827 
-1.960000 -186.746542 
-1.990000 -190.545112 
-2.020000 -201.940820 
-2.050000 -209.537958 
-2.080000 -205.739389 
-2.110000 -213.336528 
-2.140000 -213.336528 
-2.170000 -209.537958 
-2.200000 -220.933666 
-2.230000 -220.933666 
-2.260000 -215.235812 
-2.290000 -228.530805 
-2.320000 -232.329374 
-2.350000 -228.530805 
-2.380000 -238.027228 
-2.410000 -239.926513 
-2.440000 -247.523652 
-2.470000 -239.926513 
-2.500000 -257.020075 
-2.470000 -257.020075 
-2.440000 -255.120790 
-2.410000 -251.322221 
-2.380000 -258.919360 
-2.350000 -257.020075 
-2.320000 -264.617214 
-2.290000 -270.315068 
-2.260000 -260.818644 
-2.230000 -257.020075 
-2.200000 -262.717929 
-2.170000 -258.919360 
-2.140000 -251.322221 
-2.110000 -253.221506 
-2.080000 -253.221506 
-2.050000 -257.020075 
-2.020000 -249.422936 
-1.990000 -251.322221 
-1.960000 -258.919360 
-1.930000 -255.120790 
-1.900000 -257.020075 
-1.870000 -264.617214 
-1.840000 -262.717929 
-1.810000 -260.818644 
-1.780000 -255.120790 
-1.750000 -270.315068 
-1.720000 -251.322221 
-1.690000 -247.523652 
-1.660000 -249.422936 
-1.630000 -241.825798 
-1.600000 -239.926513 
-1.570000 -234.228659 
-1.540000 -226.631520 
-1.510000 -228.530805 
-1.480000 -224.732236 
-1.450000 -228.530805 
-1.420000 -228.530805 
-1.390000 -219.034382 
-1.360000 -219.034382 
-1.330000 -211.437243 
-1.300000 -217.135097 
-1.270000 -224.732236 
-1.240000 -211.437243 
-1.210000 -207.638674 
-1.180000 -211.437243 
-1.150000 -203.840104 
-1.120000 -196.242966 
-1.090000 -190.545112 
-1.060000 -182.947973 
-1.030000 -182.947973 
-1.000000 -184.847258 
-0.970000 -175.350834 
-0.940000 -175.350834 
-0.910000 -182.947973 
-0.880000 -171.552265 
-0.850000 -167.753696 
-0.820000 -165.854411 
-0.790000 -169.652980 
-0.760000 -169.652980 
-0.730000 -154.458703 
-0.700000 -150.660134 
-0.670000 -150.660134 
-0.640000 -141.163710 
-0.610000 -146.861564 
-0.580000 -148.760849 
-0.550000 -141.163710 
-0.520000 -127.868718 
-0.490000 -135.465856 
-0.460000 -131.667287 
-0.430000 -124.070148 
-0.400000 -112.674440 
-0.370000 -105.077302 
-0.340000 -112.674440 
-0.310000 -118.372294 
-0.280000 -103.178017 
-0.250000 -103.178017 
-0.220000 -99.379448 
-0.190000 -86.084455 
-0.160000 -99.379448 
-0.130000 -89.883024 
-0.100000 -84.185170 
-0.070000 -84.185170 
-0.040000 -76.588032 
-0.010000 -70.890178 
0.020000 -63.293039 
0.050000 -70.890178 
0.080000 -48.098762 
0.110000 -42.400908 
0.140000 -34.803769 
0.170000 -15.810923 
0.200000 -4.415215 
0.230000 1.282639 
0.260000 -0.616645 
0.290000 1.282639 
0.320000 1.282639 
0.350000 1.282639 
0.380000 6.980493 
0.410000 1.282639 
0.440000 5.081209 
0.470000 14.577632 
0.500000 22.174771 
0.530000 22.174771 
0.560000 35.469763 
0.590000 -4.415215 
0.620000 37.369048 
0.650000 48.764756 
0.680000 58.261179 
0.710000 54.462610 
0.740000 60.160464 
0.770000 69.656887 
0.800000 62.059749 
0.830000 62.059749 
0.860000 56.361895 
0.890000 67.757603 
0.920000 65.858318 
0.950000 75.354741 
0.980000 81.052595 
1.010000 92.448303 
1.040000 81.052595 
1.070000 92.448303 
1.100000 96.246873 
1.130000 96.246873 
1.160000 96.246873 
1.190000 103.844011 
1.220000 94.347588 
1.250000 96.246873 
1.280000 100.045442 
1.310000 103.844011 
1.340000 111.441150 
1.370000 113.340435 
1.400000 124.736143 
1.430000 120.937573 
1.460000 122.836858 
1.490000 130.433997 
1.520000 126.635427 
1.550000 138.031135 
1.580000 141.829705 
1.610000 147.527558 
1.640000 145.628274 
1.670000 149.426843 
1.700000 155.124697 
1.730000 143.728989 
1.760000 158.923266 
1.790000 170.318974 
1.820000 166.520405 
1.850000 174.117544 
1.880000 181.714682 
1.910000 185.513252 
1.940000 185.513252 
1.970000 177.916113 
2.000000 195.009675 
2.030000 198.808244 
2.060000 181.714682 
2.090000 196.908960 
2.120000 202.606814 
2.150000 196.908960 
2.180000 206.405383 
2.210000 208.304668 
2.240000 208.304668 
2.270000 225.398230 
2.300000 225.398230 
2.330000 223.498945 
2.360000 234.894653 
2.390000 232.995368 
2.420000 244.391076 
2.450000 244.391076 
2.480000 238.693222 
2.490000 259.585354 
2.460000 246.290361 
2.430000 244.391076 
2.400000 250.088930 
2.370000 257.686069 
2.340000 259.585354 
2.310000 259.585354 
2.280000 270.981062 
2.250000 259.585354 
2.220000 270.981062 
2.190000 276.678916 
2.160000 270.981062 
2.130000 272.880346 
2.100000 278.578200 
2.070000 272.880346 
2.040000 259.585354 
2.010000 265.283208 
1.980000 267.182492 
1.950000 267.182492 
1.920000 267.182492 
1.890000 261.484638 
1.860000 255.786784 
1.830000 259.585354 
1.800000 265.283208 
1.770000 251.988215 
1.740000 251.988215 
1.710000 251.988215 
1.680000 265.283208 
1.650000 259.585354 
1.620000 248.189646 
1.590000 251.988215 
1.560000 246.290361 
1.530000 257.686069 
1.500000 251.988215 
1.470000 246.290361 
1.440000 231.096084 
1.410000 229.196799 
1.380000 236.793938 
1.350000 231.096084 
1.320000 229.196799 
1.290000 221.599660 
1.260000 214.002522 
1.230000 219.700376 
1.200000 217.801091 
1.170000 221.599660 
1.140000 219.700376 
1.110000 217.801091 
1.080000 221.599660 
1.050000 221.599660 
1.020000 208.304668 
0.990000 202.606814 
0.960000 204.506098 
0.930000 200.707529 
0.900000 193.110390 
0.870000 196.908960 
0.840000 191.211106 
0.810000 191.211106 
0.780000 191.211106 
0.750000 185.513252 
0.720000 183.613967 
0.690000 179.815398 
0.660000 179.815398 
0.630000 170.318974 
0.600000 174.117544 
0.570000 166.520405 
0.540000 160.822551 
0.510000 166.520405 
0.480000 162.721836 
0.450000 158.923266 
0.420000 155.124697 
0.390000 138.031135 
0.360000 149.426843 
0.330000 147.527558 
0.300000 139.930420 
0.270000 134.232566 
0.240000 138.031135 
0.210000 126.635427 
0.180000 130.433997 
0.150000 117.139004 
0.120000 119.038289 
0.090000 111.441150 
0.060000 117.139004 
0.030000 107.642581 
0.000000 96.246873 
-0.030000 100.045442 
-0.060000 86.750449 
-0.090000 73.455457 
-0.120000 67.757603 
-0.150000 65.858318 
-0.180000 44.966187 
-0.210000 41.167617 
-0.240000 20.275486 
-0.270000 12.678347 
-0.300000 -0.616645 
-0.330000 -27.206631 
-0.360000 -36.703054 
-0.390000 -32.904485 
-0.420000 -32.904485 
-0.450000 -38.602339 
-0.480000 -36.703054 
-0.510000 -36.703054 
-0.540000 -44.300193 
-0.570000 -38.602339 
-0.600000 -42.400908 
-0.630000 -46.199477 
-0.660000 -36.703054 
-0.690000 -51.897331 
-0.720000 -48.098762 
-0.750000 -55.695901 
-0.780000 -59.494470 
-0.810000 -61.393755 
-0.840000 -68.990893 
-0.870000 -70.890178 
-0.900000 -68.990893 
-0.930000 -76.588032 
-0.960000 -78.487316 
-0.990000 -84.185170 
-1.020000 -82.285886 
-1.050000 -87.983740 
-1.080000 -95.580878 
-1.110000 -91.782309 
-1.140000 -103.178017 
-1.170000 -103.178017 
-1.200000 -110.775156 
-1.230000 -118.372294 
-1.260000 -116.473010 
-1.290000 -118.372294 
-1.320000 -120.271579 
-1.350000 -122.170864 
-1.380000 -122.170864 
-1.410000 -124.070148 
-1.440000 -135.465856 
-1.470000 -129.768002 
-1.500000 -137.365141 
-1.530000 -143.062995 
-1.560000 -150.660134 
-1.590000 -148.760849 
-1.620000 -152.559418 
-1.650000 -163.955126 
-1.680000 -160.156557 
-1.710000 -175.350834 
-1.740000 -173.451550 
-1.770000 -167.753696 
-1.800000 -169.652980 
-1.830000 -173.451550 
-1.860000 -173.451550 
-1.890000 -179.149404 
-1.920000 -186.746542 
-1.950000 -194.343681 
-1.980000 -192.444396 
-2.010000 -201.940820 
-2.040000 -203.840104 
-2.070000 -200.041535 
-2.100000 -205.739389 
-2.130000 -215.235812 
-2.160000 -211.437243 
-2.190000 -220.933666 
-2.220000 -219.034382 
-2.250000 -220.933666 
-2.280000 -220.933666 
-2.310000 -224.732236 
-2.340000 -228.530805 
-2.370000 -232.329374 
-2.400000 -234.228659 
-2.430000 -247.523652 
-2.460000 -241.825798 
-2.490000 -239.926513 
-2.480000 -253.221506 
-2.450000 -260.818644 
-2.420000 -253.221506 
-2.390000 -258.919360 
-2.360000 -258.919360 
-2.330000 -274.113637 
-2.300000 -262.717929 
-2.270000 -268.415783 
-2.240000 -272.214352 
-2.210000 -262.717929 
-2.180000 -274.113637 
-2.150000 -270.315068 
-2.120000 -268.415783 
-2.090000 -266.516498 
-2.060000 -258.919360 
-2.030000 -257.020075 
-2.000000 -258.919360 
-1.970000 -257.020075 
-1.940000 -257.020075 
-1.910000 -257.020075 
-1.880000 -257.020075 
-1.850000 -260.818644 
-1.820000 -257.020075 
-1.790000 -262.717929 
-1.760000 -260.818644 
-1.730000 -255.120790 
-1.700000 -258.919360 
-1.670000 -249.422936 
-1.640000 -251.322221 
-1.610000 -251.322221 
-1.580000 -249.422936 
-1.550000 -251.322221 
-1.520000 -236.127944 
-1.490000 -232.329374 
-1.460000 -230.430090 
-1.430000 -219.034382 
-1.400000 -220.933666 
-1.370000 -220.933666 
-1.340000 -219.034382 
-1.310000 -217.135097 
-1.280000 -219.034382 
-1.250000 -213.336528 
-1.220000 -205.739389 
-1.190000 -209.537958 
-1.160000 -209.537958 
-1.130000 -228.530805 
-1.100000 -203.840104 
-1.070000 -203.840104 
-1.040000 -198.142250 
-1.010000 -188.645827 
-0.980000 -190.545112 
-0.950000 -182.947973 
-0.920000 -173.451550 
-0.890000 -171.552265 
-0.860000 -167.753696 
-0.830000 -169.652980 
-0.800000 -173.451550 
-0.770000 -169.652980 
-0.740000 -160.156557 
-0.710000 -163.955126 
-0.680000 -163.955126 
-0.650000 -160.156557 
-0.620000 -158.257272 
-0.590000 -143.062995 
-0.560000 -146.861564 
-0.530000 -150.660134 
-0.500000 -135.465856 
-0.470000 -131.667287 
-0.440000 -135.465856 
-0.410000 -129.768002 
-0.380000 -124.070148 
-0.350000 -118.372294 
-0.320000 -116.473010 
-0.290000 -112.674440 
-0.260000 -108.875871 
-0.230000 -101.278732 
-0.200000 -97.480163 
-0.170000 -97.480163 
-0.140000 -91.782309 
-0.110000 -84.185170 
-0.080000 -80.386601 
-0.050000 -82.285886 
-0.020000 -78.487316 
0.010000 -67.091609 
0.040000 -72.789462 
0.070000 -65.192324 
0.100000 -40.501623 
0.130000 -31.005200 
0.160000 -15.810923 
0.190000 -4.415215 
0.220000 3.181924 
0.250000 1.282639 
0.280000 5.081209 
0.310000 1.282639 
0.340000 -0.616645 
0.370000 3.181924 
0.400000 6.980493 
0.430000 3.181924 
0.460000 -2.515930 
0.490000 16.476917 
0.520000 22.174771 
0.550000 35.469763 
0.580000 43.066902 
0.610000 46.865471 
0.640000 56.361895 
0.670000 54.462610 
0.700000 60.160464 
0.730000 65.858318 
0.760000 63.959033 
0.790000 58.261179 
0.820000 58.261179 
0.850000 60.160464 
0.880000 67.757603 
0.910000 60.160464 
0.940000 71.556172 
0.970000 75.354741 
1.000000 81.052595 
1.030000 88.649734 
1.060000 86.750449 
1.090000 98.146157 
1.120000 94.347588 
1.150000 96.246873 
1.180000 107.642581 
1.210000 94.347588 
1.240000 94.347588 
1.270000 107.642581 
1.300000 100.045442 
1.330000 103.844011 
1.360000 117.139004 
1.390000 122.836858 
1.420000 122.836858 
1.450000 128.534712 
1.480000 132.333281 
1.510000 139.930420 
1.540000 147.527558 
1.570000 138.031135 
1.600000 138.031135 
1.630000 157.023982 
1.660000 143.728989 
1.690000 149.426843 
1.720000 155.124697 
1.750000 160.822551 
1.780000 172.218259 
1.810000 164.621120 
1.840000 166.520405 
1.870000 185.513252 
1.900000 176.016828 
1.930000 172.218259 
1.960000 195.009675 
1.990000 189.311821 
2.020000 191.211106 
2.050000 191.211106 
2.080000 196.908960 
2.110000 206.405383 
2.140000 206.405383 
2.170000 204.506098 
2.200000 214.002522 
2.230000 219.700376 
2.260000 227.297514 
2.290000 225.398230 
2.320000 231.096084 
2.350000 231.096084 
2.380000 221.599660 
2.410000 246.290361 
2.440000 238.693222 
2.470000 234.894653 
2.500000 240.592507 
2.470000 244.391076 
2.440000 251.988215 
2.410000 251.988215 
2.380000 257.686069 
2.350000 253.887500 
2.320000 257.686069 
2.290000 274.779631 
2.260000 259.585354 
2.230000 274.779631 
2.200000 276.678916 
2.170000 272.880346 
2.140000 269.081777 
2.110000 261.484638 
2.080000 270.981062 
2.050000 272.880346 
2.020000 282.376770 
1.990000 265.283208 
1.960000 269.081777 
1.930000 259.585354 
1.900000 267.182492 
1.870000 259.585354 
1.840000 267.182492 
1.810000 267.182492 
1.780000 259.585354 
1.750000 270.981062 
1.720000 263.383923 
1.690000 255.786784 
1.660000 270.981062 
1.630000 257.686069 
1.600000 250.088930 
1.570000 251.988215 
1.540000 240.592507 
1.510000 244.391076 
1.480000 242.491792 
1.450000 232.995368 
1.420000 242.491792 
1.390000 229.196799 
1.360000 227.297514 
1.330000 236.793938 
1.300000 223.498945 
1.270000 229.196799 
1.240000 229.196799 
1.210000 229.196799 
1.180000 223.498945 
1.150000 225.398230 
1.120000 214.002522 
1.090000 221.599660 
1.060000 204.506098 
1.030000 212.103237 
1.000000 214.002522 
0.970000 208.304668 
0.940000 202.606814 
0.910000 189.311821 
0.880000 189.311821 
0.850000 193.110390 
0.820000 196.908960 
0.790000 189.311821 
0.760000 179.815398 
0.730000 174.117544 
0.700000 170.318974 
0.670000 181.714682 
0.640000 168.419690 
0.610000 170.318974 
0.580000 166.520405 
0.550000 172.218259 
0.520000 166.520405 
0.490000 158.923266 
0.460000 153.225412 
0.430000 157.023982 
0.400000 155.124697 
0.370000 145.628274 
0.340000 134.232566 
0.310000 139.930420 
0.280000 138.031135 
0.250000 122.836858 
0.220000 130.433997 
0.190000 124.736143 
0.160000 113.340435 
0.130000 113.340435 
0.100000 113.340435 
0.070000 100.045442 
0.040000 107.642581 
0.010000 96.246873 
-0.020000 84.851165 
-0.050000 81.052595 
-0.080000 73.455457 
-0.110000 63.959033 
-0.140000 58.261179 
-0.170000 44.966187 
-0.200000 43.066902 
-0.230000 22.174771 
-0.260000 12.678347 
-0.290000 -2.515930 
-0.320000 -15.810923 
-0.350000 -32.904485 
-0.380000 -32.904485 
-0.410000 -36.703054 
-0.440000 -32.904485 
-0.470000 -44.300193 
-0.500000 -40.501623 
-0.530000 -38.602339 
-0.560000 -40.501623 
-0.590000 -51.897331 
-0.620000 -46.199477 
-0.650000 -44.300193 
-0.680000 -48.098762 
-0.710000 -57.595185 
-0.740000 -51.897331 
-0.770000 -65.192324 
-0.800000 -59.494470 
-0.830000 -63.293039 
-0.860000 -70.890178 
-0.890000 -78.487316 
-0.920000 -74.688747 
-0.950000 -84.185170 
-0.980000 -89.883024 
-1.010000 -82.285886 
-1.040000 -89.883024 
-1.070000 -93.681594 
-1.100000 -99.379448 
-1.130000 -95.580878 
-1.160000 -93.681594 
-1.190000 -105.077302 
-1.220000 -110.775156 
-1.250000 -112.674440 
-1.280000 -112.674440 
-1.310000 -112.674440 
-1.340000 -122.170864 
-1.370000 -127.868718 
-1.400000 -125.969433 
-1.430000 -135.465856 
-1.460000 -139.264426 
-1.490000 -135.465856 
-1.520000 -139.264426 
-1.550000 -143.062995 
-1.580000 -146.861564 
-1.610000 -148.760849 
-1.640000 -158.257272 
-1.670000 -163.955126 
-1.700000 -160.156557 
-1.730000 -167.753696 
-1.760000 -162.055842 
-1.790000 -167.753696 
-1.820000 -173.451550 
-1.850000 -173.451550 
-1.880000 -182.947973 
-1.910000 -184.847258 
-1.940000 -186.746542 
-1.970000 -184.847258 
-2.000000 -201.940820 
-2.030000 -194.343681 
-2.060000 -196.242966 
-2.090000 -203.840104 
-2.120000 -205.739389 
-2.150000 -207.638674 
-2.180000 -219.034382 
-2.210000 -217.135097 
-2.240000 -220.933666 
-2.270000 -222.832951 
-2.300000 -226.631520 
-2.330000 -234.228659 
-2.360000 -230.430090 
-2.390000 -236.127944 
-2.420000 -247.523652 
-2.450000 -249.422936 
-2.480000 -257.020075 
-2.490000 -260.818644 
-2.460000 -258.919360 
-2.430000 -253.221506 
-2.400000 -257.020075 
-2.370000 -264.617214 
-2.340000 -266.516498 
-2.310000 -264.617214 
-2.280000 -266.516498 
-2.250000 -264.617214 
-2.220000 -270.315068 
-2.190000 -268.415783 
-2.160000 -276.012922 
-2.130000 -266.516498 
-2.100000 -274.113637 
-2.070000 -270.315068 
-2.040000 -270.315068 
-2.010000 -266.516498 
-1.980000 -260.818644 
-1.950000 -264.617214 
-1.920000 -258.919360 
-1.890000 -257.020075 
-1.860000 -247.523652 
-1.830000 -260.818644 
-1.800000 -260.818644 
-1.770000 -253.221506 
-1.740000 -253.221506 
-1.710000 -255.120790 
-1.680000 -260.818644 
-1.650000 -258.919360 
-1.620000 -253.221506 
-1.590000 -249.422936 
-1.560000 -249.422936 
-1.530000 -241.825798 
-1.500000 -251.322221 
-1.470000 -249.422936 
-1.440000 -230.430090 
-1.410000 -234.228659 
-1.380000 -228.530805 
-1.350000 -226.631520 
-1.320000 -213.336528 
-1.290000 -213.336528 
-1.260000 -215.235812 
-1.230000 -219.034382 
-1.200000 -213.336528 
-1.170000 -209.537958 
-1.140000 -205.739389 
-1.110000 -192.444396 
-1.080000 -196.242966 
-1.050000 -196.242966 
-1.020000 -192.444396 
-0.990000 -194.343681 
-0.960000 -196.242966 
-0.930000 -177.250119 
-0.900000 -186.746542 
-0.870000 -181.048688 
-0.840000 -177.250119 
-0.810000 -156.357988 
-0.780000 -162.055842 
-0.750000 -158.257272 
-0.720000 -160.156557 
-0.690000 -160.156557 
-0.660000 -163.955126 
-0.630000 -150.660134 
-0.600000 -144.962280 
-0.570000 -146.861564 
-0.540000 -144.962280 
-0.510000 -141.163710 
-0.480000 -135.465856 
-0.450000 -125.969433 
-0.420000 -133.566572 
-0.390000 -131.667287 
-0.360000 -118.372294 
-0.330000 -118.372294 
-0.300000 -120.271579 
-0.270000 -114.573725 
-0.240000 -114.573725 
-0.210000 -99.379448 
-0.180000 -99.379448 
-0.150000 -99.379448 
-0.120000 -89.883024 
-0.090000 -86.084455 
-0.060000 -82.285886 
-0.030000 -74.688747 
