0.000000 -68.990893 
0.070000 -65.192324 
0.140000 -59.494470 
0.210000 -44.300193 
0.280000 -8.213784 
0.350000 -0.616645 
0.420000 3.181924 
0.490000 31.671194 
0.560000 18.376201 
0.630000 35.469763 
0.700000 33.570479 
0.770000 37.369048 
0.840000 65.858318 
0.910000 46.865471 
0.980000 56.361895 
1.050000 60.160464 
1.120000 65.858318 
1.190000 62.059749 
1.260000 77.254026 
1.330000 90.549019 
1.400000 92.448303 
1.470000 101.944727 
1.540000 101.944727 
1.610000 107.642581 
1.680000 122.836858 
1.750000 120.937573 
1.820000 128.534712 
1.890000 124.736143 
1.960000 134.232566 
2.030000 139.930420 
2.100000 147.527558 
2.170000 151.326128 
2.240000 164.621120 
2.310000 174.117544 
2.380000 177.916113 
2.450000 189.311821 
2.480000 183.613967 
2.410000 202.606814 
2.340000 198.808244 
2.270000 210.203952 
2.200000 214.002522 
2.130000 202.606814 
2.060000 214.002522 
1.990000 234.894653 
1.920000 221.599660 
1.850000 215.901806 
1.780000 229.196799 
1.710000 225.398230 
1.640000 227.297514 
1.570000 227.297514 
1.500000 210.203952 
1.430000 225.398230 
1.360000 221.599660 
1.290000 210.203952 
1.220000 215.901806 
1.150000 212.103237 
1.080000 208.304668 
1.010000 198.808244 
0.940000 200.707529 
0.870000 204.506098 
0.800000 187.412536 
0.730000 183.613967 
0.660000 177.916113 
0.590000 174.117544 
0.520000 181.714682 
0.450000 166.520405 
0.380000 166.520405 
0.310000 157.023982 
0.240000 153.225412 
0.170000 153.225412 
0.100000 143.728989 
0.030000 143.728989 
-0.040000 130.433997 
-0.110000 130.433997 
-0.180000 115.239719 
-0.250000 75.354741 
-0.320000 88.649734 
-0.390000 88.649734 
-0.460000 75.354741 
-0.530000 29.771909 
-0.600000 -6.314499 
-0.670000 -21.508777 
-0.740000 -36.703054 
-0.810000 -48.098762 
-0.880000 -48.098762 
-0.950000 -61.393755 
-1.020000 -63.293039 
-1.090000 -67.091609 
-1.160000 -68.990893 
-1.230000 -65.192324 
-1.300000 -78.487316 
-1.370000 -89.883024 
-1.440000 -89.883024 
-1.510000 -105.077302 
-1.580000 -112.674440 
-1.650000 -105.077302 
-1.720000 -116.473010 
-1.790000 -129.768002 
-1.860000 -139.264426 
-1.930000 -143.062995 
-2.000000 -158.257272 
-2.070000 -152.559418 
-2.140000 -162.055842 
-2.210000 -160.156557 
-2.280000 -177.250119 
-2.350000 -177.250119 
-2.420000 -181.048688 
-2.490000 -203.840104 
-2.440000 -207.638674 
-2.370000 -220.933666 
-2.300000 -215.235812 
-2.230000 -219.034382 
-2.160000 -224.732236 
-2.090000 -226.631520 
-2.020000 -228.530805 
-1.950000 -224.732236 
-1.880000 -232.329374 
-1.810000 -234.228659 
-1.740000 -232.329374 
-1.670000 -222.832951 
-1.600000 -224.732236 
-1.530000 -230.430090 
-1.460000 -234.228659 
-1.390000 -224.732236 
-1.320000 -226.631520 
-1.250000 -215.235812 
-1.180000 -211.437243 
-1.110000 -220.933666 
-1.040000 -213.336528 
-0.970000 -203.840104 
-0.900000 -213.336528 
-0.830000 -209.537958 
-0.760000 -205.739389 
-0.690000 -201.940820 
-0.620000 -200.041535 
-0.550000 -194.343681 
-0.480000 -184.847258 
-0.410000 -182.947973 
-0.340000 -169.652980 
-0.270000 -152.559418 
-0.200000 -146.861564 
-0.130000 -139.264426 
-0.060000 -135.465856 
0.010000 -129.768002 
0.080000 -127.868718 
0.150000 -103.178017 
0.220000 -76.588032 
0.290000 -53.796616 
0.360000 -32.904485 
0.430000 1.282639 
0.500000 3.181924 
0.570000 22.174771 
0.640000 25.973340 
0.710000 33.570479 
0.780000 43.066902 
0.850000 44.966187 
0.920000 60.160464 
0.990000 48.764756 
1.060000 67.757603 
1.130000 58.261179 
1.200000 65.858318 
1.270000 73.455457 
1.340000 75.354741 
1.410000 90.549019 
1.480000 96.246873 
1.550000 100.045442 
1.620000 100.045442 
1.690000 117.139004 
1.760000 124.736143 
1.830000 130.433997 
1.900000 139.930420 
1.970000 138.031135 
2.040000 145.628274 
2.110000 164.621120 
2.180000 157.023982 
2.250000 164.621120 
2.320000 185.513252 
2.390000 187.412536 
2.460000 193.110390 
2.470000 185.513252 
2.400000 210.203952 
2.330000 214.002522 
2.260000 206.405383 
2.190000 223.498945 
2.120000 214.002522 
2.050000 212.103237 
1.980000 232.995368 
1.910000 223.498945 
1.840000 215.901806 
1.770000 217.801091 
1.700000 214.002522 
1.630000 231.096084 
1.560000 227.297514 
1.490000 217.801091 
1.420000 223.498945 
1.350000 221.599660 
1.280000 212.103237 
1.210000 219.700376 
1.140000 204.506098 
1.070000 202.606814 
1.000000 202.606814 
0.930000 196.908960 
0.860000 198.808244 
0.790000 191.211106 
0.720000 187.412536 
0.650000 179.815398 
0.580000 177.916113 
0.510000 176.016828 
0.440000 172.218259 
0.370000 166.520405 
0.300000 158.923266 
0.230000 155.124697 
0.160000 155.124697 
0.090000 149.426843 
0.020000 143.728989 
-0.050000 136.131851 
-0.120000 120.937573 
-0.190000 113.340435 
-0.260000 100.045442 
-0.330000 90.549019 
-0.400000 77.254026 
-0.470000 67.757603 
-0.540000 24.074055 
-0.610000 -2.515930 
-0.680000 -17.710207 
-0.750000 -38.602339 
-0.820000 -42.400908 
-0.890000 -55.695901 
-0.960000 -59.494470 
-1.030000 -63.293039 
-1.100000 -67.091609 
-1.170000 -72.789462 
-1.240000 -82.285886 
-1.310000 -86.084455 
-1.380000 -97.480163 
-1.450000 -97.480163 
-1.520000 -99.379448 
-1.590000 -106.976586 
-1.660000 -116.473010 
-1.730000 -129.768002 
-1.800000 -127.868718 
-1.870000 -139.264426 
-1.940000 -150.660134 
-2.010000 -158.257272 
-2.080000 -162.055842 
-2.150000 -158.257272 
-2.220000 -165.854411 
-2.290000 -165.854411 
-2.360000 -175.350834 
-2.430000 -186.746542 
-2.500000 -196.242966 
-2.430000 -201.940820 
-2.360000 -219.034382 
-2.290000 -222.832951 
-2.220000 -222.832951 
-2.150000 -226.631520 
-2.080000 -228.530805 
-2.010000 -226.631520 
-1.940000 -228.530805 
-1.870000 -234.228659 
-1.800000 -226.631520 
-1.730000 -226.631520 
-1.660000 -226.631520 
-1.590000 -226.631520 
-1.520000 -226.631520 
-1.450000 -224.732236 
-1.380000 -220.933666 
-1.310000 -224.732236 
-1.240000 -226.631520 
-1.170000 -215.235812 
-1.100000 -215.235812 
-1.030000 -215.235812 
-0.960000 -211.437243 
-0.890000 -209.537958 
-0.820000 -205.739389 
-0.750000 -196.242966 
-0.680000 -196.242966 
-0.610000 -198.142250 
-0.540000 -194.343681 
-0.470000 -182.947973 
-0.400000 -179.149404 
-0.330000 -150.660134 
-0.260000 -148.760849 
-0.190000 -150.660134 
-0.120000 -139.264426 
-0.050000 -129.768002 
0.020000 -125.969433 
0.090000 -124.070148 
0.160000 -105.077302 
0.230000 -82.285886 
0.300000 -51.897331 
0.370000 -27.206631 
0.440000 3.181924 
0.510000 3.181924 
0.580000 25.973340 
0.650000 27.872625 
0.720000 39.268333 
0.790000 52.563325 
0.860000 52.563325 
0.930000 58.261179 
1.000000 58.261179 
1.070000 58.261179 
1.140000 75.354741 
1.210000 65.858318 
1.280000 69.656887 
1.350000 90.549019 
1.420000 90.549019 
1.490000 94.347588 
1.560000 107.642581 
1.630000 107.642581 
1.700000 122.836858 
1.770000 130.433997 
1.840000 128.534712 
1.910000 141.829705 
1.980000 139.930420 
2.050000 153.225412 
2.120000 158.923266 
2.190000 160.822551 
2.260000 176.016828 
2.330000 183.613967 
2.400000 191.211106 
2.470000 196.908960 
2.460000 204.506098 
2.390000 214.002522 
2.320000 210.203952 
2.250000 225.398230 
2.180000 215.901806 
2.110000 212.103237 
2.040000 223.498945 
1.970000 234.894653 
1.900000 219.700376 
1.830000 217.801091 
1.760000 223.498945 
1.690000 215.901806 
1.620000 242.491792 
1.550000 225.398230 
1.480000 225.398230 
1.410000 225.398230 
1.340000 214.002522 
1.270000 214.002522 
1.200000 210.203952 
1.130000 204.506098 
1.060000 204.506098 
0.990000 204.506098 
0.920000 193.110390 
0.850000 193.110390 
0.780000 187.412536 
0.710000 183.613967 
0.640000 183.613967 
0.570000 189.311821 
0.500000 177.916113 
0.430000 168.419690 
0.360000 168.419690 
0.290000 153.225412 
0.220000 149.426843 
0.150000 139.930420 
0.080000 138.031135 
0.010000 139.930420 
-0.060000 136.131851 
-0.130000 126.635427 
-0.200000 113.340435 
-0.270000 111.441150 
-0.340000 92.448303 
-0.410000 90.549019 
-0.480000 65.858318 
-0.550000 29.771909 
-0.620000 -13.911638 
-0.690000 -27.206631 
-0.760000 -76.588032 
-0.830000 -53.796616 
-0.900000 -61.393755 
-0.970000 -61.393755 
-1.040000 -68.990893 
-1.110000 -78.487316 
-1.180000 -82.285886 
-1.250000 -82.285886 
-1.320000 -84.185170 
-1.390000 -89.883024 
-1.460000 -93.681594 
-1.530000 -105.077302 
-1.600000 -110.775156 
-1.670000 -120.271579 
-1.740000 -129.768002 
-1.810000 -131.667287 
-1.880000 -137.365141 
-1.950000 -148.760849 
-2.020000 -148.760849 
-2.090000 -162.055842 
-2.160000 -165.854411 
-2.230000 -165.854411 
-2.300000 -181.048688 
-2.370000 -177.250119 
-2.440000 -181.048688 
-2.490000 -190.545112 
-2.420000 -203.840104 
-2.350000 -215.235812 
-2.280000 -230.430090 
-2.210000 -230.430090 
-2.140000 -226.631520 
-2.070000 -232.329374 
-2.000000 -228.530805 
-1.930000 -228.530805 
-1.860000 -228.530805 
-1.790000 -230.430090 
-1.720000 -222.832951 
-1.650000 -219.034382 
-1.580000 -220.933666 
-1.510000 -220.933666 
-1.440000 -219.034382 
-1.370000 -232.329374 
-1.300000 -219.034382 
-1.230000 -215.235812 
-1.160000 -224.732236 
-1.090000 -219.034382 
-1.020000 -211.437243 
-0.950000 -209.537958 
-0.880000 -213.336528 
-0.810000 -209.537958 
-0.740000 -213.336528 
-0.670000 -196.242966 
-0.600000 -192.444396 
-0.530000 -188.645827 
-0.460000 -182.947973 
-0.390000 -173.451550 
-0.320000 -152.559418 
-0.250000 -150.660134 
-0.180000 -146.861564 
-0.110000 -139.264426 
-0.040000 -129.768002 
0.030000 -122.170864 
0.100000 -112.674440 
0.170000 -108.875871 
0.240000 -68.990893 
0.310000 -46.199477 
0.380000 -36.703054 
0.450000 -12.012353 
0.520000 18.376201 
0.590000 14.577632 
0.660000 29.771909 
0.730000 41.167617 
0.800000 46.865471 
0.870000 50.664041 
0.940000 62.059749 
1.010000 52.563325 
1.080000 63.959033 
1.150000 62.059749 
1.220000 65.858318 
1.290000 65.858318 
1.360000 77.254026 
1.430000 88.649734 
1.500000 100.045442 
1.570000 100.045442 
1.640000 109.541865 
1.710000 113.340435 
1.780000 132.333281 
1.850000 134.232566 
1.920000 139.930420 
1.990000 145.628274 
2.060000 145.628274 
2.130000 130.433997 
2.200000 160.822551 
2.270000 170.318974 
2.340000 176.016828 
2.410000 185.513252 
2.480000 187.412536 
2.450000 206.405383 
2.380000 215.901806 
2.310000 212.103237 
2.240000 219.700376 
2.170000 219.700376 
2.100000 214.002522 
2.030000 225.398230 
1.960000 225.398230 
1.890000 219.700376 
1.820000 214.002522 
1.750000 221.599660 
1.680000 221.599660 
1.610000 231.096084 
1.540000 219.700376 
1.470000 217.801091 
1.400000 221.599660 
1.330000 214.002522 
1.260000 225.398230 
1.190000 212.103237 
1.120000 198.808244 
1.050000 200.707529 
0.980000 198.808244 
0.910000 191.211106 
0.840000 195.009675 
0.770000 191.211106 
0.700000 177.916113 
0.630000 174.117544 
0.560000 181.714682 
0.490000 176.016828 
0.420000 160.822551 
0.350000 157.023982 
0.280000 151.326128 
0.210000 143.728989 
0.140000 143.728989 
0.070000 134.232566 
-0.000000 134.232566 
-0.070000 130.433997 
-0.140000 115.239719 
-0.210000 109.541865 
-0.280000 94.347588 
-0.350000 82.951880 
-0.420000 71.556172 
-0.490000 31.671194 
-0.560000 -0.616645 
-0.630000 -17.710207 
-0.700000 -32.904485 
-0.770000 -44.300193 
-0.840000 -48.098762 
-0.910000 -97.480163 
-0.980000 -65.192324 
-1.050000 -68.990893 
-1.120000 -78.487316 
-1.190000 -74.688747 
-1.260000 -72.789462 
-1.330000 -86.084455 
-1.400000 -97.480163 
-1.470000 -89.883024 
-1.540000 -101.278732 
-1.610000 -112.674440 
-1.680000 -112.674440 
-1.750000 -124.070148 
-1.820000 -135.465856 
-1.890000 -141.163710 
-1.960000 -143.062995 
-2.030000 -156.357988 
-2.100000 -150.660134 
-2.170000 -167.753696 
-2.240000 -177.250119 
-2.310000 -167.753696 
-2.380000 -182.947973 
-2.450000 -188.645827 
-2.480000 -205.739389 
-2.410000 -205.739389 
-2.340000 -217.135097 
-2.270000 -224.732236 
-2.200000 -224.732236 
-2.130000 -226.631520 
-2.060000 -224.732236 
-1.990000 -220.933666 
-1.920000 -220.933666 
-1.850000 -226.631520 
-1.780000 -226.631520 
-1.710000 -224.732236 
-1.640000 -224.732236 
-1.570000 -228.530805 
-1.500000 -219.034382 
-1.430000 -219.034382 
-1.360000 -219.034382 
-1.290000 -220.933666 
-1.220000 -220.933666 
-1.150000 -211.437243 
-1.080000 -211.437243 
-1.010000 -211.437243 
-0.940000 -213.336528 
-0.870000 -209.537958 
-0.800000 -205.739389 
-0.730000 -196.242966 
-0.660000 -203.840104 
-0.590000 -188.645827 
-0.520000 -188.645827 
-0.450000 -181.048688 
-0.380000 -165.854411 
-0.310000 -156.357988 
-0.240000 -146.861564 
-0.170000 -139.264426 
-0.100000 -143.062995 
-0.030000 -131.667287 
0.040000 -118.372294 
0.110000 -112.674440 
0.180000 -110.775156 
0.250000 -78.487316 
0.320000 -44.300193 
0.390000 -27.206631 
0.460000 -6.314499 
0.530000 12.678347 
0.600000 20.275486 
0.670000 25.973340 
0.740000 39.268333 
0.810000 48.764756 
0.880000 52.563325 
0.950000 58.261179 
1.020000 52.563325 
1.090000 58.261179 
1.160000 62.059749 
1.230000 75.354741 
1.300000 71.556172 
1.370000 81.052595 
1.440000 100.045442 
1.510000 94.347588 
1.580000 107.642581 
1.650000 111.441150 
1.720000 124.736143 
1.790000 134.232566 
1.860000 134.232566 
1.930000 139.930420 
2.000000 143.728989 
2.070000 147.527558 
2.140000 158.923266 
2.210000 160.822551 
2.280000 164.621120 
2.350000 187.412536 
2.420000 189.311821 
2.490000 198.808244 
2.440000 196.908960 
2.370000 214.002522 
2.300000 208.304668 
2.230000 214.002522 
2.160000 219.700376 
2.090000 214.002522 
2.020000 225.398230 
1.950000 229.196799 
1.880000 223.498945 
1.810000 210.203952 
1.740000 221.599660 
1.670000 221.599660 
1.600000 238.693222 
1.530000 227.297514 
1.460000 217.801091 
1.390000 231.096084 
1.320000 217.801091 
1.250000 214.002522 
1.180000 206.405383 
1.110000 206.405383 
1.040000 204.506098 
0.970000 204.506098 
0.900000 179.815398 
0.830000 196.908960 
0.760000 187.412536 
0.690000 183.613967 
0.620000 176.016828 
0.550000 183.613967 
0.480000 179.815398 
0.410000 168.419690 
0.340000 162.721836 
0.270000 153.225412 
0.200000 147.527558 
0.130000 141.829705 
0.060000 143.728989 
-0.010000 134.232566 
-0.080000 124.736143 
-0.150000 119.038289 
-0.220000 107.642581 
-0.290000 100.045442 
-0.360000 82.951880 
-0.430000 67.757603 
-0.500000 39.268333 
-0.570000 1.282639 
-0.640000 -15.810923 
-0.710000 -32.904485 
-0.780000 -42.400908 
-0.850000 -48.098762 
-0.920000 -55.695901 
-0.990000 -55.695901 
-1.060000 -72.789462 
-1.130000 -78.487316 
-1.200000 -76.588032 
-1.270000 -82.285886 
-1.340000 -80.386601 
-1.410000 -87.983740 
-1.480000 -103.178017 
-1.550000 -97.480163 
-1.620000 -112.674440 
-1.690000 -118.372294 
-1.760000 -122.170864 
-1.830000 -129.768002 
-1.900000 -133.566572 
-1.970000 -144.962280 
-2.040000 -154.458703 
-2.110000 -154.458703 
-2.180000 -158.257272 
-2.250000 -165.854411 
-2.320000 -171.552265 
-2.390000 -167.753696 
-2.460000 -196.242966 
-2.470000 -207.638674 
-2.400000 -215.235812 
-2.330000 -211.437243 
-2.260000 -224.732236 
-2.190000 -226.631520 
-2.120000 -230.430090 
-2.050000 -222.832951 
-1.980000 -220.933666 
-1.910000 -226.631520 
-1.840000 -226.631520 
-1.770000 -222.832951 
-1.700000 -232.329374 
-1.630000 -228.530805 
-1.560000 -228.530805 
-1.490000 -215.235812 
-1.420000 -217.135097 
-1.350000 -219.034382 
-1.280000 -220.933666 
-1.210000 -219.034382 
-1.140000 -211.437243 
-1.070000 -209.537958 
-1.000000 -207.638674 
-0.930000 -205.739389 
-0.860000 -203.840104 
-0.790000 -200.041535 
-0.720000 -203.840104 
-0.650000 -196.242966 
-0.580000 -190.545112 
-0.510000 -184.847258 
-0.440000 -182.947973 
-0.370000 -167.753696 
-0.300000 -146.861564 
-0.230000 -144.962280 
-0.160000 -137.365141 
-0.090000 -118.372294 
-0.020000 -124.070148 
0.050000 -116.473010 
0.120000 -118.372294 
0.190000 -87.983740 
0.260000 -57.595185 
0.330000 -32.904485 
0.400000 -8.213784 
0.470000 8.879778 
0.540000 16.476917 
0.610000 24.074055 
0.680000 33.570479 
0.750000 33.570479 
0.820000 41.167617 
0.890000 46.865471 
0.960000 58.261179 
1.030000 58.261179 
1.100000 63.959033 
1.170000 62.059749 
1.240000 63.959033 
1.310000 75.354741 
1.380000 94.347588 
1.450000 92.448303 
1.520000 100.045442 
1.590000 103.844011 
1.660000 115.239719 
1.730000 130.433997 
1.800000 132.333281 
1.870000 139.930420 
1.940000 130.433997 
2.010000 141.829705 
2.080000 157.023982 
2.150000 160.822551 
2.220000 160.822551 
2.290000 174.117544 
2.360000 181.714682 
2.430000 187.412536 
2.500000 185.513252 
2.430000 202.606814 
2.360000 214.002522 
2.290000 212.103237 
2.220000 225.398230 
2.150000 214.002522 
2.080000 214.002522 
2.010000 229.196799 
1.940000 227.297514 
1.870000 221.599660 
1.800000 215.901806 
1.730000 227.297514 
1.660000 227.297514 
1.590000 229.196799 
1.520000 221.599660 
1.450000 215.901806 
1.380000 229.196799 
1.310000 212.103237 
1.240000 214.002522 
1.170000 212.103237 
1.100000 200.707529 
1.030000 198.808244 
0.960000 196.908960 
0.890000 189.311821 
0.820000 195.009675 
0.750000 187.412536 
0.680000 181.714682 
0.610000 181.714682 
0.540000 183.613967 
0.470000 170.318974 
0.400000 158.923266 
0.330000 158.923266 
0.260000 147.527558 
0.190000 149.426843 
0.120000 145.628274 
0.050000 139.930420 
-0.020000 139.930420 
-0.090000 130.433997 
-0.160000 94.347588 
-0.230000 100.045442 
-0.300000 92.448303 
-0.370000 82.951880 
-0.440000 65.858318 
-0.510000 29.771909 
-0.580000 3.181924 
-0.650000 -13.911638 
-0.720000 -31.005200 
-0.790000 -44.300193 
-0.860000 -51.897331 
-0.930000 -57.595185 
-1.000000 -61.393755 
-1.070000 -70.890178 
-1.140000 -74.688747 
-1.210000 -87.983740 
-1.280000 -80.386601 
-1.350000 -82.285886 
-1.420000 -99.379448 
-1.490000 -99.379448 
-1.560000 -105.077302 
-1.630000 -116.473010 
-1.700000 -120.271579 
-1.770000 -120.271579 
-1.840000 -137.365141 
-1.910000 -144.962280 
-1.980000 -144.962280 
-2.050000 -144.962280 
-2.120000 -163.955126 
-2.190000 -165.854411 
-2.260000 -162.055842 
-2.330000 -169.652980 
-2.400000 -181.048688 
-2.470000 -192.444396 
-2.460000 -201.940820 
-2.390000 -211.437243 
-2.320000 -209.537958 
-2.250000 -219.034382 
-2.180000 -226.631520 
-2.110000 -226.631520 
-2.040000 -224.732236 
-1.970000 -228.530805 
-1.900000 -224.732236 
-1.830000 -230.430090 
-1.760000 -232.329374 
-1.690000 -228.530805 
-1.620000 -230.430090 
-1.550000 -222.832951 
-1.480000 -219.034382 
-1.410000 -226.631520 
-1.340000 -222.832951 
-1.270000 -219.034382 
-1.200000 -222.832951 
-1.130000 -211.437243 
-1.060000 -213.336528 
-0.990000 -203.840104 
-0.920000 -201.940820 
-0.850000 -205.739389 
-0.780000 -196.242966 
-0.710000 -194.343681 
-0.640000 -192.444396 
-0.570000 -194.343681 
-0.500000 -190.545112 
-0.430000 -179.149404 
-0.360000 -158.257272 
-0.290000 -152.559418 
-0.220000 -143.062995 
-0.150000 -139.264426 
-0.080000 -135.465856 
-0.010000 -127.868718 
0.060000 -116.473010 
0.130000 -110.775156 
0.200000 -89.883024 
0.270000 -57.595185 
0.340000 -29.105915 
0.410000 -6.314499 
0.480000 8.879778 
0.550000 27.872625 
0.620000 25.973340 
0.690000 35.469763 
0.760000 44.966187 
0.830000 43.066902 
0.900000 56.361895 
0.970000 56.361895 
1.040000 54.462610 
1.110000 60.160464 
1.180000 71.556172 
1.250000 60.160464 
1.320000 73.455457 
1.390000 81.052595 
1.460000 90.549019 
1.530000 98.146157 
1.600000 107.642581 
1.670000 120.937573 
1.740000 128.534712 
1.810000 130.433997 
1.880000 136.131851 
1.950000 138.031135 
2.020000 149.426843 
2.090000 158.923266 
2.160000 164.621120 
2.230000 155.124697 
2.300000 170.318974 
2.370000 179.815398 
2.440000 193.110390 
2.490000 191.211106 
2.420000 206.405383 
2.350000 217.801091 
2.280000 215.901806 
2.210000 214.002522 
2.140000 215.901806 
2.070000 212.103237 
2.000000 236.793938 
1.930000 221.599660 
1.860000 214.002522 
1.790000 214.002522 
1.720000 217.801091 
1.650000 221.599660 
1.580000 236.793938 
1.510000 215.901806 
1.440000 219.700376 
1.370000 221.599660 
1.300000 214.002522 
1.230000 215.901806 
1.160000 208.304668 
1.090000 202.606814 
1.020000 204.506098 
0.950000 200.707529 
0.880000 196.908960 
0.810000 196.908960 
0.740000 183.613967 
0.670000 179.815398 
0.600000 181.714682 
0.530000 185.513252 
0.460000 174.117544 
0.390000 170.318974 
0.320000 160.822551 
0.250000 151.326128 
0.180000 153.225412 
0.110000 151.326128 
0.040000 143.728989 
-0.030000 139.930420 
-0.100000 130.433997 
-0.170000 109.541865 
-0.240000 100.045442 
-0.310000 90.549019 
-0.380000 79.153311 
-0.450000 77.254026 
-0.520000 39.268333 
-0.590000 3.181924 
-0.660000 -15.810923 
-0.730000 -21.508777 
-0.800000 -42.400908 
-0.870000 -46.199477 
-0.940000 -51.897331 
-1.010000 -65.192324 
-1.080000 -67.091609 
-1.150000 -68.990893 
-1.220000 -80.386601 
-1.290000 -82.285886 
-1.360000 -87.983740 
-1.430000 -106.976586 
-1.500000 -87.983740 
-1.570000 -110.775156 
-1.640000 -114.573725 
-1.710000 -122.170864 
-1.780000 -122.170864 
-1.850000 -131.667287 
-1.920000 -143.062995 
-1.990000 -146.861564 
-2.060000 -150.660134 
-2.130000 -154.458703 
-2.200000 -160.156557 
-2.270000 -173.451550 
-2.340000 -181.048688 
-2.410000 -188.645827 
-2.480000 -198.142250 
-2.450000 -203.840104 
-2.380000 -213.336528 
-2.310000 -215.235812 
-2.240000 -217.135097 
-2.170000 -219.034382 
-2.100000 -226.631520 
-2.030000 -226.631520 
-1.960000 -226.631520 
-1.890000 -232.329374 
-1.820000 -228.530805 
-1.750000 -228.530805 
-1.680000 -224.732236 
-1.610000 -226.631520 
-1.540000 -224.732236 
-1.470000 -222.832951 
-1.400000 -220.933666 
-1.330000 -220.933666 
-1.260000 -219.034382 
-1.190000 -219.034382 
-1.120000 -217.135097 
-1.050000 -213.336528 
-0.980000 -203.840104 
-0.910000 -207.638674 
-0.840000 -203.840104 
-0.770000 -205.739389 
-0.700000 -198.142250 
-0.630000 -200.041535 
-0.560000 -194.343681 
-0.490000 -182.947973 
-0.420000 -175.350834 
-0.350000 -156.357988 
-0.280000 -144.962280 
-0.210000 -143.062995 
-0.140000 -135.465856 
-0.070000 -129.768002 
0.000000 -124.070148 
0.070000 -118.372294 
0.140000 -106.976586 
0.210000 -84.185170 
0.280000 -51.897331 
0.350000 -31.005200 
0.420000 -13.911638 
0.490000 6.980493 
0.560000 6.980493 
0.630000 33.570479 
0.700000 33.570479 
0.770000 46.865471 
0.840000 1.282639 
0.910000 50.664041 
0.980000 52.563325 
1.050000 58.261179 
1.120000 58.261179 
1.190000 58.261179 
1.260000 69.656887 
1.330000 73.455457 
1.400000 82.951880 
1.470000 88.649734 
1.540000 100.045442 
1.610000 109.541865 
1.680000 120.937573 
1.750000 124.736143 
1.820000 134.232566 
1.890000 136.131851 
1.960000 132.333281 
2.030000 139.930420 
2.100000 157.023982 
2.170000 151.326128 
2.240000 160.822551 
2.310000 172.218259 
2.380000 174.117544 
2.450000 181.714682 
2.480000 185.513252 
2.410000 200.707529 
2.340000 208.304668 
2.270000 212.103237 
2.200000 214.002522 
2.130000 212.103237 
2.060000 215.901806 
1.990000 229.196799 
1.920000 214.002522 
1.850000 219.700376 
1.780000 219.700376 
1.710000 219.700376 
1.640000 227.297514 
1.570000 221.599660 
1.500000 217.801091 
1.430000 221.599660 
1.360000 221.599660 
1.290000 214.002522 
1.220000 208.304668 
1.150000 204.506098 
1.080000 198.808244 
1.010000 202.606814 
0.940000 193.110390 
0.870000 191.211106 
0.800000 189.311821 
0.730000 179.815398 
0.660000 179.815398 
0.590000 181.714682 
0.520000 181.714682 
0.450000 168.419690 
0.380000 166.520405 
0.310000 151.326128 
0.240000 145.628274 
0.170000 139.930420 
0.100000 141.829705 
0.030000 128.534712 
-0.040000 128.534712 
-0.110000 119.038289 
-0.180000 107.642581 
-0.250000 98.146157 
-0.320000 50.664041 
-0.390000 73.455457 
-0.460000 62.059749 
-0.530000 31.671194 
-0.600000 3.181924 
-0.670000 -6.314499 
-0.740000 -32.904485 
-0.810000 -46.199477 
-0.880000 -51.897331 
-0.950000 -59.494470 
-1.020000 -68.990893 
-1.090000 -68.990893 
-1.160000 -70.890178 
-1.230000 -84.185170 
-1.300000 -86.084455 
-1.370000 -84.185170 
-1.440000 -97.480163 
-1.510000 -99.379448 
-1.580000 -103.178017 
-1.650000 -116.473010 
-1.720000 -125.969433 
-1.790000 -127.868718 
-1.860000 -135.465856 
-1.930000 -146.861564 
-2.000000 -154.458703 
-2.070000 -154.458703 
-2.140000 -162.055842 
-2.210000 -162.055842 
-2.280000 -169.652980 
-2.350000 -169.652980 
-2.420000 -182.947973 
-2.490000 -194.343681 
-2.440000 -200.041535 
-2.370000 -205.739389 
-2.300000 -219.034382 
-2.230000 -220.933666 
-2.160000 -230.430090 
-2.090000 -230.430090 
-2.020000 -230.430090 
-1.950000 -226.631520 
-1.880000 -228.530805 
-1.810000 -228.530805 
-1.740000 -222.832951 
-1.670000 -226.631520 
-1.600000 -230.430090 
-1.530000 -220.933666 
-1.460000 -220.933666 
-1.390000 -226.631520 
-1.320000 -220.933666 
-1.250000 -215.235812 
-1.180000 -219.034382 
-1.110000 -213.336528 
-1.040000 -213.336528 
-0.970000 -203.840104 
-0.900000 -201.940820 
-0.830000 -203.840104 
-0.760000 -196.242966 
-0.690000 -194.343681 
-0.620000 -186.746542 
-0.550000 -192.444396 
-0.480000 -182.947973 
-0.410000 -173.451550 
-0.340000 -154.458703 
-0.270000 -152.559418 
-0.200000 -146.861564 
-0.130000 -137.365141 
-0.060000 -129.768002 
0.010000 -124.070148 
0.080000 -118.372294 
0.150000 -108.875871 
0.220000 -82.285886 
0.290000 -46.199477 
0.360000 -25.307346 
0.430000 -2.515930 
0.500000 6.980493 
0.570000 27.872625 
0.640000 24.074055 
0.710000 37.369048 
0.780000 46.865471 
0.850000 44.966187 
0.920000 54.462610 
0.990000 50.664041 
1.060000 62.059749 
1.130000 58.261179 
1.200000 67.757603 
1.270000 67.757603 
1.340000 84.851165 
1.410000 88.649734 
1.480000 98.146157 
1.550000 107.642581 
1.620000 115.239719 
1.690000 120.937573 
1.760000 130.433997 
1.830000 124.736143 
1.900000 139.930420 
1.970000 134.232566 
2.040000 143.728989 
2.110000 160.822551 
2.180000 164.621120 
2.250000 172.218259 
2.320000 191.211106 
2.390000 185.513252 
2.460000 193.110390 
2.470000 193.110390 
2.400000 212.103237 
2.330000 208.304668 
2.260000 191.211106 
2.190000 215.901806 
2.120000 208.304668 
2.050000 215.901806 
1.980000 229.196799 
1.910000 217.801091 
1.840000 198.808244 
1.770000 219.700376 
1.700000 219.700376 
1.630000 229.196799 
1.560000 221.599660 
1.490000 210.203952 
1.420000 217.801091 
1.350000 215.901806 
1.280000 214.002522 
1.210000 214.002522 
1.140000 204.506098 
1.070000 204.506098 
1.000000 204.506098 
0.930000 195.009675 
0.860000 187.412536 
0.790000 189.311821 
0.720000 181.714682 
0.650000 176.016828 
0.580000 181.714682 
0.510000 172.218259 
0.440000 164.621120 
0.370000 166.520405 
0.300000 160.822551 
0.230000 149.426843 
0.160000 158.923266 
0.090000 138.031135 
0.020000 132.333281 
-0.050000 128.534712 
-0.120000 122.836858 
-0.190000 111.441150 
-0.260000 105.743296 
-0.330000 90.549019 
-0.400000 79.153311 
-0.470000 63.959033 
-0.540000 29.771909 
-0.610000 -10.113069 
-0.680000 -21.508777 
-0.750000 -29.105915 
-0.820000 -36.703054 
-0.890000 -59.494470 
-0.960000 -61.393755 
-1.030000 -63.293039 
-1.100000 -67.091609 
-1.170000 -68.990893 
-1.240000 -84.185170 
-1.310000 -82.285886 
-1.380000 -86.084455 
-1.450000 -91.782309 
-1.520000 -99.379448 
-1.590000 -106.976586 
-1.660000 -114.573725 
-1.730000 -120.271579 
-1.800000 -135.465856 
-1.870000 -135.465856 
-1.940000 -143.062995 
-2.010000 -146.861564 
-2.080000 -154.458703 
-2.150000 -156.357988 
-2.220000 -158.257272 
-2.290000 -167.753696 
-2.360000 -171.552265 
-2.430000 -182.947973 
-2.500000 -205.739389 
-2.430000 -203.840104 
-2.360000 -211.437243 
-2.290000 -220.933666 
-2.220000 -220.933666 
-2.150000 -228.530805 
-2.080000 -220.933666 
-2.010000 -224.732236 
-1.940000 -228.530805 
-1.870000 -224.732236 
-1.800000 -234.228659 
-1.730000 -230.430090 
-1.660000 -226.631520 
-1.590000 -215.235812 
-1.520000 -228.530805 
-1.450000 -220.933666 
-1.380000 -219.034382 
-1.310000 -219.034382 
-1.240000 -219.034382 
-1.170000 -211.437243 
-1.100000 -217.135097 
-1.030000 -205.739389 
-0.960000 -203.840104 
-0.890000 -209.537958 
-0.820000 -201.940820 
-0.750000 -196.242966 
-0.680000 -200.041535 
-0.610000 -190.545112 
-0.540000 -190.545112 
-0.470000 -179.149404 
-0.400000 -181.048688 
-0.330000 -154.458703 
-0.260000 -143.062995 
-0.190000 -131.667287 
-0.120000 -133.566572 
-0.050000 -133.566572 
0.020000 -124.070148 
0.090000 -120.271579 
0.160000 -114.573725 
0.230000 -78.487316 
0.300000 -48.098762 
0.370000 -29.105915 
0.440000 -25.307346 
0.510000 8.879778 
0.580000 16.476917 
0.650000 22.174771 
0.720000 33.570479 
0.790000 39.268333 
0.860000 52.563325 
0.930000 50.664041 
1.000000 56.361895 
1.070000 54.462610 
1.140000 63.959033 
1.210000 75.354741 
1.280000 73.455457 
1.350000 77.254026 
1.420000 90.549019 
1.490000 103.844011 
1.560000 96.246873 
1.630000 105.743296 
1.700000 126.635427 
1.770000 124.736143 
1.840000 134.232566 
1.910000 138.031135 
1.980000 138.031135 
2.050000 141.829705 
2.120000 158.923266 
2.190000 158.923266 
2.260000 164.621120 
2.330000 177.916113 
2.400000 185.513252 
2.470000 193.110390 
2.460000 196.908960 
2.390000 210.203952 
2.320000 210.203952 
2.250000 219.700376 
2.180000 215.901806 
2.110000 206.405383 
2.040000 231.096084 
1.970000 231.096084 
1.900000 214.002522 
1.830000 208.304668 
1.760000 214.002522 
1.690000 221.599660 
1.620000 227.297514 
1.550000 219.700376 
1.480000 217.801091 
1.410000 217.801091 
1.340000 215.901806 
1.270000 214.002522 
1.200000 206.405383 
1.130000 206.405383 
1.060000 202.606814 
0.990000 202.606814 
0.920000 196.908960 
0.850000 193.110390 
0.780000 187.412536 
0.710000 176.016828 
0.640000 181.714682 
0.570000 181.714682 
0.500000 170.318974 
0.430000 166.520405 
0.360000 166.520405 
0.290000 153.225412 
0.220000 151.326128 
0.150000 147.527558 
0.080000 138.031135 
0.010000 134.232566 
-0.060000 126.635427 
-0.130000 122.836858 
-0.200000 107.642581 
-0.270000 100.045442 
-0.340000 90.549019 
-0.410000 82.951880 
-0.480000 69.656887 
-0.550000 31.671194 
-0.620000 -0.616645 
-0.690000 -29.105915 
-0.760000 -32.904485 
-0.830000 -44.300193 
-0.900000 -51.897331 
-0.970000 -53.796616 
-1.040000 -72.789462 
-1.110000 -78.487316 
-1.180000 -72.789462 
-1.250000 -78.487316 
-1.320000 -89.883024 
-1.390000 -91.782309 
-1.460000 -99.379448 
-1.530000 -103.178017 
-1.600000 -110.775156 
-1.670000 -112.674440 
-1.740000 -120.271579 
-1.810000 -129.768002 
-1.880000 -135.465856 
-1.950000 -143.062995 
-2.020000 -152.559418 
-2.090000 -150.660134 
-2.160000 -156.357988 
-2.230000 -163.955126 
-2.300000 -169.652980 
-2.370000 -181.048688 
-2.440000 -184.847258 
-2.490000 -200.041535 
-2.420000 -203.840104 
-2.350000 -217.135097 
-2.280000 -217.135097 
-2.210000 -222.832951 
-2.140000 -224.732236 
-2.070000 -220.933666 
-2.000000 -224.732236 
-1.930000 -232.329374 
-1.860000 -228.530805 
-1.790000 -230.430090 
-1.720000 -226.631520 
-1.650000 -226.631520 
-1.580000 -224.732236 
-1.510000 -215.235812 
-1.440000 -215.235812 
-1.370000 -220.933666 
-1.300000 -217.135097 
-1.230000 -213.336528 
-1.160000 -215.235812 
-1.090000 -209.537958 
-1.020000 -201.940820 
-0.950000 -201.940820 
-0.880000 -203.840104 
-0.810000 -194.343681 
-0.740000 -203.840104 
-0.670000 -196.242966 
-0.600000 -190.545112 
-0.530000 -182.947973 
-0.460000 -186.746542 
-0.390000 -171.552265 
-0.320000 -156.357988 
-0.250000 -148.760849 
-0.180000 -137.365141 
-0.110000 -137.365141 
-0.040000 -133.566572 
0.030000 -125.969433 
0.100000 -116.473010 
0.170000 -108.875871 
0.240000 -72.789462 
0.310000 -49.998047 
0.380000 -32.904485 
0.450000 -0.616645 
0.520000 10.779063 
0.590000 14.577632 
0.660000 22.174771 
0.730000 39.268333 
0.800000 35.469763 
0.870000 46.865471 
0.940000 54.462610 
1.010000 16.476917 
1.080000 62.059749 
1.150000 60.160464 
1.220000 69.656887 
1.290000 77.254026 
1.360000 88.649734 
1.430000 84.851165 
1.500000 98.146157 
1.570000 105.743296 
1.640000 111.441150 
1.710000 122.836858 
1.780000 130.433997 
1.850000 143.728989 
1.920000 138.031135 
1.990000 139.930420 
2.060000 145.628274 
2.130000 158.923266 
2.200000 162.721836 
2.270000 177.916113 
2.340000 181.714682 
2.410000 183.613967 
2.480000 189.311821 
2.450000 196.908960 
2.380000 204.506098 
2.310000 212.103237 
2.240000 215.901806 
2.170000 210.203952 
2.100000 210.203952 
2.030000 227.297514 
1.960000 214.002522 
1.890000 215.901806 
1.820000 219.700376 
1.750000 221.599660 
1.680000 215.901806 
1.610000 227.297514 
1.540000 221.599660 
1.470000 219.700376 
1.400000 221.599660 
1.330000 210.203952 
1.260000 215.901806 
1.190000 210.203952 
1.120000 198.808244 
1.050000 195.009675 
0.980000 198.808244 
0.910000 187.412536 
0.840000 191.211106 
0.770000 183.613967 
0.700000 177.916113 
0.630000 181.714682 
0.560000 177.916113 
0.490000 174.117544 
0.420000 166.520405 
0.350000 164.621120 
0.280000 151.326128 
0.210000 130.433997 
0.140000 141.829705 
0.070000 136.131851 
-0.000000 130.433997 
-0.070000 124.736143 
-0.140000 119.038289 
-0.210000 111.441150 
-0.280000 92.448303 
-0.350000 84.851165 
-0.420000 75.354741 
-0.490000 39.268333 
-0.560000 3.181924 
-0.630000 -12.012353 
-0.700000 -21.508777 
-0.770000 -38.602339 
-0.840000 -51.897331 
-0.910000 -57.595185 
-0.980000 -61.393755 
-1.050000 -72.789462 
-1.120000 -70.890178 
-1.190000 -63.293039 
-1.260000 -84.185170 
-1.330000 -84.185170 
-1.400000 -87.983740 
-1.470000 -91.782309 
-1.540000 -103.178017 
-1.610000 -105.077302 
-1.680000 -112.674440 
-1.750000 -129.768002 
-1.820000 -137.365141 
-1.890000 -146.861564 
-1.960000 -150.660134 
-2.030000 -152.559418 
-2.100000 -154.458703 
-2.170000 -162.055842 
-2.240000 -167.753696 
-2.310000 -175.350834 
-2.380000 -169.652980 
-2.450000 -192.444396 
-2.480000 -205.739389 
-2.410000 -209.537958 
-2.340000 -211.437243 
-2.270000 -219.034382 
-2.200000 -220.933666 
-2.130000 -226.631520 
-2.060000 -226.631520 
-1.990000 -228.530805 
-1.920000 -228.530805 
-1.850000 -224.732236 
-1.780000 -226.631520 
-1.710000 -257.020075 
-1.640000 -222.832951 
-1.570000 -224.732236 
-1.500000 -224.732236 
-1.430000 -222.832951 
-1.360000 -219.034382 
-1.290000 -213.336528 
-1.220000 -211.437243 
-1.150000 -215.235812 
-1.080000 -211.437243 
-1.010000 -209.537958 
-0.940000 -207.638674 
-0.870000 -203.840104 
-0.800000 -200.041535 
-0.730000 -200.041535 
-0.660000 -196.242966 
-0.590000 -192.444396 
-0.520000 -190.545112 
-0.450000 -179.149404 
-0.380000 -175.350834 
-0.310000 -158.257272 
-0.240000 -139.264426 
-0.170000 -135.465856 
-0.100000 -127.868718 
-0.030000 -124.070148 
0.040000 -114.573725 
0.110000 -114.573725 
0.180000 -106.976586 
0.250000 -84.185170 
0.320000 -51.897331 
0.390000 -29.105915 
0.460000 3.181924 
0.530000 8.879778 
0.600000 27.872625 
0.670000 33.570479 
0.740000 39.268333 
0.810000 43.066902 
0.880000 56.361895 
0.950000 56.361895 
1.020000 52.563325 
1.090000 60.160464 
1.160000 54.462610 
1.230000 62.059749 
1.300000 71.556172 
1.370000 90.549019 
1.440000 86.750449 
1.510000 98.146157 
1.580000 113.340435 
1.650000 113.340435 
1.720000 120.937573 
1.790000 120.937573 
1.860000 130.433997 
1.930000 139.930420 
2.000000 136.131851 
2.070000 139.930420 
2.140000 160.822551 
2.210000 157.023982 
2.280000 160.822551 
2.350000 176.016828 
2.420000 179.815398 
2.490000 183.613967 
2.440000 195.009675 
2.370000 210.203952 
2.300000 212.103237 
2.230000 214.002522 
2.160000 214.002522 
2.090000 212.103237 
2.020000 215.901806 
1.950000 232.995368 
1.880000 215.901806 
1.810000 215.901806 
1.740000 214.002522 
1.670000 210.203952 
1.600000 227.297514 
1.530000 221.599660 
1.460000 214.002522 
1.390000 225.398230 
1.320000 217.801091 
1.250000 212.103237 
1.180000 212.103237 
1.110000 200.707529 
1.040000 198.808244 
0.970000 196.908960 
0.900000 191.211106 
0.830000 195.009675 
0.760000 189.311821 
0.690000 183.613967 
0.620000 177.916113 
0.550000 174.117544 
0.480000 179.815398 
0.410000 168.419690 
0.340000 166.520405 
0.270000 155.124697 
0.200000 153.225412 
0.130000 143.728989 
0.060000 139.930420 
-0.010000 138.031135 
-0.080000 136.131851 
-0.150000 113.340435 
-0.220000 109.541865 
-0.290000 103.844011 
-0.360000 81.052595 
-0.430000 69.656887 
-0.500000 39.268333 
-0.570000 1.282639 
-0.640000 -15.810923 
-0.710000 -27.206631 
-0.780000 -42.400908 
-0.850000 -46.199477 
-0.920000 -59.494470 
-0.990000 -63.293039 
-1.060000 -76.588032 
-1.130000 -80.386601 
-1.200000 -82.285886 
-1.270000 -84.185170 
-1.340000 -86.084455 
-1.410000 -89.883024 
-1.480000 -82.285886 
-1.550000 -97.480163 
-1.620000 -105.077302 
-1.690000 -114.573725 
-1.760000 -122.170864 
-1.830000 -135.465856 
-1.900000 -137.365141 
-1.970000 -144.962280 
-2.040000 -150.660134 
-2.110000 -158.257272 
-2.180000 -163.955126 
-2.250000 -162.055842 
-2.320000 -169.652980 
-2.390000 -181.048688 
-2.460000 -186.746542 
-2.470000 -198.142250 
-2.400000 -203.840104 
-2.330000 -209.537958 
-2.260000 -222.832951 
-2.190000 -222.832951 
-2.120000 -220.933666 
-2.050000 -226.631520 
-1.980000 -226.631520 
-1.910000 -232.329374 
-1.840000 -220.933666 
-1.770000 -222.832951 
-1.700000 -219.034382 
-1.630000 -219.034382 
-1.560000 -228.530805 
-1.490000 -220.933666 
-1.420000 -224.732236 
-1.350000 -249.422936 
-1.280000 -219.034382 
-1.210000 -213.336528 
-1.140000 -211.437243 
-1.070000 -215.235812 
-1.000000 -209.537958 
-0.930000 -211.437243 
-0.860000 -211.437243 
-0.790000 -203.840104 
-0.720000 -203.840104 
-0.650000 -203.840104 
-0.580000 -192.444396 
-0.510000 -184.847258 
-0.440000 -175.350834 
-0.370000 -163.955126 
-0.300000 -152.559418 
-0.230000 -143.062995 
-0.160000 -143.062995 
-0.090000 -135.465856 
-0.020000 -127.868718 
0.050000 -122.170864 
0.120000 -112.674440 
0.190000 -91.782309 
0.260000 -63.293039 
0.330000 -29.105915 
0.400000 -10.113069 
0.470000 5.081209 
0.540000 16.476917 
0.610000 31.671194 
0.680000 39.268333 
0.750000 35.469763 
0.820000 46.865471 
0.890000 31.671194 
0.960000 58.261179 
1.030000 58.261179 
1.100000 58.261179 
1.170000 58.261179 
1.240000 62.059749 
1.310000 75.354741 
1.380000 84.851165 
1.450000 92.448303 
1.520000 101.944727 
1.590000 115.239719 
1.660000 117.139004 
1.730000 126.635427 
1.800000 130.433997 
1.870000 138.031135 
1.940000 145.628274 
2.010000 145.628274 
2.080000 149.426843 
2.150000 166.520405 
2.220000 164.621120 
2.290000 176.016828 
2.360000 193.110390 
2.430000 191.211106 
2.500000 195.009675 
2.430000 210.203952 
2.360000 219.700376 
2.290000 215.901806 
2.220000 221.599660 
2.150000 215.901806 
2.080000 210.203952 
2.010000 225.398230 
1.940000 221.599660 
1.870000 214.002522 
1.800000 215.901806 
1.730000 219.700376 
1.660000 227.297514 
1.590000 229.196799 
1.520000 219.700376 
1.450000 217.801091 
1.380000 217.801091 
1.310000 214.002522 
1.240000 214.002522 
1.170000 208.304668 
1.100000 196.908960 
1.030000 200.707529 
0.960000 195.009675 
0.890000 196.908960 
0.820000 189.311821 
0.750000 181.714682 
0.680000 179.815398 
0.610000 176.016828 
0.540000 176.016828 
0.470000 166.520405 
0.400000 166.520405 
0.330000 162.721836 
0.260000 153.225412 
0.190000 151.326128 
0.120000 151.326128 
0.050000 145.628274 
-0.020000 139.930420 
-0.090000 132.333281 
-0.160000 120.937573 
-0.230000 105.743296 
-0.300000 96.246873 
-0.370000 88.649734 
-0.440000 63.959033 
-0.510000 35.469763 
-0.580000 1.282639 
-0.650000 -25.307346 
-0.720000 -36.703054 
-0.790000 -44.300193 
-0.860000 -49.998047 
-0.930000 -61.393755 
-1.000000 -67.091609 
-1.070000 -72.789462 
-1.140000 -70.890178 
-1.210000 -74.688747 
-1.280000 -84.185170 
-1.350000 -82.285886 
-1.420000 -89.883024 
-1.490000 -97.480163 
-1.560000 -103.178017 
-1.630000 -112.674440 
-1.700000 -122.170864 
-1.770000 -116.473010 
-1.840000 -135.465856 
-1.910000 -144.962280 
-1.980000 -148.760849 
-2.050000 -148.760849 
-2.120000 -165.854411 
-2.190000 -165.854411 
-2.260000 -167.753696 
-2.330000 -171.552265 
-2.400000 -190.545112 
-2.470000 -188.645827 
-2.460000 -200.041535 
-2.390000 -205.739389 
-2.320000 -220.933666 
-2.250000 -226.631520 
-2.180000 -226.631520 
-2.110000 -224.732236 
-2.040000 -226.631520 
-1.970000 -220.933666 
-1.900000 -230.430090 
-1.830000 -226.631520 
-1.760000 -220.933666 
-1.690000 -220.933666 
-1.620000 -219.034382 
-1.550000 -220.933666 
-1.480000 -219.034382 
-1.410000 -224.732236 
-1.340000 -213.336528 
-1.270000 -219.034382 
-1.200000 -219.034382 
-1.130000 -215.235812 
-1.060000 -211.437243 
-0.990000 -211.437243 
-0.920000 -203.840104 
-0.850000 -207.638674 
-0.780000 -205.739389 
-0.710000 -200.041535 
-0.640000 -201.940820 
-0.570000 -196.242966 
-0.500000 -182.947973 
-0.430000 -177.250119 
-0.360000 -158.257272 
-0.290000 -143.062995 
-0.220000 -137.365141 
-0.150000 -137.365141 
-0.080000 -127.868718 
-0.010000 -125.969433 
0.060000 -118.372294 
0.130000 -114.573725 
0.200000 -76.588032 
0.270000 -49.998047 
0.340000 -29.105915 
0.410000 -8.213784 
0.480000 6.980493 
0.550000 12.678347 
0.620000 27.872625 
0.690000 31.671194 
0.760000 33.570479 
0.830000 39.268333 
0.900000 44.966187 
0.970000 52.563325 
1.040000 54.462610 
1.110000 62.059749 
1.180000 63.959033 
1.250000 67.757603 
1.320000 75.354741 
1.390000 77.254026 
1.460000 90.549019 
1.530000 107.642581 
1.600000 100.045442 
1.670000 120.937573 
1.740000 122.836858 
1.810000 126.635427 
1.880000 136.131851 
1.950000 138.031135 
2.020000 141.829705 
2.090000 160.822551 
2.160000 153.225412 
2.230000 160.822551 
2.300000 179.815398 
2.370000 183.613967 
2.440000 179.815398 
2.490000 181.714682 
2.420000 210.203952 
2.350000 212.103237 
2.280000 208.304668 
2.210000 217.801091 
2.140000 214.002522 
2.070000 210.203952 
2.000000 229.196799 
1.930000 212.103237 
1.860000 212.103237 
1.790000 214.002522 
1.720000 219.700376 
1.650000 221.599660 
1.580000 229.196799 
1.510000 219.700376 
1.440000 221.599660 
1.370000 221.599660 
1.300000 212.103237 
1.230000 214.002522 
1.160000 198.808244 
1.090000 193.110390 
1.020000 202.606814 
0.950000 195.009675 
0.880000 187.412536 
0.810000 183.613967 
0.740000 187.412536 
0.670000 176.016828 
0.600000 168.419690 
0.530000 177.916113 
0.460000 170.318974 
0.390000 162.721836 
0.320000 160.822551 
0.250000 151.326128 
0.180000 143.728989 
0.110000 143.728989 
0.040000 139.930420 
-0.030000 134.232566 
-0.100000 130.433997 
-0.170000 113.340435 
-0.240000 103.844011 
-0.310000 88.649734 
-0.380000 77.254026 
-0.450000 63.959033 
-0.520000 24.074055 
-0.590000 -8.213784 
-0.660000 -15.810923 
-0.730000 -32.904485 
-0.800000 -42.400908 
-0.870000 -46.199477 
-0.940000 -59.494470 
-1.010000 -67.091609 
-1.080000 -70.890178 
-1.150000 -74.688747 
-1.220000 -72.789462 
-1.290000 -78.487316 
-1.360000 -89.883024 
-1.430000 -89.883024 
-1.500000 -101.278732 
-1.570000 -108.875871 
-1.640000 -106.976586 
-1.710000 -114.573725 
-1.780000 -122.170864 
-1.850000 -129.768002 
-1.920000 -143.062995 
-1.990000 -143.062995 
-2.060000 -156.357988 
-2.130000 -165.854411 
-2.200000 -167.753696 
-2.270000 -173.451550 
-2.340000 -175.350834 
-2.410000 -184.847258 
-2.480000 -196.242966 
-2.450000 -203.840104 
-2.380000 -211.437243 
-2.310000 -222.832951 
-2.240000 -220.933666 
-2.170000 -228.530805 
-2.100000 -230.430090 
-2.030000 -220.933666 
-1.960000 -230.430090 
-1.890000 -228.530805 
-1.820000 -228.530805 
-1.750000 -230.430090 
-1.680000 -226.631520 
-1.610000 -226.631520 
-1.540000 -228.530805 
-1.470000 -224.732236 
-1.400000 -220.933666 
-1.330000 -219.034382 
-1.260000 -222.832951 
-1.190000 -219.034382 
-1.120000 -213.336528 
-1.050000 -213.336528 
-0.980000 -209.537958 
-0.910000 -205.739389 
-0.840000 -203.840104 
-0.770000 -200.041535 
-0.700000 -203.840104 
-0.630000 -196.242966 
-0.560000 -182.947973 
-0.490000 -181.048688 
-0.420000 -175.350834 
-0.350000 -158.257272 
-0.280000 -143.062995 
-0.210000 -139.264426 
-0.140000 -137.365141 
-0.070000 -125.969433 
