0.000000 3.181924 
0.025000 -0.616645 
0.050000 3.181924 
0.075000 1.282639 
0.100000 -4.415215 
0.125000 -4.415215 
0.150000 -0.616645 
0.175000 -8.213784 
0.200000 5.081209 
0.225000 1.282639 
0.250000 -0.616645 
0.275000 -2.515930 
0.300000 3.181924 
0.325000 6.980493 
0.350000 5.081209 
0.375000 24.074055 
0.400000 20.275486 
0.425000 27.872625 
0.450000 52.563325 
0.475000 39.268333 
0.500000 39.268333 
0.525000 43.066902 
0.550000 41.167617 
0.575000 50.664041 
0.600000 48.764756 
0.625000 50.664041 
0.650000 44.966187 
0.675000 52.563325 
0.700000 43.066902 
0.725000 50.664041 
0.750000 58.261179 
0.775000 62.059749 
0.800000 18.376201 
0.825000 62.059749 
0.850000 69.656887 
0.875000 75.354741 
0.900000 69.656887 
0.925000 79.153311 
0.950000 84.851165 
0.975000 81.052595 
1.000000 88.649734 
1.025000 81.052595 
1.050000 90.549019 
1.075000 100.045442 
1.100000 98.146157 
1.125000 90.549019 
1.150000 98.146157 
1.175000 107.642581 
1.200000 81.052595 
1.225000 111.441150 
1.250000 109.541865 
1.275000 115.239719 
1.300000 119.038289 
1.325000 115.239719 
1.350000 111.441150 
1.375000 124.736143 
1.400000 124.736143 
1.425000 128.534712 
1.450000 134.232566 
1.475000 134.232566 
1.500000 132.333281 
1.525000 143.728989 
1.550000 149.426843 
1.575000 139.930420 
1.600000 143.728989 
1.625000 149.426843 
1.650000 153.225412 
1.675000 147.527558 
1.700000 160.822551 
1.725000 162.721836 
1.750000 160.822551 
1.775000 166.520405 
1.800000 172.218259 
1.825000 170.318974 
1.850000 177.916113 
1.875000 176.016828 
1.900000 181.714682 
1.925000 179.815398 
1.950000 187.412536 
1.975000 193.110390 
2.000000 191.211106 
2.025000 189.311821 
2.050000 208.304668 
2.075000 198.808244 
2.100000 206.405383 
2.125000 219.700376 
2.150000 210.203952 
2.175000 206.405383 
2.200000 221.599660 
2.225000 215.901806 
2.250000 219.700376 
2.275000 231.096084 
2.300000 215.901806 
2.325000 231.096084 
2.350000 234.894653 
2.375000 231.096084 
2.400000 240.592507 
2.425000 246.290361 
2.450000 240.592507 
2.475000 251.988215 
2.500000 253.887500 
2.475000 259.585354 
2.450000 255.786784 
2.425000 261.484638 
2.400000 263.383923 
2.375000 263.383923 
2.350000 270.981062 
2.325000 265.283208 
2.300000 257.686069 
2.275000 265.283208 
2.250000 269.081777 
2.225000 274.779631 
2.200000 265.283208 
2.175000 274.779631 
2.150000 272.880346 
2.125000 267.182492 
2.100000 267.182492 
2.075000 263.383923 
2.050000 263.383923 
2.025000 274.779631 
2.000000 270.981062 
1.975000 255.786784 
1.950000 259.585354 
1.925000 263.383923 
1.900000 267.182492 
1.875000 255.786784 
1.850000 259.585354 
1.825000 259.585354 
1.800000 255.786784 
1.775000 261.484638 
1.750000 263.383923 
1.725000 257.686069 
1.700000 250.088930 
1.675000 259.585354 
1.650000 259.585354 
1.625000 251.988215 
1.600000 236.793938 
1.575000 240.592507 
1.550000 236.793938 
1.525000 242.491792 
1.500000 236.793938 
1.475000 229.196799 
1.450000 234.894653 
1.425000 227.297514 
1.400000 229.196799 
1.375000 234.894653 
1.350000 231.096084 
1.325000 225.398230 
1.300000 225.398230 
1.275000 231.096084 
1.250000 223.498945 
1.225000 225.398230 
1.200000 212.103237 
1.175000 215.901806 
1.150000 214.002522 
1.125000 210.203952 
1.100000 202.606814 
1.075000 200.707529 
1.050000 208.304668 
1.025000 204.506098 
1.000000 193.110390 
0.975000 191.211106 
0.950000 189.311821 
0.925000 195.009675 
0.900000 183.613967 
0.875000 195.009675 
0.850000 181.714682 
0.825000 176.016828 
0.800000 181.714682 
0.775000 181.714682 
0.750000 168.419690 
0.725000 174.117544 
0.700000 168.419690 
0.675000 164.621120 
0.650000 168.419690 
0.625000 164.621120 
0.600000 160.822551 
0.575000 158.923266 
0.550000 147.527558 
0.525000 153.225412 
0.500000 139.930420 
0.475000 138.031135 
0.450000 132.333281 
0.425000 130.433997 
0.400000 138.031135 
0.375000 128.534712 
0.350000 117.139004 
0.325000 120.937573 
0.300000 122.836858 
0.275000 115.239719 
0.250000 111.441150 
0.225000 107.642581 
0.200000 103.844011 
0.175000 107.642581 
0.150000 98.146157 
0.125000 98.146157 
0.100000 84.851165 
0.075000 92.448303 
0.050000 88.649734 
0.025000 82.951880 
-0.000000 73.455457 
-0.025000 69.656887 
-0.050000 63.959033 
-0.075000 58.261179 
-0.100000 44.966187 
-0.125000 24.074055 
-0.150000 22.174771 
-0.175000 16.476917 
-0.200000 6.980493 
-0.225000 3.181924 
-0.250000 -0.616645 
-0.275000 -13.911638 
-0.300000 -10.113069 
-0.325000 -10.113069 
-0.350000 -15.810923 
-0.375000 -29.105915 
-0.400000 -23.408061 
-0.425000 -38.602339 
-0.450000 -40.501623 
-0.475000 -36.703054 
-0.500000 -44.300193 
-0.525000 -46.199477 
-0.550000 -42.400908 
-0.575000 -46.199477 
-0.600000 -53.796616 
-0.625000 -48.098762 
-0.650000 -49.998047 
-0.675000 -57.595185 
-0.700000 -57.595185 
-0.725000 -55.695901 
-0.750000 -63.293039 
-0.775000 -63.293039 
-0.800000 -61.393755 
-0.825000 -67.091609 
-0.850000 -67.091609 
-0.875000 -65.192324 
-0.900000 -84.185170 
-0.925000 -89.883024 
-0.950000 -87.983740 
-0.975000 -91.782309 
-1.000000 -89.883024 
-1.025000 -93.681594 
-1.050000 -97.480163 
-1.075000 -95.580878 
-1.100000 -99.379448 
-1.125000 -103.178017 
-1.150000 -101.278732 
-1.175000 -101.278732 
-1.200000 -105.077302 
-1.225000 -110.775156 
-1.250000 -110.775156 
-1.275000 -125.969433 
-1.300000 -122.170864 
-1.325000 -129.768002 
-1.350000 -124.070148 
-1.375000 -129.768002 
-1.400000 -135.465856 
-1.425000 -135.465856 
-1.450000 -135.465856 
-1.475000 -144.962280 
-1.500000 -146.861564 
-1.525000 -144.962280 
-1.550000 -158.257272 
-1.575000 -162.055842 
-1.600000 -154.458703 
-1.625000 -163.955126 
-1.650000 -160.156557 
-1.675000 -158.257272 
-1.700000 -171.552265 
-1.725000 -177.250119 
-1.750000 -181.048688 
-1.775000 -182.947973 
-1.800000 -184.847258 
-1.825000 -188.645827 
-1.850000 -179.149404 
-1.875000 -192.444396 
-1.900000 -198.142250 
-1.925000 -196.242966 
-1.950000 -190.545112 
-1.975000 -205.739389 
-2.000000 -205.739389 
-2.025000 -203.840104 
-2.050000 -211.437243 
-2.075000 -217.135097 
-2.100000 -211.437243 
-2.125000 -215.235812 
-2.150000 -228.530805 
-2.175000 -224.732236 
-2.200000 -230.430090 
-2.225000 -232.329374 
-2.250000 -236.127944 
-2.275000 -241.825798 
-2.300000 -234.228659 
-2.325000 -245.624367 
-2.350000 -239.926513 
-2.375000 -238.027228 
-2.400000 -253.221506 
-2.425000 -253.221506 
-2.450000 -251.322221 
-2.475000 -257.020075 
-2.500000 -258.919360 
-2.475000 -264.617214 
-2.450000 -266.516498 
-2.425000 -270.315068 
-2.400000 -274.113637 
-2.375000 -270.315068 
-2.350000 -281.710775 
-2.325000 -274.113637 
-2.300000 -281.710775 
-2.275000 -281.710775 
-2.250000 -283.610060 
-2.225000 -283.610060 
-2.200000 -281.710775 
-2.175000 -270.315068 
-2.150000 -274.113637 
-2.125000 -268.415783 
-2.100000 -279.811491 
-2.075000 -272.214352 
-2.050000 -272.214352 
-2.025000 -276.012922 
-2.000000 -276.012922 
-1.975000 -272.214352 
-1.950000 -270.315068 
-1.925000 -272.214352 
-1.900000 -276.012922 
-1.875000 -281.710775 
-1.850000 -276.012922 
-1.825000 -272.214352 
-1.800000 -266.516498 
-1.775000 -260.818644 
-1.750000 -262.717929 
-1.725000 -257.020075 
-1.700000 -255.120790 
-1.675000 -251.322221 
-1.650000 -249.422936 
-1.625000 -243.725082 
-1.600000 -243.725082 
-1.575000 -249.422936 
-1.550000 -245.624367 
-1.525000 -241.825798 
-1.500000 -230.430090 
-1.475000 -230.430090 
-1.450000 -239.926513 
-1.425000 -226.631520 
-1.400000 -232.329374 
-1.375000 -224.732236 
-1.350000 -219.034382 
-1.325000 -217.135097 
-1.300000 -203.840104 
-1.275000 -201.940820 
-1.250000 -203.840104 
-1.225000 -198.142250 
-1.200000 -203.840104 
-1.175000 -207.638674 
-1.150000 -203.840104 
-1.125000 -200.041535 
-1.100000 -196.242966 
-1.075000 -196.242966 
-1.050000 -188.645827 
-1.025000 -196.242966 
-1.000000 -186.746542 
-0.975000 -177.250119 
-0.950000 -182.947973 
-0.925000 -179.149404 
-0.900000 -169.652980 
-0.875000 -169.652980 
-0.850000 -163.955126 
-0.825000 -158.257272 
-0.800000 -160.156557 
-0.775000 -154.458703 
-0.750000 -162.055842 
-0.725000 -146.861564 
-0.700000 -139.264426 
-0.675000 -143.062995 
-0.650000 -133.566572 
-0.625000 -133.566572 
-0.600000 -139.264426 
-0.575000 -133.566572 
-0.550000 -135.465856 
-0.525000 -120.271579 
-0.500000 -118.372294 
-0.475000 -116.473010 
-0.450000 -116.473010 
-0.425000 -108.875871 
-0.400000 -114.573725 
-0.375000 -105.077302 
-0.350000 -103.178017 
-0.325000 -105.077302 
-0.300000 -89.883024 
-0.275000 -101.278732 
-0.250000 -89.883024 
-0.225000 -87.983740 
-0.200000 -95.580878 
-0.175000 -78.487316 
-0.150000 -80.386601 
-0.125000 -72.789462 
-0.100000 -76.588032 
-0.075000 -67.091609 
-0.050000 -63.293039 
-0.025000 -67.091609 
0.000000 -63.293039 
0.025000 -65.192324 
0.050000 -55.695901 
0.075000 -27.206631 
0.100000 -21.508777 
0.125000 -13.911638 
0.150000 -8.213784 
0.175000 6.980493 
0.200000 -2.515930 
0.225000 -0.616645 
0.250000 1.282639 
0.275000 1.282639 
0.300000 6.980493 
0.325000 5.081209 
0.350000 -0.616645 
0.375000 1.282639 
0.400000 27.872625 
0.425000 16.476917 
0.450000 33.570479 
0.475000 39.268333 
0.500000 44.966187 
0.525000 37.369048 
0.550000 44.966187 
0.575000 16.476917 
0.600000 52.563325 
0.625000 56.361895 
0.650000 44.966187 
0.675000 48.764756 
0.700000 48.764756 
0.725000 54.462610 
0.750000 58.261179 
0.775000 52.563325 
0.800000 63.959033 
0.825000 62.059749 
0.850000 69.656887 
0.875000 75.354741 
0.900000 73.455457 
0.925000 77.254026 
0.950000 77.254026 
0.975000 84.851165 
1.000000 92.448303 
1.025000 82.951880 
1.050000 92.448303 
1.075000 92.448303 
1.100000 98.146157 
1.125000 100.045442 
1.150000 100.045442 
1.175000 103.844011 
1.200000 103.844011 
1.225000 107.642581 
1.250000 113.340435 
1.275000 115.239719 
1.300000 120.937573 
1.325000 120.937573 
1.350000 120.937573 
1.375000 130.433997 
1.400000 126.635427 
1.425000 128.534712 
1.450000 136.131851 
1.475000 138.031135 
1.500000 145.628274 
1.525000 143.728989 
1.550000 141.829705 
1.575000 160.822551 
1.600000 145.628274 
1.625000 147.527558 
1.650000 151.326128 
1.675000 164.621120 
1.700000 162.721836 
1.725000 162.721836 
1.750000 168.419690 
1.775000 166.520405 
1.800000 179.815398 
1.825000 170.318974 
1.850000 143.728989 
1.875000 174.117544 
1.900000 185.513252 
1.925000 177.916113 
1.950000 191.211106 
1.975000 187.412536 
2.000000 191.211106 
2.025000 200.707529 
2.050000 198.808244 
2.075000 176.016828 
2.100000 206.405383 
2.125000 212.103237 
2.150000 195.009675 
2.175000 219.700376 
2.200000 214.002522 
2.225000 214.002522 
2.250000 225.398230 
2.275000 225.398230 
2.300000 221.599660 
2.325000 234.894653 
2.350000 229.196799 
2.375000 227.297514 
2.400000 251.988215 
2.425000 232.995368 
2.450000 236.793938 
2.475000 246.290361 
2.500000 250.088930 
2.475000 265.283208 
2.450000 244.391076 
2.425000 255.786784 
2.400000 253.887500 
2.375000 269.081777 
2.350000 257.686069 
2.325000 261.484638 
2.300000 259.585354 
2.275000 267.182492 
2.250000 274.779631 
2.225000 265.283208 
2.200000 267.182492 
2.175000 270.981062 
2.150000 272.880346 
2.125000 265.283208 
2.100000 263.383923 
2.075000 270.981062 
2.050000 270.981062 
2.025000 265.283208 
2.000000 263.383923 
1.975000 259.585354 
1.950000 261.484638 
1.925000 269.081777 
1.900000 265.283208 
1.875000 263.383923 
1.850000 257.686069 
1.825000 259.585354 
1.800000 276.678916 
1.775000 253.887500 
1.750000 265.283208 
1.725000 251.988215 
1.700000 265.283208 
1.675000 261.484638 
1.650000 246.290361 
1.625000 251.988215 
1.600000 232.995368 
1.575000 234.894653 
1.550000 246.290361 
1.525000 231.096084 
1.500000 236.793938 
1.475000 227.297514 
1.450000 231.096084 
1.425000 231.096084 
1.400000 229.196799 
1.375000 236.793938 
1.350000 231.096084 
1.325000 229.196799 
1.300000 232.995368 
1.275000 225.398230 
1.250000 227.297514 
1.225000 214.002522 
1.200000 212.103237 
1.175000 215.901806 
1.150000 204.506098 
1.125000 214.002522 
1.100000 206.405383 
1.075000 206.405383 
1.050000 200.707529 
1.025000 208.304668 
1.000000 191.211106 
0.975000 193.110390 
0.950000 189.311821 
0.925000 187.412536 
0.900000 191.211106 
0.875000 185.513252 
0.850000 185.513252 
0.825000 177.916113 
0.800000 185.513252 
0.775000 179.815398 
0.750000 172.218259 
0.725000 176.016828 
0.700000 174.117544 
0.675000 162.721836 
0.650000 166.520405 
0.625000 170.318974 
0.600000 155.124697 
0.575000 160.822551 
0.550000 149.426843 
0.525000 151.326128 
0.500000 136.131851 
0.475000 139.930420 
0.450000 130.433997 
0.425000 134.232566 
0.400000 130.433997 
0.375000 120.937573 
0.350000 113.340435 
0.325000 119.038289 
0.300000 120.937573 
0.275000 82.951880 
0.250000 107.642581 
0.225000 105.743296 
0.200000 103.844011 
0.175000 105.743296 
0.150000 96.246873 
0.125000 92.448303 
0.100000 94.347588 
0.075000 82.951880 
0.050000 92.448303 
0.025000 82.951880 
-0.000000 71.556172 
-0.025000 73.455457 
-0.050000 63.959033 
-0.075000 46.865471 
-0.100000 44.966187 
-0.125000 31.671194 
-0.150000 22.174771 
-0.175000 12.678347 
-0.200000 3.181924 
-0.225000 -2.515930 
-0.250000 -10.113069 
-0.275000 -6.314499 
-0.300000 -15.810923 
-0.325000 -10.113069 
-0.350000 -23.408061 
-0.375000 -21.508777 
-0.400000 -27.206631 
-0.425000 -29.105915 
-0.450000 -36.703054 
-0.475000 -38.602339 
-0.500000 -36.703054 
-0.525000 -48.098762 
-0.550000 -42.400908 
-0.575000 -49.998047 
-0.600000 -53.796616 
-0.625000 -53.796616 
-0.650000 -53.796616 
-0.675000 -51.897331 
-0.700000 -55.695901 
-0.725000 -51.897331 
-0.750000 -51.897331 
-0.775000 -72.789462 
-0.800000 -67.091609 
-0.825000 -67.091609 
-0.850000 -76.588032 
-0.875000 -82.285886 
-0.900000 -74.688747 
-0.925000 -82.285886 
-0.950000 -89.883024 
-0.975000 -82.285886 
-1.000000 -97.480163 
-1.025000 -91.782309 
-1.050000 -95.580878 
-1.075000 -93.681594 
-1.100000 -99.379448 
-1.125000 -103.178017 
-1.150000 -105.077302 
-1.175000 -105.077302 
-1.200000 -110.775156 
-1.225000 -108.875871 
-1.250000 -118.372294 
-1.275000 -112.674440 
-1.300000 -118.372294 
-1.325000 -120.271579 
-1.350000 -127.868718 
-1.375000 -127.868718 
-1.400000 -131.667287 
-1.425000 -135.465856 
-1.450000 -143.062995 
-1.475000 -135.465856 
-1.500000 -144.962280 
-1.525000 -148.760849 
-1.550000 -150.660134 
-1.575000 -162.055842 
-1.600000 -160.156557 
-1.625000 -169.652980 
-1.650000 -162.055842 
-1.675000 -167.753696 
-1.700000 -167.753696 
-1.725000 -173.451550 
-1.750000 -186.746542 
-1.775000 -188.645827 
-1.800000 -186.746542 
-1.825000 -186.746542 
-1.850000 -190.545112 
-1.875000 -196.242966 
-1.900000 -190.545112 
-1.925000 -196.242966 
-1.950000 -200.041535 
-1.975000 -201.940820 
-2.000000 -203.840104 
-2.025000 -201.940820 
-2.050000 -205.739389 
-2.075000 -209.537958 
-2.100000 -209.537958 
-2.125000 -219.034382 
-2.150000 -215.235812 
-2.175000 -224.732236 
-2.200000 -224.732236 
-2.225000 -230.430090 
-2.250000 -230.430090 
-2.275000 -234.228659 
-2.300000 -230.430090 
-2.325000 -232.329374 
-2.350000 -239.926513 
-2.375000 -234.228659 
-2.400000 -247.523652 
-2.425000 -251.322221 
-2.450000 -253.221506 
-2.475000 -255.120790 
-2.500000 -257.020075 
-2.475000 -257.020075 
-2.450000 -258.919360 
-2.425000 -270.315068 
-2.400000 -279.811491 
-2.375000 -268.415783 
-2.350000 -277.912206 
-2.325000 -270.315068 
-2.300000 -276.012922 
-2.275000 -276.012922 
-2.250000 -276.012922 
-2.225000 -276.012922 
-2.200000 -276.012922 
-2.175000 -277.912206 
-2.150000 -272.214352 
-2.125000 -270.315068 
-2.100000 -270.315068 
-2.075000 -272.214352 
-2.050000 -270.315068 
-2.025000 -266.516498 
-2.000000 -272.214352 
-1.975000 -272.214352 
-1.950000 -274.113637 
-1.925000 -270.315068 
-1.900000 -272.214352 
-1.875000 -268.415783 
-1.850000 -276.012922 
-1.825000 -274.113637 
-1.800000 -262.717929 
-1.775000 -260.818644 
-1.750000 -266.516498 
-1.725000 -253.221506 
-1.700000 -255.120790 
-1.675000 -257.020075 
-1.650000 -241.825798 
-1.625000 -247.523652 
-1.600000 -239.926513 
-1.575000 -241.825798 
-1.550000 -251.322221 
-1.525000 -241.825798 
-1.500000 -245.624367 
-1.475000 -228.530805 
-1.450000 -241.825798 
-1.425000 -228.530805 
-1.400000 -224.732236 
-1.375000 -226.631520 
-1.350000 -220.933666 
-1.325000 -219.034382 
-1.300000 -211.437243 
-1.275000 -203.840104 
-1.250000 -207.638674 
-1.225000 -192.444396 
-1.200000 -196.242966 
-1.175000 -211.437243 
-1.150000 -198.142250 
-1.125000 -194.343681 
-1.100000 -203.840104 
-1.075000 -194.343681 
-1.050000 -200.041535 
-1.025000 -188.645827 
-1.000000 -196.242966 
-0.975000 -184.847258 
-0.950000 -173.451550 
-0.925000 -179.149404 
-0.900000 -173.451550 
-0.875000 -177.250119 
-0.850000 -167.753696 
-0.825000 -182.947973 
-0.800000 -156.357988 
-0.775000 -154.458703 
-0.750000 -163.955126 
-0.725000 -152.559418 
-0.700000 -146.861564 
-0.675000 -139.264426 
-0.650000 -148.760849 
-0.625000 -129.768002 
-0.600000 -137.365141 
-0.575000 -135.465856 
-0.550000 -129.768002 
-0.525000 -122.170864 
-0.500000 -112.674440 
-0.475000 -122.170864 
-0.450000 -105.077302 
-0.425000 -116.473010 
-0.400000 -110.775156 
-0.375000 -108.875871 
-0.350000 -99.379448 
-0.325000 -93.681594 
-0.300000 -97.480163 
-0.275000 -89.883024 
-0.250000 -86.084455 
-0.225000 -80.386601 
-0.200000 -87.983740 
-0.175000 -76.588032 
-0.150000 -67.091609 
-0.125000 -70.890178 
-0.100000 -68.990893 
-0.075000 -78.487316 
-0.050000 -63.293039 
-0.025000 -68.990893 
0.000000 -55.695901 
0.025000 -51.897331 
0.050000 -42.400908 
0.075000 -42.400908 
0.100000 -38.602339 
0.125000 -27.206631 
0.150000 -12.012353 
0.175000 3.181924 
0.200000 3.181924 
0.225000 3.181924 
0.250000 -2.515930 
0.275000 -0.616645 
0.300000 -2.515930 
0.325000 1.282639 
0.350000 10.779063 
0.375000 1.282639 
0.400000 16.476917 
0.425000 27.872625 
0.450000 14.577632 
0.475000 33.570479 
0.500000 41.167617 
0.525000 37.369048 
0.550000 39.268333 
0.575000 46.865471 
0.600000 46.865471 
0.625000 58.261179 
0.650000 52.563325 
0.675000 43.066902 
0.700000 56.361895 
0.725000 54.462610 
0.750000 54.462610 
0.775000 48.764756 
0.800000 58.261179 
0.825000 65.858318 
0.850000 58.261179 
0.875000 69.656887 
0.900000 81.052595 
0.925000 77.254026 
0.950000 81.052595 
0.975000 82.951880 
1.000000 90.549019 
1.025000 92.448303 
1.050000 88.649734 
1.075000 81.052595 
1.100000 96.246873 
1.125000 90.549019 
1.150000 94.347588 
1.175000 101.944727 
1.200000 103.844011 
1.225000 103.844011 
1.250000 113.340435 
1.275000 117.139004 
1.300000 119.038289 
1.325000 120.937573 
1.350000 126.635427 
1.375000 105.743296 
1.400000 128.534712 
1.425000 128.534712 
1.450000 117.139004 
1.475000 143.728989 
1.500000 141.829705 
1.525000 145.628274 
1.550000 145.628274 
1.575000 153.225412 
1.600000 143.728989 
1.625000 145.628274 
1.650000 155.124697 
1.675000 162.721836 
1.700000 160.822551 
1.725000 162.721836 
1.750000 166.520405 
1.775000 139.930420 
1.800000 168.419690 
1.825000 179.815398 
1.850000 181.714682 
1.875000 174.117544 
1.900000 181.714682 
1.925000 177.916113 
1.950000 196.908960 
1.975000 189.311821 
2.000000 193.110390 
2.025000 202.606814 
2.050000 198.808244 
2.075000 204.506098 
2.100000 204.506098 
2.125000 202.606814 
2.150000 200.707529 
2.175000 219.700376 
2.200000 214.002522 
2.225000 217.801091 
2.250000 223.498945 
2.275000 214.002522 
2.300000 229.196799 
2.325000 234.894653 
2.350000 221.599660 
2.375000 242.491792 
2.400000 244.391076 
2.425000 232.995368 
2.450000 246.290361 
2.475000 246.290361 
2.500000 248.189646 
2.475000 257.686069 
2.450000 251.988215 
2.425000 255.786784 
2.400000 255.786784 
2.375000 265.283208 
2.350000 212.103237 
2.325000 255.786784 
2.300000 265.283208 
2.275000 261.484638 
2.250000 274.779631 
2.225000 259.585354 
2.200000 250.088930 
2.175000 274.779631 
2.150000 265.283208 
2.125000 267.182492 
2.100000 265.283208 
2.075000 267.182492 
2.050000 263.383923 
2.025000 272.880346 
2.000000 259.585354 
1.975000 265.283208 
1.950000 259.585354 
1.925000 261.484638 
1.900000 261.484638 
1.875000 253.887500 
1.850000 261.484638 
1.825000 259.585354 
1.800000 267.182492 
1.775000 259.585354 
1.750000 261.484638 
1.725000 257.686069 
1.700000 263.383923 
1.675000 251.988215 
1.650000 253.887500 
1.625000 248.189646 
1.600000 242.491792 
1.575000 242.491792 
1.550000 244.391076 
1.525000 244.391076 
1.500000 240.592507 
1.475000 236.793938 
1.450000 242.491792 
1.425000 231.096084 
1.400000 234.894653 
1.375000 242.491792 
1.350000 225.398230 
1.325000 234.894653 
1.300000 227.297514 
1.275000 221.599660 
1.250000 219.700376 
1.225000 215.901806 
1.200000 217.801091 
1.175000 227.297514 
1.150000 212.103237 
1.125000 215.901806 
1.100000 202.606814 
1.075000 202.606814 
1.050000 214.002522 
1.025000 208.304668 
1.000000 206.405383 
0.975000 198.808244 
0.950000 193.110390 
0.925000 195.009675 
0.900000 191.211106 
0.875000 189.311821 
0.850000 181.714682 
0.825000 191.211106 
0.800000 187.412536 
0.775000 177.916113 
0.750000 185.513252 
0.725000 174.117544 
0.700000 172.218259 
0.675000 170.318974 
0.650000 170.318974 
0.625000 164.621120 
0.600000 164.621120 
0.575000 155.124697 
0.550000 153.225412 
0.525000 151.326128 
0.500000 151.326128 
0.475000 149.426843 
0.450000 143.728989 
0.425000 139.930420 
0.400000 130.433997 
0.375000 120.937573 
0.350000 130.433997 
0.325000 124.736143 
0.300000 117.139004 
0.275000 115.239719 
0.250000 120.937573 
0.225000 107.642581 
0.200000 105.743296 
0.175000 100.045442 
0.150000 96.246873 
0.125000 96.246873 
0.100000 105.743296 
0.075000 92.448303 
0.050000 92.448303 
0.025000 90.549019 
-0.000000 77.254026 
-0.025000 75.354741 
-0.050000 62.059749 
-0.075000 48.764756 
-0.100000 44.966187 
-0.125000 39.268333 
-0.150000 22.174771 
-0.175000 18.376201 
-0.200000 14.577632 
-0.225000 3.181924 
-0.250000 -8.213784 
-0.275000 -12.012353 
-0.300000 -2.515930 
-0.325000 -15.810923 
-0.350000 -29.105915 
-0.375000 -32.904485 
-0.400000 -32.904485 
-0.425000 -34.803769 
-0.450000 -36.703054 
-0.475000 -44.300193 
-0.500000 -42.400908 
-0.525000 -46.199477 
-0.550000 -48.098762 
-0.575000 -61.393755 
-0.600000 -51.897331 
-0.625000 -57.595185 
-0.650000 -59.494470 
-0.675000 -67.091609 
-0.700000 -61.393755 
-0.725000 -65.192324 
-0.750000 -70.890178 
-0.775000 -70.890178 
-0.800000 -70.890178 
-0.825000 -59.494470 
-0.850000 -74.688747 
-0.875000 -72.789462 
-0.900000 -76.588032 
-0.925000 -82.285886 
-0.950000 -80.386601 
-0.975000 -84.185170 
-1.000000 -86.084455 
-1.025000 -97.480163 
-1.050000 -99.379448 
-1.075000 -103.178017 
-1.100000 -101.278732 
-1.125000 -108.875871 
-1.150000 -101.278732 
-1.175000 -110.775156 
-1.200000 -110.775156 
-1.225000 -105.077302 
-1.250000 -118.372294 
-1.275000 -118.372294 
-1.300000 -122.170864 
-1.325000 -124.070148 
-1.350000 -131.667287 
-1.375000 -129.768002 
-1.400000 -135.465856 
-1.425000 -135.465856 
-1.450000 -143.062995 
-1.475000 -143.062995 
-1.500000 -141.163710 
-1.525000 -146.861564 
-1.550000 -148.760849 
-1.575000 -152.559418 
-1.600000 -158.257272 
-1.625000 -165.854411 
-1.650000 -190.545112 
-1.675000 -156.357988 
-1.700000 -165.854411 
-1.725000 -165.854411 
-1.750000 -175.350834 
-1.775000 -169.652980 
-1.800000 -194.343681 
-1.825000 -190.545112 
-1.850000 -184.847258 
-1.875000 -188.645827 
-1.900000 -190.545112 
-1.925000 -188.645827 
-1.950000 -198.142250 
-1.975000 -205.739389 
-2.000000 -205.739389 
-2.025000 -198.142250 
-2.050000 -211.437243 
-2.075000 -211.437243 
-2.100000 -209.537958 
-2.125000 -205.739389 
-2.150000 -211.437243 
-2.175000 -217.135097 
-2.200000 -226.631520 
-2.225000 -222.832951 
-2.250000 -232.329374 
-2.275000 -228.530805 
-2.300000 -238.027228 
-2.325000 -234.228659 
-2.350000 -260.818644 
-2.375000 -247.523652 
-2.400000 -243.725082 
-2.425000 -249.422936 
-2.450000 -251.322221 
-2.475000 -255.120790 
-2.500000 -285.509345 
-2.475000 -257.020075 
-2.450000 -260.818644 
-2.425000 -264.617214 
-2.400000 -260.818644 
-2.375000 -277.912206 
-2.350000 -270.315068 
-2.325000 -270.315068 
-2.300000 -268.415783 
-2.275000 -277.912206 
-2.250000 -281.710775 
-2.225000 -281.710775 
-2.200000 -279.811491 
-2.175000 -272.214352 
-2.150000 -276.012922 
-2.125000 -268.415783 
-2.100000 -268.415783 
-2.075000 -264.617214 
-2.050000 -276.012922 
-2.025000 -274.113637 
-2.000000 -272.214352 
-1.975000 -264.617214 
-1.950000 -276.012922 
-1.925000 -272.214352 
-1.900000 -270.315068 
-1.875000 -276.012922 
-1.850000 -272.214352 
-1.825000 -279.811491 
-1.800000 -268.415783 
-1.775000 -268.415783 
-1.750000 -262.717929 
-1.725000 -260.818644 
-1.700000 -247.523652 
-1.675000 -249.422936 
-1.650000 -249.422936 
-1.625000 -243.725082 
-1.600000 -241.825798 
-1.575000 -232.329374 
-1.550000 -239.926513 
-1.525000 -241.825798 
-1.500000 -238.027228 
-1.475000 -230.430090 
-1.450000 -224.732236 
-1.425000 -238.027228 
-1.400000 -228.530805 
-1.375000 -222.832951 
-1.350000 -226.631520 
-1.325000 -213.336528 
-1.300000 -211.437243 
-1.275000 -219.034382 
-1.250000 -205.739389 
-1.225000 -203.840104 
-1.200000 -203.840104 
-1.175000 -198.142250 
-1.150000 -200.041535 
-1.125000 -201.940820 
-1.100000 -194.343681 
-1.075000 -192.444396 
-1.050000 -182.947973 
-1.025000 -192.444396 
-1.000000 -182.947973 
-0.975000 -190.545112 
-0.950000 -177.250119 
-0.925000 -169.652980 
-0.900000 -173.451550 
-0.875000 -196.242966 
-0.850000 -169.652980 
-0.825000 -160.156557 
-0.800000 -162.055842 
-0.775000 -152.559418 
-0.750000 -143.062995 
-0.725000 -152.559418 
-0.700000 -152.559418 
-0.675000 -139.264426 
-0.650000 -135.465856 
-0.625000 -141.163710 
-0.600000 -135.465856 
-0.575000 -122.170864 
-0.550000 -129.768002 
-0.525000 -124.070148 
-0.500000 -127.868718 
-0.475000 -122.170864 
-0.450000 -112.674440 
-0.425000 -110.775156 
-0.400000 -108.875871 
-0.375000 -103.178017 
-0.350000 -108.875871 
-0.325000 -99.379448 
-0.300000 -97.480163 
-0.275000 -89.883024 
-0.250000 -99.379448 
-0.225000 -89.883024 
-0.200000 -87.983740 
-0.175000 -86.084455 
-0.150000 -78.487316 
-0.125000 -67.091609 
-0.100000 -67.091609 
-0.075000 -67.091609 
-0.050000 -72.789462 
-0.025000 -63.293039 
0.000000 -63.293039 
0.025000 -59.494470 
0.050000 -44.300193 
0.075000 -42.400908 
0.100000 -36.703054 
0.125000 -13.911638 
0.150000 -12.012353 
0.175000 5.081209 
0.200000 5.081209 
0.225000 1.282639 
0.250000 1.282639 
0.275000 -0.616645 
0.300000 3.181924 
0.325000 3.181924 
0.350000 3.181924 
0.375000 -6.314499 
0.400000 20.275486 
0.425000 16.476917 
0.450000 27.872625 
0.475000 39.268333 
0.500000 39.268333 
0.525000 43.066902 
0.550000 39.268333 
0.575000 46.865471 
0.600000 54.462610 
0.625000 46.865471 
0.650000 52.563325 
0.675000 58.261179 
0.700000 60.160464 
0.725000 48.764756 
0.750000 50.664041 
0.775000 54.462610 
0.800000 69.656887 
0.825000 69.656887 
0.850000 69.656887 
0.875000 69.656887 
0.900000 77.254026 
0.925000 82.951880 
0.950000 82.951880 
0.975000 90.549019 
1.000000 92.448303 
1.025000 84.851165 
1.050000 88.649734 
1.075000 92.448303 
1.100000 96.246873 
1.125000 98.146157 
1.150000 100.045442 
1.175000 107.642581 
1.200000 103.844011 
1.225000 107.642581 
1.250000 107.642581 
1.275000 111.441150 
1.300000 115.239719 
1.325000 120.937573 
1.350000 115.239719 
1.375000 126.635427 
1.400000 130.433997 
1.425000 132.333281 
1.450000 147.527558 
1.475000 130.433997 
1.500000 138.031135 
1.525000 143.728989 
1.550000 136.131851 
1.575000 145.628274 
1.600000 157.023982 
1.625000 157.023982 
1.650000 157.023982 
1.675000 153.225412 
1.700000 160.822551 
1.725000 164.621120 
1.750000 166.520405 
1.775000 174.117544 
1.800000 168.419690 
1.825000 168.419690 
1.850000 176.016828 
1.875000 168.419690 
1.900000 187.412536 
1.925000 187.412536 
1.950000 183.613967 
1.975000 195.009675 
2.000000 202.606814 
2.025000 196.908960 
2.050000 204.506098 
2.075000 206.405383 
2.100000 195.009675 
2.125000 204.506098 
2.150000 212.103237 
2.175000 204.506098 
2.200000 217.801091 
2.225000 223.498945 
2.250000 215.901806 
2.275000 225.398230 
2.300000 229.196799 
2.325000 221.599660 
2.350000 240.592507 
2.375000 236.793938 
2.400000 242.491792 
2.425000 246.290361 
2.450000 236.793938 
2.475000 263.383923 
2.500000 248.189646 
2.475000 250.088930 
2.450000 251.988215 
2.425000 259.585354 
2.400000 267.182492 
2.375000 255.786784 
2.350000 269.081777 
2.325000 261.484638 
2.300000 282.376770 
2.275000 272.880346 
2.250000 274.779631 
2.225000 274.779631 
2.200000 282.376770 
2.175000 269.081777 
2.150000 272.880346 
2.125000 269.081777 
2.100000 248.189646 
2.075000 270.981062 
2.050000 270.981062 
2.025000 259.585354 
2.000000 255.786784 
1.975000 269.081777 
1.950000 267.182492 
1.925000 259.585354 
1.900000 269.081777 
1.875000 265.283208 
1.850000 267.182492 
1.825000 267.182492 
1.800000 261.484638 
1.775000 265.283208 
1.750000 263.383923 
1.725000 259.585354 
1.700000 257.686069 
1.675000 250.088930 
1.650000 244.391076 
1.625000 238.693222 
1.600000 246.290361 
1.575000 240.592507 
1.550000 242.491792 
1.525000 231.096084 
1.500000 242.491792 
1.475000 236.793938 
1.450000 236.793938 
1.425000 240.592507 
1.400000 229.196799 
1.375000 238.693222 
1.350000 231.096084 
1.325000 229.196799 
1.300000 231.096084 
1.275000 214.002522 
1.250000 225.398230 
1.225000 221.599660 
1.200000 215.901806 
1.175000 221.599660 
1.150000 200.707529 
1.125000 206.405383 
1.100000 210.203952 
1.075000 204.506098 
1.050000 202.606814 
1.025000 198.808244 
1.000000 198.808244 
0.975000 198.808244 
0.950000 200.707529 
0.925000 196.908960 
0.900000 189.311821 
0.875000 196.908960 
0.850000 185.513252 
0.825000 177.916113 
0.800000 185.513252 
0.775000 179.815398 
0.750000 172.218259 
0.725000 170.318974 
0.700000 168.419690 
0.675000 164.621120 
0.650000 160.822551 
0.625000 166.520405 
0.600000 155.124697 
0.575000 153.225412 
0.550000 145.628274 
0.525000 147.527558 
0.500000 143.728989 
0.475000 130.433997 
0.450000 136.131851 
0.425000 134.232566 
0.400000 128.534712 
0.375000 122.836858 
0.350000 124.736143 
0.325000 117.139004 
0.300000 132.333281 
0.275000 120.937573 
0.250000 107.642581 
0.225000 107.642581 
0.200000 92.448303 
0.175000 101.944727 
0.150000 94.347588 
0.125000 94.347588 
0.100000 100.045442 
0.075000 98.146157 
0.050000 84.851165 
0.025000 84.851165 
-0.000000 79.153311 
-0.025000 67.757603 
-0.050000 60.160464 
-0.075000 58.261179 
-0.100000 39.268333 
-0.125000 33.570479 
-0.150000 22.174771 
-0.175000 16.476917 
-0.200000 6.980493 
-0.225000 5.081209 
-0.250000 -12.012353 
-0.275000 -12.012353 
-0.300000 -21.508777 
-0.325000 -21.508777 
-0.350000 -25.307346 
-0.375000 -29.105915 
-0.400000 -31.005200 
-0.425000 -34.803769 
-0.450000 -38.602339 
-0.475000 -46.199477 
-0.500000 -44.300193 
-0.525000 -34.803769 
-0.550000 -51.897331 
-0.575000 -53.796616 
-0.600000 -46.199477 
-0.625000 -48.098762 
-0.650000 -55.695901 
-0.675000 -48.098762 
-0.700000 -63.293039 
-0.725000 -59.494470 
-0.750000 -74.688747 
-0.775000 -76.588032 
-0.800000 -76.588032 
-0.825000 -82.285886 
-0.850000 -68.990893 
-0.875000 -72.789462 
-0.900000 -86.084455 
-0.925000 -86.084455 
-0.950000 -80.386601 
-0.975000 -91.782309 
-1.000000 -87.983740 
-1.025000 -89.883024 
-1.050000 -95.580878 
-1.075000 -103.178017 
-1.100000 -106.976586 
-1.125000 -129.768002 
-1.150000 -116.473010 
-1.175000 -112.674440 
-1.200000 -108.875871 
-1.225000 -116.473010 
-1.250000 -122.170864 
-1.275000 -120.271579 
-1.300000 -118.372294 
-1.325000 -125.969433 
-1.350000 -127.868718 
-1.375000 -133.566572 
-1.400000 -137.365141 
-1.425000 -135.465856 
-1.450000 -141.163710 
-1.475000 -143.062995 
-1.500000 -143.062995 
-1.525000 -150.660134 
-1.550000 -150.660134 
-1.575000 -150.660134 
-1.600000 -167.753696 
-1.625000 -158.257272 
-1.650000 -171.552265 
-1.675000 -173.451550 
-1.700000 -171.552265 
-1.725000 -175.350834 
-1.750000 -181.048688 
-1.775000 -175.350834 
-1.800000 -182.947973 
-1.825000 -196.242966 
-1.850000 -188.645827 
-1.875000 -192.444396 
-1.900000 -188.645827 
-1.925000 -192.444396 
-1.950000 -194.343681 
-1.975000 -203.840104 
-2.000000 -203.840104 
-2.025000 -203.840104 
-2.050000 -209.537958 
-2.075000 -211.437243 
-2.100000 -219.034382 
-2.125000 -217.135097 
-2.150000 -222.832951 
-2.175000 -220.933666 
-2.200000 -224.732236 
-2.225000 -236.127944 
-2.250000 -234.228659 
-2.275000 -243.725082 
-2.300000 -241.825798 
-2.325000 -239.926513 
-2.350000 -241.825798 
-2.375000 -245.624367 
-2.400000 -243.725082 
-2.425000 -249.422936 
-2.450000 -258.919360 
-2.475000 -260.818644 
-2.500000 -266.516498 
-2.475000 -258.919360 
-2.450000 -258.919360 
-2.425000 -268.415783 
-2.400000 -276.012922 
-2.375000 -268.415783 
-2.350000 -281.710775 
-2.325000 -274.113637 
-2.300000 -276.012922 
-2.275000 -283.610060 
-2.250000 -276.012922 
-2.225000 -277.912206 
-2.200000 -279.811491 
-2.175000 -279.811491 
-2.150000 -276.012922 
-2.125000 -272.214352 
-2.100000 -266.516498 
-2.075000 -264.617214 
-2.050000 -277.912206 
-2.025000 -262.717929 
-2.000000 -270.315068 
-1.975000 -272.214352 
-1.950000 -289.307914 
-1.925000 -270.315068 
-1.900000 -264.617214 
-1.875000 -266.516498 
-1.850000 -272.214352 
-1.825000 -272.214352 
-1.800000 -270.315068 
-1.775000 -260.818644 
-1.750000 -260.818644 
-1.725000 -264.617214 
-1.700000 -260.818644 
-1.675000 -249.422936 
-1.650000 -249.422936 
-1.625000 -249.422936 
-1.600000 -234.228659 
-1.575000 -243.725082 
-1.550000 -232.329374 
-1.525000 -243.725082 
-1.500000 -239.926513 
-1.475000 -234.228659 
-1.450000 -232.329374 
-1.425000 -226.631520 
-1.400000 -236.127944 
-1.375000 -224.732236 
-1.350000 -217.135097 
-1.325000 -226.631520 
-1.300000 -217.135097 
-1.275000 -209.537958 
-1.250000 -217.135097 
-1.225000 -201.940820 
-1.200000 -192.444396 
-1.175000 -196.242966 
-1.150000 -203.840104 
-1.125000 -201.940820 
-1.100000 -192.444396 
-1.075000 -184.847258 
-1.050000 -192.444396 
-1.025000 -196.242966 
-1.000000 -182.947973 
-0.975000 -188.645827 
-0.950000 -188.645827 
-0.925000 -169.652980 
-0.900000 -173.451550 
-0.875000 -169.652980 
-0.850000 -167.753696 
-0.825000 -169.652980 
-0.800000 -160.156557 
-0.775000 -158.257272 
-0.750000 -150.660134 
-0.725000 -146.861564 
-0.700000 -148.760849 
-0.675000 -152.559418 
-0.650000 -139.264426 
-0.625000 -135.465856 
-0.600000 -135.465856 
-0.575000 -120.271579 
-0.550000 -124.070148 
-0.525000 -129.768002 
-0.500000 -116.473010 
-0.475000 -112.674440 
-0.450000 -114.573725 
-0.425000 -105.077302 
-0.400000 -103.178017 
-0.375000 -105.077302 
-0.350000 -105.077302 
-0.325000 -105.077302 
-0.300000 -103.178017 
-0.275000 -89.883024 
-0.250000 -87.983740 
-0.225000 -93.681594 
-0.200000 -78.487316 
-0.175000 -87.983740 
-0.150000 -82.285886 
-0.125000 -67.091609 
-0.100000 -76.588032 
-0.075000 -68.990893 
-0.050000 -59.494470 
-0.025000 -61.393755 
0.000000 -57.595185 
0.025000 -53.796616 
0.050000 -51.897331 
0.075000 -36.703054 
0.100000 -29.105915 
0.125000 -13.911638 
0.150000 1.282639 
0.175000 -8.213784 
0.200000 1.282639 
0.225000 6.980493 
0.250000 -2.515930 
0.275000 3.181924 
0.300000 8.879778 
0.325000 -4.415215 
0.350000 3.181924 
0.375000 1.282639 
0.400000 1.282639 
0.425000 24.074055 
0.450000 31.671194 
0.475000 31.671194 
0.500000 35.469763 
0.525000 39.268333 
0.550000 52.563325 
0.575000 39.268333 
0.600000 52.563325 
0.625000 52.563325 
0.650000 48.764756 
0.675000 52.563325 
0.700000 58.261179 
0.725000 44.966187 
0.750000 48.764756 
0.775000 60.160464 
0.800000 43.066902 
0.825000 60.160464 
0.850000 73.455457 
0.875000 75.354741 
0.900000 77.254026 
0.925000 81.052595 
0.950000 88.649734 
0.975000 84.851165 
1.000000 88.649734 
1.025000 88.649734 
1.050000 90.549019 
1.075000 98.146157 
1.100000 90.549019 
1.125000 98.146157 
1.150000 100.045442 
1.175000 92.448303 
1.200000 109.541865 
1.225000 101.944727 
1.250000 119.038289 
1.275000 119.038289 
1.300000 124.736143 
1.325000 124.736143 
1.350000 117.139004 
1.375000 124.736143 
1.400000 130.433997 
1.425000 122.836858 
1.450000 138.031135 
1.475000 138.031135 
1.500000 128.534712 
1.525000 130.433997 
1.550000 141.829705 
1.575000 138.031135 
1.600000 153.225412 
1.625000 158.923266 
1.650000 132.333281 
1.675000 149.426843 
1.700000 162.721836 
1.725000 153.225412 
1.750000 164.621120 
1.775000 174.117544 
1.800000 166.520405 
1.825000 170.318974 
1.850000 170.318974 
1.875000 174.117544 
1.900000 189.311821 
1.925000 177.916113 
1.950000 196.908960 
1.975000 196.908960 
2.000000 195.009675 
2.025000 195.009675 
2.050000 212.103237 
2.075000 196.908960 
2.100000 200.707529 
2.125000 215.901806 
2.150000 208.304668 
2.175000 219.700376 
2.200000 215.901806 
2.225000 210.203952 
2.250000 225.398230 
2.275000 234.894653 
2.300000 227.297514 
2.325000 236.793938 
2.350000 242.491792 
2.375000 227.297514 
2.400000 240.592507 
2.425000 244.391076 
2.450000 242.491792 
2.475000 255.786784 
2.500000 251.988215 
2.475000 238.693222 
2.450000 248.189646 
2.425000 259.585354 
2.400000 259.585354 
2.375000 251.988215 
2.350000 255.786784 
2.325000 270.981062 
2.300000 270.981062 
2.275000 267.182492 
2.250000 269.081777 
2.225000 274.779631 
2.200000 272.880346 
2.175000 269.081777 
2.150000 267.182492 
2.125000 267.182492 
2.100000 259.585354 
2.075000 267.182492 
2.050000 261.484638 
2.025000 259.585354 
2.000000 255.786784 
1.975000 267.182492 
1.950000 261.484638 
1.925000 265.283208 
1.900000 265.283208 
1.875000 261.484638 
1.850000 267.182492 
1.825000 267.182492 
1.800000 253.887500 
1.775000 251.988215 
1.750000 257.686069 
1.725000 259.585354 
1.700000 255.786784 
1.675000 250.088930 
1.650000 248.189646 
1.625000 240.592507 
1.600000 246.290361 
1.575000 240.592507 
1.550000 242.491792 
1.525000 238.693222 
1.500000 238.693222 
1.475000 234.894653 
1.450000 229.196799 
1.425000 244.391076 
1.400000 242.491792 
1.375000 232.995368 
1.350000 240.592507 
1.325000 223.498945 
1.300000 231.096084 
1.275000 225.398230 
1.250000 215.901806 
1.225000 223.498945 
1.200000 214.002522 
1.175000 214.002522 
1.150000 204.506098 
1.125000 204.506098 
1.100000 212.103237 
1.075000 208.304668 
1.050000 198.808244 
1.025000 198.808244 
1.000000 198.808244 
0.975000 200.707529 
0.950000 202.606814 
0.925000 191.211106 
0.900000 189.311821 
0.875000 189.311821 
0.850000 189.311821 
0.825000 170.318974 
0.800000 183.613967 
0.775000 181.714682 
0.750000 170.318974 
0.725000 170.318974 
0.700000 176.016828 
0.675000 164.621120 
0.650000 166.520405 
0.625000 158.923266 
0.600000 151.326128 
0.575000 143.728989 
0.550000 145.628274 
0.525000 138.031135 
0.500000 145.628274 
0.475000 138.031135 
0.450000 130.433997 
0.425000 130.433997 
0.400000 130.433997 
0.375000 119.038289 
0.350000 122.836858 
0.325000 117.139004 
0.300000 115.239719 
0.275000 115.239719 
0.250000 107.642581 
0.225000 107.642581 
0.200000 98.146157 
0.175000 96.246873 
0.150000 100.045442 
0.125000 96.246873 
0.100000 92.448303 
0.075000 82.951880 
0.050000 86.750449 
0.025000 79.153311 
-0.000000 69.656887 
-0.025000 69.656887 
-0.050000 60.160464 
-0.075000 52.563325 
-0.100000 41.167617 
-0.125000 31.671194 
-0.150000 18.376201 
-0.175000 16.476917 
-0.200000 6.980493 
-0.225000 -6.314499 
-0.250000 -6.314499 
-0.275000 -4.415215 
-0.300000 -15.810923 
-0.325000 -17.710207 
-0.350000 -25.307346 
-0.375000 -23.408061 
-0.400000 -36.703054 
-0.425000 -34.803769 
-0.450000 -40.501623 
-0.475000 -40.501623 
-0.500000 -44.300193 
-0.525000 -42.400908 
-0.550000 -49.998047 
-0.575000 -53.796616 
-0.600000 -51.897331 
-0.625000 -59.494470 
-0.650000 -53.796616 
-0.675000 -67.091609 
-0.700000 -55.695901 
-0.725000 -63.293039 
-0.750000 -67.091609 
-0.775000 -63.293039 
-0.800000 -68.990893 
-0.825000 -72.789462 
-0.850000 -76.588032 
-0.875000 -87.983740 
-0.900000 -78.487316 
-0.925000 -89.883024 
-0.950000 -84.185170 
-0.975000 -82.285886 
-1.000000 -87.983740 
-1.025000 -91.782309 
-1.050000 -103.178017 
-1.075000 -99.379448 
-1.100000 -97.480163 
-1.125000 -106.976586 
-1.150000 -110.775156 
-1.175000 -105.077302 
-1.200000 -108.875871 
-1.225000 -118.372294 
-1.250000 -108.875871 
-1.275000 -120.271579 
-1.300000 -116.473010 
-1.325000 -118.372294 
-1.350000 -124.070148 
-1.375000 -127.868718 
-1.400000 -127.868718 
-1.425000 -131.667287 
-1.450000 -137.365141 
-1.475000 -139.264426 
-1.500000 -144.962280 
-1.525000 -143.062995 
-1.550000 -139.264426 
-1.575000 -154.458703 
-1.600000 -154.458703 
-1.625000 -158.257272 
-1.650000 -171.552265 
-1.675000 -167.753696 
-1.700000 -165.854411 
-1.725000 -171.552265 
-1.750000 -173.451550 
-1.775000 -173.451550 
-1.800000 -181.048688 
-1.825000 -196.242966 
-1.850000 -188.645827 
-1.875000 -192.444396 
-1.900000 -194.343681 
-1.925000 -196.242966 
-1.950000 -203.840104 
-1.975000 -203.840104 
-2.000000 -205.739389 
-2.025000 -205.739389 
-2.050000 -205.739389 
-2.075000 -207.638674 
-2.100000 -215.235812 
-2.125000 -203.840104 
-2.150000 -217.135097 
-2.175000 -213.336528 
-2.200000 -220.933666 
-2.225000 -224.732236 
-2.250000 -226.631520 
-2.275000 -226.631520 
-2.300000 -234.228659 
-2.325000 -238.027228 
-2.350000 -243.725082 
-2.375000 -243.725082 
-2.400000 -243.725082 
-2.425000 -247.523652 
-2.450000 -257.020075 
-2.475000 -253.221506 
-2.500000 -257.020075 
-2.475000 -257.020075 
-2.450000 -257.020075 
-2.425000 -260.818644 
-2.400000 -268.415783 
-2.375000 -268.415783 
-2.350000 -272.214352 
-2.325000 -272.214352 
-2.300000 -270.315068 
-2.275000 -272.214352 
-2.250000 -274.113637 
-2.225000 -274.113637 
-2.200000 -272.214352 
-2.175000 -276.012922 
-2.150000 -277.912206 
-2.125000 -268.415783 
-2.100000 -260.818644 
-2.075000 -260.818644 
-2.050000 -268.415783 
-2.025000 -272.214352 
-2.000000 -266.516498 
-1.975000 -270.315068 
-1.950000 -264.617214 
-1.925000 -276.012922 
-1.900000 -264.617214 
-1.875000 -270.315068 
-1.850000 -266.516498 
-1.825000 -272.214352 
-1.800000 -264.617214 
-1.775000 -264.617214 
-1.750000 -258.919360 
-1.725000 -257.020075 
-1.700000 -260.818644 
-1.675000 -249.422936 
-1.650000 -253.221506 
-1.625000 -239.926513 
-1.600000 -245.624367 
-1.575000 -241.825798 
-1.550000 -238.027228 
-1.525000 -243.725082 
-1.500000 -236.127944 
-1.475000 -243.725082 
-1.450000 -234.228659 
-1.425000 -234.228659 
-1.400000 -226.631520 
-1.375000 -228.530805 
-1.350000 -219.034382 
-1.325000 -228.530805 
-1.300000 -215.235812 
-1.275000 -219.034382 
-1.250000 -205.739389 
-1.225000 -205.739389 
-1.200000 -205.739389 
-1.175000 -190.545112 
-1.150000 -198.142250 
-1.125000 -196.242966 
-1.100000 -194.343681 
-1.075000 -188.645827 
-1.050000 -192.444396 
-1.025000 -182.947973 
-1.000000 -186.746542 
-0.975000 -182.947973 
-0.950000 -184.847258 
-0.925000 -182.947973 
-0.900000 -167.753696 
-0.875000 -175.350834 
-0.850000 -169.652980 
-0.825000 -167.753696 
-0.800000 -167.753696 
-0.775000 -158.257272 
-0.750000 -144.962280 
-0.725000 -139.264426 
-0.700000 -137.365141 
-0.675000 -150.660134 
-0.650000 -144.962280 
-0.625000 -129.768002 
-0.600000 -135.465856 
-0.575000 -129.768002 
-0.550000 -129.768002 
-0.525000 -116.473010 
-0.500000 -124.070148 
-0.475000 -124.070148 
-0.450000 -114.573725 
-0.425000 -108.875871 
-0.400000 -106.976586 
-0.375000 -95.580878 
-0.350000 -99.379448 
-0.325000 -101.278732 
-0.300000 -93.681594 
-0.275000 -89.883024 
-0.250000 -93.681594 
-0.225000 -80.386601 
-0.200000 -82.285886 
-0.175000 -89.883024 
-0.150000 -76.588032 
-0.125000 -76.588032 
-0.100000 -74.688747 
-0.075000 -63.293039 
-0.050000 -57.595185 
-0.025000 -59.494470 
