0.000000 -65.192324 
0.090000 -65.192324 
0.180000 -59.494470 
0.270000 -32.904485 
0.360000 -10.113069 
0.450000 5.081209 
0.540000 6.980493 
0.630000 24.074055 
0.720000 33.570479 
0.810000 39.268333 
0.900000 29.771909 
0.990000 52.563325 
1.080000 63.959033 
1.170000 58.261179 
1.260000 62.059749 
1.350000 81.052595 
1.440000 77.254026 
1.530000 82.951880 
1.620000 92.448303 
1.710000 92.448303 
1.800000 111.441150 
1.890000 115.239719 
1.980000 132.333281 
2.070000 139.930420 
2.160000 149.426843 
2.250000 160.822551 
2.340000 172.218259 
2.430000 166.520405 
2.480000 172.218259 
2.390000 176.016828 
2.300000 200.707529 
2.210000 198.808244 
2.120000 208.304668 
2.030000 212.103237 
1.940000 214.002522 
1.850000 214.002522 
1.760000 221.599660 
1.670000 214.002522 
1.580000 215.901806 
1.490000 217.801091 
1.400000 202.606814 
1.310000 214.002522 
1.220000 214.002522 
1.130000 198.808244 
1.040000 204.506098 
0.950000 198.808244 
0.860000 193.110390 
0.770000 198.808244 
0.680000 189.311821 
0.590000 185.513252 
0.500000 183.613967 
0.410000 183.613967 
0.320000 176.016828 
0.230000 166.520405 
0.140000 160.822551 
0.050000 158.923266 
-0.040000 153.225412 
-0.130000 141.829705 
-0.220000 138.031135 
-0.310000 119.038289 
-0.400000 107.642581 
-0.490000 100.045442 
-0.580000 65.858318 
-0.670000 8.879778 
-0.760000 -13.911638 
-0.850000 -25.307346 
-0.940000 -36.703054 
-1.030000 -46.199477 
-1.120000 -61.393755 
-1.210000 -70.890178 
-1.300000 -68.990893 
-1.390000 -84.185170 
-1.480000 -89.883024 
-1.570000 -95.580878 
-1.660000 -99.379448 
-1.750000 -108.875871 
-1.840000 -110.775156 
-1.930000 -122.170864 
-2.020000 -135.465856 
-2.110000 -137.365141 
-2.200000 -154.458703 
-2.290000 -167.753696 
-2.380000 -173.451550 
-2.470000 -179.149404 
-2.440000 -184.847258 
-2.350000 -194.343681 
-2.260000 -198.142250 
-2.170000 -194.343681 
-2.080000 -205.739389 
-1.990000 -203.840104 
-1.900000 -209.537958 
-1.810000 -211.437243 
-1.720000 -205.739389 
-1.630000 -211.437243 
-1.540000 -211.437243 
-1.450000 -211.437243 
-1.360000 -211.437243 
-1.270000 -211.437243 
-1.180000 -213.336528 
-1.090000 -209.537958 
-1.000000 -209.537958 
-0.910000 -203.840104 
-0.820000 -190.545112 
-0.730000 -196.242966 
-0.640000 -196.242966 
-0.550000 -194.343681 
-0.460000 -182.947973 
-0.370000 -184.847258 
-0.280000 -175.350834 
-0.190000 -169.652980 
-0.100000 -167.753696 
-0.010000 -158.257272 
0.080000 -133.566572 
0.170000 -124.070148 
0.260000 -97.480163 
0.350000 -70.890178 
0.440000 -31.005200 
0.530000 -10.113069 
0.620000 10.779063 
0.710000 27.872625 
0.800000 24.074055 
0.890000 39.268333 
0.980000 44.966187 
1.070000 60.160464 
1.160000 54.462610 
1.250000 63.959033 
1.340000 79.153311 
1.430000 77.254026 
1.520000 88.649734 
1.610000 92.448303 
1.700000 94.347588 
1.790000 107.642581 
1.880000 124.736143 
1.970000 132.333281 
2.060000 130.433997 
2.150000 145.628274 
2.240000 164.621120 
2.330000 164.621120 
2.420000 170.318974 
2.490000 181.714682 
2.400000 198.808244 
2.310000 187.412536 
2.220000 198.808244 
2.130000 204.506098 
2.040000 210.203952 
1.950000 202.606814 
1.860000 221.599660 
1.770000 210.203952 
1.680000 214.002522 
1.590000 221.599660 
1.500000 206.405383 
1.410000 212.103237 
1.320000 219.700376 
1.230000 204.506098 
1.140000 198.808244 
1.050000 196.908960 
0.960000 189.311821 
0.870000 198.808244 
0.780000 196.908960 
0.690000 191.211106 
0.600000 187.412536 
0.510000 183.613967 
0.420000 176.016828 
0.330000 172.218259 
0.240000 176.016828 
0.150000 158.923266 
0.060000 147.527558 
-0.030000 149.426843 
-0.120000 139.930420 
-0.210000 122.836858 
-0.300000 115.239719 
-0.390000 105.743296 
-0.480000 92.448303 
-0.570000 67.757603 
-0.660000 20.275486 
-0.750000 -12.012353 
-0.840000 -27.206631 
-0.930000 -36.703054 
-1.020000 -57.595185 
-1.110000 -65.192324 
-1.200000 -74.688747 
-1.290000 -70.890178 
-1.380000 -76.588032 
-1.470000 -80.386601 
-1.560000 -82.285886 
-1.650000 -101.278732 
-1.740000 -110.775156 
-1.830000 -112.674440 
-1.920000 -129.768002 
-2.010000 -135.465856 
-2.100000 -144.962280 
-2.190000 -144.962280 
-2.280000 -158.257272 
-2.370000 -167.753696 
-2.460000 -203.840104 
-2.450000 -194.343681 
-2.360000 -188.645827 
-2.270000 -203.840104 
-2.180000 -198.142250 
-2.090000 -211.437243 
-2.000000 -201.940820 
-1.910000 -205.739389 
-1.820000 -207.638674 
-1.730000 -209.537958 
-1.640000 -207.638674 
-1.550000 -213.336528 
-1.460000 -220.933666 
-1.370000 -213.336528 
-1.280000 -200.041535 
-1.190000 -213.336528 
-1.100000 -203.840104 
-1.010000 -201.940820 
-0.920000 -196.242966 
-0.830000 -219.034382 
-0.740000 -190.545112 
-0.650000 -184.847258 
-0.560000 -194.343681 
-0.470000 -181.048688 
-0.380000 -173.451550 
-0.290000 -182.947973 
-0.200000 -169.652980 
-0.110000 -163.955126 
-0.020000 -162.055842 
0.070000 -141.163710 
0.160000 -108.875871 
0.250000 -89.883024 
0.340000 -61.393755 
0.430000 -32.904485 
0.520000 -12.012353 
0.610000 10.779063 
0.700000 31.671194 
0.790000 18.376201 
0.880000 43.066902 
0.970000 50.664041 
1.060000 44.966187 
1.150000 56.361895 
1.240000 65.858318 
1.330000 60.160464 
1.420000 69.656887 
1.510000 73.455457 
1.600000 90.549019 
1.690000 96.246873 
1.780000 113.340435 
1.870000 119.038289 
1.960000 120.937573 
2.050000 147.527558 
2.140000 143.728989 
2.230000 160.822551 
2.320000 162.721836 
2.410000 168.419690 
2.500000 185.513252 
2.410000 181.714682 
2.320000 193.110390 
2.230000 200.707529 
2.140000 198.808244 
2.050000 200.707529 
1.960000 215.901806 
1.870000 176.016828 
1.780000 214.002522 
1.690000 219.700376 
1.600000 204.506098 
1.510000 214.002522 
1.420000 225.398230 
1.330000 208.304668 
1.240000 198.808244 
1.150000 195.009675 
1.060000 196.908960 
0.970000 196.908960 
0.880000 206.405383 
0.790000 195.009675 
0.700000 191.211106 
0.610000 200.707529 
0.520000 183.613967 
0.430000 176.016828 
0.340000 183.613967 
0.250000 160.822551 
0.160000 158.923266 
0.070000 149.426843 
-0.020000 149.426843 
-0.110000 141.829705 
-0.200000 132.333281 
-0.290000 115.239719 
-0.380000 103.844011 
-0.470000 100.045442 
-0.560000 73.455457 
-0.650000 -10.113069 
-0.740000 -15.810923 
-0.830000 -21.508777 
-0.920000 -38.602339 
-1.010000 -48.098762 
-1.100000 -61.393755 
-1.190000 -68.990893 
-1.280000 -70.890178 
-1.370000 -82.285886 
-1.460000 -82.285886 
-1.550000 -86.084455 
-1.640000 -97.480163 
-1.730000 -103.178017 
-1.820000 -108.875871 
-1.910000 -122.170864 
-2.000000 -125.969433 
-2.090000 -139.264426 
-2.180000 -150.660134 
-2.270000 -165.854411 
-2.360000 -171.552265 
-2.450000 -181.048688 
-2.460000 -194.343681 
-2.370000 -198.142250 
-2.280000 -196.242966 
-2.190000 -200.041535 
-2.100000 -201.940820 
-2.010000 -200.041535 
-1.920000 -205.739389 
-1.830000 -207.638674 
-1.740000 -203.840104 
-1.650000 -215.235812 
-1.560000 -211.437243 
-1.470000 -213.336528 
-1.380000 -211.437243 
-1.290000 -211.437243 
-1.200000 -211.437243 
-1.110000 -200.041535 
-1.020000 -203.840104 
-0.930000 -201.940820 
-0.840000 -192.444396 
-0.750000 -188.645827 
-0.660000 -190.545112 
-0.570000 -196.242966 
-0.480000 -190.545112 
-0.390000 -190.545112 
-0.300000 -184.847258 
-0.210000 -169.652980 
-0.120000 -167.753696 
-0.030000 -150.660134 
0.060000 -131.667287 
0.150000 -133.566572 
0.240000 -95.580878 
0.330000 -61.393755 
0.420000 -34.803769 
0.510000 -17.710207 
0.600000 18.376201 
0.690000 16.476917 
0.780000 31.671194 
0.870000 35.469763 
0.960000 43.066902 
1.050000 44.966187 
1.140000 58.261179 
1.230000 60.160464 
1.320000 69.656887 
1.410000 79.153311 
1.500000 82.951880 
1.590000 92.448303 
1.680000 100.045442 
1.770000 103.844011 
1.860000 75.354741 
1.950000 132.333281 
2.040000 139.930420 
2.130000 147.527558 
2.220000 153.225412 
2.310000 166.520405 
2.400000 176.016828 
2.490000 177.916113 
2.420000 189.311821 
2.330000 195.009675 
2.240000 193.110390 
2.150000 196.908960 
2.060000 204.506098 
1.970000 208.304668 
1.880000 215.901806 
1.790000 221.599660 
1.700000 212.103237 
1.610000 206.405383 
1.520000 217.801091 
1.430000 210.203952 
1.340000 210.203952 
1.250000 206.405383 
1.160000 196.908960 
1.070000 200.707529 
0.980000 204.506098 
0.890000 195.009675 
0.800000 191.211106 
0.710000 198.808244 
0.620000 183.613967 
0.530000 176.016828 
0.440000 181.714682 
0.350000 168.419690 
0.260000 157.023982 
0.170000 157.023982 
0.080000 153.225412 
-0.010000 147.527558 
-0.100000 138.031135 
-0.190000 124.736143 
-0.280000 111.441150 
-0.370000 101.944727 
-0.460000 92.448303 
-0.550000 69.656887 
-0.640000 24.074055 
-0.730000 -12.012353 
-0.820000 -17.710207 
-0.910000 -36.703054 
-1.000000 -51.897331 
-1.090000 -91.782309 
-1.180000 -76.588032 
-1.270000 -76.588032 
-1.360000 -82.285886 
-1.450000 -91.782309 
-1.540000 -87.983740 
-1.630000 -93.681594 
-1.720000 -99.379448 
-1.810000 -116.473010 
-1.900000 -125.969433 
-1.990000 -131.667287 
-2.080000 -141.163710 
-2.170000 -158.257272 
-2.260000 -167.753696 
-2.350000 -169.652980 
-2.440000 -184.847258 
-2.470000 -184.847258 
-2.380000 -186.746542 
-2.290000 -196.242966 
-2.200000 -198.142250 
-2.110000 -200.041535 
-2.020000 -198.142250 
-1.930000 -203.840104 
-1.840000 -211.437243 
-1.750000 -209.537958 
-1.660000 -220.933666 
-1.570000 -220.933666 
-1.480000 -215.235812 
-1.390000 -213.336528 
-1.300000 -209.537958 
-1.210000 -207.638674 
-1.120000 -200.041535 
-1.030000 -209.537958 
-0.940000 -201.940820 
-0.850000 -203.840104 
-0.760000 -200.041535 
-0.670000 -194.343681 
-0.580000 -194.343681 
-0.490000 -188.645827 
-0.400000 -184.847258 
-0.310000 -177.250119 
-0.220000 -173.451550 
-0.130000 -169.652980 
-0.040000 -144.962280 
0.050000 -125.969433 
0.140000 -120.271579 
0.230000 -99.379448 
0.320000 -51.897331 
0.410000 -31.005200 
0.500000 -8.213784 
0.590000 16.476917 
0.680000 25.973340 
0.770000 29.771909 
0.860000 29.771909 
0.950000 46.865471 
1.040000 44.966187 
1.130000 60.160464 
1.220000 69.656887 
1.310000 65.858318 
1.400000 73.455457 
1.490000 81.052595 
1.580000 60.160464 
1.670000 107.642581 
1.760000 100.045442 
1.850000 117.139004 
1.940000 132.333281 
2.030000 122.836858 
2.120000 141.829705 
2.210000 153.225412 
2.300000 166.520405 
2.390000 164.621120 
2.480000 177.916113 
2.430000 189.311821 
2.340000 187.412536 
2.250000 195.009675 
2.160000 196.908960 
2.070000 214.002522 
1.980000 206.405383 
1.890000 219.700376 
1.800000 204.506098 
1.710000 208.304668 
1.620000 215.901806 
1.530000 221.599660 
1.440000 208.304668 
1.350000 206.405383 
1.260000 200.707529 
1.170000 204.506098 
1.080000 208.304668 
0.990000 196.908960 
0.900000 189.311821 
0.810000 189.311821 
0.720000 193.110390 
0.630000 189.311821 
0.540000 185.513252 
0.450000 174.117544 
0.360000 168.419690 
0.270000 162.721836 
0.180000 162.721836 
0.090000 153.225412 
-0.000000 143.728989 
-0.090000 138.031135 
-0.180000 128.534712 
-0.270000 107.642581 
-0.360000 100.045442 
-0.450000 96.246873 
-0.540000 67.757603 
-0.630000 24.074055 
-0.720000 -10.113069 
-0.810000 -13.911638 
-0.900000 -34.803769 
-0.990000 -44.300193 
-1.080000 -57.595185 
-1.170000 -78.487316 
-1.260000 -80.386601 
-1.350000 -82.285886 
-1.440000 -91.782309 
-1.530000 -93.681594 
-1.620000 -93.681594 
-1.710000 -93.681594 
-1.800000 -108.875871 
-1.890000 -120.271579 
-1.980000 -124.070148 
-2.070000 -143.062995 
-2.160000 -154.458703 
-2.250000 -158.257272 
-2.340000 -165.854411 
-2.430000 -182.947973 
-2.480000 -182.947973 
-2.390000 -192.444396 
-2.300000 -196.242966 
-2.210000 -201.940820 
-2.120000 -201.940820 
-2.030000 -209.537958 
-1.940000 -207.638674 
-1.850000 -211.437243 
-1.760000 -219.034382 
-1.670000 -217.135097 
-1.580000 -203.840104 
-1.490000 -209.537958 
-1.400000 -215.235812 
-1.310000 -211.437243 
-1.220000 -201.940820 
-1.130000 -203.840104 
-1.040000 -207.638674 
-0.950000 -196.242966 
-0.860000 -200.041535 
-0.770000 -190.545112 
-0.680000 -188.645827 
-0.590000 -198.142250 
-0.500000 -188.645827 
-0.410000 -182.947973 
-0.320000 -181.048688 
-0.230000 -175.350834 
-0.140000 -167.753696 
-0.050000 -154.458703 
0.040000 -139.264426 
0.130000 -127.868718 
0.220000 -112.674440 
0.310000 -86.084455 
0.400000 -46.199477 
0.490000 -19.609492 
0.580000 3.181924 
0.670000 8.879778 
0.760000 22.174771 
0.850000 29.771909 
0.940000 41.167617 
1.030000 44.966187 
1.120000 52.563325 
1.210000 60.160464 
1.300000 77.254026 
1.390000 69.656887 
1.480000 79.153311 
1.570000 82.951880 
1.660000 100.045442 
1.750000 109.541865 
1.840000 109.541865 
1.930000 124.736143 
2.020000 128.534712 
2.110000 138.031135 
2.200000 149.426843 
2.290000 164.621120 
2.380000 168.419690 
2.470000 172.218259 
2.440000 200.707529 
2.350000 196.908960 
2.260000 198.808244 
2.170000 189.311821 
2.080000 210.203952 
1.990000 210.203952 
1.900000 212.103237 
1.810000 215.901806 
1.720000 204.506098 
1.630000 212.103237 
1.540000 221.599660 
1.450000 208.304668 
1.360000 204.506098 
1.270000 206.405383 
1.180000 198.808244 
1.090000 198.808244 
1.000000 196.908960 
0.910000 193.110390 
0.820000 191.211106 
0.730000 195.009675 
0.640000 187.412536 
0.550000 183.613967 
0.460000 183.613967 
0.370000 170.318974 
0.280000 160.822551 
0.190000 153.225412 
0.100000 149.426843 
0.010000 149.426843 
-0.080000 138.031135 
-0.170000 130.433997 
-0.260000 115.239719 
-0.350000 111.441150 
-0.440000 103.844011 
-0.530000 92.448303 
-0.620000 62.059749 
-0.710000 14.577632 
-0.800000 -10.113069 
-0.890000 -25.307346 
-0.980000 -32.904485 
-1.070000 -48.098762 
-1.160000 -67.091609 
-1.250000 -78.487316 
-1.340000 -86.084455 
-1.430000 -82.285886 
-1.520000 -89.883024 
-1.610000 -103.178017 
-1.700000 -99.379448 
-1.790000 -105.077302 
-1.880000 -122.170864 
-1.970000 -122.170864 
-2.060000 -139.264426 
-2.150000 -144.962280 
-2.240000 -152.559418 
-2.330000 -171.552265 
-2.420000 -182.947973 
-2.490000 -181.048688 
-2.400000 -190.545112 
-2.310000 -200.041535 
-2.220000 -200.041535 
-2.130000 -205.739389 
-2.040000 -209.537958 
-1.950000 -213.336528 
-1.860000 -205.739389 
-1.770000 -211.437243 
-1.680000 -211.437243 
-1.590000 -203.840104 
-1.500000 -209.537958 
-1.410000 -211.437243 
-1.320000 -213.336528 
-1.230000 -213.336528 
-1.140000 -203.840104 
-1.050000 -209.537958 
-0.960000 -201.940820 
-0.870000 -200.041535 
-0.780000 -196.242966 
-0.690000 -198.142250 
-0.600000 -192.444396 
-0.510000 -188.645827 
-0.420000 -184.847258 
-0.330000 -181.048688 
-0.240000 -175.350834 
-0.150000 -167.753696 
-0.060000 -160.156557 
0.030000 -135.465856 
0.120000 -133.566572 
0.210000 -122.170864 
0.300000 -82.285886 
0.390000 -51.897331 
0.480000 -34.803769 
0.570000 1.282639 
0.660000 8.879778 
0.750000 16.476917 
0.840000 29.771909 
0.930000 39.268333 
1.020000 44.966187 
1.110000 58.261179 
1.200000 69.656887 
1.290000 71.556172 
1.380000 67.757603 
1.470000 81.052595 
1.560000 84.851165 
1.650000 96.246873 
1.740000 107.642581 
1.830000 115.239719 
1.920000 117.139004 
2.010000 130.433997 
2.100000 138.031135 
2.190000 153.225412 
2.280000 164.621120 
2.370000 170.318974 
2.460000 181.714682 
2.450000 189.311821 
2.360000 189.311821 
2.270000 183.613967 
2.180000 202.606814 
2.090000 212.103237 
2.000000 206.405383 
1.910000 214.002522 
1.820000 208.304668 
1.730000 198.808244 
1.640000 227.297514 
1.550000 210.203952 
1.460000 206.405383 
1.370000 210.203952 
1.280000 206.405383 
1.190000 214.002522 
1.100000 214.002522 
1.010000 200.707529 
0.920000 195.009675 
0.830000 200.707529 
0.740000 195.009675 
0.650000 191.211106 
0.560000 189.311821 
0.470000 177.916113 
0.380000 176.016828 
0.290000 172.218259 
0.200000 168.419690 
0.110000 155.124697 
0.020000 145.628274 
-0.070000 143.728989 
-0.160000 132.333281 
-0.250000 120.937573 
-0.340000 109.541865 
-0.430000 100.045442 
-0.520000 86.750449 
-0.610000 62.059749 
-0.700000 14.577632 
-0.790000 -13.911638 
-0.880000 -29.105915 
-0.970000 -38.602339 
-1.060000 -53.796616 
-1.150000 -57.595185 
-1.240000 -70.890178 
-1.330000 -70.890178 
-1.420000 -84.185170 
-1.510000 -89.883024 
-1.600000 -89.883024 
-1.690000 -93.681594 
-1.780000 -106.976586 
-1.870000 -112.674440 
-1.960000 -120.271579 
-2.050000 -143.062995 
-2.140000 -150.660134 
-2.230000 -154.458703 
-2.320000 -162.055842 
-2.410000 -179.149404 
-2.500000 -186.746542 
-2.410000 -182.947973 
-2.320000 -203.840104 
-2.230000 -211.437243 
-2.140000 -205.739389 
-2.050000 -209.537958 
-1.960000 -211.437243 
-1.870000 -211.437243 
-1.780000 -205.739389 
-1.690000 -211.437243 
-1.600000 -201.940820 
-1.510000 -217.135097 
-1.420000 -215.235812 
-1.330000 -211.437243 
-1.240000 -203.840104 
-1.150000 -209.537958 
-1.060000 -200.041535 
-0.970000 -194.343681 
-0.880000 -196.242966 
-0.790000 -190.545112 
-0.700000 -192.444396 
-0.610000 -192.444396 
-0.520000 -192.444396 
-0.430000 -179.149404 
-0.340000 -181.048688 
-0.250000 -181.048688 
-0.160000 -169.652980 
-0.070000 -156.357988 
0.020000 -135.465856 
0.110000 -127.868718 
0.200000 -135.465856 
0.290000 -84.185170 
0.380000 -59.494470 
0.470000 -27.206631 
0.560000 3.181924 
0.650000 6.980493 
0.740000 20.275486 
0.830000 25.973340 
0.920000 43.066902 
1.010000 46.865471 
1.100000 56.361895 
1.190000 65.858318 
1.280000 65.858318 
1.370000 73.455457 
1.460000 77.254026 
1.550000 88.649734 
1.640000 100.045442 
1.730000 103.844011 
1.820000 122.836858 
1.910000 119.038289 
2.000000 128.534712 
2.090000 136.131851 
2.180000 147.527558 
2.270000 151.326128 
2.360000 174.117544 
2.450000 176.016828 
2.460000 185.513252 
2.370000 187.412536 
2.280000 196.908960 
2.190000 204.506098 
2.100000 196.908960 
2.010000 214.002522 
1.920000 208.304668 
1.830000 204.506098 
1.740000 221.599660 
1.650000 225.398230 
1.560000 215.901806 
1.470000 195.009675 
1.380000 212.103237 
1.290000 206.405383 
1.200000 193.110390 
1.110000 210.203952 
1.020000 198.808244 
0.930000 204.506098 
0.840000 198.808244 
0.750000 187.412536 
0.660000 185.513252 
0.570000 189.311821 
0.480000 183.613967 
0.390000 177.916113 
0.300000 170.318974 
0.210000 160.822551 
0.120000 153.225412 
0.030000 151.326128 
-0.060000 143.728989 
-0.150000 136.131851 
-0.240000 117.139004 
-0.330000 109.541865 
-0.420000 105.743296 
-0.510000 88.649734 
-0.600000 50.664041 
-0.690000 12.678347 
-0.780000 -12.012353 
-0.870000 -29.105915 
-0.960000 -36.703054 
-1.050000 -46.199477 
-1.140000 -65.192324 
-1.230000 -74.688747 
-1.320000 -72.789462 
-1.410000 -78.487316 
-1.500000 -89.883024 
-1.590000 -91.782309 
-1.680000 -106.976586 
-1.770000 -114.573725 
-1.860000 -118.372294 
-1.950000 -127.868718 
-2.040000 -135.465856 
-2.130000 -137.365141 
-2.220000 -156.357988 
-2.310000 -160.156557 
-2.400000 -175.350834 
-2.490000 -182.947973 
-2.420000 -194.343681 
-2.330000 -190.545112 
-2.240000 -207.638674 
-2.150000 -211.437243 
-2.060000 -211.437243 
-1.970000 -205.739389 
-1.880000 -211.437243 
-1.790000 -205.739389 
-1.700000 -213.336528 
-1.610000 -215.235812 
-1.520000 -209.537958 
-1.430000 -213.336528 
-1.340000 -215.235812 
-1.250000 -209.537958 
-1.160000 -207.638674 
-1.070000 -209.537958 
-0.980000 -200.041535 
-0.890000 -200.041535 
-0.800000 -196.242966 
-0.710000 -188.645827 
-0.620000 -198.142250 
-0.530000 -188.645827 
-0.440000 -186.746542 
-0.350000 -177.250119 
-0.260000 -181.048688 
-0.170000 -173.451550 
-0.080000 -152.559418 
0.010000 -131.667287 
0.100000 -125.969433 
0.190000 -116.473010 
0.280000 -72.789462 
0.370000 -53.796616 
0.460000 -27.206631 
0.550000 -2.515930 
0.640000 14.577632 
0.730000 16.476917 
0.820000 37.369048 
0.910000 37.369048 
1.000000 44.966187 
1.090000 58.261179 
1.180000 63.959033 
1.270000 58.261179 
1.360000 71.556172 
1.450000 84.851165 
1.540000 82.951880 
1.630000 92.448303 
1.720000 103.844011 
1.810000 117.139004 
1.900000 113.340435 
1.990000 138.031135 
2.080000 126.635427 
2.170000 158.923266 
2.260000 157.023982 
2.350000 143.728989 
2.440000 176.016828 
2.470000 170.318974 
2.380000 147.527558 
2.290000 196.908960 
2.200000 200.707529 
2.110000 210.203952 
2.020000 204.506098 
1.930000 204.506098 
1.840000 206.405383 
1.750000 231.096084 
1.660000 212.103237 
1.570000 212.103237 
1.480000 215.901806 
1.390000 208.304668 
1.300000 204.506098 
1.210000 212.103237 
1.120000 206.405383 
1.030000 202.606814 
0.940000 208.304668 
0.850000 198.808244 
0.760000 196.908960 
0.670000 193.110390 
0.580000 183.613967 
0.490000 181.714682 
0.400000 172.218259 
0.310000 172.218259 
0.220000 164.621120 
0.130000 160.822551 
0.040000 145.628274 
-0.050000 145.628274 
-0.140000 138.031135 
-0.230000 124.736143 
-0.320000 117.139004 
-0.410000 105.743296 
-0.500000 90.549019 
-0.590000 50.664041 
-0.680000 8.879778 
-0.770000 -23.408061 
-0.860000 -21.508777 
-0.950000 -32.904485 
-1.040000 -61.393755 
-1.130000 -59.494470 
-1.220000 -63.293039 
-1.310000 -74.688747 
-1.400000 -82.285886 
-1.490000 -87.983740 
-1.580000 -91.782309 
-1.670000 -89.883024 
-1.760000 -105.077302 
-1.850000 -114.573725 
-1.940000 -120.271579 
-2.030000 -135.465856 
-2.120000 -139.264426 
-2.210000 -156.357988 
-2.300000 -162.055842 
-2.390000 -175.350834 
-2.480000 -175.350834 
-2.430000 -182.947973 
-2.340000 -194.343681 
-2.250000 -196.242966 
-2.160000 -207.638674 
-2.070000 -213.336528 
-1.980000 -213.336528 
-1.890000 -215.235812 
-1.800000 -219.034382 
-1.710000 -211.437243 
-1.620000 -215.235812 
-1.530000 -209.537958 
-1.440000 -217.135097 
-1.350000 -215.235812 
-1.260000 -209.537958 
-1.170000 -209.537958 
-1.080000 -207.638674 
-0.990000 -201.940820 
-0.900000 -194.343681 
-0.810000 -203.840104 
-0.720000 -200.041535 
-0.630000 -186.746542 
-0.540000 -196.242966 
-0.450000 -194.343681 
-0.360000 -181.048688 
-0.270000 -184.847258 
-0.180000 -179.149404 
-0.090000 -163.955126 
0.000000 -139.264426 
0.090000 -131.667287 
0.180000 -129.768002 
0.270000 -122.170864 
0.360000 -103.178017 
0.450000 -46.199477 
0.540000 -17.710207 
0.630000 -8.213784 
0.720000 16.476917 
0.810000 24.074055 
0.900000 43.066902 
0.990000 35.469763 
1.080000 48.764756 
1.170000 60.160464 
1.260000 69.656887 
1.350000 75.354741 
1.440000 77.254026 
1.530000 100.045442 
1.620000 88.649734 
1.710000 100.045442 
1.800000 109.541865 
1.890000 111.441150 
1.980000 120.937573 
2.070000 139.930420 
2.160000 139.930420 
2.250000 162.721836 
2.340000 168.419690 
2.430000 177.916113 
2.480000 183.613967 
2.390000 176.016828 
2.300000 200.707529 
2.210000 196.908960 
2.120000 206.405383 
2.030000 204.506098 
1.940000 200.707529 
1.850000 196.908960 
1.760000 221.599660 
1.670000 219.700376 
1.580000 214.002522 
1.490000 208.304668 
1.400000 214.002522 
1.310000 206.405383 
1.220000 214.002522 
1.130000 215.901806 
1.040000 202.606814 
0.950000 210.203952 
0.860000 202.606814 
0.770000 196.908960 
0.680000 195.009675 
0.590000 183.613967 
0.500000 183.613967 
0.410000 174.117544 
0.320000 174.117544 
0.230000 166.520405 
0.140000 160.822551 
0.050000 153.225412 
-0.040000 145.628274 
-0.130000 130.433997 
-0.220000 128.534712 
-0.310000 117.139004 
-0.400000 88.649734 
-0.490000 44.966187 
-0.580000 -0.616645 
-0.670000 -29.105915 
-0.760000 -2.515930 
-0.850000 -32.904485 
-0.940000 -46.199477 
-1.030000 -51.897331 
-1.120000 -57.595185 
-1.210000 -68.990893 
-1.300000 -70.890178 
-1.390000 -72.789462 
-1.480000 -86.084455 
-1.570000 -89.883024 
-1.660000 -99.379448 
-1.750000 -108.875871 
-1.840000 -114.573725 
-1.930000 -125.969433 
-2.020000 -135.465856 
-2.110000 -146.861564 
-2.200000 -156.357988 
-2.290000 -173.451550 
-2.380000 -167.753696 
-2.470000 -173.451550 
-2.440000 -184.847258 
-2.350000 -188.645827 
-2.260000 -196.242966 
-2.170000 -196.242966 
-2.080000 -205.739389 
-1.990000 -219.034382 
-1.900000 -217.135097 
-1.810000 -213.336528 
-1.720000 -226.631520 
-1.630000 -226.631520 
-1.540000 -211.437243 
-1.450000 -217.135097 
-1.360000 -215.235812 
-1.270000 -211.437243 
-1.180000 -209.537958 
-1.090000 -213.336528 
-1.000000 -205.739389 
-0.910000 -209.537958 
-0.820000 -203.840104 
-0.730000 -196.242966 
-0.640000 -198.142250 
-0.550000 -190.545112 
-0.460000 -188.645827 
-0.370000 -182.947973 
-0.280000 -182.947973 
-0.190000 -173.451550 
-0.100000 -158.257272 
-0.010000 -129.768002 
0.080000 -131.667287 
0.170000 -124.070148 
0.260000 -93.681594 
0.350000 -76.588032 
0.440000 -36.703054 
0.530000 -10.113069 
0.620000 14.577632 
0.710000 20.275486 
0.800000 31.671194 
0.890000 31.671194 
0.980000 44.966187 
1.070000 52.563325 
1.160000 63.959033 
1.250000 62.059749 
1.340000 71.556172 
1.430000 75.354741 
1.520000 86.750449 
1.610000 88.649734 
1.700000 98.146157 
1.790000 113.340435 
1.880000 113.340435 
1.970000 130.433997 
2.060000 149.426843 
2.150000 153.225412 
2.240000 149.426843 
2.330000 166.520405 
2.420000 179.815398 
2.490000 189.311821 
2.400000 185.513252 
2.310000 185.513252 
2.220000 210.203952 
2.130000 202.606814 
2.040000 212.103237 
1.950000 204.506098 
1.860000 202.606814 
1.770000 215.901806 
1.680000 219.700376 
1.590000 214.002522 
1.500000 210.203952 
1.410000 217.801091 
1.320000 210.203952 
1.230000 210.203952 
1.140000 206.405383 
1.050000 198.808244 
0.960000 202.606814 
0.870000 204.506098 
0.780000 193.110390 
0.690000 189.311821 
0.600000 187.412536 
0.510000 179.815398 
0.420000 174.117544 
0.330000 166.520405 
0.240000 160.822551 
0.150000 157.023982 
0.060000 155.124697 
-0.030000 143.728989 
-0.120000 138.031135 
-0.210000 126.635427 
-0.300000 117.139004 
-0.390000 107.642581 
-0.480000 92.448303 
-0.570000 62.059749 
-0.660000 39.268333 
-0.750000 -8.213784 
-0.840000 -25.307346 
-0.930000 -42.400908 
-1.020000 -46.199477 
-1.110000 -63.293039 
-1.200000 -70.890178 
-1.290000 -74.688747 
-1.380000 -72.789462 
-1.470000 -84.185170 
-1.560000 -89.883024 
-1.650000 -105.077302 
-1.740000 -110.775156 
-1.830000 -122.170864 
-1.920000 -127.868718 
-2.010000 -131.667287 
-2.100000 -146.861564 
-2.190000 -156.357988 
-2.280000 -167.753696 
-2.370000 -167.753696 
-2.460000 -182.947973 
-2.450000 -186.746542 
-2.360000 -196.242966 
-2.270000 -198.142250 
-2.180000 -203.840104 
-2.090000 -205.739389 
-2.000000 -209.537958 
-1.910000 -226.631520 
-1.820000 -209.537958 
-1.730000 -213.336528 
-1.640000 -211.437243 
-1.550000 -207.638674 
-1.460000 -213.336528 
-1.370000 -211.437243 
-1.280000 -203.840104 
-1.190000 -201.940820 
-1.100000 -211.437243 
-1.010000 -200.041535 
-0.920000 -186.746542 
-0.830000 -198.142250 
-0.740000 -196.242966 
-0.650000 -192.444396 
-0.560000 -190.545112 
-0.470000 -188.645827 
-0.380000 -188.645827 
-0.290000 -182.947973 
-0.200000 -179.149404 
-0.110000 -173.451550 
-0.020000 -148.760849 
0.070000 -129.768002 
0.160000 -124.070148 
0.250000 -97.480163 
0.340000 -63.293039 
0.430000 -34.803769 
0.520000 -8.213784 
0.610000 5.081209 
0.700000 18.376201 
0.790000 27.872625 
0.880000 39.268333 
0.970000 43.066902 
1.060000 54.462610 
1.150000 65.858318 
1.240000 67.757603 
1.330000 69.656887 
1.420000 88.649734 
1.510000 79.153311 
1.600000 92.448303 
1.690000 100.045442 
1.780000 107.642581 
1.870000 107.642581 
1.960000 128.534712 
2.050000 138.031135 
2.140000 147.527558 
2.230000 151.326128 
2.320000 166.520405 
2.410000 174.117544 
2.500000 179.815398 
2.410000 177.916113 
2.320000 196.908960 
2.230000 200.707529 
2.140000 202.606814 
2.050000 208.304668 
1.960000 200.707529 
1.870000 208.304668 
1.780000 227.297514 
1.690000 212.103237 
1.600000 212.103237 
1.510000 217.801091 
1.420000 214.002522 
1.330000 204.506098 
1.240000 214.002522 
1.150000 200.707529 
1.060000 202.606814 
0.970000 210.203952 
0.880000 196.908960 
0.790000 196.908960 
0.700000 195.009675 
0.610000 183.613967 
0.520000 179.815398 
0.430000 185.513252 
0.340000 174.117544 
0.250000 166.520405 
0.160000 181.714682 
0.070000 149.426843 
-0.020000 153.225412 
-0.110000 143.728989 
-0.200000 130.433997 
-0.290000 113.340435 
-0.380000 113.340435 
-0.470000 94.347588 
-0.560000 60.160464 
-0.650000 18.376201 
-0.740000 -12.012353 
-0.830000 -21.508777 
-0.920000 -44.300193 
-1.010000 -46.199477 
-1.100000 -59.494470 
-1.190000 -67.091609 
-1.280000 -72.789462 
-1.370000 -84.185170 
-1.460000 -87.983740 
-1.550000 -87.983740 
-1.640000 -97.480163 
-1.730000 -101.278732 
-1.820000 -108.875871 
-1.910000 -127.868718 
-2.000000 -139.264426 
-2.090000 -150.660134 
-2.180000 -154.458703 
-2.270000 -167.753696 
-2.360000 -169.652980 
-2.450000 -186.746542 
-2.460000 -188.645827 
-2.370000 -192.444396 
-2.280000 -192.444396 
-2.190000 -198.142250 
-2.100000 -209.537958 
-2.010000 -211.437243 
-1.920000 -239.926513 
-1.830000 -213.336528 
-1.740000 -220.933666 
-1.650000 -215.235812 
-1.560000 -215.235812 
-1.470000 -217.135097 
-1.380000 -213.336528 
-1.290000 -211.437243 
-1.200000 -211.437243 
-1.110000 -207.638674 
-1.020000 -205.739389 
-0.930000 -207.638674 
-0.840000 -200.041535 
-0.750000 -200.041535 
-0.660000 -194.343681 
-0.570000 -194.343681 
-0.480000 -190.545112 
-0.390000 -192.444396 
-0.300000 -190.545112 
-0.210000 -184.847258 
-0.120000 -173.451550 
-0.030000 -160.156557 
0.060000 -135.465856 
0.150000 -129.768002 
0.240000 -97.480163 
0.330000 -63.293039 
0.420000 -42.400908 
0.510000 -17.710207 
0.600000 1.282639 
0.690000 24.074055 
0.780000 29.771909 
0.870000 39.268333 
0.960000 43.066902 
1.050000 48.764756 
1.140000 54.462610 
1.230000 62.059749 
1.320000 75.354741 
1.410000 73.455457 
1.500000 88.649734 
1.590000 92.448303 
1.680000 107.642581 
1.770000 107.642581 
1.860000 117.139004 
1.950000 136.131851 
2.040000 103.844011 
2.130000 153.225412 
2.220000 151.326128 
2.310000 164.621120 
2.400000 174.117544 
2.490000 172.218259 
2.420000 189.311821 
2.330000 200.707529 
2.240000 193.110390 
2.150000 208.304668 
2.060000 206.405383 
1.970000 206.405383 
1.880000 221.599660 
1.790000 225.398230 
1.700000 214.002522 
1.610000 217.801091 
1.520000 225.398230 
1.430000 219.700376 
1.340000 215.901806 
1.250000 214.002522 
1.160000 204.506098 
1.070000 208.304668 
0.980000 202.606814 
0.890000 202.606814 
0.800000 195.009675 
0.710000 189.311821 
0.620000 189.311821 
0.530000 185.513252 
0.440000 176.016828 
0.350000 176.016828 
0.260000 170.318974 
0.170000 160.822551 
0.080000 155.124697 
-0.010000 151.326128 
-0.100000 141.829705 
-0.190000 120.937573 
-0.280000 119.038289 
-0.370000 105.743296 
-0.460000 92.448303 
-0.550000 62.059749 
-0.640000 25.973340 
-0.730000 -13.911638 
-0.820000 -23.408061 
-0.910000 -36.703054 
-1.000000 -48.098762 
-1.090000 -59.494470 
-1.180000 -59.494470 
-1.270000 -82.285886 
-1.360000 -87.983740 
-1.450000 -76.588032 
-1.540000 -87.983740 
-1.630000 -89.883024 
-1.720000 -97.480163 
-1.810000 -103.178017 
-1.900000 -112.674440 
-1.990000 -129.768002 
-2.080000 -148.760849 
-2.170000 -154.458703 
-2.260000 -152.559418 
-2.350000 -175.350834 
-2.440000 -184.847258 
-2.470000 -186.746542 
-2.380000 -192.444396 
-2.290000 -198.142250 
-2.200000 -205.739389 
-2.110000 -209.537958 
-2.020000 -213.336528 
-1.930000 -217.135097 
-1.840000 -217.135097 
-1.750000 -211.437243 
-1.660000 -209.537958 
-1.570000 -224.732236 
-1.480000 -220.933666 
-1.390000 -220.933666 
-1.300000 -215.235812 
-1.210000 -207.638674 
-1.120000 -219.034382 
-1.030000 -207.638674 
-0.940000 -201.940820 
-0.850000 -207.638674 
-0.760000 -200.041535 
-0.670000 -196.242966 
-0.580000 -192.444396 
-0.490000 -194.343681 
-0.400000 -182.947973 
-0.310000 -190.545112 
-0.220000 -182.947973 
-0.130000 -173.451550 
-0.040000 -160.156557 
0.050000 -131.667287 
0.140000 -127.868718 
0.230000 -106.976586 
0.320000 -68.990893 
0.410000 -44.300193 
0.500000 -12.012353 
0.590000 8.879778 
0.680000 10.779063 
0.770000 27.872625 
0.860000 29.771909 
0.950000 43.066902 
1.040000 54.462610 
1.130000 58.261179 
1.220000 67.757603 
1.310000 75.354741 
1.400000 73.455457 
1.490000 82.951880 
1.580000 84.851165 
1.670000 69.656887 
1.760000 105.743296 
1.850000 124.736143 
1.940000 128.534712 
2.030000 149.426843 
2.120000 139.930420 
2.210000 158.923266 
2.300000 166.520405 
2.390000 176.016828 
2.480000 174.117544 
2.430000 191.211106 
2.340000 196.908960 
2.250000 195.009675 
2.160000 196.908960 
2.070000 204.506098 
1.980000 200.707529 
1.890000 215.901806 
1.800000 219.700376 
1.710000 210.203952 
1.620000 217.801091 
1.530000 223.498945 
1.440000 210.203952 
1.350000 215.901806 
1.260000 210.203952 
1.170000 206.405383 
1.080000 212.103237 
0.990000 200.707529 
0.900000 198.808244 
0.810000 198.808244 
0.720000 191.211106 
0.630000 185.513252 
0.540000 183.613967 
0.450000 181.714682 
0.360000 170.318974 
0.270000 174.117544 
0.180000 160.822551 
0.090000 160.822551 
-0.000000 151.326128 
-0.090000 145.628274 
-0.180000 124.736143 
-0.270000 117.139004 
-0.360000 109.541865 
-0.450000 98.146157 
-0.540000 65.858318 
-0.630000 16.476917 
-0.720000 -10.113069 
-0.810000 -21.508777 
-0.900000 -31.005200 
-0.990000 -49.998047 
-1.080000 -59.494470 
-1.170000 -70.890178 
-1.260000 -68.990893 
-1.350000 -72.789462 
-1.440000 -84.185170 
-1.530000 -82.285886 
-1.620000 -89.883024 
-1.710000 -93.681594 
-1.800000 -106.976586 
-1.890000 -120.271579 
-1.980000 -127.868718 
-2.070000 -139.264426 
-2.160000 -150.660134 
-2.250000 -160.156557 
-2.340000 -169.652980 
-2.430000 -181.048688 
-2.480000 -190.545112 
-2.390000 -196.242966 
-2.300000 -203.840104 
-2.210000 -203.840104 
-2.120000 -207.638674 
-2.030000 -213.336528 
-1.940000 -211.437243 
-1.850000 -217.135097 
-1.760000 -215.235812 
-1.670000 -215.235812 
-1.580000 -226.631520 
-1.490000 -217.135097 
-1.400000 -220.933666 
-1.310000 -219.034382 
-1.220000 -213.336528 
-1.130000 -215.235812 
-1.040000 -209.537958 
-0.950000 -211.437243 
-0.860000 -203.840104 
-0.770000 -196.242966 
-0.680000 -194.343681 
-0.590000 -192.444396 
-0.500000 -190.545112 
-0.410000 -182.947973 
-0.320000 -190.545112 
-0.230000 -186.746542 
-0.140000 -169.652980 
-0.050000 -152.559418 
0.040000 -133.566572 
0.130000 -124.070148 
0.220000 -114.573725 
0.310000 -105.077302 
0.400000 -61.393755 
0.490000 -23.408061 
0.580000 -13.911638 
0.670000 10.779063 
0.760000 14.577632 
0.850000 31.671194 
0.940000 41.167617 
1.030000 39.268333 
1.120000 54.462610 
1.210000 63.959033 
1.300000 79.153311 
1.390000 75.354741 
1.480000 81.052595 
1.570000 88.649734 
1.660000 100.045442 
1.750000 96.246873 
1.840000 113.340435 
1.930000 130.433997 
2.020000 136.131851 
2.110000 145.628274 
2.200000 147.527558 
2.290000 168.419690 
2.380000 168.419690 
2.470000 172.218259 
2.440000 183.613967 
2.350000 196.908960 
2.260000 198.808244 
2.170000 198.808244 
2.080000 193.110390 
1.990000 195.009675 
1.900000 210.203952 
1.810000 219.700376 
1.720000 204.506098 
1.630000 214.002522 
1.540000 227.297514 
1.450000 206.405383 
1.360000 210.203952 
1.270000 214.002522 
1.180000 204.506098 
1.090000 206.405383 
1.000000 210.203952 
0.910000 200.707529 
0.820000 191.211106 
0.730000 191.211106 
0.640000 191.211106 
0.550000 179.815398 
0.460000 181.714682 
0.370000 176.016828 
0.280000 166.520405 
0.190000 160.822551 
0.100000 166.520405 
0.010000 153.225412 
-0.080000 141.829705 
-0.170000 130.433997 
-0.260000 94.347588 
-0.350000 111.441150 
-0.440000 94.347588 
-0.530000 52.563325 
-0.620000 16.476917 
-0.710000 -12.012353 
-0.800000 -36.703054 
-0.890000 -34.803769 
-0.980000 -48.098762 
-1.070000 -65.192324 
-1.160000 -65.192324 
-1.250000 -70.890178 
-1.340000 -82.285886 
-1.430000 -82.285886 
-1.520000 -80.386601 
-1.610000 -97.480163 
-1.700000 -97.480163 
-1.790000 -99.379448 
-1.880000 -112.674440 
-1.970000 -131.667287 
-2.060000 -148.760849 
-2.150000 -150.660134 
-2.240000 -163.955126 
-2.330000 -169.652980 
-2.420000 -175.350834 
-2.490000 -188.645827 
-2.400000 -181.048688 
-2.310000 -203.840104 
-2.220000 -205.739389 
-2.130000 -207.638674 
-2.040000 -207.638674 
-1.950000 -211.437243 
-1.860000 -220.933666 
-1.770000 -219.034382 
-1.680000 -211.437243 
-1.590000 -220.933666 
-1.500000 -226.631520 
-1.410000 -219.034382 
-1.320000 -217.135097 
-1.230000 -211.437243 
-1.140000 -215.235812 
-1.050000 -203.840104 
-0.960000 -203.840104 
-0.870000 -203.840104 
-0.780000 -194.343681 
-0.690000 -200.041535 
-0.600000 -201.940820 
-0.510000 -192.444396 
-0.420000 -192.444396 
-0.330000 -192.444396 
-0.240000 -182.947973 
-0.150000 -173.451550 
-0.060000 -158.257272 
0.030000 -139.264426 
0.120000 -135.465856 
0.210000 -120.271579 
0.300000 -99.379448 
0.390000 -67.091609 
0.480000 -36.703054 
0.570000 -8.213784 
0.660000 8.879778 
0.750000 8.879778 
0.840000 37.369048 
0.930000 39.268333 
1.020000 52.563325 
1.110000 58.261179 
1.200000 63.959033 
1.290000 71.556172 
1.380000 79.153311 
1.470000 77.254026 
1.560000 96.246873 
1.650000 100.045442 
1.740000 100.045442 
1.830000 107.642581 
1.920000 124.736143 
2.010000 126.635427 
2.100000 138.031135 
2.190000 147.527558 
2.280000 160.822551 
2.370000 181.714682 
2.460000 177.916113 
2.450000 181.714682 
2.360000 200.707529 
2.270000 198.808244 
2.180000 204.506098 
2.090000 204.506098 
2.000000 196.908960 
1.910000 206.405383 
1.820000 229.196799 
1.730000 214.002522 
1.640000 208.304668 
1.550000 198.808244 
1.460000 219.700376 
1.370000 214.002522 
1.280000 219.700376 
1.190000 204.506098 
1.100000 204.506098 
1.010000 206.405383 
0.920000 198.808244 
0.830000 198.808244 
0.740000 189.311821 
0.650000 183.613967 
0.560000 183.613967 
0.470000 183.613967 
0.380000 183.613967 
0.290000 170.318974 
0.200000 174.117544 
0.110000 162.721836 
0.020000 153.225412 
-0.070000 151.326128 
-0.160000 138.031135 
-0.250000 119.038289 
-0.340000 120.937573 
-0.430000 107.642581 
-0.520000 92.448303 
-0.610000 67.757603 
-0.700000 12.678347 
-0.790000 -8.213784 
-0.880000 -15.810923 
-0.970000 -38.602339 
-1.060000 -51.897331 
-1.150000 -67.091609 
-1.240000 -70.890178 
-1.330000 -84.185170 
-1.420000 -86.084455 
-1.510000 -87.983740 
-1.600000 -93.681594 
-1.690000 -97.480163 
-1.780000 -101.278732 
-1.870000 -114.573725 
-1.960000 -122.170864 
-2.050000 -135.465856 
-2.140000 -144.962280 
-2.230000 -154.458703 
-2.320000 -160.156557 
-2.410000 -181.048688 
-2.500000 -190.545112 
-2.410000 -192.444396 
-2.320000 -201.940820 
-2.230000 -205.739389 
-2.140000 -211.437243 
-2.050000 -211.437243 
-1.960000 -211.437243 
-1.870000 -213.336528 
-1.780000 -211.437243 
-1.690000 -217.135097 
-1.600000 -220.933666 
-1.510000 -217.135097 
-1.420000 -219.034382 
-1.330000 -222.832951 
-1.240000 -205.739389 
-1.150000 -209.537958 
-1.060000 -215.235812 
-0.970000 -207.638674 
-0.880000 -211.437243 
-0.790000 -196.242966 
-0.700000 -190.545112 
-0.610000 -192.444396 
-0.520000 -190.545112 
-0.430000 -194.343681 
-0.340000 -207.638674 
-0.250000 -181.048688 
-0.160000 -175.350834 
-0.070000 -171.552265 
0.020000 -146.861564 
0.110000 -133.566572 
0.200000 -122.170864 
0.290000 -105.077302 
0.380000 -61.393755 
0.470000 -29.105915 
0.560000 -15.810923 
0.650000 6.980493 
0.740000 29.771909 
0.830000 37.369048 
0.920000 35.469763 
1.010000 43.066902 
1.100000 52.563325 
1.190000 69.656887 
1.280000 69.656887 
1.370000 75.354741 
1.460000 79.153311 
1.550000 82.951880 
1.640000 90.549019 
1.730000 92.448303 
1.820000 124.736143 
1.910000 122.836858 
2.000000 138.031135 
2.090000 145.628274 
2.180000 147.527558 
2.270000 160.822551 
2.360000 166.520405 
2.450000 164.621120 
2.460000 193.110390 
2.370000 189.311821 
2.280000 195.009675 
2.190000 196.908960 
2.100000 198.808244 
2.010000 198.808244 
1.920000 212.103237 
1.830000 214.002522 
1.740000 208.304668 
1.650000 210.203952 
1.560000 225.398230 
1.470000 219.700376 
1.380000 223.498945 
1.290000 206.405383 
1.200000 200.707529 
1.110000 210.203952 
1.020000 196.908960 
0.930000 200.707529 
0.840000 202.606814 
0.750000 195.009675 
0.660000 185.513252 
0.570000 191.211106 
0.480000 183.613967 
0.390000 174.117544 
0.300000 176.016828 
0.210000 158.923266 
0.120000 160.822551 
0.030000 153.225412 
-0.060000 145.628274 
-0.150000 128.534712 
-0.240000 124.736143 
-0.330000 113.340435 
-0.420000 103.844011 
-0.510000 92.448303 
-0.600000 63.959033 
-0.690000 14.577632 
-0.780000 -23.408061 
-0.870000 -25.307346 
-0.960000 -42.400908 
-1.050000 -51.897331 
-1.140000 -65.192324 
-1.230000 -68.990893 
-1.320000 -74.688747 
-1.410000 -91.782309 
-1.500000 -95.580878 
-1.590000 -97.480163 
-1.680000 -108.875871 
-1.770000 -106.976586 
-1.860000 -118.372294 
-1.950000 -122.170864 
-2.040000 -141.163710 
-2.130000 -144.962280 
-2.220000 -158.257272 
-2.310000 -169.652980 
-2.400000 -177.250119 
-2.490000 -188.645827 
-2.420000 -181.048688 
-2.330000 -194.343681 
-2.240000 -211.437243 
-2.150000 -207.638674 
-2.060000 -211.437243 
-1.970000 -215.235812 
-1.880000 -207.638674 
-1.790000 -220.933666 
-1.700000 -220.933666 
-1.610000 -226.631520 
-1.520000 -215.235812 
-1.430000 -222.832951 
-1.340000 -220.933666 
-1.250000 -215.235812 
-1.160000 -213.336528 
-1.070000 -213.336528 
-0.980000 -209.537958 
-0.890000 -209.537958 
-0.800000 -198.142250 
-0.710000 -196.242966 
-0.620000 -201.940820 
-0.530000 -196.242966 
-0.440000 -196.242966 
-0.350000 -192.444396 
-0.260000 -182.947973 
-0.170000 -182.947973 
-0.080000 -167.753696 
0.010000 -143.062995 
0.100000 -133.566572 
0.190000 -122.170864 
0.280000 -93.681594 
0.370000 -57.595185 
0.460000 -29.105915 
0.550000 -6.314499 
0.640000 8.879778 
0.730000 18.376201 
0.820000 29.771909 
0.910000 43.066902 
1.000000 52.563325 
1.090000 54.462610 
1.180000 65.858318 
1.270000 62.059749 
1.360000 75.354741 
1.450000 79.153311 
1.540000 79.153311 
1.630000 84.851165 
1.720000 101.944727 
1.810000 113.340435 
1.900000 119.038289 
1.990000 134.232566 
2.080000 130.433997 
2.170000 160.822551 
2.260000 162.721836 
2.350000 174.117544 
2.440000 172.218259 
2.470000 189.311821 
2.380000 191.211106 
2.290000 191.211106 
2.200000 200.707529 
2.110000 198.808244 
2.020000 204.506098 
1.930000 225.398230 
1.840000 217.801091 
1.750000 214.002522 
1.660000 227.297514 
1.570000 223.498945 
1.480000 215.901806 
1.390000 223.498945 
1.300000 214.002522 
1.210000 204.506098 
1.120000 212.103237 
1.030000 202.606814 
0.940000 198.808244 
0.850000 198.808244 
0.760000 187.412536 
0.670000 183.613967 
0.580000 181.714682 
0.490000 181.714682 
0.400000 174.117544 
0.310000 172.218259 
0.220000 166.520405 
0.130000 153.225412 
0.040000 145.628274 
-0.050000 143.728989 
-0.140000 138.031135 
-0.230000 124.736143 
-0.320000 132.333281 
-0.410000 107.642581 
-0.500000 92.448303 
-0.590000 62.059749 
-0.680000 18.376201 
-0.770000 -23.408061 
-0.860000 -29.105915 
-0.950000 -38.602339 
-1.040000 -61.393755 
-1.130000 -68.990893 
-1.220000 -72.789462 
-1.310000 -70.890178 
-1.400000 -89.883024 
-1.490000 -89.883024 
-1.580000 -89.883024 
-1.670000 -99.379448 
-1.760000 -108.875871 
-1.850000 -118.372294 
-1.940000 -122.170864 
-2.030000 -124.070148 
-2.120000 -137.365141 
-2.210000 -156.357988 
-2.300000 -169.652980 
-2.390000 -173.451550 
-2.480000 -182.947973 
-2.430000 -190.545112 
-2.340000 -196.242966 
-2.250000 -203.840104 
-2.160000 -209.537958 
-2.070000 -209.537958 
-1.980000 -209.537958 
-1.890000 -211.437243 
-1.800000 -209.537958 
-1.710000 -220.933666 
-1.620000 -220.933666 
-1.530000 -215.235812 
-1.440000 -217.135097 
-1.350000 -215.235812 
-1.260000 -215.235812 
-1.170000 -213.336528 
-1.080000 -211.437243 
-0.990000 -196.242966 
-0.900000 -205.739389 
-0.810000 -203.840104 
-0.720000 -188.645827 
-0.630000 -198.142250 
-0.540000 -194.343681 
-0.450000 -194.343681 
-0.360000 -186.746542 
-0.270000 -188.645827 
-0.180000 -177.250119 
-0.090000 -175.350834 
