0.000000 -38.602339 
0.040000 -32.904485 
0.080000 -21.508777 
0.120000 -19.609492 
0.160000 -2.515930 
0.200000 6.980493 
0.240000 -0.616645 
0.280000 6.980493 
0.320000 1.282639 
0.360000 -0.616645 
0.400000 -0.616645 
0.440000 -0.616645 
0.480000 1.282639 
0.520000 -2.515930 
0.560000 5.081209 
0.600000 27.872625 
0.640000 37.369048 
0.680000 60.160464 
0.720000 54.462610 
0.760000 58.261179 
0.800000 71.556172 
0.840000 67.757603 
0.880000 62.059749 
0.920000 79.153311 
0.960000 75.354741 
1.000000 69.656887 
1.040000 75.354741 
1.080000 77.254026 
1.120000 67.757603 
1.160000 82.951880 
1.200000 90.549019 
1.240000 96.246873 
1.280000 92.448303 
1.320000 105.743296 
1.360000 103.844011 
1.400000 113.340435 
1.440000 119.038289 
1.480000 120.937573 
1.520000 120.937573 
1.560000 130.433997 
1.600000 128.534712 
1.640000 134.232566 
1.680000 139.930420 
1.720000 145.628274 
1.760000 153.225412 
1.800000 151.326128 
1.840000 160.822551 
1.880000 168.419690 
1.920000 170.318974 
1.960000 176.016828 
2.000000 172.218259 
2.040000 195.009675 
2.080000 189.311821 
2.120000 189.311821 
2.160000 191.211106 
2.200000 187.412536 
2.240000 191.211106 
2.280000 206.405383 
2.320000 212.103237 
2.360000 208.304668 
2.400000 225.398230 
2.440000 232.995368 
2.480000 229.196799 
2.480000 250.088930 
2.440000 232.995368 
2.400000 244.391076 
2.360000 267.182492 
2.320000 248.189646 
2.280000 253.887500 
2.240000 248.189646 
2.200000 255.786784 
2.160000 261.484638 
2.120000 265.283208 
2.080000 257.686069 
2.040000 251.988215 
2.000000 265.283208 
1.960000 255.786784 
1.920000 255.786784 
1.880000 267.182492 
1.840000 259.585354 
1.800000 267.182492 
1.760000 261.484638 
1.720000 272.880346 
1.680000 257.686069 
1.640000 257.686069 
1.600000 255.786784 
1.560000 259.585354 
1.520000 253.887500 
1.480000 248.189646 
1.440000 240.592507 
1.400000 234.894653 
1.360000 240.592507 
1.320000 229.196799 
1.280000 225.398230 
1.240000 227.297514 
1.200000 227.297514 
1.160000 227.297514 
1.120000 217.801091 
1.080000 219.700376 
1.040000 223.498945 
1.000000 217.801091 
0.960000 215.901806 
0.920000 215.901806 
0.880000 210.203952 
0.840000 206.405383 
0.800000 204.506098 
0.760000 196.908960 
0.720000 191.211106 
0.680000 195.009675 
0.640000 181.714682 
0.600000 179.815398 
0.560000 179.815398 
0.520000 168.419690 
0.480000 164.621120 
0.440000 170.318974 
0.400000 172.218259 
0.360000 155.124697 
0.320000 153.225412 
0.280000 147.527558 
0.240000 149.426843 
0.200000 145.628274 
0.160000 143.728989 
0.120000 143.728989 
0.080000 130.433997 
0.040000 128.534712 
-0.000000 124.736143 
-0.040000 119.038289 
-0.080000 117.139004 
-0.120000 100.045442 
-0.160000 84.851165 
-0.200000 88.649734 
-0.240000 73.455457 
-0.280000 63.959033 
-0.320000 37.369048 
-0.360000 3.181924 
-0.400000 -12.012353 
-0.440000 -17.710207 
-0.480000 -38.602339 
-0.520000 -40.501623 
-0.560000 -40.501623 
-0.600000 -46.199477 
-0.640000 -51.897331 
-0.680000 -51.897331 
-0.720000 -61.393755 
-0.760000 -68.990893 
-0.800000 -59.494470 
-0.840000 -63.293039 
-0.880000 -63.293039 
-0.920000 -67.091609 
-0.960000 -68.990893 
-1.000000 -72.789462 
-1.040000 -72.789462 
-1.080000 -72.789462 
-1.120000 -84.185170 
-1.160000 -103.178017 
-1.200000 -105.077302 
-1.240000 -105.077302 
-1.280000 -103.178017 
-1.320000 -112.674440 
-1.360000 -110.775156 
-1.400000 -122.170864 
-1.440000 -114.573725 
-1.480000 -148.760849 
-1.520000 -120.271579 
-1.560000 -129.768002 
-1.600000 -144.962280 
-1.640000 -144.962280 
-1.680000 -143.062995 
-1.720000 -146.861564 
-1.760000 -152.559418 
-1.800000 -156.357988 
-1.840000 -162.055842 
-1.880000 -167.753696 
-1.920000 -181.048688 
-1.960000 -179.149404 
-2.000000 -179.149404 
-2.040000 -181.048688 
-2.080000 -190.545112 
-2.120000 -194.343681 
-2.160000 -198.142250 
-2.200000 -203.840104 
-2.240000 -203.840104 
-2.280000 -211.437243 
-2.320000 -220.933666 
-2.360000 -219.034382 
-2.400000 -220.933666 
-2.440000 -220.933666 
-2.480000 -230.430090 
-2.480000 -238.027228 
-2.440000 -236.127944 
-2.400000 -241.825798 
-2.360000 -243.725082 
-2.320000 -241.825798 
-2.280000 -238.027228 
-2.240000 -245.624367 
-2.200000 -251.322221 
-2.160000 -255.120790 
-2.120000 -258.919360 
-2.080000 -257.020075 
-2.040000 -253.221506 
-2.000000 -251.322221 
-1.960000 -247.523652 
-1.920000 -257.020075 
-1.880000 -251.322221 
-1.840000 -249.422936 
-1.800000 -258.919360 
-1.760000 -251.322221 
-1.720000 -241.825798 
-1.680000 -234.228659 
-1.640000 -239.926513 
-1.600000 -236.127944 
-1.560000 -236.127944 
-1.520000 -234.228659 
-1.480000 -226.631520 
-1.440000 -228.530805 
-1.400000 -224.732236 
-1.360000 -226.631520 
-1.320000 -224.732236 
-1.280000 -215.235812 
-1.240000 -219.034382 
-1.200000 -224.732236 
-1.160000 -220.933666 
-1.120000 -217.135097 
-1.080000 -207.638674 
-1.040000 -205.739389 
-1.000000 -209.537958 
-0.960000 -203.840104 
-0.920000 -200.041535 
-0.880000 -196.242966 
-0.840000 -196.242966 
-0.800000 -181.048688 
-0.760000 -175.350834 
-0.720000 -175.350834 
-0.680000 -165.854411 
-0.640000 -158.257272 
-0.600000 -158.257272 
-0.560000 -154.458703 
-0.520000 -146.861564 
-0.480000 -137.365141 
-0.440000 -141.163710 
-0.400000 -135.465856 
-0.360000 -124.070148 
-0.320000 -116.473010 
-0.280000 -120.271579 
-0.240000 -114.573725 
-0.200000 -120.271579 
-0.160000 -103.178017 
-0.120000 -103.178017 
-0.080000 -103.178017 
-0.040000 -99.379448 
0.000000 -82.285886 
0.040000 -89.883024 
0.080000 -82.285886 
0.120000 -59.494470 
0.160000 -53.796616 
0.200000 -44.300193 
0.240000 -36.703054 
0.280000 -23.408061 
0.320000 -19.609492 
0.360000 -8.213784 
0.400000 -0.616645 
0.440000 1.282639 
0.480000 8.879778 
0.520000 16.476917 
0.560000 31.671194 
0.600000 31.671194 
0.640000 41.167617 
0.680000 43.066902 
0.720000 41.167617 
0.760000 43.066902 
0.800000 44.966187 
0.840000 60.160464 
0.880000 60.160464 
0.920000 73.455457 
0.960000 69.656887 
1.000000 69.656887 
1.040000 77.254026 
1.080000 77.254026 
1.120000 92.448303 
1.160000 84.851165 
1.200000 98.146157 
1.240000 96.246873 
1.280000 109.541865 
1.320000 105.743296 
1.360000 107.642581 
1.400000 120.937573 
1.440000 126.635427 
1.480000 122.836858 
1.520000 130.433997 
1.560000 122.836858 
1.600000 130.433997 
1.640000 138.031135 
1.680000 136.131851 
1.720000 149.426843 
1.760000 153.225412 
1.800000 160.822551 
1.840000 162.721836 
1.880000 164.621120 
1.920000 164.621120 
1.960000 181.714682 
2.000000 170.318974 
2.040000 179.815398 
2.080000 195.009675 
2.120000 191.211106 
2.160000 191.211106 
2.200000 200.707529 
2.240000 202.606814 
2.280000 204.506098 
2.320000 219.700376 
2.360000 225.398230 
2.400000 219.700376 
2.440000 227.297514 
2.480000 229.196799 
2.480000 229.196799 
2.440000 236.793938 
2.400000 234.894653 
2.360000 240.592507 
2.320000 251.988215 
2.280000 250.088930 
2.240000 251.988215 
2.200000 246.290361 
2.160000 248.189646 
2.120000 259.585354 
2.080000 250.088930 
2.040000 261.484638 
2.000000 250.088930 
1.960000 257.686069 
1.920000 253.887500 
1.880000 242.491792 
1.840000 257.686069 
1.800000 251.988215 
1.760000 251.988215 
1.720000 255.786784 
1.680000 250.088930 
1.640000 250.088930 
1.600000 250.088930 
1.560000 242.491792 
1.520000 242.491792 
1.480000 242.491792 
1.440000 248.189646 
1.400000 234.894653 
1.360000 234.894653 
1.320000 240.592507 
1.280000 234.894653 
1.240000 234.894653 
1.200000 231.096084 
1.160000 231.096084 
1.120000 227.297514 
1.080000 223.498945 
1.040000 227.297514 
1.000000 215.901806 
0.960000 214.002522 
0.920000 208.304668 
0.880000 202.606814 
0.840000 204.506098 
0.800000 204.506098 
0.760000 193.110390 
0.720000 183.613967 
0.680000 183.613967 
0.640000 189.311821 
0.600000 185.513252 
0.560000 179.815398 
0.520000 168.419690 
0.480000 162.721836 
0.440000 162.721836 
0.400000 158.923266 
0.360000 162.721836 
0.320000 153.225412 
0.280000 158.923266 
0.240000 147.527558 
0.200000 141.829705 
0.160000 138.031135 
0.120000 138.031135 
0.080000 134.232566 
0.040000 128.534712 
-0.000000 128.534712 
-0.040000 115.239719 
-0.080000 117.139004 
-0.120000 103.844011 
-0.160000 88.649734 
-0.200000 82.951880 
-0.240000 73.455457 
-0.280000 54.462610 
-0.320000 37.369048 
-0.360000 1.282639 
-0.400000 -13.911638 
-0.440000 -32.904485 
-0.480000 -34.803769 
-0.520000 -40.501623 
-0.560000 -38.602339 
-0.600000 -51.897331 
-0.640000 -48.098762 
-0.680000 -44.300193 
-0.720000 -48.098762 
-0.760000 -59.494470 
-0.800000 -51.897331 
-0.840000 -59.494470 
-0.880000 -67.091609 
-0.920000 -63.293039 
-0.960000 -72.789462 
-1.000000 -86.084455 
-1.040000 -82.285886 
-1.080000 -89.883024 
-1.120000 -99.379448 
-1.160000 -95.580878 
-1.200000 -99.379448 
-1.240000 -105.077302 
-1.280000 -105.077302 
-1.320000 -127.868718 
-1.360000 -114.573725 
-1.400000 -112.674440 
-1.440000 -114.573725 
-1.480000 -129.768002 
-1.520000 -137.365141 
-1.560000 -141.163710 
-1.600000 -148.760849 
-1.640000 -154.458703 
-1.680000 -152.559418 
-1.720000 -150.660134 
-1.760000 -152.559418 
-1.800000 -160.156557 
-1.840000 -160.156557 
-1.880000 -163.955126 
-1.920000 -177.250119 
-1.960000 -177.250119 
-2.000000 -181.048688 
-2.040000 -181.048688 
-2.080000 -188.645827 
-2.120000 -196.242966 
-2.160000 -194.343681 
-2.200000 -203.840104 
-2.240000 -198.142250 
-2.280000 -209.537958 
-2.320000 -201.940820 
-2.360000 -211.437243 
-2.400000 -219.034382 
-2.440000 -224.732236 
-2.480000 -234.228659 
-2.480000 -228.530805 
-2.440000 -230.430090 
-2.400000 -234.228659 
-2.360000 -238.027228 
-2.320000 -236.127944 
-2.280000 -253.221506 
-2.240000 -249.422936 
-2.200000 -245.624367 
-2.160000 -247.523652 
-2.120000 -257.020075 
-2.080000 -266.516498 
-2.040000 -245.624367 
-2.000000 -251.322221 
-1.960000 -253.221506 
-1.920000 -255.120790 
-1.880000 -257.020075 
-1.840000 -249.422936 
-1.800000 -245.624367 
-1.760000 -255.120790 
-1.720000 -258.919360 
-1.680000 -251.322221 
-1.640000 -241.825798 
-1.600000 -239.926513 
-1.560000 -230.430090 
-1.520000 -228.530805 
-1.480000 -230.430090 
-1.440000 -228.530805 
-1.400000 -230.430090 
-1.360000 -222.832951 
-1.320000 -222.832951 
-1.280000 -224.732236 
-1.240000 -220.933666 
-1.200000 -219.034382 
-1.160000 -215.235812 
-1.120000 -211.437243 
-1.080000 -211.437243 
-1.040000 -211.437243 
-1.000000 -209.537958 
-0.960000 -196.242966 
-0.920000 -198.142250 
-0.880000 -190.545112 
-0.840000 -194.343681 
-0.800000 -182.947973 
-0.760000 -186.746542 
-0.720000 -181.048688 
-0.680000 -179.149404 
-0.640000 -163.955126 
-0.600000 -167.753696 
-0.560000 -163.955126 
-0.520000 -150.660134 
-0.480000 -148.760849 
-0.440000 -143.062995 
-0.400000 -143.062995 
-0.360000 -135.465856 
-0.320000 -131.667287 
-0.280000 -129.768002 
-0.240000 -112.674440 
-0.200000 -110.775156 
-0.160000 -114.573725 
-0.120000 -103.178017 
-0.080000 -99.379448 
-0.040000 -103.178017 
0.000000 -101.278732 
0.040000 -93.681594 
0.080000 -80.386601 
0.120000 -74.688747 
0.160000 -68.990893 
0.200000 -59.494470 
0.240000 -49.998047 
0.280000 -32.904485 
0.320000 -32.904485 
0.360000 -23.408061 
0.400000 8.879778 
0.440000 16.476917 
0.480000 27.872625 
0.520000 33.570479 
0.560000 29.771909 
0.600000 35.469763 
0.640000 44.966187 
0.680000 44.966187 
0.720000 50.664041 
0.760000 54.462610 
0.800000 50.664041 
0.840000 60.160464 
0.880000 58.261179 
0.920000 69.656887 
0.960000 71.556172 
1.000000 77.254026 
1.040000 75.354741 
1.080000 82.951880 
1.120000 81.052595 
1.160000 88.649734 
1.200000 94.347588 
1.240000 105.743296 
1.280000 105.743296 
1.320000 105.743296 
1.360000 98.146157 
1.400000 113.340435 
1.440000 122.836858 
1.480000 120.937573 
1.520000 122.836858 
1.560000 128.534712 
1.600000 132.333281 
1.640000 138.031135 
1.680000 143.728989 
1.720000 145.628274 
1.760000 147.527558 
1.800000 164.621120 
1.840000 155.124697 
1.880000 151.326128 
1.920000 170.318974 
1.960000 179.815398 
2.000000 176.016828 
2.040000 172.218259 
2.080000 183.613967 
2.120000 181.714682 
2.160000 189.311821 
2.200000 202.606814 
2.240000 210.203952 
2.280000 212.103237 
2.320000 214.002522 
2.360000 221.599660 
2.400000 221.599660 
2.440000 227.297514 
2.480000 208.304668 
2.480000 227.297514 
2.440000 240.592507 
2.400000 242.491792 
2.360000 240.592507 
2.320000 248.189646 
2.280000 238.693222 
2.240000 253.887500 
2.200000 248.189646 
2.160000 259.585354 
2.120000 263.383923 
2.080000 261.484638 
2.040000 261.484638 
2.000000 257.686069 
1.960000 265.283208 
1.920000 257.686069 
1.880000 259.585354 
1.840000 251.988215 
1.800000 255.786784 
1.760000 255.786784 
1.720000 251.988215 
1.680000 253.887500 
1.640000 240.592507 
1.600000 240.592507 
1.560000 251.988215 
1.520000 244.391076 
1.480000 251.988215 
1.440000 229.196799 
1.400000 210.203952 
1.360000 231.096084 
1.320000 236.793938 
1.280000 234.894653 
1.240000 232.995368 
1.200000 231.096084 
1.160000 227.297514 
1.120000 227.297514 
1.080000 225.398230 
1.040000 217.801091 
1.000000 196.908960 
0.960000 206.405383 
0.920000 212.103237 
0.880000 179.815398 
0.840000 198.808244 
0.800000 195.009675 
0.760000 195.009675 
0.720000 191.211106 
0.680000 191.211106 
0.640000 168.419690 
0.600000 183.613967 
0.560000 181.714682 
0.520000 174.117544 
0.480000 176.016828 
0.440000 164.621120 
0.400000 160.822551 
0.360000 162.721836 
0.320000 158.923266 
0.280000 155.124697 
0.240000 149.426843 
0.200000 151.326128 
0.160000 149.426843 
0.120000 139.930420 
0.080000 126.635427 
0.040000 132.333281 
-0.000000 126.635427 
-0.040000 113.340435 
-0.080000 109.541865 
-0.120000 103.844011 
-0.160000 90.549019 
-0.200000 88.649734 
-0.240000 77.254026 
-0.280000 52.563325 
-0.320000 31.671194 
-0.360000 -4.415215 
-0.400000 -15.810923 
-0.440000 -21.508777 
-0.480000 -29.105915 
-0.520000 -38.602339 
-0.560000 -46.199477 
-0.600000 -53.796616 
-0.640000 -51.897331 
-0.680000 -53.796616 
-0.720000 -55.695901 
-0.760000 -59.494470 
-0.800000 -53.796616 
-0.840000 -59.494470 
-0.880000 -63.293039 
-0.920000 -57.595185 
-0.960000 -65.192324 
-1.000000 -76.588032 
-1.040000 -68.990893 
-1.080000 -78.487316 
-1.120000 -84.185170 
-1.160000 -87.983740 
-1.200000 -89.883024 
-1.240000 -106.976586 
-1.280000 -101.278732 
-1.320000 -105.077302 
-1.360000 -101.278732 
-1.400000 -116.473010 
-1.440000 -120.271579 
-1.480000 -129.768002 
-1.520000 -124.070148 
-1.560000 -135.465856 
-1.600000 -129.768002 
-1.640000 -139.264426 
-1.680000 -148.760849 
-1.720000 -146.861564 
-1.760000 -162.055842 
-1.800000 -152.559418 
-1.840000 -158.257272 
-1.880000 -181.048688 
-1.920000 -163.955126 
-1.960000 -175.350834 
-2.000000 -181.048688 
-2.040000 -179.149404 
-2.080000 -194.343681 
-2.120000 -188.645827 
-2.160000 -192.444396 
-2.200000 -196.242966 
-2.240000 -201.940820 
-2.280000 -211.437243 
-2.320000 -211.437243 
-2.360000 -211.437243 
-2.400000 -220.933666 
-2.440000 -228.530805 
-2.480000 -226.631520 
-2.480000 -234.228659 
-2.440000 -241.825798 
-2.400000 -243.725082 
-2.360000 -251.322221 
-2.320000 -243.725082 
-2.280000 -241.825798 
-2.240000 -247.523652 
-2.200000 -253.221506 
-2.160000 -258.919360 
-2.120000 -257.020075 
-2.080000 -249.422936 
-2.040000 -255.120790 
-2.000000 -255.120790 
-1.960000 -257.020075 
-1.920000 -249.422936 
-1.880000 -251.322221 
-1.840000 -251.322221 
-1.800000 -247.523652 
-1.760000 -251.322221 
-1.720000 -243.725082 
-1.680000 -245.624367 
-1.640000 -241.825798 
-1.600000 -255.120790 
-1.560000 -245.624367 
-1.520000 -238.027228 
-1.480000 -236.127944 
-1.440000 -232.329374 
-1.400000 -222.832951 
-1.360000 -234.228659 
-1.320000 -217.135097 
-1.280000 -222.832951 
-1.240000 -238.027228 
-1.200000 -211.437243 
-1.160000 -211.437243 
-1.120000 -230.430090 
-1.080000 -207.638674 
-1.040000 -203.840104 
-1.000000 -205.739389 
-0.960000 -203.840104 
-0.920000 -203.840104 
-0.880000 -196.242966 
-0.840000 -190.545112 
-0.800000 -184.847258 
-0.760000 -175.350834 
-0.720000 -181.048688 
-0.680000 -169.652980 
-0.640000 -173.451550 
-0.600000 -165.854411 
-0.560000 -163.955126 
-0.520000 -158.257272 
-0.480000 -150.660134 
-0.440000 -148.760849 
-0.400000 -143.062995 
-0.360000 -141.163710 
-0.320000 -135.465856 
-0.280000 -131.667287 
-0.240000 -125.969433 
-0.200000 -118.372294 
-0.160000 -114.573725 
-0.120000 -114.573725 
-0.080000 -105.077302 
-0.040000 -89.883024 
0.000000 -91.782309 
0.040000 -91.782309 
0.080000 -82.285886 
0.120000 -78.487316 
0.160000 -68.990893 
0.200000 -65.192324 
0.240000 -53.796616 
0.280000 -42.400908 
0.320000 -29.105915 
0.360000 -13.911638 
0.400000 10.779063 
0.440000 16.476917 
0.480000 31.671194 
0.520000 37.369048 
0.560000 41.167617 
0.600000 39.268333 
0.640000 48.764756 
0.680000 60.160464 
0.720000 52.563325 
0.760000 62.059749 
0.800000 63.959033 
0.840000 60.160464 
0.880000 54.462610 
0.920000 75.354741 
0.960000 67.757603 
1.000000 71.556172 
1.040000 77.254026 
1.080000 92.448303 
1.120000 82.951880 
1.160000 90.549019 
1.200000 103.844011 
1.240000 96.246873 
1.280000 96.246873 
1.320000 101.944727 
1.360000 111.441150 
1.400000 111.441150 
1.440000 119.038289 
1.480000 120.937573 
1.520000 130.433997 
1.560000 132.333281 
1.600000 130.433997 
1.640000 136.131851 
1.680000 141.829705 
1.720000 149.426843 
1.760000 158.923266 
1.800000 151.326128 
1.840000 160.822551 
1.880000 168.419690 
1.920000 166.520405 
1.960000 166.520405 
2.000000 177.916113 
2.040000 187.412536 
2.080000 195.009675 
2.120000 185.513252 
2.160000 195.009675 
2.200000 210.203952 
2.240000 204.506098 
2.280000 212.103237 
2.320000 221.599660 
2.360000 208.304668 
2.400000 225.398230 
2.440000 234.894653 
2.480000 221.599660 
2.480000 236.793938 
2.440000 234.894653 
2.400000 234.894653 
2.360000 242.491792 
2.320000 242.491792 
2.280000 257.686069 
2.240000 257.686069 
2.200000 253.887500 
2.160000 261.484638 
2.120000 251.988215 
2.080000 267.182492 
2.040000 263.383923 
2.000000 257.686069 
1.960000 261.484638 
1.920000 263.383923 
1.880000 251.988215 
1.840000 250.088930 
1.800000 259.585354 
1.760000 253.887500 
1.720000 248.189646 
1.680000 251.988215 
1.640000 248.189646 
1.600000 246.290361 
1.560000 242.491792 
1.520000 244.391076 
1.480000 236.793938 
1.440000 255.786784 
1.400000 248.189646 
1.360000 236.793938 
1.320000 240.592507 
1.280000 229.196799 
1.240000 231.096084 
1.200000 229.196799 
1.160000 227.297514 
1.120000 225.398230 
1.080000 219.700376 
1.040000 217.801091 
1.000000 206.405383 
0.960000 198.808244 
0.920000 204.506098 
0.880000 204.506098 
0.840000 198.808244 
0.800000 198.808244 
0.760000 198.808244 
0.720000 191.211106 
0.680000 202.606814 
0.640000 187.412536 
0.600000 179.815398 
0.560000 183.613967 
0.520000 183.613967 
0.480000 174.117544 
0.440000 166.520405 
0.400000 174.117544 
0.360000 166.520405 
0.320000 153.225412 
0.280000 158.923266 
0.240000 149.426843 
0.200000 145.628274 
0.160000 139.930420 
0.120000 134.232566 
0.080000 128.534712 
0.040000 126.635427 
-0.000000 119.038289 
-0.040000 109.541865 
-0.080000 103.844011 
-0.120000 92.448303 
-0.160000 75.354741 
-0.200000 73.455457 
-0.240000 62.059749 
-0.280000 46.865471 
-0.320000 37.369048 
-0.360000 6.980493 
-0.400000 -15.810923 
-0.440000 -25.307346 
-0.480000 -34.803769 
-0.520000 -44.300193 
-0.560000 -36.703054 
-0.600000 -44.300193 
-0.640000 -42.400908 
-0.680000 -44.300193 
-0.720000 -57.595185 
-0.760000 -57.595185 
-0.800000 -63.293039 
-0.840000 -59.494470 
-0.880000 -65.192324 
-0.920000 -63.293039 
-0.960000 -72.789462 
-1.000000 -78.487316 
-1.040000 -80.386601 
-1.080000 -91.782309 
-1.120000 -91.782309 
-1.160000 -95.580878 
-1.200000 -93.681594 
-1.240000 -103.178017 
-1.280000 -105.077302 
-1.320000 -105.077302 
-1.360000 -112.674440 
-1.400000 -110.775156 
-1.440000 -112.674440 
-1.480000 -125.969433 
-1.520000 -129.768002 
-1.560000 -135.465856 
-1.600000 -135.465856 
-1.640000 -144.962280 
-1.680000 -143.062995 
-1.720000 -150.660134 
-1.760000 -154.458703 
-1.800000 -158.257272 
-1.840000 -158.257272 
-1.880000 -154.458703 
-1.920000 -173.451550 
-1.960000 -181.048688 
-2.000000 -182.947973 
-2.040000 -184.847258 
-2.080000 -184.847258 
-2.120000 -188.645827 
-2.160000 -194.343681 
-2.200000 -201.940820 
-2.240000 -205.739389 
-2.280000 -211.437243 
-2.320000 -215.235812 
-2.360000 -220.933666 
-2.400000 -226.631520 
-2.440000 -219.034382 
-2.480000 -224.732236 
-2.480000 -226.631520 
-2.440000 -232.329374 
-2.400000 -243.725082 
-2.360000 -241.825798 
-2.320000 -251.322221 
-2.280000 -249.422936 
-2.240000 -251.322221 
-2.200000 -257.020075 
-2.160000 -257.020075 
-2.120000 -260.818644 
-2.080000 -258.919360 
-2.040000 -260.818644 
-2.000000 -257.020075 
-1.960000 -253.221506 
-1.920000 -255.120790 
-1.880000 -251.322221 
-1.840000 -251.322221 
-1.800000 -247.523652 
-1.760000 -249.422936 
-1.720000 -251.322221 
-1.680000 -247.523652 
-1.640000 -251.322221 
-1.600000 -241.825798 
-1.560000 -243.725082 
-1.520000 -238.027228 
-1.480000 -241.825798 
-1.440000 -241.825798 
-1.400000 -234.228659 
-1.360000 -224.732236 
-1.320000 -232.329374 
-1.280000 -219.034382 
-1.240000 -213.336528 
-1.200000 -215.235812 
-1.160000 -213.336528 
-1.120000 -209.537958 
-1.080000 -211.437243 
-1.040000 -205.739389 
-1.000000 -203.840104 
-0.960000 -201.940820 
-0.920000 -201.940820 
-0.880000 -198.142250 
-0.840000 -198.142250 
-0.800000 -192.444396 
-0.760000 -194.343681 
-0.720000 -196.242966 
-0.680000 -179.149404 
-0.640000 -175.350834 
-0.600000 -173.451550 
-0.560000 -173.451550 
-0.520000 -173.451550 
-0.480000 -163.955126 
-0.440000 -158.257272 
-0.400000 -152.559418 
-0.360000 -150.660134 
-0.320000 -143.062995 
-0.280000 -139.264426 
-0.240000 -133.566572 
-0.200000 -129.768002 
-0.160000 -120.271579 
-0.120000 -120.271579 
-0.080000 -112.674440 
-0.040000 -101.278732 
0.000000 -91.782309 
0.040000 -89.883024 
0.080000 -87.983740 
0.120000 -82.285886 
0.160000 -78.487316 
0.200000 -61.393755 
0.240000 -46.199477 
0.280000 -44.300193 
0.320000 -23.408061 
0.360000 12.678347 
0.400000 18.376201 
0.440000 31.671194 
0.480000 31.671194 
0.520000 33.570479 
0.560000 35.469763 
0.600000 46.865471 
0.640000 31.671194 
0.680000 46.865471 
0.720000 46.865471 
0.760000 46.865471 
0.800000 46.865471 
0.840000 52.563325 
0.880000 56.361895 
0.920000 62.059749 
0.960000 73.455457 
1.000000 71.556172 
1.040000 79.153311 
1.080000 82.951880 
1.120000 92.448303 
1.160000 98.146157 
1.200000 98.146157 
1.240000 96.246873 
1.280000 100.045442 
1.320000 103.844011 
1.360000 98.146157 
1.400000 115.239719 
1.440000 119.038289 
1.480000 126.635427 
1.520000 122.836858 
1.560000 138.031135 
1.600000 141.829705 
1.640000 138.031135 
1.680000 149.426843 
1.720000 143.728989 
1.760000 149.426843 
1.800000 157.023982 
1.840000 158.923266 
1.880000 162.721836 
1.920000 174.117544 
1.960000 181.714682 
2.000000 179.815398 
2.040000 176.016828 
2.080000 189.311821 
2.120000 196.908960 
2.160000 195.009675 
2.200000 204.506098 
2.240000 179.815398 
2.280000 208.304668 
2.320000 215.901806 
2.360000 221.599660 
2.400000 219.700376 
2.440000 227.297514 
2.480000 219.700376 
2.480000 231.096084 
2.440000 242.491792 
2.400000 236.793938 
2.360000 257.686069 
2.320000 244.391076 
2.280000 251.988215 
2.240000 255.786784 
2.200000 257.686069 
2.160000 265.283208 
2.120000 261.484638 
2.080000 261.484638 
2.040000 259.585354 
2.000000 259.585354 
1.960000 265.283208 
1.920000 259.585354 
1.880000 259.585354 
1.840000 255.786784 
1.800000 261.484638 
1.760000 263.383923 
1.720000 248.189646 
1.680000 251.988215 
1.640000 251.988215 
1.600000 255.786784 
1.560000 253.887500 
1.520000 259.585354 
1.480000 251.988215 
1.440000 242.491792 
1.400000 244.391076 
1.360000 244.391076 
1.320000 244.391076 
1.280000 236.793938 
1.240000 227.297514 
1.200000 229.196799 
1.160000 229.196799 
1.120000 227.297514 
1.080000 225.398230 
1.040000 215.901806 
1.000000 225.398230 
0.960000 210.203952 
0.920000 210.203952 
0.880000 206.405383 
0.840000 208.304668 
0.800000 206.405383 
0.760000 195.009675 
0.720000 198.808244 
0.680000 195.009675 
0.640000 193.110390 
0.600000 181.714682 
0.560000 177.916113 
0.520000 179.815398 
0.480000 174.117544 
0.440000 168.419690 
0.400000 170.318974 
0.360000 155.124697 
0.320000 157.023982 
0.280000 153.225412 
0.240000 147.527558 
0.200000 141.829705 
0.160000 132.333281 
0.120000 132.333281 
0.080000 130.433997 
0.040000 124.736143 
-0.000000 122.836858 
-0.040000 105.743296 
-0.080000 96.246873 
-0.120000 88.649734 
-0.160000 84.851165 
-0.200000 63.959033 
-0.240000 63.959033 
-0.280000 50.664041 
-0.320000 33.570479 
-0.360000 -0.616645 
-0.400000 -23.408061 
-0.440000 -32.904485 
-0.480000 -34.803769 
-0.520000 -46.199477 
-0.560000 -44.300193 
-0.600000 -44.300193 
-0.640000 -48.098762 
-0.680000 -49.998047 
-0.720000 -49.998047 
-0.760000 -51.897331 
-0.800000 -51.897331 
-0.840000 -55.695901 
-0.880000 -51.897331 
-0.920000 -51.897331 
-0.960000 -59.494470 
-1.000000 -59.494470 
-1.040000 -70.890178 
-1.080000 -78.487316 
-1.120000 -80.386601 
-1.160000 -91.782309 
-1.200000 -91.782309 
-1.240000 -93.681594 
-1.280000 -103.178017 
-1.320000 -103.178017 
-1.360000 -106.976586 
-1.400000 -110.775156 
-1.440000 -112.674440 
-1.480000 -112.674440 
-1.520000 -127.868718 
-1.560000 -135.465856 
-1.600000 -135.465856 
-1.640000 -144.962280 
-1.680000 -144.962280 
-1.720000 -150.660134 
-1.760000 -156.357988 
-1.800000 -160.156557 
-1.840000 -169.652980 
-1.880000 -175.350834 
-1.920000 -179.149404 
-1.960000 -177.250119 
-2.000000 -184.847258 
-2.040000 -190.545112 
-2.080000 -196.242966 
-2.120000 -198.142250 
-2.160000 -198.142250 
-2.200000 -200.041535 
-2.240000 -196.242966 
-2.280000 -205.739389 
-2.320000 -215.235812 
-2.360000 -213.336528 
-2.400000 -224.732236 
-2.440000 -232.329374 
-2.480000 -224.732236 
-2.480000 -228.530805 
-2.440000 -238.027228 
-2.400000 -234.228659 
-2.360000 -234.228659 
-2.320000 -239.926513 
-2.280000 -245.624367 
-2.240000 -251.322221 
-2.200000 -255.120790 
-2.160000 -249.422936 
-2.120000 -257.020075 
-2.080000 -249.422936 
-2.040000 -258.919360 
-2.000000 -251.322221 
-1.960000 -243.725082 
-1.920000 -257.020075 
-1.880000 -257.020075 
-1.840000 -253.221506 
-1.800000 -247.523652 
-1.760000 -249.422936 
-1.720000 -245.624367 
-1.680000 -247.523652 
-1.640000 -249.422936 
-1.600000 -243.725082 
-1.560000 -243.725082 
-1.520000 -245.624367 
-1.480000 -236.127944 
-1.440000 -241.825798 
-1.400000 -238.027228 
-1.360000 -234.228659 
-1.320000 -238.027228 
-1.280000 -228.530805 
-1.240000 -224.732236 
-1.200000 -215.235812 
-1.160000 -211.437243 
-1.120000 -207.638674 
-1.080000 -201.940820 
-1.040000 -205.739389 
-1.000000 -203.840104 
-0.960000 -203.840104 
-0.920000 -200.041535 
-0.880000 -198.142250 
-0.840000 -190.545112 
-0.800000 -188.645827 
-0.760000 -184.847258 
-0.720000 -188.645827 
-0.680000 -173.451550 
-0.640000 -175.350834 
-0.600000 -171.552265 
-0.560000 -167.753696 
-0.520000 -169.652980 
-0.480000 -160.156557 
-0.440000 -152.559418 
-0.400000 -154.458703 
-0.360000 -143.062995 
-0.320000 -143.062995 
-0.280000 -135.465856 
-0.240000 -141.163710 
-0.200000 -129.768002 
-0.160000 -120.271579 
-0.120000 -122.170864 
-0.080000 -114.573725 
-0.040000 -101.278732 
0.000000 -103.178017 
0.040000 -95.580878 
0.080000 -89.883024 
0.120000 -89.883024 
0.160000 -76.588032 
0.200000 -67.091609 
0.240000 -84.185170 
0.280000 -51.897331 
0.320000 -15.810923 
0.360000 16.476917 
0.400000 12.678347 
0.440000 24.074055 
0.480000 33.570479 
0.520000 39.268333 
0.560000 37.369048 
0.600000 43.066902 
0.640000 50.664041 
0.680000 62.059749 
0.720000 48.764756 
0.760000 52.563325 
0.800000 63.959033 
0.840000 54.462610 
0.880000 60.160464 
0.920000 73.455457 
0.960000 71.556172 
1.000000 75.354741 
1.040000 88.649734 
1.080000 98.146157 
1.120000 82.951880 
1.160000 86.750449 
1.200000 92.448303 
1.240000 100.045442 
1.280000 100.045442 
1.320000 107.642581 
1.360000 113.340435 
1.400000 107.642581 
1.440000 113.340435 
1.480000 107.642581 
1.520000 128.534712 
1.560000 134.232566 
1.600000 139.930420 
1.640000 145.628274 
1.680000 141.829705 
1.720000 158.923266 
1.760000 158.923266 
1.800000 151.326128 
1.840000 134.232566 
1.880000 172.218259 
1.920000 168.419690 
1.960000 179.815398 
2.000000 179.815398 
2.040000 189.311821 
2.080000 183.613967 
2.120000 185.513252 
2.160000 200.707529 
2.200000 204.506098 
2.240000 200.707529 
2.280000 212.103237 
2.320000 212.103237 
2.360000 208.304668 
2.400000 221.599660 
2.440000 215.901806 
2.480000 232.995368 
2.480000 251.988215 
2.440000 236.793938 
2.400000 236.793938 
2.360000 244.391076 
2.320000 253.887500 
2.280000 267.182492 
2.240000 255.786784 
2.200000 251.988215 
2.160000 261.484638 
2.120000 267.182492 
2.080000 255.786784 
2.040000 255.786784 
2.000000 257.686069 
1.960000 257.686069 
1.920000 261.484638 
1.880000 270.981062 
1.840000 251.988215 
1.800000 257.686069 
1.760000 263.383923 
1.720000 261.484638 
1.680000 259.585354 
1.640000 259.585354 
1.600000 257.686069 
1.560000 257.686069 
1.520000 255.786784 
1.480000 251.988215 
1.440000 242.491792 
1.400000 242.491792 
1.360000 251.988215 
1.320000 236.793938 
1.280000 234.894653 
1.240000 229.196799 
1.200000 232.995368 
1.160000 231.096084 
1.120000 227.297514 
1.080000 225.398230 
1.040000 221.599660 
1.000000 225.398230 
0.960000 229.196799 
0.920000 219.700376 
0.880000 212.103237 
0.840000 210.203952 
0.800000 206.405383 
0.760000 198.808244 
0.720000 204.506098 
0.680000 187.412536 
0.640000 179.815398 
0.600000 189.311821 
0.560000 187.412536 
0.520000 177.916113 
0.480000 170.318974 
0.440000 168.419690 
0.400000 160.822551 
0.360000 158.923266 
0.320000 155.124697 
0.280000 147.527558 
0.240000 141.829705 
0.200000 138.031135 
0.160000 128.534712 
0.120000 122.836858 
0.080000 122.836858 
0.040000 122.836858 
-0.000000 109.541865 
-0.040000 107.642581 
-0.080000 107.642581 
-0.120000 96.246873 
-0.160000 79.153311 
-0.200000 73.455457 
-0.240000 67.757603 
-0.280000 46.865471 
-0.320000 31.671194 
-0.360000 18.376201 
-0.400000 -12.012353 
-0.440000 -29.105915 
-0.480000 -29.105915 
-0.520000 -40.501623 
-0.560000 -46.199477 
-0.600000 -48.098762 
-0.640000 -46.199477 
-0.680000 -57.595185 
-0.720000 -59.494470 
-0.760000 -49.998047 
-0.800000 -49.998047 
-0.840000 -63.293039 
-0.880000 -65.192324 
-0.920000 -63.293039 
-0.960000 -63.293039 
-1.000000 -63.293039 
-1.040000 -63.293039 
-1.080000 -76.588032 
-1.120000 -86.084455 
-1.160000 -95.580878 
-1.200000 -106.976586 
-1.240000 -105.077302 
-1.280000 -108.875871 
-1.320000 -114.573725 
-1.360000 -108.875871 
-1.400000 -108.875871 
-1.440000 -124.070148 
-1.480000 -118.372294 
-1.520000 -122.170864 
-1.560000 -154.458703 
-1.600000 -133.566572 
-1.640000 -135.465856 
-1.680000 -137.365141 
-1.720000 -137.365141 
-1.760000 -150.660134 
-1.800000 -154.458703 
-1.840000 -160.156557 
-1.880000 -160.156557 
-1.920000 -175.350834 
-1.960000 -173.451550 
-2.000000 -169.652980 
-2.040000 -186.746542 
-2.080000 -186.746542 
-2.120000 -182.947973 
-2.160000 -184.847258 
-2.200000 -192.444396 
-2.240000 -205.739389 
-2.280000 -209.537958 
-2.320000 -217.135097 
-2.360000 -213.336528 
-2.400000 -211.437243 
-2.440000 -219.034382 
-2.480000 -220.933666 
-2.480000 -226.631520 
-2.440000 -257.020075 
-2.400000 -232.329374 
-2.360000 -239.926513 
-2.320000 -243.725082 
-2.280000 -243.725082 
-2.240000 -245.624367 
-2.200000 -241.825798 
-2.160000 -241.825798 
-2.120000 -249.422936 
-2.080000 -249.422936 
-2.040000 -251.322221 
-2.000000 -257.020075 
-1.960000 -255.120790 
-1.920000 -257.020075 
-1.880000 -249.422936 
-1.840000 -243.725082 
-1.800000 -249.422936 
-1.760000 -251.322221 
-1.720000 -243.725082 
-1.680000 -239.926513 
-1.640000 -241.825798 
-1.600000 -245.624367 
-1.560000 -238.027228 
-1.520000 -236.127944 
-1.480000 -239.926513 
-1.440000 -241.825798 
-1.400000 -243.725082 
-1.360000 -236.127944 
-1.320000 -234.228659 
-1.280000 -234.228659 
-1.240000 -226.631520 
-1.200000 -224.732236 
-1.160000 -224.732236 
-1.120000 -220.933666 
-1.080000 -211.437243 
-1.040000 -209.537958 
-1.000000 -196.242966 
-0.960000 -194.343681 
-0.920000 -194.343681 
-0.880000 -192.444396 
-0.840000 -188.645827 
-0.800000 -184.847258 
-0.760000 -188.645827 
-0.720000 -181.048688 
-0.680000 -173.451550 
-0.640000 -173.451550 
-0.600000 -167.753696 
-0.560000 -173.451550 
-0.520000 -167.753696 
-0.480000 -160.156557 
-0.440000 -150.660134 
-0.400000 -154.458703 
-0.360000 -148.760849 
-0.320000 -141.163710 
-0.280000 -139.264426 
-0.240000 -133.566572 
-0.200000 -129.768002 
-0.160000 -137.365141 
-0.120000 -120.271579 
-0.080000 -112.674440 
-0.040000 -105.077302 
0.000000 -105.077302 
0.040000 -106.976586 
0.080000 -101.278732 
0.120000 -97.480163 
0.160000 -87.983740 
0.200000 -80.386601 
0.240000 -76.588032 
0.280000 -68.990893 
0.320000 -48.098762 
0.360000 18.376201 
0.400000 10.779063 
0.440000 24.074055 
0.480000 27.872625 
0.520000 31.671194 
0.560000 37.369048 
0.600000 39.268333 
0.640000 43.066902 
0.680000 46.865471 
0.720000 50.664041 
0.760000 54.462610 
0.800000 52.563325 
0.840000 54.462610 
0.880000 56.361895 
0.920000 65.858318 
0.960000 73.455457 
1.000000 79.153311 
1.040000 90.549019 
1.080000 92.448303 
1.120000 92.448303 
1.160000 90.549019 
1.200000 96.246873 
1.240000 107.642581 
1.280000 105.743296 
1.320000 111.441150 
1.360000 111.441150 
1.400000 113.340435 
1.440000 120.937573 
1.480000 128.534712 
1.520000 134.232566 
1.560000 139.930420 
1.600000 138.031135 
1.640000 141.829705 
1.680000 139.930420 
1.720000 147.527558 
1.760000 157.023982 
1.800000 158.923266 
1.840000 164.621120 
1.880000 162.721836 
1.920000 166.520405 
1.960000 174.117544 
2.000000 176.016828 
2.040000 189.311821 
2.080000 191.211106 
2.120000 191.211106 
2.160000 195.009675 
2.200000 198.808244 
2.240000 214.002522 
2.280000 215.901806 
2.320000 212.103237 
2.360000 225.398230 
2.400000 225.398230 
2.440000 221.599660 
2.480000 231.096084 
2.480000 236.793938 
2.440000 257.686069 
2.400000 250.088930 
2.360000 248.189646 
2.320000 251.988215 
2.280000 253.887500 
2.240000 257.686069 
2.200000 248.189646 
2.160000 259.585354 
2.120000 251.988215 
2.080000 246.290361 
2.040000 259.585354 
2.000000 250.088930 
1.960000 259.585354 
1.920000 259.585354 
1.880000 251.988215 
1.840000 259.585354 
1.800000 263.383923 
1.760000 261.484638 
1.720000 255.786784 
1.680000 267.182492 
1.640000 263.383923 
1.600000 251.988215 
1.560000 250.088930 
1.520000 255.786784 
1.480000 250.088930 
1.440000 246.290361 
1.400000 244.391076 
1.360000 240.592507 
1.320000 242.491792 
1.280000 238.693222 
1.240000 221.599660 
1.200000 240.592507 
1.160000 229.196799 
1.120000 229.196799 
1.080000 231.096084 
1.040000 221.599660 
1.000000 214.002522 
0.960000 221.599660 
0.920000 208.304668 
0.880000 215.901806 
0.840000 208.304668 
0.800000 202.606814 
0.760000 202.606814 
0.720000 198.808244 
0.680000 191.211106 
0.640000 183.613967 
0.600000 181.714682 
0.560000 179.815398 
0.520000 181.714682 
0.480000 174.117544 
0.440000 162.721836 
0.400000 160.822551 
0.360000 151.326128 
0.320000 145.628274 
0.280000 149.426843 
0.240000 138.031135 
0.200000 138.031135 
0.160000 136.131851 
0.120000 130.433997 
0.080000 120.937573 
0.040000 130.433997 
-0.000000 117.139004 
-0.040000 103.844011 
-0.080000 103.844011 
-0.120000 98.146157 
-0.160000 75.354741 
-0.200000 67.757603 
-0.240000 58.261179 
-0.280000 44.966187 
-0.320000 33.570479 
-0.360000 -8.213784 
-0.400000 -15.810923 
-0.440000 -21.508777 
-0.480000 -32.904485 
-0.520000 -42.400908 
-0.560000 -40.501623 
-0.600000 -40.501623 
-0.640000 -44.300193 
-0.680000 -46.199477 
-0.720000 -46.199477 
-0.760000 -55.695901 
-0.800000 -51.897331 
-0.840000 -57.595185 
-0.880000 -65.192324 
-0.920000 -59.494470 
-0.960000 -63.293039 
-1.000000 -78.487316 
-1.040000 -74.688747 
-1.080000 -80.386601 
-1.120000 -84.185170 
-1.160000 -91.782309 
-1.200000 -99.379448 
-1.240000 -103.178017 
-1.280000 -105.077302 
-1.320000 -103.178017 
-1.360000 -108.875871 
-1.400000 -114.573725 
-1.440000 -118.372294 
-1.480000 -116.473010 
-1.520000 -129.768002 
-1.560000 -124.070148 
-1.600000 -133.566572 
-1.640000 -137.365141 
-1.680000 -146.861564 
-1.720000 -141.163710 
-1.760000 -143.062995 
-1.800000 -156.357988 
-1.840000 -150.660134 
-1.880000 -169.652980 
-1.920000 -165.854411 
-1.960000 -171.552265 
-2.000000 -175.350834 
-2.040000 -179.149404 
-2.080000 -181.048688 
-2.120000 -190.545112 
-2.160000 -200.041535 
-2.200000 -203.840104 
-2.240000 -219.034382 
-2.280000 -200.041535 
-2.320000 -207.638674 
-2.360000 -219.034382 
-2.400000 -215.235812 
-2.440000 -236.127944 
-2.480000 -226.631520 
-2.480000 -234.228659 
-2.440000 -228.530805 
-2.400000 -239.926513 
-2.360000 -239.926513 
-2.320000 -239.926513 
-2.280000 -253.221506 
-2.240000 -245.624367 
-2.200000 -247.523652 
-2.160000 -253.221506 
-2.120000 -251.322221 
-2.080000 -249.422936 
-2.040000 -251.322221 
-2.000000 -249.422936 
-1.960000 -251.322221 
-1.920000 -247.523652 
-1.880000 -249.422936 
-1.840000 -245.624367 
-1.800000 -238.027228 
-1.760000 -243.725082 
-1.720000 -236.127944 
-1.680000 -243.725082 
-1.640000 -247.523652 
-1.600000 -239.926513 
-1.560000 -243.725082 
-1.520000 -234.228659 
-1.480000 -230.430090 
-1.440000 -230.430090 
-1.400000 -236.127944 
-1.360000 -234.228659 
-1.320000 -232.329374 
-1.280000 -228.530805 
-1.240000 -219.034382 
-1.200000 -226.631520 
-1.160000 -220.933666 
-1.120000 -232.329374 
-1.080000 -211.437243 
-1.040000 -219.034382 
-1.000000 -238.027228 
-0.960000 -207.638674 
-0.920000 -198.142250 
-0.880000 -200.041535 
-0.840000 -190.545112 
-0.800000 -182.947973 
-0.760000 -181.048688 
-0.720000 -179.149404 
-0.680000 -177.250119 
-0.640000 -169.652980 
-0.600000 -169.652980 
-0.560000 -160.156557 
-0.520000 -165.854411 
-0.480000 -162.055842 
-0.440000 -152.559418 
-0.400000 -158.257272 
-0.360000 -146.861564 
-0.320000 -146.861564 
-0.280000 -143.062995 
-0.240000 -135.465856 
-0.200000 -131.667287 
-0.160000 -129.768002 
-0.120000 -122.170864 
-0.080000 -116.473010 
-0.040000 -120.271579 
0.000000 -112.674440 
0.040000 -103.178017 
0.080000 -91.782309 
0.120000 -87.983740 
0.160000 -91.782309 
0.200000 -78.487316 
0.240000 -70.890178 
0.280000 -48.098762 
0.320000 6.980493 
0.360000 18.376201 
0.400000 8.879778 
0.440000 29.771909 
0.480000 33.570479 
0.520000 35.469763 
0.560000 41.167617 
0.600000 33.570479 
0.640000 39.268333 
0.680000 52.563325 
0.720000 48.764756 
0.760000 43.066902 
0.800000 44.966187 
0.840000 52.563325 
0.880000 58.261179 
0.920000 63.959033 
0.960000 69.656887 
1.000000 88.649734 
1.040000 75.354741 
1.080000 81.052595 
1.120000 96.246873 
1.160000 92.448303 
1.200000 96.246873 
1.240000 94.347588 
1.280000 107.642581 
1.320000 103.844011 
1.360000 111.441150 
1.400000 84.851165 
1.440000 115.239719 
1.480000 124.736143 
1.520000 109.541865 
1.560000 147.527558 
1.600000 134.232566 
1.640000 155.124697 
1.680000 155.124697 
1.720000 145.628274 
1.760000 160.822551 
1.800000 168.419690 
1.840000 164.621120 
1.880000 172.218259 
1.920000 160.822551 
1.960000 174.117544 
2.000000 183.613967 
2.040000 179.815398 
2.080000 195.009675 
2.120000 191.211106 
2.160000 196.908960 
2.200000 215.901806 
2.240000 204.506098 
2.280000 208.304668 
2.320000 221.599660 
2.360000 215.901806 
2.400000 217.801091 
2.440000 248.189646 
2.480000 240.592507 
2.480000 229.196799 
2.440000 246.290361 
2.400000 240.592507 
2.360000 255.786784 
2.320000 250.088930 
2.280000 251.988215 
2.240000 255.786784 
2.200000 255.786784 
2.160000 261.484638 
2.120000 261.484638 
2.080000 257.686069 
2.040000 251.988215 
2.000000 265.283208 
1.960000 267.182492 
1.920000 267.182492 
1.880000 267.182492 
1.840000 259.585354 
1.800000 267.182492 
1.760000 261.484638 
1.720000 267.182492 
1.680000 259.585354 
1.640000 259.585354 
1.600000 259.585354 
1.560000 253.887500 
1.520000 253.887500 
1.480000 248.189646 
1.440000 251.988215 
1.400000 244.391076 
1.360000 246.290361 
1.320000 244.391076 
1.280000 236.793938 
1.240000 242.491792 
1.200000 234.894653 
1.160000 221.599660 
1.120000 227.297514 
1.080000 234.894653 
1.040000 238.693222 
1.000000 219.700376 
0.960000 210.203952 
0.920000 212.103237 
0.880000 219.700376 
0.840000 198.808244 
0.800000 202.606814 
0.760000 187.412536 
0.720000 198.808244 
0.680000 195.009675 
0.640000 185.513252 
0.600000 174.117544 
0.560000 174.117544 
0.520000 172.218259 
0.480000 168.419690 
0.440000 166.520405 
0.400000 160.822551 
0.360000 153.225412 
0.320000 147.527558 
0.280000 143.728989 
0.240000 145.628274 
0.200000 145.628274 
0.160000 136.131851 
0.120000 136.131851 
0.080000 134.232566 
0.040000 122.836858 
-0.000000 111.441150 
-0.040000 107.642581 
-0.080000 101.944727 
-0.120000 94.347588 
-0.160000 75.354741 
-0.200000 75.354741 
-0.240000 56.361895 
-0.280000 35.469763 
-0.320000 29.771909 
-0.360000 12.678347 
-0.400000 -13.911638 
-0.440000 -21.508777 
-0.480000 -29.105915 
-0.520000 -38.602339 
-0.560000 -48.098762 
-0.600000 -44.300193 
-0.640000 -46.199477 
-0.680000 -49.998047 
-0.720000 -57.595185 
-0.760000 -51.897331 
-0.800000 -53.796616 
-0.840000 -53.796616 
-0.880000 -61.393755 
-0.920000 -63.293039 
-0.960000 -68.990893 
-1.000000 -65.192324 
-1.040000 -82.285886 
-1.080000 -89.883024 
-1.120000 -93.681594 
-1.160000 -95.580878 
-1.200000 -101.278732 
-1.240000 -105.077302 
-1.280000 -122.170864 
-1.320000 -114.573725 
-1.360000 -114.573725 
-1.400000 -108.875871 
-1.440000 -122.170864 
-1.480000 -122.170864 
-1.520000 -120.271579 
-1.560000 -133.566572 
-1.600000 -137.365141 
-1.640000 -133.566572 
-1.680000 -143.062995 
-1.720000 -148.760849 
-1.760000 -165.854411 
-1.800000 -156.357988 
-1.840000 -156.357988 
-1.880000 -165.854411 
-1.920000 -169.652980 
-1.960000 -173.451550 
-2.000000 -181.048688 
-2.040000 -181.048688 
-2.080000 -188.645827 
-2.120000 -200.041535 
-2.160000 -200.041535 
-2.200000 -190.545112 
-2.240000 -203.840104 
-2.280000 -211.437243 
-2.320000 -215.235812 
-2.360000 -220.933666 
-2.400000 -226.631520 
-2.440000 -226.631520 
-2.480000 -220.933666 
-2.480000 -241.825798 
-2.440000 -239.926513 
-2.400000 -236.127944 
-2.360000 -241.825798 
-2.320000 -243.725082 
-2.280000 -247.523652 
-2.240000 -257.020075 
-2.200000 -249.422936 
-2.160000 -247.523652 
-2.120000 -247.523652 
-2.080000 -245.624367 
-2.040000 -255.120790 
-2.000000 -245.624367 
-1.960000 -251.322221 
-1.920000 -253.221506 
-1.880000 -243.725082 
-1.840000 -249.422936 
-1.800000 -255.120790 
-1.760000 -245.624367 
-1.720000 -245.624367 
-1.680000 -249.422936 
-1.640000 -243.725082 
-1.600000 -234.228659 
-1.560000 -249.422936 
-1.520000 -243.725082 
-1.480000 -232.329374 
-1.440000 -239.926513 
-1.400000 -236.127944 
-1.360000 -228.530805 
-1.320000 -228.530805 
-1.280000 -230.430090 
-1.240000 -226.631520 
-1.200000 -228.530805 
-1.160000 -224.732236 
-1.120000 -219.034382 
-1.080000 -220.933666 
-1.040000 -217.135097 
-1.000000 -203.840104 
-0.960000 -215.235812 
-0.920000 -211.437243 
-0.880000 -198.142250 
-0.840000 -203.840104 
-0.800000 -194.343681 
-0.760000 -198.142250 
-0.720000 -186.746542 
-0.680000 -181.048688 
-0.640000 -173.451550 
-0.600000 -175.350834 
-0.560000 -167.753696 
-0.520000 -167.753696 
-0.480000 -169.652980 
-0.440000 -163.955126 
-0.400000 -156.357988 
-0.360000 -152.559418 
-0.320000 -146.861564 
-0.280000 -139.264426 
-0.240000 -139.264426 
-0.200000 -135.465856 
-0.160000 -127.868718 
-0.120000 -129.768002 
-0.080000 -120.271579 
-0.040000 -112.674440 
