0.000000 -0.616645 
0.015000 1.282639 
0.030000 -0.616645 
0.045000 1.282639 
0.060000 1.282639 
0.075000 1.282639 
0.090000 -4.415215 
0.105000 -6.314499 
0.120000 -0.616645 
0.135000 -6.314499 
0.150000 1.282639 
0.165000 1.282639 
0.180000 3.181924 
0.195000 -4.415215 
0.210000 -4.415215 
0.225000 -8.213784 
0.240000 -0.616645 
0.255000 -0.616645 
0.270000 8.879778 
0.285000 16.476917 
0.300000 6.980493 
0.315000 12.678347 
0.330000 16.476917 
0.345000 31.671194 
0.360000 31.671194 
0.375000 29.771909 
0.390000 37.369048 
0.405000 31.671194 
0.420000 31.671194 
0.435000 29.771909 
0.450000 31.671194 
0.465000 31.671194 
0.480000 35.469763 
0.495000 41.167617 
0.510000 39.268333 
0.525000 41.167617 
0.540000 54.462610 
0.555000 35.469763 
0.570000 37.369048 
0.585000 41.167617 
0.600000 54.462610 
0.615000 52.563325 
0.630000 54.462610 
0.645000 54.462610 
0.660000 52.563325 
0.675000 62.059749 
0.690000 67.757603 
0.705000 58.261179 
0.720000 56.361895 
0.735000 63.959033 
0.750000 69.656887 
0.765000 71.556172 
0.780000 77.254026 
0.795000 77.254026 
0.810000 77.254026 
0.825000 84.851165 
0.840000 73.455457 
0.855000 82.951880 
0.870000 75.354741 
0.885000 81.052595 
0.900000 75.354741 
0.915000 90.549019 
0.930000 98.146157 
0.945000 84.851165 
0.960000 86.750449 
0.975000 90.549019 
0.990000 107.642581 
1.005000 103.844011 
1.020000 96.246873 
1.035000 105.743296 
1.050000 98.146157 
1.065000 100.045442 
1.080000 113.340435 
1.095000 107.642581 
1.110000 111.441150 
1.125000 120.937573 
1.140000 113.340435 
1.155000 117.139004 
1.170000 122.836858 
1.185000 126.635427 
1.200000 124.736143 
1.215000 130.433997 
1.230000 132.333281 
1.245000 134.232566 
1.260000 143.728989 
1.275000 143.728989 
1.290000 153.225412 
1.305000 145.628274 
1.320000 141.829705 
1.335000 149.426843 
1.350000 145.628274 
1.365000 143.728989 
1.380000 160.822551 
1.395000 158.923266 
1.410000 160.822551 
1.425000 164.621120 
1.440000 160.822551 
1.455000 162.721836 
1.470000 168.419690 
1.485000 162.721836 
1.500000 164.621120 
1.515000 168.419690 
1.530000 172.218259 
1.545000 166.520405 
1.560000 158.923266 
1.575000 164.621120 
1.590000 185.513252 
1.605000 183.613967 
1.620000 176.016828 
1.635000 196.908960 
1.650000 183.613967 
1.665000 181.714682 
1.680000 183.613967 
1.695000 196.908960 
1.710000 195.009675 
1.725000 196.908960 
1.740000 212.103237 
1.755000 196.908960 
1.770000 198.808244 
1.785000 206.405383 
1.800000 202.606814 
1.815000 210.203952 
1.830000 215.901806 
1.845000 210.203952 
1.860000 215.901806 
1.875000 227.297514 
1.890000 200.707529 
1.905000 217.801091 
1.920000 217.801091 
1.935000 225.398230 
1.950000 223.498945 
1.965000 215.901806 
1.980000 221.599660 
1.995000 229.196799 
2.010000 221.599660 
2.025000 244.391076 
2.040000 236.793938 
2.055000 231.096084 
2.070000 248.189646 
2.085000 236.793938 
2.100000 240.592507 
2.115000 238.693222 
2.130000 236.793938 
2.145000 259.585354 
2.160000 238.693222 
2.175000 244.391076 
2.190000 240.592507 
2.205000 244.391076 
2.220000 261.484638 
2.235000 246.290361 
2.250000 238.693222 
2.265000 253.887500 
2.280000 259.585354 
2.295000 251.988215 
2.310000 251.988215 
2.325000 265.283208 
2.340000 238.693222 
2.355000 274.779631 
2.370000 265.283208 
2.385000 255.786784 
2.400000 278.578200 
2.415000 265.283208 
2.430000 263.383923 
2.445000 265.283208 
2.460000 284.276054 
2.475000 263.383923 
2.490000 274.779631 
2.495000 272.880346 
2.480000 270.981062 
2.465000 274.779631 
2.450000 276.678916 
2.435000 288.074624 
2.420000 274.779631 
2.405000 289.973908 
2.390000 274.779631 
2.375000 282.376770 
2.360000 274.779631 
2.345000 286.175339 
2.330000 276.678916 
2.315000 280.477485 
2.300000 282.376770 
2.285000 280.477485 
2.270000 270.981062 
2.255000 276.678916 
2.240000 282.376770 
2.225000 295.671762 
2.210000 270.981062 
2.195000 274.779631 
2.180000 278.578200 
2.165000 274.779631 
2.150000 274.779631 
2.135000 263.383923 
2.120000 286.175339 
2.105000 267.182492 
2.090000 270.981062 
2.075000 263.383923 
2.060000 267.182492 
2.045000 269.081777 
2.030000 265.283208 
2.015000 270.981062 
2.000000 251.988215 
1.985000 257.686069 
1.970000 250.088930 
1.955000 255.786784 
1.940000 253.887500 
1.925000 259.585354 
1.910000 251.988215 
1.895000 242.491792 
1.880000 261.484638 
1.865000 242.491792 
1.850000 246.290361 
1.835000 251.988215 
1.820000 246.290361 
1.805000 251.988215 
1.790000 229.196799 
1.775000 250.088930 
1.760000 234.894653 
1.745000 240.592507 
1.730000 242.491792 
1.715000 236.793938 
1.700000 244.391076 
1.685000 221.599660 
1.670000 225.398230 
1.655000 229.196799 
1.640000 212.103237 
1.625000 229.196799 
1.610000 215.901806 
1.595000 210.203952 
1.580000 229.196799 
1.565000 210.203952 
1.550000 204.506098 
1.535000 225.398230 
1.520000 204.506098 
1.505000 221.599660 
1.490000 202.606814 
1.475000 195.009675 
1.460000 214.002522 
1.445000 206.405383 
1.430000 196.908960 
1.415000 204.506098 
1.400000 196.908960 
1.385000 187.412536 
1.370000 198.808244 
1.355000 187.412536 
1.340000 185.513252 
1.325000 198.808244 
1.310000 185.513252 
1.295000 181.714682 
1.280000 189.311821 
1.265000 187.412536 
1.250000 176.016828 
1.235000 185.513252 
1.220000 179.815398 
1.205000 168.419690 
1.190000 166.520405 
1.175000 172.218259 
1.160000 166.520405 
1.145000 158.923266 
1.130000 160.822551 
1.115000 158.923266 
1.100000 166.520405 
1.085000 160.822551 
1.070000 160.822551 
1.055000 168.419690 
1.040000 155.124697 
1.025000 149.426843 
1.010000 132.333281 
0.995000 155.124697 
0.980000 138.031135 
0.965000 147.527558 
0.950000 143.728989 
0.935000 143.728989 
0.920000 128.534712 
0.905000 134.232566 
0.890000 130.433997 
0.875000 143.728989 
0.860000 138.031135 
0.845000 126.635427 
0.830000 138.031135 
0.815000 122.836858 
0.800000 130.433997 
0.785000 117.139004 
0.770000 122.836858 
0.755000 124.736143 
0.740000 113.340435 
0.725000 109.541865 
0.710000 111.441150 
0.695000 119.038289 
0.680000 105.743296 
0.665000 107.642581 
0.650000 105.743296 
0.635000 98.146157 
0.620000 98.146157 
0.605000 101.944727 
0.590000 100.045442 
0.575000 96.246873 
0.560000 100.045442 
0.545000 90.549019 
0.530000 92.448303 
0.515000 81.052595 
0.500000 82.951880 
0.485000 81.052595 
0.470000 79.153311 
0.455000 77.254026 
0.440000 73.455457 
0.425000 69.656887 
0.410000 75.354741 
0.395000 69.656887 
0.380000 69.656887 
0.365000 69.656887 
0.350000 67.757603 
0.335000 65.858318 
0.320000 63.959033 
0.305000 65.858318 
0.290000 62.059749 
0.275000 48.764756 
0.260000 43.066902 
0.245000 46.865471 
0.230000 44.966187 
0.215000 54.462610 
0.200000 43.066902 
0.185000 43.066902 
0.170000 46.865471 
0.155000 41.167617 
0.140000 44.966187 
0.125000 31.671194 
0.110000 31.671194 
0.095000 46.865471 
0.080000 39.268333 
0.065000 29.771909 
0.050000 31.671194 
0.035000 25.973340 
0.020000 18.376201 
0.005000 12.678347 
-0.010000 6.980493 
-0.025000 -8.213784 
-0.040000 -2.515930 
-0.055000 -4.415215 
-0.070000 -2.515930 
-0.085000 -0.616645 
-0.100000 -0.616645 
-0.115000 -2.515930 
-0.130000 1.282639 
-0.145000 1.282639 
-0.160000 -8.213784 
-0.175000 -8.213784 
-0.190000 8.879778 
-0.205000 3.181924 
-0.220000 -6.314499 
-0.235000 -6.314499 
-0.250000 -6.314499 
-0.265000 -27.206631 
-0.280000 -29.105915 
-0.295000 -25.307346 
-0.310000 -32.904485 
-0.325000 -32.904485 
-0.340000 -31.005200 
-0.355000 -36.703054 
-0.370000 -42.400908 
-0.385000 -38.602339 
-0.400000 -38.602339 
-0.415000 -44.300193 
-0.430000 -36.703054 
-0.445000 -42.400908 
-0.460000 -31.005200 
-0.475000 -46.199477 
-0.490000 -40.501623 
-0.505000 -40.501623 
-0.520000 -48.098762 
-0.535000 -49.998047 
-0.550000 -55.695901 
-0.565000 -48.098762 
-0.580000 -59.494470 
-0.595000 -57.595185 
-0.610000 -53.796616 
-0.625000 -61.393755 
-0.640000 -59.494470 
-0.655000 -51.897331 
-0.670000 -67.091609 
-0.685000 -61.393755 
-0.700000 -61.393755 
-0.715000 -63.293039 
-0.730000 -68.990893 
-0.745000 -61.393755 
-0.760000 -76.588032 
-0.775000 -67.091609 
-0.790000 -67.091609 
-0.805000 -78.487316 
-0.820000 -76.588032 
-0.835000 -72.789462 
-0.850000 -68.990893 
-0.865000 -82.285886 
-0.880000 -82.285886 
-0.895000 -84.185170 
-0.910000 -82.285886 
-0.925000 -93.681594 
-0.940000 -89.883024 
-0.955000 -93.681594 
-0.970000 -93.681594 
-0.985000 -95.580878 
-1.000000 -93.681594 
-1.015000 -103.178017 
-1.030000 -105.077302 
-1.045000 -99.379448 
-1.060000 -99.379448 
-1.075000 -106.976586 
-1.090000 -116.473010 
-1.105000 -112.674440 
-1.120000 -112.674440 
-1.135000 -118.372294 
-1.150000 -112.674440 
-1.165000 -118.372294 
-1.180000 -120.271579 
-1.195000 -127.868718 
-1.210000 -114.573725 
-1.225000 -124.070148 
-1.240000 -135.465856 
-1.255000 -129.768002 
-1.270000 -141.163710 
-1.285000 -137.365141 
-1.300000 -133.566572 
-1.315000 -139.264426 
-1.330000 -152.559418 
-1.345000 -146.861564 
-1.360000 -141.163710 
-1.375000 -156.357988 
-1.390000 -152.559418 
-1.405000 -152.559418 
-1.420000 -150.660134 
-1.435000 -158.257272 
-1.450000 -152.559418 
-1.465000 -160.156557 
-1.480000 -152.559418 
-1.495000 -152.559418 
-1.510000 -160.156557 
-1.525000 -158.257272 
-1.540000 -160.156557 
-1.555000 -162.055842 
-1.570000 -169.652980 
-1.585000 -169.652980 
-1.600000 -167.753696 
-1.615000 -182.947973 
-1.630000 -171.552265 
-1.645000 -179.149404 
-1.660000 -175.350834 
-1.675000 -184.847258 
-1.690000 -186.746542 
-1.705000 -196.242966 
-1.720000 -190.545112 
-1.735000 -188.645827 
-1.750000 -192.444396 
-1.765000 -192.444396 
-1.780000 -192.444396 
-1.795000 -194.343681 
-1.810000 -205.739389 
-1.825000 -192.444396 
-1.840000 -196.242966 
-1.855000 -209.537958 
-1.870000 -198.142250 
-1.885000 -203.840104 
-1.900000 -200.041535 
-1.915000 -198.142250 
-1.930000 -211.437243 
-1.945000 -211.437243 
-1.960000 -203.840104 
-1.975000 -213.336528 
-1.990000 -213.336528 
-2.005000 -203.840104 
-2.020000 -219.034382 
-2.035000 -224.732236 
-2.050000 -219.034382 
-2.065000 -234.228659 
-2.080000 -226.631520 
-2.095000 -228.530805 
-2.110000 -257.020075 
-2.125000 -228.530805 
-2.140000 -243.725082 
-2.155000 -238.027228 
-2.170000 -238.027228 
-2.185000 -238.027228 
-2.200000 -243.725082 
-2.215000 -234.228659 
-2.230000 -239.926513 
-2.245000 -239.926513 
-2.260000 -251.322221 
-2.275000 -249.422936 
-2.290000 -251.322221 
-2.305000 -258.919360 
-2.320000 -257.020075 
-2.335000 -255.120790 
-2.350000 -262.717929 
-2.365000 -274.113637 
-2.380000 -266.516498 
-2.395000 -276.012922 
-2.410000 -272.214352 
-2.425000 -272.214352 
-2.440000 -281.710775 
-2.455000 -274.113637 
-2.470000 -277.912206 
-2.485000 -279.811491 
-2.500000 -276.012922 
-2.485000 -287.408629 
-2.470000 -285.509345 
-2.455000 -281.710775 
-2.440000 -287.408629 
-2.425000 -287.408629 
-2.410000 -283.610060 
-2.395000 -283.610060 
-2.380000 -295.005768 
-2.365000 -289.307914 
-2.350000 -287.408629 
-2.335000 -295.005768 
-2.320000 -291.207199 
-2.305000 -289.307914 
-2.290000 -293.106483 
-2.275000 -302.602907 
-2.260000 -287.408629 
-2.245000 -289.307914 
-2.230000 -283.610060 
-2.215000 -283.610060 
-2.200000 -291.207199 
-2.185000 -279.811491 
-2.170000 -281.710775 
-2.155000 -285.509345 
-2.140000 -277.912206 
-2.125000 -276.012922 
-2.110000 -270.315068 
-2.095000 -274.113637 
-2.080000 -279.811491 
-2.065000 -274.113637 
-2.050000 -274.113637 
-2.035000 -270.315068 
-2.020000 -277.912206 
-2.005000 -279.811491 
-1.990000 -268.415783 
-1.975000 -272.214352 
-1.960000 -272.214352 
-1.945000 -264.617214 
-1.930000 -272.214352 
-1.915000 -264.617214 
-1.900000 -260.818644 
-1.885000 -262.717929 
-1.870000 -262.717929 
-1.855000 -253.221506 
-1.840000 -251.322221 
-1.825000 -255.120790 
-1.810000 -251.322221 
-1.795000 -243.725082 
-1.780000 -239.926513 
-1.765000 -239.926513 
-1.750000 -241.825798 
-1.735000 -230.430090 
-1.720000 -245.624367 
-1.705000 -230.430090 
-1.690000 -224.732236 
-1.675000 -234.228659 
-1.660000 -226.631520 
-1.645000 -220.933666 
-1.630000 -224.732236 
-1.615000 -219.034382 
-1.600000 -217.135097 
-1.585000 -220.933666 
-1.570000 -224.732236 
-1.555000 -217.135097 
-1.540000 -220.933666 
-1.525000 -217.135097 
-1.510000 -215.235812 
-1.495000 -219.034382 
-1.480000 -211.437243 
-1.465000 -215.235812 
-1.450000 -219.034382 
-1.435000 -217.135097 
-1.420000 -217.135097 
-1.405000 -215.235812 
-1.390000 -211.437243 
-1.375000 -207.638674 
-1.360000 -209.537958 
-1.345000 -215.235812 
-1.330000 -215.235812 
-1.315000 -211.437243 
-1.300000 -211.437243 
-1.285000 -209.537958 
-1.270000 -203.840104 
-1.255000 -203.840104 
-1.240000 -198.142250 
-1.225000 -192.444396 
-1.210000 -213.336528 
-1.195000 -203.840104 
-1.180000 -194.343681 
-1.165000 -194.343681 
-1.150000 -196.242966 
-1.135000 -192.444396 
-1.120000 -188.645827 
-1.105000 -196.242966 
-1.090000 -188.645827 
-1.075000 -186.746542 
-1.060000 -182.947973 
-1.045000 -179.149404 
-1.030000 -186.746542 
-1.015000 -175.350834 
-1.000000 -167.753696 
-0.985000 -175.350834 
-0.970000 -167.753696 
-0.955000 -167.753696 
-0.940000 -165.854411 
-0.925000 -167.753696 
-0.910000 -162.055842 
-0.895000 -162.055842 
-0.880000 -160.156557 
-0.865000 -160.156557 
-0.850000 -144.962280 
-0.835000 -141.163710 
-0.820000 -137.365141 
-0.805000 -143.062995 
-0.790000 -135.465856 
-0.775000 -141.163710 
-0.760000 -135.465856 
-0.745000 -131.667287 
-0.730000 -124.070148 
-0.715000 -135.465856 
-0.700000 -131.667287 
-0.685000 -135.465856 
-0.670000 -124.070148 
-0.655000 -124.070148 
-0.640000 -129.768002 
-0.625000 -120.271579 
-0.610000 -122.170864 
-0.595000 -120.271579 
-0.580000 -110.775156 
-0.565000 -106.976586 
-0.550000 -122.170864 
-0.535000 -106.976586 
-0.520000 -101.278732 
-0.505000 -106.976586 
-0.490000 -84.185170 
-0.475000 -101.278732 
-0.460000 -99.379448 
-0.445000 -93.681594 
-0.430000 -97.480163 
-0.415000 -91.782309 
-0.400000 -86.084455 
-0.385000 -86.084455 
-0.370000 -84.185170 
-0.355000 -76.588032 
-0.340000 -68.990893 
-0.325000 -82.285886 
-0.310000 -68.990893 
-0.295000 -61.393755 
-0.280000 -59.494470 
-0.265000 -57.595185 
-0.250000 -63.293039 
-0.235000 -61.393755 
-0.220000 -51.897331 
-0.205000 -51.897331 
-0.190000 -51.897331 
-0.175000 -57.595185 
-0.160000 -49.998047 
-0.145000 -48.098762 
-0.130000 -32.904485 
-0.115000 -38.602339 
-0.100000 -42.400908 
-0.085000 -31.005200 
-0.070000 -42.400908 
-0.055000 -40.501623 
-0.040000 -68.990893 
-0.025000 -38.602339 
-0.010000 -38.602339 
0.005000 -32.904485 
0.020000 -34.803769 
0.035000 -17.710207 
0.050000 -17.710207 
0.065000 -10.113069 
0.080000 3.181924 
0.095000 -0.616645 
0.110000 8.879778 
0.125000 1.282639 
0.140000 -4.415215 
0.155000 -2.515930 
0.170000 5.081209 
0.185000 1.282639 
0.200000 -0.616645 
0.215000 6.980493 
0.230000 -8.213784 
0.245000 6.980493 
0.260000 25.973340 
0.275000 33.570479 
0.290000 25.973340 
0.305000 31.671194 
0.320000 43.066902 
0.335000 35.469763 
0.350000 33.570479 
0.365000 39.268333 
0.380000 41.167617 
0.395000 37.369048 
0.410000 39.268333 
0.425000 39.268333 
0.440000 31.671194 
0.455000 39.268333 
0.470000 41.167617 
0.485000 43.066902 
0.500000 44.966187 
0.515000 52.563325 
0.530000 58.261179 
0.545000 48.764756 
0.560000 58.261179 
0.575000 60.160464 
0.590000 50.664041 
0.605000 60.160464 
0.620000 60.160464 
0.635000 67.757603 
0.650000 54.462610 
0.665000 65.858318 
0.680000 63.959033 
0.695000 63.959033 
0.710000 73.455457 
0.725000 65.858318 
0.740000 75.354741 
0.755000 77.254026 
0.770000 75.354741 
0.785000 71.556172 
0.800000 73.455457 
0.815000 75.354741 
0.830000 77.254026 
0.845000 73.455457 
0.860000 81.052595 
0.875000 82.951880 
0.890000 79.153311 
0.905000 84.851165 
0.920000 88.649734 
0.935000 79.153311 
0.950000 94.347588 
0.965000 92.448303 
0.980000 94.347588 
0.995000 101.944727 
1.010000 98.146157 
1.025000 96.246873 
1.040000 92.448303 
1.055000 103.844011 
1.070000 100.045442 
1.085000 130.433997 
1.100000 113.340435 
1.115000 109.541865 
1.130000 117.139004 
1.145000 120.937573 
1.160000 115.239719 
1.175000 122.836858 
1.190000 128.534712 
1.205000 120.937573 
1.220000 115.239719 
1.235000 141.829705 
1.250000 130.433997 
1.265000 128.534712 
1.280000 143.728989 
1.295000 139.930420 
1.310000 141.829705 
1.325000 138.031135 
1.340000 143.728989 
1.355000 147.527558 
1.370000 145.628274 
1.385000 151.326128 
1.400000 141.829705 
1.415000 149.426843 
1.430000 155.124697 
1.445000 157.023982 
1.460000 155.124697 
1.475000 157.023982 
1.490000 172.218259 
1.505000 170.318974 
1.520000 170.318974 
1.535000 168.419690 
1.550000 168.419690 
1.565000 181.714682 
1.580000 176.016828 
1.595000 181.714682 
1.610000 176.016828 
1.625000 179.815398 
1.640000 185.513252 
1.655000 191.211106 
1.670000 185.513252 
1.685000 181.714682 
1.700000 191.211106 
1.715000 181.714682 
1.730000 183.613967 
1.745000 195.009675 
1.760000 185.513252 
1.775000 195.009675 
1.790000 206.405383 
1.805000 195.009675 
1.820000 198.808244 
1.835000 200.707529 
1.850000 195.009675 
1.865000 204.506098 
1.880000 227.297514 
1.895000 208.304668 
1.910000 206.405383 
1.925000 214.002522 
1.940000 215.901806 
1.955000 219.700376 
1.970000 225.398230 
1.985000 223.498945 
2.000000 231.096084 
2.015000 221.599660 
2.030000 221.599660 
2.045000 231.096084 
2.060000 242.491792 
2.075000 234.894653 
2.090000 240.592507 
2.105000 231.096084 
2.120000 231.096084 
2.135000 232.995368 
2.150000 246.290361 
2.165000 242.491792 
2.180000 244.391076 
2.195000 259.585354 
2.210000 257.686069 
2.225000 248.189646 
2.240000 251.988215 
2.255000 251.988215 
2.270000 265.283208 
2.285000 253.887500 
2.300000 269.081777 
2.315000 269.081777 
2.330000 261.484638 
2.345000 269.081777 
2.360000 269.081777 
2.375000 272.880346 
2.390000 272.880346 
2.405000 280.477485 
2.420000 274.779631 
2.435000 280.477485 
2.450000 278.578200 
2.465000 295.671762 
2.480000 280.477485 
2.495000 274.779631 
2.490000 301.369616 
2.475000 288.074624 
2.460000 282.376770 
2.445000 288.074624 
2.430000 289.973908 
2.415000 288.074624 
2.400000 295.671762 
2.385000 280.477485 
2.370000 289.973908 
2.355000 288.074624 
2.340000 299.470332 
2.325000 288.074624 
2.310000 286.175339 
2.295000 291.873193 
2.280000 295.671762 
2.265000 284.276054 
2.250000 293.772478 
2.235000 286.175339 
2.220000 288.074624 
2.205000 282.376770 
2.190000 278.578200 
2.175000 276.678916 
2.160000 282.376770 
2.145000 274.779631 
2.130000 284.276054 
2.115000 276.678916 
2.100000 274.779631 
2.085000 288.074624 
2.070000 280.477485 
2.055000 270.981062 
2.040000 270.981062 
2.025000 282.376770 
2.010000 261.484638 
1.995000 270.981062 
1.980000 261.484638 
1.965000 265.283208 
1.950000 259.585354 
1.935000 257.686069 
1.920000 270.981062 
1.905000 255.786784 
1.890000 257.686069 
1.875000 250.088930 
1.860000 251.988215 
1.845000 257.686069 
1.830000 246.290361 
1.815000 244.391076 
1.800000 244.391076 
1.785000 250.088930 
1.770000 236.793938 
1.755000 236.793938 
1.740000 234.894653 
1.725000 236.793938 
1.710000 251.988215 
1.695000 200.707529 
1.680000 231.096084 
1.665000 234.894653 
1.650000 221.599660 
1.635000 248.189646 
1.620000 227.297514 
1.605000 234.894653 
1.590000 227.297514 
1.575000 215.901806 
1.560000 231.096084 
1.545000 204.506098 
1.530000 221.599660 
1.515000 221.599660 
1.500000 214.002522 
1.485000 223.498945 
1.470000 214.002522 
1.455000 200.707529 
1.440000 219.700376 
1.425000 221.599660 
1.410000 200.707529 
1.395000 217.801091 
1.380000 210.203952 
1.365000 198.808244 
1.350000 215.901806 
1.335000 210.203952 
1.320000 196.908960 
1.305000 198.808244 
1.290000 193.110390 
1.275000 187.412536 
1.260000 200.707529 
1.245000 181.714682 
1.230000 162.721836 
1.215000 196.908960 
1.200000 187.412536 
1.185000 160.822551 
1.170000 181.714682 
1.155000 181.714682 
1.140000 164.621120 
1.125000 183.613967 
1.110000 166.520405 
1.095000 164.621120 
1.080000 164.621120 
1.065000 166.520405 
1.050000 168.419690 
1.035000 160.822551 
1.020000 155.124697 
1.005000 158.923266 
0.990000 151.326128 
0.975000 155.124697 
0.960000 153.225412 
0.945000 155.124697 
0.930000 153.225412 
0.915000 143.728989 
0.900000 128.534712 
0.885000 151.326128 
0.870000 145.628274 
0.855000 145.628274 
0.840000 132.333281 
0.825000 138.031135 
0.810000 134.232566 
0.795000 128.534712 
0.780000 128.534712 
0.765000 134.232566 
0.750000 128.534712 
0.735000 128.534712 
0.720000 130.433997 
0.705000 119.038289 
0.690000 120.937573 
0.675000 134.232566 
0.660000 109.541865 
0.645000 115.239719 
0.630000 113.340435 
0.615000 117.139004 
0.600000 103.844011 
0.585000 103.844011 
0.570000 103.844011 
0.555000 105.743296 
0.540000 98.146157 
0.525000 94.347588 
0.510000 94.347588 
0.495000 82.951880 
0.480000 92.448303 
0.465000 75.354741 
0.450000 77.254026 
0.435000 77.254026 
0.420000 82.951880 
0.405000 77.254026 
0.390000 79.153311 
0.375000 71.556172 
0.360000 73.455457 
0.345000 63.959033 
0.330000 63.959033 
0.315000 65.858318 
0.300000 52.563325 
0.285000 58.261179 
0.270000 50.664041 
0.255000 56.361895 
0.240000 54.462610 
0.225000 50.664041 
0.210000 43.066902 
0.195000 44.966187 
0.180000 43.066902 
0.165000 46.865471 
0.150000 39.268333 
0.135000 35.469763 
0.120000 41.167617 
0.105000 43.066902 
0.090000 39.268333 
0.075000 37.369048 
0.060000 35.469763 
0.045000 31.671194 
0.030000 24.074055 
0.015000 16.476917 
-0.000000 6.980493 
-0.015000 1.282639 
-0.030000 -6.314499 
-0.045000 -0.616645 
-0.060000 1.282639 
-0.075000 -0.616645 
-0.090000 3.181924 
-0.105000 1.282639 
-0.120000 -2.515930 
-0.135000 5.081209 
-0.150000 -2.515930 
-0.165000 -0.616645 
-0.180000 -2.515930 
-0.195000 -0.616645 
-0.210000 -2.515930 
-0.225000 -6.314499 
-0.240000 -12.012353 
-0.255000 -21.508777 
-0.270000 -23.408061 
-0.285000 -70.890178 
-0.300000 -32.904485 
-0.315000 -27.206631 
-0.330000 -31.005200 
-0.345000 -34.803769 
-0.360000 -36.703054 
-0.375000 -46.199477 
-0.390000 -36.703054 
-0.405000 -36.703054 
-0.420000 -46.199477 
-0.435000 -29.105915 
-0.450000 -32.904485 
-0.465000 -42.400908 
-0.480000 -40.501623 
-0.495000 -46.199477 
-0.510000 -44.300193 
-0.525000 -49.998047 
-0.540000 -48.098762 
-0.555000 -46.199477 
-0.570000 -51.897331 
-0.585000 -53.796616 
-0.600000 -51.897331 
-0.615000 -51.897331 
-0.630000 -46.199477 
-0.645000 -51.897331 
-0.660000 -59.494470 
-0.675000 -51.897331 
-0.690000 -59.494470 
-0.705000 -61.393755 
-0.720000 -61.393755 
-0.735000 -65.192324 
-0.750000 -68.990893 
-0.765000 -76.588032 
-0.780000 -68.990893 
-0.795000 -80.386601 
-0.810000 -70.890178 
-0.825000 -72.789462 
-0.840000 -86.084455 
-0.855000 -80.386601 
-0.870000 -87.983740 
-0.885000 -89.883024 
-0.900000 -91.782309 
-0.915000 -89.883024 
-0.930000 -89.883024 
-0.945000 -93.681594 
-0.960000 -91.782309 
-0.975000 -99.379448 
-0.990000 -106.976586 
-1.005000 -101.278732 
-1.020000 -99.379448 
-1.035000 -105.077302 
-1.050000 -99.379448 
-1.065000 -108.875871 
-1.080000 -118.372294 
-1.095000 -118.372294 
-1.110000 -118.372294 
-1.125000 -122.170864 
-1.140000 -124.070148 
-1.155000 -124.070148 
-1.170000 -129.768002 
-1.185000 -129.768002 
-1.200000 -129.768002 
-1.215000 -139.264426 
-1.230000 -137.365141 
-1.245000 -131.667287 
-1.260000 -141.163710 
-1.275000 -143.062995 
-1.290000 -135.465856 
-1.305000 -143.062995 
-1.320000 -143.062995 
-1.335000 -139.264426 
-1.350000 -146.861564 
-1.365000 -154.458703 
-1.380000 -146.861564 
-1.395000 -146.861564 
-1.410000 -152.559418 
-1.425000 -154.458703 
-1.440000 -150.660134 
-1.455000 -165.854411 
-1.470000 -162.055842 
-1.485000 -160.156557 
-1.500000 -162.055842 
-1.515000 -169.652980 
-1.530000 -163.955126 
-1.545000 -167.753696 
-1.560000 -173.451550 
-1.575000 -165.854411 
-1.590000 -171.552265 
-1.605000 -173.451550 
-1.620000 -182.947973 
-1.635000 -190.545112 
-1.650000 -181.048688 
-1.665000 -184.847258 
-1.680000 -181.048688 
-1.695000 -190.545112 
-1.710000 -190.545112 
-1.725000 -188.645827 
-1.740000 -194.343681 
-1.755000 -194.343681 
-1.770000 -196.242966 
-1.785000 -200.041535 
-1.800000 -194.343681 
-1.815000 -203.840104 
-1.830000 -205.739389 
-1.845000 -196.242966 
-1.860000 -196.242966 
-1.875000 -201.940820 
-1.890000 -205.739389 
-1.905000 -205.739389 
-1.920000 -209.537958 
-1.935000 -207.638674 
-1.950000 -211.437243 
-1.965000 -211.437243 
-1.980000 -213.336528 
-1.995000 -220.933666 
-2.010000 -224.732236 
-2.025000 -220.933666 
-2.040000 -230.430090 
-2.055000 -222.832951 
-2.070000 -228.530805 
-2.085000 -236.127944 
-2.100000 -234.228659 
-2.115000 -234.228659 
-2.130000 -234.228659 
-2.145000 -238.027228 
-2.160000 -236.127944 
-2.175000 -241.825798 
-2.190000 -241.825798 
-2.205000 -241.825798 
-2.220000 -245.624367 
-2.235000 -255.120790 
-2.250000 -251.322221 
-2.265000 -253.221506 
-2.280000 -264.617214 
-2.295000 -268.415783 
-2.310000 -260.818644 
-2.325000 -272.214352 
-2.340000 -276.012922 
-2.355000 -270.315068 
-2.370000 -274.113637 
-2.385000 -281.710775 
-2.400000 -277.912206 
-2.415000 -279.811491 
-2.430000 -283.610060 
-2.445000 -274.113637 
-2.460000 -279.811491 
-2.475000 -287.408629 
-2.490000 -283.610060 
-2.495000 -289.307914 
-2.480000 -279.811491 
-2.465000 -285.509345 
-2.450000 -291.207199 
-2.435000 -287.408629 
-2.420000 -281.710775 
-2.405000 -287.408629 
-2.390000 -287.408629 
-2.375000 -285.509345 
-2.360000 -281.710775 
-2.345000 -279.811491 
-2.330000 -285.509345 
-2.315000 -291.207199 
-2.300000 -285.509345 
-2.285000 -289.307914 
-2.270000 -296.905053 
-2.255000 -287.408629 
-2.240000 -291.207199 
-2.225000 -295.005768 
-2.210000 -293.106483 
-2.195000 -298.804337 
-2.180000 -287.408629 
-2.165000 -291.207199 
-2.150000 -291.207199 
-2.135000 -289.307914 
-2.120000 -291.207199 
-2.105000 -296.905053 
-2.090000 -289.307914 
-2.075000 -283.610060 
-2.060000 -277.912206 
-2.045000 -277.912206 
-2.030000 -276.012922 
-2.015000 -272.214352 
-2.000000 -270.315068 
-1.985000 -268.415783 
-1.970000 -260.818644 
-1.955000 -262.717929 
-1.940000 -258.919360 
-1.925000 -258.919360 
-1.910000 -258.919360 
-1.895000 -258.919360 
-1.880000 -251.322221 
-1.865000 -245.624367 
-1.850000 -251.322221 
-1.835000 -243.725082 
-1.820000 -251.322221 
-1.805000 -249.422936 
-1.790000 -257.020075 
-1.775000 -249.422936 
-1.760000 -251.322221 
-1.745000 -245.624367 
-1.730000 -253.221506 
-1.715000 -245.624367 
-1.700000 -238.027228 
-1.685000 -239.926513 
-1.670000 -238.027228 
-1.655000 -238.027228 
-1.640000 -243.725082 
-1.625000 -239.926513 
-1.610000 -236.127944 
-1.595000 -241.825798 
-1.580000 -234.228659 
-1.565000 -232.329374 
-1.550000 -238.027228 
-1.535000 -234.228659 
-1.520000 -234.228659 
-1.505000 -238.027228 
-1.490000 -234.228659 
-1.475000 -230.430090 
-1.460000 -234.228659 
-1.445000 -232.329374 
-1.430000 -219.034382 
-1.415000 -230.430090 
-1.400000 -226.631520 
-1.385000 -220.933666 
-1.370000 -220.933666 
-1.355000 -224.732236 
-1.340000 -211.437243 
-1.325000 -209.537958 
-1.310000 -217.135097 
-1.295000 -215.235812 
-1.280000 -207.638674 
-1.265000 -209.537958 
-1.250000 -213.336528 
-1.235000 -203.840104 
-1.220000 -205.739389 
-1.205000 -211.437243 
-1.190000 -203.840104 
-1.175000 -201.940820 
-1.160000 -201.940820 
-1.145000 -201.940820 
-1.130000 -224.732236 
-1.115000 -201.940820 
-1.100000 -194.343681 
-1.085000 -184.847258 
-1.070000 -190.545112 
-1.055000 -184.847258 
-1.040000 -181.048688 
-1.025000 -209.537958 
-1.010000 -173.451550 
-0.995000 -167.753696 
-0.980000 -167.753696 
-0.965000 -163.955126 
-0.950000 -162.055842 
-0.935000 -154.458703 
-0.920000 -167.753696 
-0.905000 -163.955126 
-0.890000 -152.559418 
-0.875000 -152.559418 
-0.860000 -162.055842 
-0.845000 -162.055842 
-0.830000 -150.660134 
-0.815000 -144.962280 
-0.800000 -152.559418 
-0.785000 -143.062995 
-0.770000 -129.768002 
-0.755000 -144.962280 
-0.740000 -148.760849 
-0.725000 -137.365141 
-0.710000 -131.667287 
-0.695000 -135.465856 
-0.680000 -124.070148 
-0.665000 -124.070148 
-0.650000 -122.170864 
-0.635000 -120.271579 
-0.620000 -127.868718 
-0.605000 -122.170864 
-0.590000 -118.372294 
-0.575000 -108.875871 
-0.560000 -106.976586 
-0.545000 -105.077302 
-0.530000 -99.379448 
-0.515000 -103.178017 
-0.500000 -97.480163 
-0.485000 -101.278732 
-0.470000 -91.782309 
-0.455000 -89.883024 
-0.440000 -93.681594 
-0.425000 -91.782309 
-0.410000 -95.580878 
-0.395000 -78.487316 
-0.380000 -82.285886 
-0.365000 -86.084455 
-0.350000 -72.789462 
-0.335000 -78.487316 
-0.320000 -82.285886 
-0.305000 -78.487316 
-0.290000 -67.091609 
-0.275000 -72.789462 
-0.260000 -70.890178 
-0.245000 -61.393755 
-0.230000 -63.293039 
-0.215000 -63.293039 
-0.200000 -63.293039 
-0.185000 -59.494470 
-0.170000 -59.494470 
-0.155000 -59.494470 
-0.140000 -51.897331 
-0.125000 -49.998047 
-0.110000 -53.796616 
-0.095000 -44.300193 
-0.080000 -48.098762 
-0.065000 -49.998047 
-0.050000 -42.400908 
-0.035000 -42.400908 
-0.020000 -61.393755 
-0.005000 -44.300193 
0.010000 -36.703054 
0.025000 -34.803769 
0.040000 -27.206631 
0.055000 -21.508777 
0.070000 -15.810923 
0.085000 -4.415215 
0.100000 1.282639 
0.115000 6.980493 
0.130000 3.181924 
0.145000 3.181924 
0.160000 6.980493 
0.175000 5.081209 
0.190000 -6.314499 
0.205000 1.282639 
0.220000 6.980493 
0.235000 -2.515930 
0.250000 -0.616645 
0.265000 16.476917 
0.280000 22.174771 
0.295000 25.973340 
0.310000 31.671194 
0.325000 33.570479 
0.340000 33.570479 
0.355000 31.671194 
0.370000 37.369048 
0.385000 39.268333 
0.400000 41.167617 
0.415000 31.671194 
0.430000 31.671194 
0.445000 33.570479 
0.460000 33.570479 
0.475000 31.671194 
0.490000 44.966187 
0.505000 31.671194 
0.520000 43.066902 
0.535000 46.865471 
0.550000 37.369048 
0.565000 43.066902 
0.580000 48.764756 
0.595000 43.066902 
0.610000 48.764756 
0.625000 52.563325 
0.640000 52.563325 
0.655000 50.664041 
0.670000 52.563325 
0.685000 54.462610 
0.700000 63.959033 
0.715000 71.556172 
0.730000 71.556172 
0.745000 71.556172 
0.760000 71.556172 
0.775000 82.951880 
0.790000 81.052595 
0.805000 86.750449 
0.820000 82.951880 
0.835000 88.649734 
0.850000 84.851165 
0.865000 81.052595 
0.880000 82.951880 
0.895000 90.549019 
0.910000 96.246873 
0.925000 94.347588 
0.940000 101.944727 
0.955000 103.844011 
0.970000 100.045442 
0.985000 94.347588 
1.000000 103.844011 
1.015000 109.541865 
1.030000 113.340435 
1.045000 109.541865 
1.060000 103.844011 
1.075000 100.045442 
1.090000 113.340435 
1.105000 115.239719 
1.120000 115.239719 
1.135000 109.541865 
1.150000 115.239719 
1.165000 119.038289 
1.180000 126.635427 
1.195000 126.635427 
1.210000 130.433997 
1.225000 128.534712 
1.240000 134.232566 
1.255000 130.433997 
1.270000 126.635427 
1.285000 136.131851 
1.300000 134.232566 
1.315000 143.728989 
1.330000 143.728989 
1.345000 134.232566 
1.360000 141.829705 
1.375000 151.326128 
1.390000 147.527558 
1.405000 145.628274 
1.420000 149.426843 
1.435000 153.225412 
1.450000 155.124697 
1.465000 155.124697 
1.480000 153.225412 
1.495000 157.023982 
1.510000 157.023982 
1.525000 160.822551 
1.540000 160.822551 
1.555000 166.520405 
1.570000 172.218259 
1.585000 166.520405 
1.600000 174.117544 
1.615000 166.520405 
1.630000 177.916113 
1.645000 181.714682 
1.660000 189.311821 
1.675000 189.311821 
1.690000 191.211106 
1.705000 193.110390 
1.720000 198.808244 
1.735000 202.606814 
1.750000 198.808244 
1.765000 200.707529 
1.780000 196.908960 
1.795000 200.707529 
1.810000 204.506098 
1.825000 200.707529 
1.840000 200.707529 
1.855000 210.203952 
1.870000 195.009675 
1.885000 196.908960 
1.900000 206.405383 
1.915000 204.506098 
1.930000 206.405383 
1.945000 225.398230 
1.960000 219.700376 
1.975000 212.103237 
1.990000 214.002522 
2.005000 214.002522 
2.020000 236.793938 
2.035000 236.793938 
2.050000 221.599660 
2.065000 231.096084 
2.080000 240.592507 
2.095000 231.096084 
2.110000 234.894653 
2.125000 234.894653 
2.140000 242.491792 
2.155000 231.096084 
2.170000 240.592507 
2.185000 240.592507 
2.200000 240.592507 
2.215000 240.592507 
2.230000 240.592507 
2.245000 251.988215 
2.260000 242.491792 
2.275000 251.988215 
2.290000 265.283208 
2.305000 253.887500 
2.320000 267.182492 
2.335000 265.283208 
2.350000 263.383923 
2.365000 261.484638 
2.380000 265.283208 
2.395000 274.779631 
2.410000 269.081777 
2.425000 276.678916 
2.440000 270.981062 
2.455000 274.779631 
2.470000 274.779631 
2.485000 274.779631 
2.500000 272.880346 
2.485000 288.074624 
2.470000 280.477485 
2.455000 276.678916 
2.440000 295.671762 
2.425000 289.973908 
2.410000 299.470332 
2.395000 286.175339 
2.380000 301.369616 
2.365000 293.772478 
2.350000 293.772478 
2.335000 284.276054 
2.320000 288.074624 
2.305000 276.678916 
2.290000 289.973908 
2.275000 274.779631 
2.260000 284.276054 
2.245000 274.779631 
2.230000 288.074624 
2.215000 286.175339 
2.200000 289.973908 
2.185000 282.376770 
2.170000 286.175339 
2.155000 286.175339 
2.140000 282.376770 
2.125000 284.276054 
2.110000 265.283208 
2.095000 282.376770 
2.080000 270.981062 
2.065000 274.779631 
2.050000 265.283208 
2.035000 272.880346 
2.020000 272.880346 
2.005000 265.283208 
1.990000 255.786784 
1.975000 263.383923 
1.960000 259.585354 
1.945000 259.585354 
1.930000 263.383923 
1.915000 255.786784 
1.900000 270.981062 
1.885000 248.189646 
1.870000 251.988215 
1.855000 248.189646 
1.840000 248.189646 
1.825000 259.585354 
1.810000 246.290361 
1.795000 257.686069 
1.780000 257.686069 
1.765000 250.088930 
1.750000 242.491792 
1.735000 238.693222 
1.720000 240.592507 
1.705000 238.693222 
1.690000 229.196799 
1.675000 232.995368 
1.660000 227.297514 
1.645000 225.398230 
1.630000 212.103237 
1.615000 221.599660 
1.600000 219.700376 
1.585000 221.599660 
1.570000 214.002522 
1.555000 223.498945 
1.540000 210.203952 
1.525000 223.498945 
1.510000 210.203952 
1.495000 208.304668 
1.480000 219.700376 
1.465000 206.405383 
1.450000 204.506098 
1.435000 200.707529 
1.420000 193.110390 
1.405000 210.203952 
1.390000 198.808244 
1.375000 189.311821 
1.360000 204.506098 
1.345000 191.211106 
1.330000 191.211106 
1.315000 195.009675 
1.300000 195.009675 
1.285000 183.613967 
1.270000 185.513252 
1.255000 198.808244 
1.240000 183.613967 
1.225000 177.916113 
1.210000 196.908960 
1.195000 176.016828 
1.180000 185.513252 
1.165000 183.613967 
1.150000 181.714682 
1.135000 174.117544 
1.120000 170.318974 
1.105000 174.117544 
1.090000 162.721836 
1.075000 151.326128 
1.060000 164.621120 
1.045000 149.426843 
1.030000 157.023982 
1.015000 157.023982 
1.000000 153.225412 
0.985000 158.923266 
0.970000 145.628274 
0.955000 147.527558 
0.940000 143.728989 
0.925000 145.628274 
0.910000 141.829705 
0.895000 145.628274 
0.880000 143.728989 
0.865000 138.031135 
0.850000 151.326128 
0.835000 130.433997 
0.820000 130.433997 
0.805000 145.628274 
0.790000 130.433997 
0.775000 124.736143 
0.760000 120.937573 
0.745000 128.534712 
0.730000 122.836858 
0.715000 119.038289 
0.700000 115.239719 
0.685000 117.139004 
0.670000 120.937573 
0.655000 115.239719 
0.640000 105.743296 
0.625000 105.743296 
0.610000 100.045442 
0.595000 107.642581 
0.580000 113.340435 
0.565000 105.743296 
0.550000 105.743296 
0.535000 96.246873 
0.520000 100.045442 
0.505000 101.944727 
0.490000 90.549019 
0.475000 86.750449 
0.460000 90.549019 
0.445000 82.951880 
0.430000 84.851165 
0.415000 82.951880 
0.400000 86.750449 
0.385000 84.851165 
0.370000 92.448303 
0.355000 71.556172 
0.340000 69.656887 
0.325000 69.656887 
0.310000 73.455457 
0.295000 73.455457 
0.280000 73.455457 
0.265000 81.052595 
0.250000 65.858318 
0.235000 65.858318 
0.220000 67.757603 
0.205000 60.160464 
0.190000 62.059749 
0.175000 60.160464 
0.160000 58.261179 
0.145000 54.462610 
0.130000 46.865471 
0.115000 46.865471 
0.100000 52.563325 
0.085000 39.268333 
0.070000 44.966187 
0.055000 39.268333 
0.040000 43.066902 
0.025000 39.268333 
0.010000 22.174771 
-0.005000 18.376201 
-0.020000 10.779063 
-0.035000 -0.616645 
-0.050000 -4.415215 
-0.065000 3.181924 
-0.080000 -8.213784 
-0.095000 -0.616645 
-0.110000 1.282639 
-0.125000 -2.515930 
-0.140000 -2.515930 
-0.155000 -8.213784 
-0.170000 -2.515930 
-0.185000 -2.515930 
-0.200000 -0.616645 
-0.215000 -10.113069 
-0.230000 -12.012353 
-0.245000 -10.113069 
-0.260000 -17.710207 
-0.275000 -23.408061 
-0.290000 -29.105915 
-0.305000 -32.904485 
-0.320000 -29.105915 
-0.335000 -36.703054 
-0.350000 -42.400908 
-0.365000 -36.703054 
-0.380000 -40.501623 
-0.395000 -44.300193 
-0.410000 -38.602339 
-0.425000 -42.400908 
-0.440000 -38.602339 
-0.455000 -48.098762 
-0.470000 -44.300193 
-0.485000 -46.199477 
-0.500000 -51.897331 
-0.515000 -53.796616 
-0.530000 -53.796616 
-0.545000 -46.199477 
-0.560000 -51.897331 
-0.575000 -65.192324 
-0.590000 -61.393755 
-0.605000 -51.897331 
-0.620000 -59.494470 
-0.635000 -68.990893 
-0.650000 -61.393755 
-0.665000 -67.091609 
-0.680000 -72.789462 
-0.695000 -80.386601 
-0.710000 -70.890178 
-0.725000 -74.688747 
-0.740000 -80.386601 
-0.755000 -80.386601 
-0.770000 -89.883024 
-0.785000 -82.285886 
-0.800000 -89.883024 
-0.815000 -91.782309 
-0.830000 -84.185170 
-0.845000 -89.883024 
-0.860000 -101.278732 
-0.875000 -97.480163 
-0.890000 -101.278732 
-0.905000 -103.178017 
-0.920000 -91.782309 
-0.935000 -99.379448 
-0.950000 -105.077302 
-0.965000 -103.178017 
-0.980000 -105.077302 
-0.995000 -108.875871 
-1.010000 -112.674440 
-1.025000 -108.875871 
-1.040000 -118.372294 
-1.055000 -112.674440 
-1.070000 -118.372294 
-1.085000 -118.372294 
-1.100000 -118.372294 
-1.115000 -110.775156 
-1.130000 -129.768002 
-1.145000 -124.070148 
-1.160000 -129.768002 
-1.175000 -127.868718 
-1.190000 -133.566572 
-1.205000 -124.070148 
-1.220000 -141.163710 
-1.235000 -131.667287 
-1.250000 -137.365141 
-1.265000 -137.365141 
-1.280000 -144.962280 
-1.295000 -141.163710 
-1.310000 -139.264426 
-1.325000 -143.062995 
-1.340000 -144.962280 
-1.355000 -146.861564 
-1.370000 -163.955126 
-1.385000 -156.357988 
-1.400000 -158.257272 
-1.415000 -160.156557 
-1.430000 -158.257272 
-1.445000 -163.955126 
-1.460000 -165.854411 
-1.475000 -165.854411 
-1.490000 -163.955126 
-1.505000 -169.652980 
-1.520000 -167.753696 
-1.535000 -167.753696 
-1.550000 -165.854411 
-1.565000 -169.652980 
-1.580000 -179.149404 
-1.595000 -173.451550 
-1.610000 -182.947973 
-1.625000 -177.250119 
-1.640000 -173.451550 
-1.655000 -181.048688 
-1.670000 -184.847258 
-1.685000 -179.149404 
-1.700000 -186.746542 
-1.715000 -194.343681 
-1.730000 -182.947973 
-1.745000 -194.343681 
-1.760000 -194.343681 
-1.775000 -196.242966 
-1.790000 -190.545112 
-1.805000 -211.437243 
-1.820000 -207.638674 
-1.835000 -215.235812 
-1.850000 -209.537958 
-1.865000 -211.437243 
-1.880000 -211.437243 
-1.895000 -215.235812 
-1.910000 -219.034382 
-1.925000 -215.235812 
-1.940000 -219.034382 
-1.955000 -226.631520 
-1.970000 -220.933666 
-1.985000 -230.430090 
-2.000000 -234.228659 
-2.015000 -230.430090 
-2.030000 -228.530805 
-2.045000 -226.631520 
-2.060000 -228.530805 
-2.075000 -238.027228 
-2.090000 -230.430090 
-2.105000 -241.825798 
-2.120000 -239.926513 
-2.135000 -245.624367 
-2.150000 -239.926513 
-2.165000 -251.322221 
-2.180000 -247.523652 
-2.195000 -249.422936 
-2.210000 -255.120790 
-2.225000 -253.221506 
-2.240000 -255.120790 
-2.255000 -257.020075 
-2.270000 -258.919360 
-2.285000 -258.919360 
-2.300000 -257.020075 
-2.315000 -264.617214 
-2.330000 -257.020075 
-2.345000 -260.818644 
-2.360000 -258.919360 
-2.375000 -258.919360 
-2.390000 -272.214352 
-2.405000 -266.516498 
-2.420000 -272.214352 
-2.435000 -270.315068 
-2.450000 -272.214352 
-2.465000 -272.214352 
-2.480000 -277.912206 
-2.495000 -300.703622 
-2.490000 -276.012922 
-2.475000 -274.113637 
-2.460000 -276.012922 
-2.445000 -276.012922 
-2.430000 -281.710775 
-2.415000 -285.509345 
-2.400000 -279.811491 
-2.385000 -287.408629 
-2.370000 -287.408629 
-2.355000 -287.408629 
-2.340000 -279.811491 
-2.325000 -283.610060 
-2.310000 -283.610060 
-2.295000 -287.408629 
-2.280000 -285.509345 
-2.265000 -281.710775 
-2.250000 -287.408629 
-2.235000 -291.207199 
-2.220000 -285.509345 
-2.205000 -279.811491 
-2.190000 -281.710775 
-2.175000 -285.509345 
-2.160000 -277.912206 
-2.145000 -277.912206 
-2.130000 -272.214352 
-2.115000 -272.214352 
-2.100000 -281.710775 
-2.085000 -279.811491 
-2.070000 -274.113637 
-2.055000 -266.516498 
-2.040000 -276.012922 
-2.025000 -276.012922 
-2.010000 -272.214352 
-1.995000 -266.516498 
-1.980000 -264.617214 
-1.965000 -262.717929 
-1.950000 -272.214352 
-1.935000 -270.315068 
-1.920000 -264.617214 
-1.905000 -260.818644 
-1.890000 -258.919360 
-1.875000 -251.322221 
-1.860000 -255.120790 
-1.845000 -253.221506 
-1.830000 -249.422936 
-1.815000 -249.422936 
-1.800000 -255.120790 
-1.785000 -251.322221 
-1.770000 -251.322221 
-1.755000 -257.020075 
-1.740000 -249.422936 
-1.725000 -243.725082 
-1.710000 -239.926513 
-1.695000 -251.322221 
-1.680000 -255.120790 
-1.665000 -253.221506 
-1.650000 -241.825798 
-1.635000 -241.825798 
-1.620000 -239.926513 
-1.605000 -236.127944 
-1.590000 -243.725082 
-1.575000 -247.523652 
-1.560000 -236.127944 
-1.545000 -236.127944 
-1.530000 -228.530805 
-1.515000 -226.631520 
-1.500000 -222.832951 
-1.485000 -234.228659 
-1.470000 -230.430090 
-1.455000 -220.933666 
-1.440000 -226.631520 
-1.425000 -226.631520 
-1.410000 -220.933666 
-1.395000 -219.034382 
-1.380000 -219.034382 
-1.365000 -220.933666 
-1.350000 -217.135097 
-1.335000 -226.631520 
-1.320000 -219.034382 
-1.305000 -209.537958 
-1.290000 -219.034382 
-1.275000 -207.638674 
-1.260000 -205.739389 
-1.245000 -198.142250 
-1.230000 -205.739389 
-1.215000 -200.041535 
-1.200000 -194.343681 
-1.185000 -192.444396 
-1.170000 -196.242966 
-1.155000 -182.947973 
-1.140000 -194.343681 
-1.125000 -179.149404 
-1.110000 -181.048688 
-1.095000 -188.645827 
-1.080000 -186.746542 
-1.065000 -182.947973 
-1.050000 -181.048688 
-1.035000 -182.947973 
-1.020000 -175.350834 
-1.005000 -177.250119 
-0.990000 -182.947973 
-0.975000 -163.955126 
-0.960000 -165.854411 
-0.945000 -167.753696 
-0.930000 -154.458703 
-0.915000 -158.257272 
-0.900000 -158.257272 
-0.885000 -162.055842 
-0.870000 -150.660134 
-0.855000 -144.962280 
-0.840000 -124.070148 
-0.825000 -141.163710 
-0.810000 -133.566572 
-0.795000 -139.264426 
-0.780000 -143.062995 
-0.765000 -135.465856 
-0.750000 -133.566572 
-0.735000 -129.768002 
-0.720000 -124.070148 
-0.705000 -122.170864 
-0.690000 -129.768002 
-0.675000 -127.868718 
-0.660000 -127.868718 
-0.645000 -127.868718 
-0.630000 -112.674440 
-0.615000 -116.473010 
-0.600000 -120.271579 
-0.585000 -112.674440 
-0.570000 -105.077302 
-0.555000 -105.077302 
-0.540000 -112.674440 
-0.525000 -105.077302 
-0.510000 -105.077302 
-0.495000 -101.278732 
-0.480000 -105.077302 
-0.465000 -97.480163 
-0.450000 -122.170864 
-0.435000 -89.883024 
-0.420000 -89.883024 
-0.405000 -91.782309 
-0.390000 -82.285886 
-0.375000 -72.789462 
-0.360000 -74.688747 
-0.345000 -87.983740 
-0.330000 -74.688747 
-0.315000 -76.588032 
-0.300000 -68.990893 
-0.285000 -72.789462 
-0.270000 -67.091609 
-0.255000 -61.393755 
-0.240000 -70.890178 
-0.225000 -61.393755 
-0.210000 -55.695901 
-0.195000 -61.393755 
-0.180000 -57.595185 
-0.165000 -55.695901 
-0.150000 -44.300193 
-0.135000 -55.695901 
-0.120000 -38.602339 
-0.105000 -49.998047 
-0.090000 -48.098762 
-0.075000 -44.300193 
-0.060000 -46.199477 
-0.045000 -38.602339 
-0.030000 -29.105915 
-0.015000 -38.602339 
