0.000000 -89.883024 
0.065000 -82.285886 
0.130000 -67.091609 
0.195000 -46.199477 
0.260000 -23.408061 
0.325000 8.879778 
0.390000 6.980493 
0.455000 27.872625 
0.520000 29.771909 
0.585000 31.671194 
0.650000 33.570479 
0.715000 44.966187 
0.780000 52.563325 
0.845000 48.764756 
0.910000 58.261179 
0.975000 54.462610 
1.040000 58.261179 
1.105000 65.858318 
1.170000 77.254026 
1.235000 84.851165 
1.300000 90.549019 
1.365000 101.944727 
1.430000 94.347588 
1.495000 103.844011 
1.560000 109.541865 
1.625000 113.340435 
1.690000 120.937573 
1.755000 128.534712 
1.820000 138.031135 
1.885000 128.534712 
1.950000 134.232566 
2.015000 147.527558 
2.080000 160.822551 
2.145000 164.621120 
2.210000 170.318974 
2.275000 176.016828 
2.340000 181.714682 
2.405000 183.613967 
2.470000 196.908960 
2.465000 206.405383 
2.400000 206.405383 
2.335000 217.801091 
2.270000 210.203952 
2.205000 214.002522 
2.140000 231.096084 
2.075000 221.599660 
2.010000 215.901806 
1.945000 227.297514 
1.880000 225.398230 
1.815000 234.894653 
1.750000 232.995368 
1.685000 221.599660 
1.620000 221.599660 
1.555000 229.196799 
1.490000 223.498945 
1.425000 221.599660 
1.360000 221.599660 
1.295000 214.002522 
1.230000 214.002522 
1.165000 210.203952 
1.100000 215.901806 
1.035000 204.506098 
0.970000 196.908960 
0.905000 168.419690 
0.840000 200.707529 
0.775000 198.808244 
0.710000 185.513252 
0.645000 179.815398 
0.580000 170.318974 
0.515000 176.016828 
0.450000 176.016828 
0.385000 170.318974 
0.320000 170.318974 
0.255000 157.023982 
0.190000 149.426843 
0.125000 141.829705 
0.060000 145.628274 
-0.005000 130.433997 
-0.070000 132.333281 
-0.135000 122.836858 
-0.200000 111.441150 
-0.265000 98.146157 
-0.330000 79.153311 
-0.395000 69.656887 
-0.460000 29.771909 
-0.525000 1.282639 
-0.590000 -23.408061 
-0.655000 -31.005200 
-0.720000 -38.602339 
-0.785000 -51.897331 
-0.850000 -57.595185 
-0.915000 -59.494470 
-0.980000 -68.990893 
-1.045000 -67.091609 
-1.110000 -67.091609 
-1.175000 -76.588032 
-1.240000 -82.285886 
-1.305000 -72.789462 
-1.370000 -72.789462 
-1.435000 -87.983740 
-1.500000 -101.278732 
-1.565000 -99.379448 
-1.630000 -116.473010 
-1.695000 -127.868718 
-1.760000 -133.566572 
-1.825000 -135.465856 
-1.890000 -143.062995 
-1.955000 -152.559418 
-2.020000 -148.760849 
-2.085000 -156.357988 
-2.150000 -158.257272 
-2.215000 -169.652980 
-2.280000 -177.250119 
-2.345000 -181.048688 
-2.410000 -190.545112 
-2.475000 -201.940820 
-2.460000 -209.537958 
-2.395000 -205.739389 
-2.330000 -220.933666 
-2.265000 -226.631520 
-2.200000 -228.530805 
-2.135000 -226.631520 
-2.070000 -234.228659 
-2.005000 -232.329374 
-1.940000 -234.228659 
-1.875000 -228.530805 
-1.810000 -228.530805 
-1.745000 -234.228659 
-1.680000 -226.631520 
-1.615000 -232.329374 
-1.550000 -224.732236 
-1.485000 -222.832951 
-1.420000 -228.530805 
-1.355000 -228.530805 
-1.290000 -219.034382 
-1.225000 -219.034382 
-1.160000 -215.235812 
-1.095000 -213.336528 
-1.030000 -207.638674 
-0.965000 -203.840104 
-0.900000 -203.840104 
-0.835000 -200.041535 
-0.770000 -200.041535 
-0.705000 -200.041535 
-0.640000 -200.041535 
-0.575000 -194.343681 
-0.510000 -190.545112 
-0.445000 -173.451550 
-0.380000 -163.955126 
-0.315000 -158.257272 
-0.250000 -150.660134 
-0.185000 -133.566572 
-0.120000 -137.365141 
-0.055000 -129.768002 
0.010000 -127.868718 
0.075000 -120.271579 
0.140000 -114.573725 
0.205000 -78.487316 
0.270000 -51.897331 
0.335000 -29.105915 
0.400000 -10.113069 
0.465000 6.980493 
0.530000 24.074055 
0.595000 24.074055 
0.660000 37.369048 
0.725000 43.066902 
0.790000 41.167617 
0.855000 44.966187 
0.920000 52.563325 
0.985000 58.261179 
1.050000 56.361895 
1.115000 54.462610 
1.180000 69.656887 
1.245000 73.455457 
1.310000 81.052595 
1.375000 88.649734 
1.440000 92.448303 
1.505000 103.844011 
1.570000 113.340435 
1.635000 113.340435 
1.700000 122.836858 
1.765000 132.333281 
1.830000 120.937573 
1.895000 126.635427 
1.960000 132.333281 
2.025000 147.527558 
2.090000 147.527558 
2.155000 153.225412 
2.220000 172.218259 
2.285000 179.815398 
2.350000 189.311821 
2.415000 183.613967 
2.480000 210.203952 
2.455000 202.606814 
2.390000 208.304668 
2.325000 212.103237 
2.260000 202.606814 
2.195000 212.103237 
2.130000 231.096084 
2.065000 221.599660 
2.000000 221.599660 
1.935000 236.793938 
1.870000 227.297514 
1.805000 236.793938 
1.740000 234.894653 
1.675000 214.002522 
1.610000 244.391076 
1.545000 223.498945 
1.480000 219.700376 
1.415000 221.599660 
1.350000 210.203952 
1.285000 215.901806 
1.220000 214.002522 
1.155000 198.808244 
1.090000 204.506098 
1.025000 195.009675 
0.960000 196.908960 
0.895000 195.009675 
0.830000 200.707529 
0.765000 185.513252 
0.700000 191.211106 
0.635000 185.513252 
0.570000 176.016828 
0.505000 176.016828 
0.440000 172.218259 
0.375000 160.822551 
0.310000 162.721836 
0.245000 158.923266 
0.180000 145.628274 
0.115000 149.426843 
0.050000 136.131851 
-0.015000 139.930420 
-0.080000 130.433997 
-0.145000 115.239719 
-0.210000 105.743296 
-0.275000 90.549019 
-0.340000 82.951880 
-0.405000 62.059749 
-0.470000 31.671194 
-0.535000 1.282639 
-0.600000 -15.810923 
-0.665000 -31.005200 
-0.730000 -36.703054 
-0.795000 -48.098762 
-0.860000 -59.494470 
-0.925000 -59.494470 
-0.990000 -61.393755 
-1.055000 -67.091609 
-1.120000 -70.890178 
-1.185000 -70.890178 
-1.250000 -82.285886 
-1.315000 -82.285886 
-1.380000 -87.983740 
-1.445000 -86.084455 
-1.510000 -89.883024 
-1.575000 -112.674440 
-1.640000 -114.573725 
-1.705000 -124.070148 
-1.770000 -133.566572 
-1.835000 -139.264426 
-1.900000 -135.465856 
-1.965000 -158.257272 
-2.030000 -156.357988 
-2.095000 -158.257272 
-2.160000 -162.055842 
-2.225000 -165.854411 
-2.290000 -173.451550 
-2.355000 -181.048688 
-2.420000 -196.242966 
-2.485000 -207.638674 
-2.450000 -211.437243 
-2.385000 -219.034382 
-2.320000 -224.732236 
-2.255000 -228.530805 
-2.190000 -230.430090 
-2.125000 -226.631520 
-2.060000 -236.127944 
-1.995000 -232.329374 
-1.930000 -232.329374 
-1.865000 -232.329374 
-1.800000 -236.127944 
-1.735000 -228.530805 
-1.670000 -228.530805 
-1.605000 -222.832951 
-1.540000 -226.631520 
-1.475000 -226.631520 
-1.410000 -220.933666 
-1.345000 -224.732236 
-1.280000 -220.933666 
-1.215000 -219.034382 
-1.150000 -215.235812 
-1.085000 -211.437243 
-1.020000 -203.840104 
-0.955000 -203.840104 
-0.890000 -203.840104 
-0.825000 -190.545112 
-0.760000 -198.142250 
-0.695000 -196.242966 
-0.630000 -192.444396 
-0.565000 -184.847258 
-0.500000 -169.652980 
-0.435000 -156.357988 
-0.370000 -148.760849 
-0.305000 -146.861564 
-0.240000 -139.264426 
-0.175000 -137.365141 
-0.110000 -125.969433 
-0.045000 -124.070148 
0.020000 -120.271579 
0.085000 -114.573725 
0.150000 -110.775156 
0.215000 -76.588032 
0.280000 -46.199477 
0.345000 -32.904485 
0.410000 -2.515930 
0.475000 16.476917 
0.540000 16.476917 
0.605000 27.872625 
0.670000 35.469763 
0.735000 35.469763 
0.800000 44.966187 
0.865000 48.764756 
0.930000 52.563325 
0.995000 54.462610 
1.060000 52.563325 
1.125000 63.959033 
1.190000 65.858318 
1.255000 75.354741 
1.320000 82.951880 
1.385000 84.851165 
1.450000 98.146157 
1.515000 107.642581 
1.580000 107.642581 
1.645000 120.937573 
1.710000 122.836858 
1.775000 126.635427 
1.840000 138.031135 
1.905000 124.736143 
1.970000 138.031135 
2.035000 157.023982 
2.100000 145.628274 
2.165000 162.721836 
2.230000 166.520405 
2.295000 181.714682 
2.360000 181.714682 
2.425000 195.009675 
2.490000 208.304668 
2.445000 198.808244 
2.380000 212.103237 
2.315000 204.506098 
2.250000 196.908960 
2.185000 217.801091 
2.120000 217.801091 
2.055000 215.901806 
1.990000 219.700376 
1.925000 225.398230 
1.860000 225.398230 
1.795000 240.592507 
1.730000 231.096084 
1.665000 229.196799 
1.600000 229.196799 
1.535000 229.196799 
1.470000 225.398230 
1.405000 217.801091 
1.340000 212.103237 
1.275000 214.002522 
1.210000 210.203952 
1.145000 204.506098 
1.080000 206.405383 
1.015000 202.606814 
0.950000 196.908960 
0.885000 204.506098 
0.820000 200.707529 
0.755000 181.714682 
0.690000 181.714682 
0.625000 170.318974 
0.560000 166.520405 
0.495000 166.520405 
0.430000 164.621120 
0.365000 160.822551 
0.300000 164.621120 
0.235000 157.023982 
0.170000 143.728989 
0.105000 141.829705 
0.040000 138.031135 
-0.025000 138.031135 
-0.090000 126.635427 
-0.155000 119.038289 
-0.220000 96.246873 
-0.285000 90.549019 
-0.350000 77.254026 
-0.415000 69.656887 
-0.480000 50.664041 
-0.545000 3.181924 
-0.610000 -13.911638 
-0.675000 -10.113069 
-0.740000 -38.602339 
-0.805000 -51.897331 
-0.870000 -57.595185 
-0.935000 -59.494470 
-1.000000 -61.393755 
-1.065000 -63.293039 
-1.130000 -65.192324 
-1.195000 -76.588032 
-1.260000 -82.285886 
-1.325000 -80.386601 
-1.390000 -95.580878 
-1.455000 -93.681594 
-1.520000 -97.480163 
-1.585000 -118.372294 
-1.650000 -112.674440 
-1.715000 -122.170864 
-1.780000 -137.365141 
-1.845000 -143.062995 
-1.910000 -154.458703 
-1.975000 -154.458703 
-2.040000 -152.559418 
-2.105000 -158.257272 
-2.170000 -158.257272 
-2.235000 -165.854411 
-2.300000 -177.250119 
-2.365000 -190.545112 
-2.430000 -196.242966 
-2.495000 -211.437243 
-2.440000 -207.638674 
-2.375000 -217.135097 
-2.310000 -220.933666 
-2.245000 -230.430090 
-2.180000 -232.329374 
-2.115000 -232.329374 
-2.050000 -234.228659 
-1.985000 -234.228659 
-1.920000 -234.228659 
-1.855000 -239.926513 
-1.790000 -241.825798 
-1.725000 -241.825798 
-1.660000 -230.430090 
-1.595000 -226.631520 
-1.530000 -228.530805 
-1.465000 -224.732236 
-1.400000 -224.732236 
-1.335000 -224.732236 
-1.270000 -226.631520 
-1.205000 -215.235812 
-1.140000 -219.034382 
-1.075000 -215.235812 
-1.010000 -211.437243 
-0.945000 -213.336528 
-0.880000 -203.840104 
-0.815000 -205.739389 
-0.750000 -203.840104 
-0.685000 -196.242966 
-0.620000 -203.840104 
-0.555000 -190.545112 
-0.490000 -167.753696 
-0.425000 -152.559418 
-0.360000 -152.559418 
-0.295000 -144.962280 
-0.230000 -135.465856 
-0.165000 -135.465856 
-0.100000 -129.768002 
-0.035000 -129.768002 
0.030000 -124.070148 
0.095000 -118.372294 
0.160000 -97.480163 
0.225000 -82.285886 
0.290000 -46.199477 
0.355000 -21.508777 
0.420000 6.980493 
0.485000 3.181924 
0.550000 24.074055 
0.615000 27.872625 
0.680000 31.671194 
0.745000 37.369048 
0.810000 46.865471 
0.875000 22.174771 
0.940000 52.563325 
1.005000 62.059749 
1.070000 58.261179 
1.135000 69.656887 
1.200000 79.153311 
1.265000 77.254026 
1.330000 84.851165 
1.395000 90.549019 
1.460000 103.844011 
1.525000 107.642581 
1.590000 119.038289 
1.655000 115.239719 
1.720000 132.333281 
1.785000 132.333281 
1.850000 124.736143 
1.915000 134.232566 
1.980000 139.930420 
2.045000 162.721836 
2.110000 149.426843 
2.175000 166.520405 
2.240000 181.714682 
2.305000 183.613967 
2.370000 183.613967 
2.435000 196.908960 
2.500000 217.801091 
2.435000 204.506098 
2.370000 210.203952 
2.305000 214.002522 
2.240000 202.606814 
2.175000 227.297514 
2.110000 225.398230 
2.045000 219.700376 
1.980000 215.901806 
1.915000 227.297514 
1.850000 225.398230 
1.785000 240.592507 
1.720000 223.498945 
1.655000 227.297514 
1.590000 238.693222 
1.525000 231.096084 
1.460000 225.398230 
1.395000 215.901806 
1.330000 217.801091 
1.265000 215.901806 
1.200000 210.203952 
1.135000 210.203952 
1.070000 204.506098 
1.005000 200.707529 
0.940000 195.009675 
0.875000 200.707529 
0.810000 189.311821 
0.745000 193.110390 
0.680000 189.311821 
0.615000 176.016828 
0.550000 183.613967 
0.485000 177.916113 
0.420000 170.318974 
0.355000 168.419690 
0.290000 160.822551 
0.225000 153.225412 
0.160000 141.829705 
0.095000 141.829705 
0.030000 145.628274 
-0.035000 136.131851 
-0.100000 122.836858 
-0.165000 119.038289 
-0.230000 109.541865 
-0.295000 100.045442 
-0.360000 77.254026 
-0.425000 62.059749 
-0.490000 29.771909 
-0.555000 -6.314499 
-0.620000 -23.408061 
-0.685000 -51.897331 
-0.750000 -42.400908 
-0.815000 -51.897331 
-0.880000 -57.595185 
-0.945000 -68.990893 
-1.010000 -67.091609 
-1.075000 -67.091609 
-1.140000 -70.890178 
-1.205000 -72.789462 
-1.270000 -84.185170 
-1.335000 -89.883024 
-1.400000 -93.681594 
-1.465000 -93.681594 
-1.530000 -103.178017 
-1.595000 -106.976586 
-1.660000 -116.473010 
-1.725000 -124.070148 
-1.790000 -133.566572 
-1.855000 -139.264426 
-1.920000 -150.660134 
-1.985000 -160.156557 
-2.050000 -152.559418 
-2.115000 -162.055842 
-2.180000 -162.055842 
-2.245000 -165.854411 
-2.310000 -181.048688 
-2.375000 -190.545112 
-2.440000 -203.840104 
-2.495000 -211.437243 
-2.430000 -203.840104 
-2.365000 -213.336528 
-2.300000 -222.832951 
-2.235000 -228.530805 
-2.170000 -232.329374 
-2.105000 -230.430090 
-2.040000 -234.228659 
-1.975000 -238.027228 
-1.910000 -228.530805 
-1.845000 -230.430090 
-1.780000 -232.329374 
-1.715000 -234.228659 
-1.650000 -238.027228 
-1.585000 -230.430090 
-1.520000 -226.631520 
-1.455000 -228.530805 
-1.390000 -230.430090 
-1.325000 -228.530805 
-1.260000 -226.631520 
-1.195000 -220.933666 
-1.130000 -219.034382 
-1.065000 -215.235812 
-1.000000 -213.336528 
-0.935000 -201.940820 
-0.870000 -203.840104 
-0.805000 -201.940820 
-0.740000 -200.041535 
-0.675000 -200.041535 
-0.610000 -190.545112 
-0.545000 -181.048688 
-0.480000 -169.652980 
-0.415000 -156.357988 
-0.350000 -143.062995 
-0.285000 -139.264426 
-0.220000 -139.264426 
-0.155000 -137.365141 
-0.090000 -129.768002 
-0.025000 -125.969433 
0.040000 -114.573725 
0.105000 -112.674440 
0.170000 -103.178017 
0.235000 -59.494470 
0.300000 -38.602339 
0.365000 -31.005200 
0.430000 -2.515930 
0.495000 12.678347 
0.560000 16.476917 
0.625000 33.570479 
0.690000 29.771909 
0.755000 33.570479 
0.820000 35.469763 
0.885000 54.462610 
0.950000 50.664041 
1.015000 52.563325 
1.080000 52.563325 
1.145000 58.261179 
1.210000 69.656887 
1.275000 75.354741 
1.340000 88.649734 
1.405000 90.549019 
1.470000 101.944727 
1.535000 113.340435 
1.600000 119.038289 
1.665000 126.635427 
1.730000 120.937573 
1.795000 124.736143 
1.860000 132.333281 
1.925000 134.232566 
1.990000 141.829705 
2.055000 145.628274 
2.120000 153.225412 
2.185000 168.419690 
2.250000 174.117544 
2.315000 177.916113 
2.380000 181.714682 
2.445000 200.707529 
2.490000 206.405383 
2.425000 200.707529 
2.360000 200.707529 
2.295000 202.606814 
2.230000 221.599660 
2.165000 231.096084 
2.100000 214.002522 
2.035000 225.398230 
1.970000 227.297514 
1.905000 221.599660 
1.840000 236.793938 
1.775000 231.096084 
1.710000 221.599660 
1.645000 229.196799 
1.580000 231.096084 
1.515000 227.297514 
1.450000 221.599660 
1.385000 215.901806 
1.320000 212.103237 
1.255000 214.002522 
1.190000 208.304668 
1.125000 210.203952 
1.060000 200.707529 
0.995000 202.606814 
0.930000 200.707529 
0.865000 198.808244 
0.800000 191.211106 
0.735000 189.311821 
0.670000 179.815398 
0.605000 168.419690 
0.540000 168.419690 
0.475000 164.621120 
0.410000 164.621120 
0.345000 166.520405 
0.280000 155.124697 
0.215000 149.426843 
0.150000 141.829705 
0.085000 138.031135 
0.020000 132.333281 
-0.045000 128.534712 
-0.110000 126.635427 
-0.175000 113.340435 
-0.240000 96.246873 
-0.305000 92.448303 
-0.370000 86.750449 
-0.435000 63.959033 
-0.500000 27.872625 
-0.565000 1.282639 
-0.630000 -13.911638 
-0.695000 -29.105915 
-0.760000 -38.602339 
-0.825000 -46.199477 
-0.890000 -61.393755 
-0.955000 -63.293039 
-1.020000 -63.293039 
-1.085000 -68.990893 
-1.150000 -76.588032 
-1.215000 -68.990893 
-1.280000 -78.487316 
-1.345000 -82.285886 
-1.410000 -87.983740 
-1.475000 -91.782309 
-1.540000 -106.976586 
-1.605000 -106.976586 
-1.670000 -116.473010 
-1.735000 -120.271579 
-1.800000 -139.264426 
-1.865000 -141.163710 
-1.930000 -146.861564 
-1.995000 -156.357988 
-2.060000 -158.257272 
-2.125000 -158.257272 
-2.190000 -167.753696 
-2.255000 -169.652980 
-2.320000 -182.947973 
-2.385000 -182.947973 
-2.450000 -200.041535 
-2.485000 -201.940820 
-2.420000 -211.437243 
-2.355000 -211.437243 
-2.290000 -224.732236 
-2.225000 -226.631520 
-2.160000 -239.926513 
-2.095000 -232.329374 
-2.030000 -234.228659 
-1.965000 -232.329374 
-1.900000 -238.027228 
-1.835000 -238.027228 
-1.770000 -236.127944 
-1.705000 -236.127944 
-1.640000 -232.329374 
-1.575000 -226.631520 
-1.510000 -230.430090 
-1.445000 -226.631520 
-1.380000 -224.732236 
-1.315000 -219.034382 
-1.250000 -226.631520 
-1.185000 -224.732236 
-1.120000 -217.135097 
-1.055000 -213.336528 
-0.990000 -217.135097 
-0.925000 -205.739389 
-0.860000 -207.638674 
-0.795000 -203.840104 
-0.730000 -198.142250 
-0.665000 -200.041535 
-0.600000 -188.645827 
-0.535000 -179.149404 
-0.470000 -160.156557 
-0.405000 -150.660134 
-0.340000 -148.760849 
-0.275000 -141.163710 
-0.210000 -135.465856 
-0.145000 -131.667287 
-0.080000 -129.768002 
-0.015000 -122.170864 
0.050000 -122.170864 
0.115000 -108.875871 
0.180000 -84.185170 
0.245000 -42.400908 
0.310000 -29.105915 
0.375000 -6.314499 
0.440000 12.678347 
0.505000 -27.206631 
0.570000 27.872625 
0.635000 35.469763 
0.700000 44.966187 
0.765000 33.570479 
0.830000 44.966187 
0.895000 44.966187 
0.960000 50.664041 
1.025000 52.563325 
1.090000 52.563325 
1.155000 48.764756 
1.220000 62.059749 
1.285000 75.354741 
1.350000 67.757603 
1.415000 111.441150 
1.480000 100.045442 
1.545000 69.656887 
1.610000 130.433997 
1.675000 115.239719 
1.740000 120.937573 
1.805000 122.836858 
1.870000 128.534712 
1.935000 138.031135 
2.000000 143.728989 
2.065000 153.225412 
2.130000 157.023982 
2.195000 166.520405 
2.260000 174.117544 
2.325000 166.520405 
2.390000 191.211106 
2.455000 187.412536 
2.480000 200.707529 
2.415000 204.506098 
2.350000 196.908960 
2.285000 202.606814 
2.220000 225.398230 
2.155000 210.203952 
2.090000 219.700376 
2.025000 227.297514 
1.960000 227.297514 
1.895000 229.196799 
1.830000 234.894653 
1.765000 221.599660 
1.700000 225.398230 
1.635000 229.196799 
1.570000 223.498945 
1.505000 219.700376 
1.440000 202.606814 
1.375000 214.002522 
1.310000 214.002522 
1.245000 204.506098 
1.180000 214.002522 
1.115000 204.506098 
1.050000 195.009675 
0.985000 196.908960 
0.920000 210.203952 
0.855000 198.808244 
0.790000 187.412536 
0.725000 183.613967 
0.660000 177.916113 
0.595000 176.016828 
0.530000 174.117544 
0.465000 168.419690 
0.400000 164.621120 
0.335000 166.520405 
0.270000 162.721836 
0.205000 143.728989 
0.140000 138.031135 
0.075000 143.728989 
0.010000 138.031135 
-0.055000 132.333281 
-0.120000 115.239719 
-0.185000 109.541865 
-0.250000 100.045442 
-0.315000 101.944727 
-0.380000 77.254026 
-0.445000 62.059749 
-0.510000 29.771909 
-0.575000 3.181924 
-0.640000 -6.314499 
-0.705000 -31.005200 
-0.770000 -32.904485 
-0.835000 -49.998047 
-0.900000 -59.494470 
-0.965000 -63.293039 
-1.030000 -68.990893 
-1.095000 -67.091609 
-1.160000 -76.588032 
-1.225000 -82.285886 
-1.290000 -84.185170 
-1.355000 -87.983740 
-1.420000 -87.983740 
-1.485000 -99.379448 
-1.550000 -101.278732 
-1.615000 -103.178017 
-1.680000 -112.674440 
-1.745000 -125.969433 
-1.810000 -133.566572 
-1.875000 -139.264426 
-1.940000 -150.660134 
-2.005000 -156.357988 
-2.070000 -154.458703 
-2.135000 -163.955126 
-2.200000 -163.955126 
-2.265000 -167.753696 
-2.330000 -179.149404 
-2.395000 -194.343681 
-2.460000 -194.343681 
-2.475000 -207.638674 
-2.410000 -215.235812 
-2.345000 -217.135097 
-2.280000 -224.732236 
-2.215000 -230.430090 
-2.150000 -234.228659 
-2.085000 -232.329374 
-2.020000 -234.228659 
-1.955000 -239.926513 
-1.890000 -238.027228 
-1.825000 -232.329374 
-1.760000 -234.228659 
-1.695000 -234.228659 
-1.630000 -226.631520 
-1.565000 -226.631520 
-1.500000 -228.530805 
-1.435000 -226.631520 
-1.370000 -220.933666 
-1.305000 -226.631520 
-1.240000 -220.933666 
-1.175000 -217.135097 
-1.110000 -220.933666 
-1.045000 -219.034382 
-0.980000 -207.638674 
-0.915000 -211.437243 
-0.850000 -205.739389 
-0.785000 -207.638674 
-0.720000 -201.940820 
-0.655000 -198.142250 
-0.590000 -192.444396 
-0.525000 -181.048688 
-0.460000 -169.652980 
-0.395000 -152.559418 
-0.330000 -143.062995 
-0.265000 -135.465856 
-0.200000 -137.365141 
-0.135000 -131.667287 
-0.070000 -120.271579 
-0.005000 -125.969433 
0.060000 -116.473010 
0.125000 -106.976586 
0.190000 -87.983740 
0.255000 -48.098762 
0.320000 -29.105915 
0.385000 -6.314499 
0.450000 8.879778 
0.515000 12.678347 
0.580000 27.872625 
0.645000 31.671194 
0.710000 35.469763 
0.775000 46.865471 
0.840000 48.764756 
0.905000 54.462610 
0.970000 62.059749 
1.035000 54.462610 
1.100000 58.261179 
1.165000 62.059749 
1.230000 62.059749 
1.295000 73.455457 
1.360000 84.851165 
1.425000 100.045442 
1.490000 100.045442 
1.555000 107.642581 
1.620000 117.139004 
1.685000 128.534712 
1.750000 120.937573 
1.815000 122.836858 
1.880000 141.829705 
1.945000 136.131851 
2.010000 145.628274 
2.075000 151.326128 
2.140000 158.923266 
2.205000 174.117544 
2.270000 172.218259 
2.335000 176.016828 
2.400000 195.009675 
2.465000 198.808244 
2.470000 200.707529 
2.405000 206.405383 
2.340000 200.707529 
2.275000 217.801091 
2.210000 221.599660 
2.145000 210.203952 
2.080000 221.599660 
2.015000 232.995368 
1.950000 225.398230 
1.885000 234.894653 
1.820000 231.096084 
1.755000 221.599660 
1.690000 231.096084 
1.625000 234.894653 
1.560000 221.599660 
1.495000 225.398230 
1.430000 215.901806 
1.365000 210.203952 
1.300000 217.801091 
1.235000 212.103237 
1.170000 212.103237 
1.105000 204.506098 
1.040000 195.009675 
0.975000 200.707529 
0.910000 200.707529 
0.845000 193.110390 
0.780000 195.009675 
0.715000 176.016828 
0.650000 179.815398 
0.585000 181.714682 
0.520000 181.714682 
0.455000 166.520405 
0.390000 168.419690 
0.325000 168.419690 
0.260000 155.124697 
0.195000 143.728989 
0.130000 143.728989 
0.065000 141.829705 
-0.000000 138.031135 
-0.065000 130.433997 
-0.130000 113.340435 
-0.195000 111.441150 
-0.260000 94.347588 
-0.325000 84.851165 
-0.390000 73.455457 
-0.455000 39.268333 
-0.520000 1.282639 
-0.585000 -17.710207 
-0.650000 -27.206631 
-0.715000 -36.703054 
-0.780000 -48.098762 
-0.845000 -49.998047 
-0.910000 -59.494470 
-0.975000 -67.091609 
-1.040000 -70.890178 
-1.105000 -68.990893 
-1.170000 -78.487316 
-1.235000 -78.487316 
-1.300000 -87.983740 
-1.365000 -86.084455 
-1.430000 -82.285886 
-1.495000 -103.178017 
-1.560000 -106.976586 
-1.625000 -112.674440 
-1.690000 -125.969433 
-1.755000 -129.768002 
-1.820000 -137.365141 
-1.885000 -143.062995 
-1.950000 -158.257272 
-2.015000 -162.055842 
-2.080000 -160.156557 
-2.145000 -167.753696 
-2.210000 -171.552265 
-2.275000 -177.250119 
-2.340000 -184.847258 
-2.405000 -188.645827 
-2.470000 -190.545112 
-2.465000 -203.840104 
-2.400000 -215.235812 
-2.335000 -215.235812 
-2.270000 -224.732236 
-2.205000 -228.530805 
-2.140000 -232.329374 
-2.075000 -226.631520 
-2.010000 -232.329374 
-1.945000 -238.027228 
-1.880000 -226.631520 
-1.815000 -230.430090 
-1.750000 -238.027228 
-1.685000 -230.430090 
-1.620000 -238.027228 
-1.555000 -228.530805 
-1.490000 -230.430090 
-1.425000 -228.530805 
-1.360000 -228.530805 
-1.295000 -219.034382 
-1.230000 -213.336528 
-1.165000 -213.336528 
-1.100000 -219.034382 
-1.035000 -207.638674 
-0.970000 -215.235812 
-0.905000 -207.638674 
-0.840000 -196.242966 
-0.775000 -198.142250 
-0.710000 -196.242966 
-0.645000 -188.645827 
-0.580000 -188.645827 
-0.515000 -184.847258 
-0.450000 -171.552265 
-0.385000 -148.760849 
-0.320000 -144.962280 
-0.255000 -137.365141 
-0.190000 -135.465856 
-0.125000 -129.768002 
-0.060000 -122.170864 
0.005000 -122.170864 
0.070000 -112.674440 
0.135000 -106.976586 
0.200000 -80.386601 
0.265000 -44.300193 
0.330000 -21.508777 
0.395000 3.181924 
0.460000 8.879778 
0.525000 20.275486 
0.590000 31.671194 
0.655000 27.872625 
0.720000 41.167617 
0.785000 43.066902 
0.850000 54.462610 
0.915000 52.563325 
0.980000 54.462610 
1.045000 58.261179 
1.110000 62.059749 
1.175000 67.757603 
1.240000 77.254026 
1.305000 73.455457 
1.370000 90.549019 
1.435000 101.944727 
1.500000 103.844011 
1.565000 115.239719 
1.630000 111.441150 
1.695000 122.836858 
1.760000 130.433997 
1.825000 122.836858 
1.890000 134.232566 
1.955000 141.829705 
2.020000 145.628274 
2.085000 160.822551 
2.150000 174.117544 
2.215000 174.117544 
2.280000 174.117544 
2.345000 189.311821 
2.410000 185.513252 
2.475000 191.211106 
2.460000 196.908960 
2.395000 200.707529 
2.330000 202.606814 
2.265000 219.700376 
2.200000 223.498945 
2.135000 217.801091 
2.070000 225.398230 
2.005000 231.096084 
1.940000 219.700376 
1.875000 231.096084 
1.810000 227.297514 
1.745000 227.297514 
1.680000 240.592507 
1.615000 232.995368 
1.550000 225.398230 
1.485000 219.700376 
1.420000 214.002522 
1.355000 215.901806 
1.290000 214.002522 
1.225000 204.506098 
1.160000 214.002522 
1.095000 200.707529 
1.030000 198.808244 
0.965000 202.606814 
0.900000 200.707529 
0.835000 189.311821 
0.770000 191.211106 
0.705000 181.714682 
0.640000 172.218259 
0.575000 181.714682 
0.510000 174.117544 
0.445000 164.621120 
0.380000 172.218259 
0.315000 160.822551 
0.250000 157.023982 
0.185000 149.426843 
0.120000 149.426843 
0.055000 139.930420 
-0.010000 134.232566 
-0.075000 122.836858 
-0.140000 113.340435 
-0.205000 98.146157 
-0.270000 92.448303 
-0.335000 82.951880 
-0.400000 63.959033 
-0.465000 41.167617 
-0.530000 3.181924 
-0.595000 -15.810923 
-0.660000 -21.508777 
-0.725000 -32.904485 
-0.790000 -46.199477 
-0.855000 -46.199477 
-0.920000 -61.393755 
-0.985000 -65.192324 
-1.050000 -68.990893 
-1.115000 -65.192324 
-1.180000 -70.890178 
-1.245000 -74.688747 
-1.310000 -78.487316 
-1.375000 -91.782309 
-1.440000 -93.681594 
-1.505000 -93.681594 
-1.570000 -106.976586 
-1.635000 -114.573725 
-1.700000 -120.271579 
-1.765000 -124.070148 
-1.830000 -141.163710 
-1.895000 -143.062995 
-1.960000 -146.861564 
-2.025000 -156.357988 
-2.090000 -154.458703 
-2.155000 -154.458703 
-2.220000 -156.357988 
-2.285000 -169.652980 
-2.350000 -179.149404 
-2.415000 -184.847258 
-2.480000 -201.940820 
-2.455000 -203.840104 
-2.390000 -209.537958 
-2.325000 -220.933666 
-2.260000 -219.034382 
-2.195000 -220.933666 
-2.130000 -234.228659 
-2.065000 -236.127944 
-2.000000 -230.430090 
-1.935000 -236.127944 
-1.870000 -234.228659 
-1.805000 -236.127944 
-1.740000 -230.430090 
-1.675000 -228.530805 
-1.610000 -228.530805 
-1.545000 -224.732236 
-1.480000 -226.631520 
-1.415000 -224.732236 
-1.350000 -224.732236 
-1.285000 -226.631520 
-1.220000 -217.135097 
-1.155000 -213.336528 
-1.090000 -213.336528 
-1.025000 -207.638674 
-0.960000 -213.336528 
-0.895000 -211.437243 
-0.830000 -209.537958 
-0.765000 -205.739389 
-0.700000 -203.840104 
-0.635000 -200.041535 
-0.570000 -190.545112 
-0.505000 -182.947973 
-0.440000 -173.451550 
-0.375000 -156.357988 
-0.310000 -150.660134 
-0.245000 -139.264426 
-0.180000 -133.566572 
-0.115000 -133.566572 
-0.050000 -127.868718 
0.015000 -127.868718 
0.080000 -120.271579 
0.145000 -112.674440 
0.210000 -82.285886 
0.275000 -44.300193 
0.340000 -25.307346 
0.405000 -2.515930 
0.470000 12.678347 
0.535000 16.476917 
0.600000 39.268333 
0.665000 39.268333 
0.730000 43.066902 
0.795000 46.865471 
0.860000 54.462610 
0.925000 52.563325 
0.990000 63.959033 
1.055000 62.059749 
1.120000 62.059749 
1.185000 79.153311 
1.250000 71.556172 
1.315000 77.254026 
1.380000 92.448303 
1.445000 96.246873 
1.510000 105.743296 
1.575000 115.239719 
1.640000 115.239719 
1.705000 124.736143 
1.770000 128.534712 
1.835000 128.534712 
1.900000 134.232566 
1.965000 145.628274 
2.030000 147.527558 
2.095000 158.923266 
2.160000 162.721836 
2.225000 170.318974 
2.290000 174.117544 
2.355000 195.009675 
2.420000 195.009675 
2.485000 204.506098 
2.450000 206.405383 
2.385000 202.606814 
2.320000 206.405383 
2.255000 225.398230 
2.190000 214.002522 
2.125000 214.002522 
2.060000 227.297514 
1.995000 225.398230 
1.930000 225.398230 
1.865000 238.693222 
1.800000 231.096084 
1.735000 229.196799 
1.670000 232.995368 
1.605000 234.894653 
1.540000 227.297514 
1.475000 223.498945 
1.410000 212.103237 
1.345000 219.700376 
1.280000 206.405383 
1.215000 206.405383 
1.150000 202.606814 
1.085000 200.707529 
1.020000 198.808244 
0.955000 208.304668 
0.890000 196.908960 
0.825000 195.009675 
0.760000 200.707529 
0.695000 185.513252 
0.630000 183.613967 
0.565000 176.016828 
0.500000 174.117544 
0.435000 170.318974 
0.370000 166.520405 
0.305000 164.621120 
0.240000 155.124697 
0.175000 155.124697 
0.110000 147.527558 
0.045000 136.131851 
-0.020000 128.534712 
-0.085000 119.038289 
-0.150000 109.541865 
-0.215000 98.146157 
-0.280000 84.851165 
-0.345000 75.354741 
-0.410000 63.959033 
-0.475000 31.671194 
-0.540000 -4.415215 
-0.605000 -17.710207 
-0.670000 -29.105915 
-0.735000 -46.199477 
-0.800000 -46.199477 
-0.865000 -55.695901 
-0.930000 -57.595185 
-0.995000 -68.990893 
-1.060000 -63.293039 
-1.125000 -76.588032 
-1.190000 -74.688747 
-1.255000 -80.386601 
-1.320000 -78.487316 
-1.385000 -93.681594 
-1.450000 -89.883024 
-1.515000 -95.580878 
-1.580000 -105.077302 
-1.645000 -114.573725 
-1.710000 -116.473010 
-1.775000 -129.768002 
-1.840000 -135.465856 
-1.905000 -148.760849 
-1.970000 -148.760849 
-2.035000 -158.257272 
-2.100000 -167.753696 
-2.165000 -167.753696 
-2.230000 -169.652980 
-2.295000 -173.451550 
-2.360000 -184.847258 
-2.425000 -188.645827 
-2.490000 -196.242966 
-2.445000 -203.840104 
-2.380000 -211.437243 
-2.315000 -215.235812 
-2.250000 -230.430090 
-2.185000 -228.530805 
-2.120000 -232.329374 
-2.055000 -236.127944 
-1.990000 -232.329374 
-1.925000 -232.329374 
-1.860000 -236.127944 
-1.795000 -238.027228 
-1.730000 -238.027228 
-1.665000 -236.127944 
-1.600000 -232.329374 
-1.535000 -234.228659 
-1.470000 -224.732236 
-1.405000 -228.530805 
-1.340000 -220.933666 
-1.275000 -224.732236 
-1.210000 -226.631520 
-1.145000 -219.034382 
-1.080000 -224.732236 
-1.015000 -219.034382 
-0.950000 -219.034382 
-0.885000 -207.638674 
-0.820000 -209.537958 
-0.755000 -203.840104 
-0.690000 -201.940820 
-0.625000 -201.940820 
-0.560000 -186.746542 
-0.495000 -165.854411 
-0.430000 -154.458703 
-0.365000 -154.458703 
-0.300000 -144.962280 
-0.235000 -143.062995 
-0.170000 -141.163710 
-0.105000 -129.768002 
-0.040000 -143.062995 
0.025000 -129.768002 
0.090000 -118.372294 
0.155000 -110.775156 
0.220000 -70.890178 
0.285000 -44.300193 
0.350000 -25.307346 
0.415000 -6.314499 
0.480000 14.577632 
0.545000 22.174771 
0.610000 33.570479 
0.675000 54.462610 
0.740000 43.066902 
0.805000 43.066902 
0.870000 60.160464 
0.935000 56.361895 
1.000000 52.563325 
1.065000 62.059749 
1.130000 60.160464 
1.195000 60.160464 
1.260000 73.455457 
1.325000 75.354741 
1.390000 92.448303 
1.455000 103.844011 
1.520000 107.642581 
1.585000 113.340435 
1.650000 115.239719 
1.715000 117.139004 
1.780000 120.937573 
1.845000 132.333281 
1.910000 132.333281 
1.975000 138.031135 
2.040000 141.829705 
2.105000 153.225412 
2.170000 166.520405 
2.235000 166.520405 
2.300000 176.016828 
2.365000 196.908960 
2.430000 198.808244 
2.495000 198.808244 
2.440000 198.808244 
2.375000 206.405383 
2.310000 212.103237 
2.245000 229.196799 
2.180000 215.901806 
2.115000 208.304668 
2.050000 223.498945 
1.985000 206.405383 
1.920000 227.297514 
1.855000 234.894653 
1.790000 206.405383 
1.725000 234.894653 
1.660000 232.995368 
1.595000 229.196799 
1.530000 225.398230 
1.465000 221.599660 
1.400000 221.599660 
1.335000 221.599660 
1.270000 217.801091 
1.205000 219.700376 
1.140000 208.304668 
1.075000 204.506098 
1.010000 202.606814 
0.945000 174.117544 
0.880000 204.506098 
0.815000 198.808244 
0.750000 191.211106 
0.685000 176.016828 
0.620000 177.916113 
0.555000 172.218259 
0.490000 166.520405 
0.425000 179.815398 
0.360000 164.621120 
0.295000 155.124697 
0.230000 157.023982 
0.165000 151.326128 
0.100000 151.326128 
0.035000 145.628274 
-0.030000 132.333281 
-0.095000 124.736143 
-0.160000 111.441150 
-0.225000 111.441150 
-0.290000 92.448303 
-0.355000 79.153311 
-0.420000 62.059749 
-0.485000 24.074055 
-0.550000 -6.314499 
-0.615000 -6.314499 
-0.680000 -27.206631 
-0.745000 -36.703054 
-0.810000 -48.098762 
-0.875000 -57.595185 
-0.940000 -67.091609 
-1.005000 -63.293039 
-1.070000 -65.192324 
-1.135000 -82.285886 
-1.200000 -78.487316 
-1.265000 -80.386601 
-1.330000 -76.588032 
-1.395000 -87.983740 
-1.460000 -89.883024 
-1.525000 -103.178017 
-1.590000 -105.077302 
-1.655000 -114.573725 
-1.720000 -116.473010 
-1.785000 -129.768002 
-1.850000 -131.667287 
-1.915000 -135.465856 
-1.980000 -148.760849 
-2.045000 -160.156557 
-2.110000 -154.458703 
-2.175000 -152.559418 
-2.240000 -167.753696 
-2.305000 -171.552265 
-2.370000 -190.545112 
-2.435000 -196.242966 
-2.500000 -207.638674 
-2.435000 -215.235812 
-2.370000 -215.235812 
-2.305000 -215.235812 
-2.240000 -226.631520 
-2.175000 -230.430090 
-2.110000 -234.228659 
-2.045000 -239.926513 
-1.980000 -226.631520 
-1.915000 -228.530805 
-1.850000 -228.530805 
-1.785000 -232.329374 
-1.720000 -226.631520 
-1.655000 -226.631520 
-1.590000 -226.631520 
-1.525000 -226.631520 
-1.460000 -226.631520 
-1.395000 -224.732236 
-1.330000 -219.034382 
-1.265000 -222.832951 
-1.200000 -217.135097 
-1.135000 -222.832951 
-1.070000 -215.235812 
-1.005000 -219.034382 
-0.940000 -207.638674 
-0.875000 -203.840104 
-0.810000 -209.537958 
-0.745000 -203.840104 
-0.680000 -196.242966 
-0.615000 -198.142250 
-0.550000 -186.746542 
-0.485000 -162.055842 
-0.420000 -150.660134 
-0.355000 -148.760849 
-0.290000 -143.062995 
-0.225000 -141.163710 
-0.160000 -135.465856 
-0.095000 -129.768002 
-0.030000 -120.271579 
0.035000 -125.969433 
0.100000 -114.573725 
0.165000 -108.875871 
0.230000 -63.293039 
0.295000 -40.501623 
0.360000 -23.408061 
0.425000 -2.515930 
0.490000 8.879778 
0.555000 16.476917 
0.620000 29.771909 
0.685000 37.369048 
0.750000 46.865471 
0.815000 52.563325 
0.880000 46.865471 
0.945000 50.664041 
1.010000 48.764756 
1.075000 56.361895 
1.140000 63.959033 
1.205000 67.757603 
1.270000 81.052595 
1.335000 82.951880 
1.400000 98.146157 
1.465000 100.045442 
1.530000 101.944727 
1.595000 120.937573 
1.660000 113.340435 
1.725000 113.340435 
1.790000 134.232566 
1.855000 130.433997 
1.920000 139.930420 
1.985000 151.326128 
2.050000 145.628274 
2.115000 160.822551 
2.180000 168.419690 
2.245000 164.621120 
2.310000 185.513252 
2.375000 185.513252 
2.440000 196.908960 
2.495000 196.908960 
2.430000 196.908960 
2.365000 202.606814 
2.300000 215.901806 
2.235000 214.002522 
2.170000 204.506098 
2.105000 223.498945 
2.040000 231.096084 
1.975000 217.801091 
1.910000 240.592507 
1.845000 229.196799 
1.780000 229.196799 
1.715000 240.592507 
1.650000 227.297514 
1.585000 229.196799 
1.520000 225.398230 
1.455000 212.103237 
1.390000 221.599660 
1.325000 221.599660 
1.260000 210.203952 
1.195000 210.203952 
1.130000 204.506098 
1.065000 204.506098 
1.000000 202.606814 
0.935000 208.304668 
0.870000 196.908960 
0.805000 196.908960 
0.740000 174.117544 
0.675000 176.016828 
0.610000 181.714682 
0.545000 174.117544 
0.480000 168.419690 
0.415000 172.218259 
0.350000 160.822551 
0.285000 160.822551 
0.220000 153.225412 
0.155000 155.124697 
0.090000 143.728989 
0.025000 136.131851 
-0.040000 128.534712 
-0.105000 124.736143 
-0.170000 111.441150 
-0.235000 100.045442 
-0.300000 82.951880 
-0.365000 79.153311 
-0.430000 63.959033 
-0.495000 18.376201 
-0.560000 -8.213784 
-0.625000 -23.408061 
-0.690000 -32.904485 
-0.755000 -38.602339 
-0.820000 -48.098762 
-0.885000 -57.595185 
-0.950000 -63.293039 
-1.015000 -61.393755 
-1.080000 -65.192324 
-1.145000 -68.990893 
-1.210000 -78.487316 
-1.275000 -78.487316 
-1.340000 -82.285886 
-1.405000 -80.386601 
-1.470000 -93.681594 
-1.535000 -101.278732 
-1.600000 -112.674440 
-1.665000 -120.271579 
-1.730000 -129.768002 
-1.795000 -131.667287 
-1.860000 -133.566572 
-1.925000 -141.163710 
-1.990000 -152.559418 
-2.055000 -167.753696 
-2.120000 -171.552265 
-2.185000 -167.753696 
-2.250000 -177.250119 
-2.315000 -177.250119 
-2.380000 -181.048688 
-2.445000 -200.041535 
-2.490000 -207.638674 
-2.425000 -211.437243 
-2.360000 -215.235812 
-2.295000 -247.523652 
-2.230000 -226.631520 
-2.165000 -230.430090 
-2.100000 -232.329374 
-2.035000 -232.329374 
-1.970000 -230.430090 
-1.905000 -234.228659 
-1.840000 -232.329374 
-1.775000 -236.127944 
-1.710000 -228.530805 
-1.645000 -232.329374 
-1.580000 -226.631520 
-1.515000 -220.933666 
-1.450000 -226.631520 
-1.385000 -226.631520 
-1.320000 -219.034382 
-1.255000 -226.631520 
-1.190000 -220.933666 
-1.125000 -211.437243 
-1.060000 -213.336528 
-0.995000 -211.437243 
-0.930000 -213.336528 
-0.865000 -211.437243 
-0.800000 -209.537958 
-0.735000 -200.041535 
-0.670000 -196.242966 
-0.605000 -194.343681 
-0.540000 -188.645827 
-0.475000 -167.753696 
-0.410000 -148.760849 
-0.345000 -148.760849 
-0.280000 -141.163710 
-0.215000 -146.861564 
-0.150000 -141.163710 
-0.085000 -124.070148 
-0.020000 -129.768002 
0.045000 -124.070148 
0.110000 -116.473010 
0.175000 -108.875871 
0.240000 -82.285886 
0.305000 -48.098762 
0.370000 -25.307346 
0.435000 3.181924 
0.500000 12.678347 
0.565000 25.973340 
0.630000 27.872625 
0.695000 44.966187 
0.760000 43.066902 
0.825000 46.865471 
0.890000 60.160464 
0.955000 60.160464 
1.020000 63.959033 
1.085000 60.160464 
1.150000 63.959033 
1.215000 67.757603 
1.280000 69.656887 
1.345000 92.448303 
1.410000 88.649734 
1.475000 100.045442 
1.540000 105.743296 
1.605000 105.743296 
1.670000 124.736143 
1.735000 124.736143 
1.800000 119.038289 
1.865000 132.333281 
1.930000 136.131851 
1.995000 145.628274 
2.060000 149.426843 
2.125000 164.621120 
2.190000 164.621120 
2.255000 168.419690 
2.320000 183.613967 
2.385000 187.412536 
2.450000 193.110390 
2.485000 206.405383 
2.420000 200.707529 
2.355000 206.405383 
2.290000 212.103237 
2.225000 227.297514 
2.160000 214.002522 
2.095000 215.901806 
2.030000 227.297514 
1.965000 206.405383 
1.900000 234.894653 
1.835000 234.894653 
1.770000 221.599660 
1.705000 242.491792 
1.640000 229.196799 
1.575000 229.196799 
1.510000 231.096084 
1.445000 215.901806 
1.380000 217.801091 
1.315000 214.002522 
1.250000 210.203952 
1.185000 214.002522 
1.120000 206.405383 
1.055000 200.707529 
0.990000 206.405383 
0.925000 210.203952 
0.860000 193.110390 
0.795000 189.311821 
0.730000 183.613967 
0.665000 181.714682 
0.600000 179.815398 
0.535000 174.117544 
0.470000 166.520405 
0.405000 166.520405 
0.340000 158.923266 
0.275000 157.023982 
0.210000 149.426843 
0.145000 143.728989 
0.080000 139.930420 
0.015000 134.232566 
-0.050000 132.333281 
-0.115000 126.635427 
-0.180000 120.937573 
-0.245000 101.944727 
-0.310000 92.448303 
-0.375000 79.153311 
-0.440000 63.959033 
-0.505000 24.074055 
-0.570000 1.282639 
-0.635000 -21.508777 
-0.700000 -29.105915 
-0.765000 -38.602339 
-0.830000 -51.897331 
-0.895000 -61.393755 
-0.960000 -59.494470 
-1.025000 -67.091609 
-1.090000 -63.293039 
-1.155000 -72.789462 
-1.220000 -74.688747 
-1.285000 -78.487316 
-1.350000 -89.883024 
-1.415000 -82.285886 
-1.480000 -95.580878 
-1.545000 -108.875871 
-1.610000 -116.473010 
-1.675000 -124.070148 
-1.740000 -133.566572 
-1.805000 -125.969433 
-1.870000 -143.062995 
-1.935000 -150.660134 
-2.000000 -152.559418 
-2.065000 -162.055842 
-2.130000 -162.055842 
-2.195000 -163.955126 
-2.260000 -169.652980 
-2.325000 -175.350834 
-2.390000 -184.847258 
-2.455000 -205.739389 
-2.480000 -211.437243 
-2.415000 -217.135097 
-2.350000 -215.235812 
-2.285000 -219.034382 
-2.220000 -234.228659 
-2.155000 -238.027228 
-2.090000 -239.926513 
-2.025000 -238.027228 
-1.960000 -232.329374 
-1.895000 -238.027228 
-1.830000 -234.228659 
-1.765000 -234.228659 
-1.700000 -234.228659 
-1.635000 -236.127944 
-1.570000 -230.430090 
-1.505000 -226.631520 
-1.440000 -222.832951 
-1.375000 -220.933666 
-1.310000 -217.135097 
-1.245000 -224.732236 
-1.180000 -220.933666 
-1.115000 -222.832951 
-1.050000 -215.235812 
-0.985000 -211.437243 
-0.920000 -211.437243 
-0.855000 -203.840104 
-0.790000 -205.739389 
-0.725000 -205.739389 
-0.660000 -198.142250 
-0.595000 -186.746542 
-0.530000 -182.947973 
-0.465000 -173.451550 
-0.400000 -160.156557 
-0.335000 -146.861564 
-0.270000 -146.861564 
-0.205000 -137.365141 
-0.140000 -131.667287 
-0.075000 -129.768002 
-0.010000 -133.566572 
0.055000 -122.170864 
0.120000 -114.573725 
0.185000 -101.278732 
0.250000 -48.098762 
0.315000 -25.307346 
0.380000 -12.012353 
0.445000 8.879778 
0.510000 14.577632 
0.575000 22.174771 
0.640000 35.469763 
0.705000 35.469763 
0.770000 43.066902 
0.835000 48.764756 
0.900000 58.261179 
0.965000 52.563325 
1.030000 52.563325 
1.095000 63.959033 
1.160000 63.959033 
1.225000 65.858318 
1.290000 79.153311 
1.355000 88.649734 
1.420000 98.146157 
1.485000 98.146157 
1.550000 101.944727 
1.615000 115.239719 
1.680000 120.937573 
1.745000 124.736143 
1.810000 124.736143 
1.875000 134.232566 
1.940000 143.728989 
2.005000 138.031135 
2.070000 153.225412 
2.135000 158.923266 
2.200000 168.419690 
2.265000 162.721836 
2.330000 185.513252 
2.395000 185.513252 
2.460000 200.707529 
2.475000 193.110390 
2.410000 198.808244 
2.345000 204.506098 
2.280000 221.599660 
2.215000 219.700376 
2.150000 212.103237 
2.085000 227.297514 
2.020000 229.196799 
1.955000 229.196799 
1.890000 234.894653 
1.825000 225.398230 
1.760000 225.398230 
1.695000 240.592507 
1.630000 227.297514 
1.565000 227.297514 
1.500000 221.599660 
1.435000 212.103237 
1.370000 215.901806 
1.305000 214.002522 
1.240000 210.203952 
1.175000 204.506098 
1.110000 200.707529 
1.045000 200.707529 
0.980000 200.707529 
0.915000 198.808244 
0.850000 196.908960 
0.785000 183.613967 
0.720000 181.714682 
0.655000 179.815398 
0.590000 177.916113 
0.525000 166.520405 
0.460000 168.419690 
0.395000 164.621120 
0.330000 160.822551 
0.265000 153.225412 
0.200000 147.527558 
0.135000 141.829705 
0.070000 138.031135 
0.005000 138.031135 
-0.060000 130.433997 
-0.125000 119.038289 
-0.190000 103.844011 
-0.255000 90.549019 
-0.320000 90.549019 
-0.385000 73.455457 
-0.450000 60.160464 
-0.515000 27.872625 
-0.580000 -2.515930 
-0.645000 -23.408061 
-0.710000 -29.105915 
-0.775000 -46.199477 
-0.840000 -51.897331 
-0.905000 -53.796616 
-0.970000 -68.990893 
-1.035000 -68.990893 
-1.100000 -72.789462 
-1.165000 -74.688747 
-1.230000 -80.386601 
-1.295000 -84.185170 
-1.360000 -89.883024 
-1.425000 -86.084455 
-1.490000 -89.883024 
-1.555000 -101.278732 
-1.620000 -97.480163 
-1.685000 -125.969433 
-1.750000 -125.969433 
-1.815000 -131.667287 
-1.880000 -141.163710 
-1.945000 -150.660134 
-2.010000 -158.257272 
-2.075000 -163.955126 
-2.140000 -167.753696 
-2.205000 -167.753696 
-2.270000 -177.250119 
-2.335000 -181.048688 
-2.400000 -190.545112 
-2.465000 -196.242966 
-2.470000 -209.537958 
-2.405000 -215.235812 
-2.340000 -215.235812 
-2.275000 -220.933666 
-2.210000 -230.430090 
-2.145000 -232.329374 
-2.080000 -236.127944 
-2.015000 -236.127944 
-1.950000 -234.228659 
-1.885000 -232.329374 
-1.820000 -236.127944 
-1.755000 -228.530805 
-1.690000 -226.631520 
-1.625000 -228.530805 
-1.560000 -226.631520 
-1.495000 -226.631520 
-1.430000 -228.530805 
-1.365000 -224.732236 
-1.300000 -220.933666 
-1.235000 -215.235812 
-1.170000 -219.034382 
-1.105000 -219.034382 
-1.040000 -211.437243 
-0.975000 -207.638674 
-0.910000 -211.437243 
-0.845000 -201.940820 
-0.780000 -205.739389 
-0.715000 -201.940820 
-0.650000 -200.041535 
-0.585000 -190.545112 
-0.520000 -188.645827 
-0.455000 -169.652980 
-0.390000 -154.458703 
-0.325000 -150.660134 
-0.260000 -139.264426 
-0.195000 -129.768002 
-0.130000 -139.264426 
-0.065000 -133.566572 
