0.000000 0.085000 
0.085000 -78.487316 
0.170000 -68.990893 
0.255000 -46.199477 
0.340000 -21.508777 
0.425000 -8.213784 
0.510000 6.980493 
0.595000 18.376201 
0.680000 -10.113069 
0.765000 24.074055 
0.850000 33.570479 
0.935000 39.268333 
1.020000 54.462610 
1.105000 63.959033 
1.190000 62.059749 
1.275000 75.354741 
1.360000 75.354741 
1.445000 79.153311 
1.530000 77.254026 
1.615000 90.549019 
1.700000 96.246873 
1.785000 119.038289 
1.870000 120.937573 
1.955000 124.736143 
2.040000 139.930420 
2.125000 153.225412 
2.210000 145.628274 
2.295000 166.520405 
2.380000 164.621120 
2.465000 181.714682 
2.450000 195.009675 
2.365000 185.513252 
2.280000 206.405383 
2.195000 206.405383 
2.110000 210.203952 
2.025000 215.901806 
1.940000 223.498945 
1.855000 214.002522 
1.770000 219.700376 
1.685000 219.700376 
1.600000 208.304668 
1.515000 221.599660 
1.430000 212.103237 
1.345000 210.203952 
1.260000 204.506098 
1.175000 174.117544 
1.090000 198.808244 
1.005000 206.405383 
0.920000 196.908960 
0.835000 189.311821 
0.750000 195.009675 
0.665000 191.211106 
0.580000 187.412536 
0.495000 191.211106 
0.410000 170.318974 
0.325000 166.520405 
0.240000 164.621120 
0.155000 157.023982 
0.070000 151.326128 
-0.015000 143.728989 
-0.100000 134.232566 
-0.185000 124.736143 
-0.270000 115.239719 
-0.355000 109.541865 
-0.440000 92.448303 
-0.525000 73.455457 
-0.610000 29.771909 
-0.695000 -6.314499 
-0.780000 -21.508777 
-0.865000 -29.105915 
-0.950000 -49.998047 
-1.035000 -63.293039 
-1.120000 -68.990893 
-1.205000 -78.487316 
-1.290000 -82.285886 
-1.375000 -87.983740 
-1.460000 -84.185170 
-1.545000 -89.883024 
-1.630000 -99.379448 
-1.715000 -110.775156 
-1.800000 -120.271579 
-1.885000 -122.170864 
-1.970000 -133.566572 
-2.055000 -143.062995 
-2.140000 -160.156557 
-2.225000 -167.753696 
-2.310000 -165.854411 
-2.395000 -169.652980 
-2.480000 -181.048688 
-2.435000 -186.746542 
-2.350000 -194.343681 
-2.265000 -205.739389 
-2.180000 -203.840104 
-2.095000 -207.638674 
-2.010000 -215.235812 
-1.925000 -215.235812 
-1.840000 -215.235812 
-1.755000 -215.235812 
-1.670000 -220.933666 
-1.585000 -220.933666 
-1.500000 -215.235812 
-1.415000 -219.034382 
-1.330000 -215.235812 
-1.245000 -203.840104 
-1.160000 -205.739389 
-1.075000 -211.437243 
-0.990000 -201.940820 
-0.905000 -198.142250 
-0.820000 -196.242966 
-0.735000 -194.343681 
-0.650000 -192.444396 
-0.565000 -192.444396 
-0.480000 -188.645827 
-0.395000 -179.149404 
-0.310000 -177.250119 
-0.225000 -167.753696 
-0.140000 -150.660134 
-0.055000 -141.163710 
0.030000 -129.768002 
0.115000 -116.473010 
0.200000 -114.573725 
0.285000 -87.983740 
0.370000 -57.595185 
0.455000 -23.408061 
0.540000 -4.415215 
0.625000 6.980493 
0.710000 -15.810923 
0.795000 37.369048 
0.880000 46.865471 
0.965000 46.865471 
1.050000 54.462610 
1.135000 67.757603 
1.220000 35.469763 
1.305000 73.455457 
1.390000 75.354741 
1.475000 82.951880 
1.560000 90.549019 
1.645000 103.844011 
1.730000 107.642581 
1.815000 119.038289 
1.900000 124.736143 
1.985000 138.031135 
2.070000 151.326128 
2.155000 157.023982 
2.240000 160.822551 
2.325000 168.419690 
2.410000 172.218259 
2.495000 181.714682 
2.420000 189.311821 
2.335000 204.506098 
2.250000 206.405383 
2.165000 198.808244 
2.080000 214.002522 
1.995000 231.096084 
1.910000 217.801091 
1.825000 221.599660 
1.740000 223.498945 
1.655000 214.002522 
1.570000 232.995368 
1.485000 219.700376 
1.400000 210.203952 
1.315000 210.203952 
1.230000 208.304668 
1.145000 204.506098 
1.060000 214.002522 
0.975000 206.405383 
0.890000 206.405383 
0.805000 198.808244 
0.720000 196.908960 
0.635000 187.412536 
0.550000 183.613967 
0.465000 172.218259 
0.380000 174.117544 
0.295000 170.318974 
0.210000 155.124697 
0.125000 145.628274 
0.040000 151.326128 
-0.045000 138.031135 
-0.130000 128.534712 
-0.215000 119.038289 
-0.300000 109.541865 
-0.385000 94.347588 
-0.470000 90.549019 
-0.555000 33.570479 
-0.640000 18.376201 
-0.725000 -15.810923 
-0.810000 -17.710207 
-0.895000 -36.703054 
-0.980000 -48.098762 
-1.065000 -55.695901 
-1.150000 -68.990893 
-1.235000 -78.487316 
-1.320000 -78.487316 
-1.405000 -82.285886 
-1.490000 -87.983740 
-1.575000 -89.883024 
-1.660000 -103.178017 
-1.745000 -116.473010 
-1.830000 -114.573725 
-1.915000 -122.170864 
-2.000000 -133.566572 
-2.085000 -150.660134 
-2.170000 -160.156557 
-2.255000 -169.652980 
-2.340000 -169.652980 
-2.425000 -173.451550 
-2.490000 -173.451550 
-2.405000 -184.847258 
-2.320000 -196.242966 
-2.235000 -200.041535 
-2.150000 -201.940820 
-2.065000 -203.840104 
-1.980000 -219.034382 
-1.895000 -207.638674 
-1.810000 -215.235812 
-1.725000 -217.135097 
-1.640000 -219.034382 
-1.555000 -220.933666 
-1.470000 -211.437243 
-1.385000 -220.933666 
-1.300000 -211.437243 
-1.215000 -211.437243 
-1.130000 -209.537958 
-1.045000 -198.142250 
-0.960000 -203.840104 
-0.875000 -205.739389 
-0.790000 -190.545112 
-0.705000 -196.242966 
-0.620000 -198.142250 
-0.535000 -190.545112 
-0.450000 -182.947973 
-0.365000 -177.250119 
-0.280000 -169.652980 
-0.195000 -158.257272 
-0.110000 -144.962280 
-0.025000 -139.264426 
0.060000 -131.667287 
0.145000 -129.768002 
0.230000 -91.782309 
0.315000 -55.695901 
0.400000 -34.803769 
0.485000 -8.213784 
0.570000 16.476917 
0.655000 24.074055 
0.740000 31.671194 
0.825000 31.671194 
0.910000 37.369048 
0.995000 46.865471 
1.080000 58.261179 
1.165000 60.160464 
1.250000 63.959033 
1.335000 67.757603 
1.420000 81.052595 
1.505000 84.851165 
1.590000 94.347588 
1.675000 92.448303 
1.760000 111.441150 
1.845000 130.433997 
1.930000 122.836858 
2.015000 143.728989 
2.100000 153.225412 
2.185000 145.628274 
2.270000 155.124697 
2.355000 176.016828 
2.440000 172.218259 
2.475000 183.613967 
2.390000 195.009675 
2.305000 189.311821 
2.220000 189.311821 
2.135000 206.405383 
2.050000 212.103237 
1.965000 215.901806 
1.880000 221.599660 
1.795000 214.002522 
1.710000 214.002522 
1.625000 219.700376 
1.540000 212.103237 
1.455000 206.405383 
1.370000 204.506098 
1.285000 200.707529 
1.200000 202.606814 
1.115000 212.103237 
1.030000 198.808244 
0.945000 196.908960 
0.860000 195.009675 
0.775000 193.110390 
0.690000 189.311821 
0.605000 191.211106 
0.520000 183.613967 
0.435000 170.318974 
0.350000 176.016828 
0.265000 164.621120 
0.180000 149.426843 
0.095000 147.527558 
0.010000 149.426843 
-0.075000 134.232566 
-0.160000 128.534712 
-0.245000 119.038289 
-0.330000 107.642581 
-0.415000 100.045442 
-0.500000 82.951880 
-0.585000 56.361895 
-0.670000 8.879778 
-0.755000 -13.911638 
-0.840000 -21.508777 
-0.925000 -36.703054 
-1.010000 -51.897331 
-1.095000 -57.595185 
-1.180000 -78.487316 
-1.265000 -76.588032 
-1.350000 -72.789462 
-1.435000 -78.487316 
-1.520000 -87.983740 
-1.605000 -103.178017 
-1.690000 -105.077302 
-1.775000 -106.976586 
-1.860000 -125.969433 
-1.945000 -122.170864 
-2.030000 -135.465856 
-2.115000 -150.660134 
-2.200000 -148.760849 
-2.285000 -160.156557 
-2.370000 -182.947973 
-2.455000 -181.048688 
-2.460000 -188.645827 
-2.375000 -188.645827 
-2.290000 -201.940820 
-2.205000 -201.940820 
-2.120000 -207.638674 
-2.035000 -213.336528 
-1.950000 -220.933666 
-1.865000 -219.034382 
-1.780000 -215.235812 
-1.695000 -217.135097 
-1.610000 -209.537958 
-1.525000 -219.034382 
-1.440000 -220.933666 
-1.355000 -215.235812 
-1.270000 -215.235812 
-1.185000 -211.437243 
-1.100000 -209.537958 
-1.015000 -198.142250 
-0.930000 -200.041535 
-0.845000 -198.142250 
-0.760000 -192.444396 
-0.675000 -188.645827 
-0.590000 -196.242966 
-0.505000 -184.847258 
-0.420000 -184.847258 
-0.335000 -175.350834 
-0.250000 -167.753696 
-0.165000 -162.055842 
-0.080000 -143.062995 
0.005000 -133.566572 
0.090000 -127.868718 
0.175000 -124.070148 
0.260000 -91.782309 
0.345000 -53.796616 
0.430000 -34.803769 
0.515000 3.181924 
0.600000 8.879778 
0.685000 20.275486 
0.770000 31.671194 
0.855000 39.268333 
0.940000 48.764756 
1.025000 44.966187 
1.110000 60.160464 
1.195000 62.059749 
1.280000 75.354741 
1.365000 67.757603 
1.450000 75.354741 
1.535000 88.649734 
1.620000 90.549019 
1.705000 100.045442 
1.790000 117.139004 
1.875000 122.836858 
1.960000 132.333281 
2.045000 141.829705 
2.130000 145.628274 
2.215000 149.426843 
2.300000 170.318974 
2.385000 168.419690 
2.470000 177.916113 
2.445000 189.311821 
2.360000 195.009675 
2.275000 196.908960 
2.190000 206.405383 
2.105000 204.506098 
2.020000 225.398230 
1.935000 221.599660 
1.850000 212.103237 
1.765000 212.103237 
1.680000 223.498945 
1.595000 219.700376 
1.510000 217.801091 
1.425000 208.304668 
1.340000 206.405383 
1.255000 206.405383 
1.170000 200.707529 
1.085000 206.405383 
1.000000 202.606814 
0.915000 187.412536 
0.830000 193.110390 
0.745000 185.513252 
0.660000 189.311821 
0.575000 183.613967 
0.490000 174.117544 
0.405000 166.520405 
0.320000 160.822551 
0.235000 153.225412 
0.150000 153.225412 
0.065000 147.527558 
-0.020000 138.031135 
-0.105000 136.131851 
-0.190000 122.836858 
-0.275000 109.541865 
-0.360000 100.045442 
-0.445000 84.851165 
-0.530000 63.959033 
-0.615000 27.872625 
-0.700000 -4.415215 
-0.785000 -19.609492 
-0.870000 -36.703054 
-0.955000 -51.897331 
-1.040000 -59.494470 
-1.125000 -59.494470 
-1.210000 -76.588032 
-1.295000 -82.285886 
-1.380000 -82.285886 
-1.465000 -91.782309 
-1.550000 -97.480163 
-1.635000 -105.077302 
-1.720000 -108.875871 
-1.805000 -118.372294 
-1.890000 -124.070148 
-1.975000 -133.566572 
-2.060000 -146.861564 
-2.145000 -150.660134 
-2.230000 -162.055842 
-2.315000 -167.753696 
-2.400000 -179.149404 
-2.485000 -182.947973 
-2.430000 -186.746542 
-2.345000 -192.444396 
-2.260000 -205.739389 
-2.175000 -209.537958 
-2.090000 -215.235812 
-2.005000 -215.235812 
-1.920000 -224.732236 
-1.835000 -220.933666 
-1.750000 -222.832951 
-1.665000 -220.933666 
-1.580000 -213.336528 
-1.495000 -217.135097 
-1.410000 -209.537958 
-1.325000 -207.638674 
-1.240000 -215.235812 
-1.155000 -211.437243 
-1.070000 -201.940820 
-0.985000 -188.645827 
-0.900000 -198.142250 
-0.815000 -196.242966 
-0.730000 -203.840104 
-0.645000 -192.444396 
-0.560000 -192.444396 
-0.475000 -188.645827 
-0.390000 -184.847258 
-0.305000 -177.250119 
-0.220000 -162.055842 
-0.135000 -143.062995 
-0.050000 -137.365141 
0.035000 -131.667287 
0.120000 -129.768002 
0.205000 -116.473010 
0.290000 -76.588032 
0.375000 -46.199477 
0.460000 -21.508777 
0.545000 -6.314499 
0.630000 8.879778 
0.715000 24.074055 
0.800000 27.872625 
0.885000 37.369048 
0.970000 52.563325 
1.055000 56.361895 
1.140000 54.462610 
1.225000 63.959033 
1.310000 69.656887 
1.395000 73.455457 
1.480000 79.153311 
1.565000 90.549019 
1.650000 98.146157 
1.735000 107.642581 
1.820000 103.844011 
1.905000 130.433997 
1.990000 138.031135 
2.075000 138.031135 
2.160000 143.728989 
2.245000 158.923266 
2.330000 170.318974 
2.415000 166.520405 
2.500000 185.513252 
2.415000 189.311821 
2.330000 193.110390 
2.245000 195.009675 
2.160000 217.801091 
2.075000 210.203952 
1.990000 221.599660 
1.905000 221.599660 
1.820000 215.901806 
1.735000 217.801091 
1.650000 227.297514 
1.565000 215.901806 
1.480000 212.103237 
1.395000 206.405383 
1.310000 204.506098 
1.225000 208.304668 
1.140000 206.405383 
1.055000 198.808244 
0.970000 196.908960 
0.885000 198.808244 
0.800000 198.808244 
0.715000 185.513252 
0.630000 187.412536 
0.545000 176.016828 
0.460000 179.815398 
0.375000 174.117544 
0.290000 160.822551 
0.205000 155.124697 
0.120000 157.023982 
0.035000 149.426843 
-0.050000 143.728989 
-0.135000 130.433997 
-0.220000 117.139004 
-0.305000 100.045442 
-0.390000 92.448303 
-0.475000 81.052595 
-0.560000 58.261179 
-0.645000 14.577632 
-0.730000 -15.810923 
-0.815000 -78.487316 
-0.900000 -44.300193 
-0.985000 -51.897331 
-1.070000 -63.293039 
-1.155000 -67.091609 
-1.240000 -70.890178 
-1.325000 -80.386601 
-1.410000 -86.084455 
-1.495000 -89.883024 
-1.580000 -91.782309 
-1.665000 -105.077302 
-1.750000 -110.775156 
-1.835000 -116.473010 
-1.920000 -124.070148 
-2.005000 -139.264426 
-2.090000 -143.062995 
-2.175000 -152.559418 
-2.260000 -162.055842 
-2.345000 -163.955126 
-2.430000 -181.048688 
-2.485000 -182.947973 
-2.400000 -186.746542 
-2.315000 -196.242966 
-2.230000 -201.940820 
-2.145000 -211.437243 
-2.060000 -209.537958 
-1.975000 -222.832951 
-1.890000 -222.832951 
-1.805000 -220.933666 
-1.720000 -228.530805 
-1.635000 -226.631520 
-1.550000 -217.135097 
-1.465000 -219.034382 
-1.380000 -217.135097 
-1.295000 -213.336528 
-1.210000 -220.933666 
-1.125000 -211.437243 
-1.040000 -207.638674 
-0.955000 -205.739389 
-0.870000 -209.537958 
-0.785000 -201.940820 
-0.700000 -194.343681 
-0.615000 -201.940820 
-0.530000 -190.545112 
-0.445000 -184.847258 
-0.360000 -190.545112 
-0.275000 -175.350834 
-0.190000 -158.257272 
-0.105000 -139.264426 
-0.020000 -135.465856 
0.065000 -129.768002 
0.150000 -125.969433 
0.235000 -95.580878 
0.320000 -51.897331 
0.405000 -29.105915 
0.490000 -6.314499 
0.575000 6.980493 
0.660000 22.174771 
0.745000 31.671194 
0.830000 39.268333 
0.915000 44.966187 
1.000000 46.865471 
1.085000 63.959033 
1.170000 56.361895 
1.255000 65.858318 
1.340000 73.455457 
1.425000 79.153311 
1.510000 77.254026 
1.595000 98.146157 
1.680000 101.944727 
1.765000 105.743296 
1.850000 124.736143 
1.935000 128.534712 
2.020000 134.232566 
2.105000 139.930420 
2.190000 157.023982 
2.275000 157.023982 
2.360000 158.923266 
2.445000 174.117544 
2.470000 183.613967 
2.385000 181.714682 
2.300000 183.613967 
2.215000 204.506098 
2.130000 204.506098 
2.045000 204.506098 
1.960000 202.606814 
1.875000 210.203952 
1.790000 214.002522 
1.705000 219.700376 
1.620000 214.002522 
1.535000 210.203952 
1.450000 210.203952 
1.365000 214.002522 
1.280000 200.707529 
1.195000 204.506098 
1.110000 200.707529 
1.025000 200.707529 
0.940000 206.405383 
0.855000 191.211106 
0.770000 193.110390 
0.685000 189.311821 
0.600000 185.513252 
0.515000 176.016828 
0.430000 172.218259 
0.345000 168.419690 
0.260000 160.822551 
0.175000 153.225412 
0.090000 149.426843 
0.005000 145.628274 
-0.080000 134.232566 
-0.165000 124.736143 
-0.250000 111.441150 
-0.335000 113.340435 
-0.420000 92.448303 
-0.505000 79.153311 
-0.590000 71.556172 
-0.675000 22.174771 
-0.760000 -17.710207 
-0.845000 -29.105915 
-0.930000 -44.300193 
-1.015000 -51.897331 
-1.100000 -67.091609 
-1.185000 -68.990893 
-1.270000 -68.990893 
-1.355000 -76.588032 
-1.440000 -82.285886 
-1.525000 -84.185170 
-1.610000 -99.379448 
-1.695000 -97.480163 
-1.780000 -112.674440 
-1.865000 -122.170864 
-1.950000 -127.868718 
-2.035000 -139.264426 
-2.120000 -150.660134 
-2.205000 -160.156557 
-2.290000 -167.753696 
-2.375000 -165.854411 
-2.460000 -182.947973 
-2.455000 -194.343681 
-2.370000 -198.142250 
-2.285000 -196.242966 
-2.200000 -213.336528 
-2.115000 -213.336528 
-2.030000 -209.537958 
-1.945000 -224.732236 
-1.860000 -220.933666 
-1.775000 -220.933666 
-1.690000 -224.732236 
-1.605000 -226.631520 
-1.520000 -219.034382 
-1.435000 -215.235812 
-1.350000 -217.135097 
-1.265000 -219.034382 
-1.180000 -209.537958 
-1.095000 -211.437243 
-1.010000 -213.336528 
-0.925000 -203.840104 
-0.840000 -203.840104 
-0.755000 -203.840104 
-0.670000 -196.242966 
-0.585000 -201.940820 
-0.500000 -196.242966 
-0.415000 -192.444396 
-0.330000 -181.048688 
-0.245000 -167.753696 
-0.160000 -156.357988 
-0.075000 -137.365141 
0.010000 -135.465856 
0.095000 -129.768002 
0.180000 -122.170864 
0.265000 -91.782309 
0.350000 -57.595185 
0.435000 -31.005200 
0.520000 -4.415215 
0.605000 16.476917 
0.690000 16.476917 
0.775000 31.671194 
0.860000 31.671194 
0.945000 39.268333 
1.030000 52.563325 
1.115000 63.959033 
1.200000 63.959033 
1.285000 67.757603 
1.370000 75.354741 
1.455000 73.455457 
1.540000 79.153311 
1.625000 90.549019 
1.710000 107.642581 
1.795000 120.937573 
1.880000 126.635427 
1.965000 128.534712 
2.050000 143.728989 
2.135000 149.426843 
2.220000 160.822551 
2.305000 164.621120 
2.390000 170.318974 
2.475000 181.714682 
2.440000 185.513252 
2.355000 187.412536 
2.270000 187.412536 
2.185000 204.506098 
2.100000 208.304668 
2.015000 215.901806 
1.930000 215.901806 
1.845000 210.203952 
1.760000 225.398230 
1.675000 221.599660 
1.590000 221.599660 
1.505000 206.405383 
1.420000 208.304668 
1.335000 210.203952 
1.250000 210.203952 
1.165000 206.405383 
1.080000 200.707529 
0.995000 204.506098 
0.910000 204.506098 
0.825000 189.311821 
0.740000 198.808244 
0.655000 189.311821 
0.570000 181.714682 
0.485000 179.815398 
0.400000 177.916113 
0.315000 164.621120 
0.230000 158.923266 
0.145000 151.326128 
0.060000 143.728989 
-0.025000 138.031135 
-0.110000 136.131851 
-0.195000 120.937573 
-0.280000 109.541865 
-0.365000 98.146157 
-0.450000 81.052595 
-0.535000 67.757603 
-0.620000 -4.415215 
-0.705000 -8.213784 
-0.790000 -29.105915 
-0.875000 -44.300193 
-0.960000 -53.796616 
-1.045000 -53.796616 
-1.130000 -67.091609 
-1.215000 -74.688747 
-1.300000 -68.990893 
-1.385000 -84.185170 
-1.470000 -84.185170 
-1.555000 -95.580878 
-1.640000 -101.278732 
-1.725000 -112.674440 
-1.810000 -110.775156 
-1.895000 -124.070148 
-1.980000 -135.465856 
-2.065000 -143.062995 
-2.150000 -150.660134 
-2.235000 -165.854411 
-2.320000 -171.552265 
-2.405000 -179.149404 
-2.490000 -186.746542 
-2.425000 -186.746542 
-2.340000 -192.444396 
-2.255000 -194.343681 
-2.170000 -211.437243 
-2.085000 -215.235812 
-2.000000 -213.336528 
-1.915000 -217.135097 
-1.830000 -220.933666 
-1.745000 -222.832951 
-1.660000 -222.832951 
-1.575000 -217.135097 
-1.490000 -215.235812 
-1.405000 -219.034382 
-1.320000 -217.135097 
-1.235000 -220.933666 
-1.150000 -209.537958 
-1.065000 -213.336528 
-0.980000 -207.638674 
-0.895000 -201.940820 
-0.810000 -209.537958 
-0.725000 -200.041535 
-0.640000 -192.444396 
-0.555000 -190.545112 
-0.470000 -190.545112 
-0.385000 -182.947973 
-0.300000 -182.947973 
-0.215000 -175.350834 
-0.130000 -150.660134 
-0.045000 -139.264426 
0.040000 -133.566572 
0.125000 -127.868718 
0.210000 -118.372294 
0.295000 -89.883024 
0.380000 -53.796616 
0.465000 -23.408061 
0.550000 -0.616645 
0.635000 16.476917 
0.720000 29.771909 
0.805000 31.671194 
0.890000 33.570479 
0.975000 50.664041 
1.060000 58.261179 
1.145000 65.858318 
1.230000 60.160464 
1.315000 71.556172 
1.400000 71.556172 
1.485000 90.549019 
1.570000 81.052595 
1.655000 98.146157 
1.740000 115.239719 
1.825000 115.239719 
1.910000 132.333281 
1.995000 138.031135 
2.080000 132.333281 
2.165000 149.426843 
2.250000 168.419690 
2.335000 158.923266 
2.420000 170.318974 
2.495000 179.815398 
2.410000 181.714682 
2.325000 191.211106 
2.240000 191.211106 
2.155000 214.002522 
2.070000 212.103237 
1.985000 215.901806 
1.900000 217.801091 
1.815000 206.405383 
1.730000 215.901806 
1.645000 223.498945 
1.560000 212.103237 
1.475000 214.002522 
1.390000 204.506098 
1.305000 204.506098 
1.220000 215.901806 
1.135000 208.304668 
1.050000 206.405383 
0.965000 198.808244 
0.880000 204.506098 
0.795000 193.110390 
0.710000 191.211106 
0.625000 181.714682 
0.540000 176.016828 
0.455000 172.218259 
0.370000 168.419690 
0.285000 166.520405 
0.200000 157.023982 
0.115000 153.225412 
0.030000 138.031135 
-0.055000 138.031135 
-0.140000 130.433997 
-0.225000 109.541865 
-0.310000 100.045442 
-0.395000 92.448303 
-0.480000 77.254026 
-0.565000 60.160464 
-0.650000 18.376201 
-0.735000 -17.710207 
-0.820000 -31.005200 
-0.905000 -46.199477 
-0.990000 -48.098762 
-1.075000 -61.393755 
-1.160000 -67.091609 
-1.245000 -76.588032 
-1.330000 -82.285886 
-1.415000 -82.285886 
-1.500000 -82.285886 
-1.585000 -89.883024 
-1.670000 -101.278732 
-1.755000 -108.875871 
-1.840000 -114.573725 
-1.925000 -127.868718 
-2.010000 -137.365141 
-2.095000 -143.062995 
-2.180000 -150.660134 
-2.265000 -165.854411 
-2.350000 -165.854411 
-2.435000 -175.350834 
-2.480000 -182.947973 
-2.395000 -192.444396 
-2.310000 -194.343681 
-2.225000 -201.940820 
-2.140000 -203.840104 
-2.055000 -211.437243 
-1.970000 -219.034382 
-1.885000 -219.034382 
-1.800000 -220.933666 
-1.715000 -220.933666 
-1.630000 -220.933666 
-1.545000 -226.631520 
-1.460000 -224.732236 
-1.375000 -213.336528 
-1.290000 -213.336528 
-1.205000 -213.336528 
-1.120000 -207.638674 
-1.035000 -213.336528 
-0.950000 -205.739389 
-0.865000 -198.142250 
-0.780000 -200.041535 
-0.695000 -196.242966 
-0.610000 -196.242966 
-0.525000 -196.242966 
-0.440000 -188.645827 
-0.355000 -184.847258 
-0.270000 -165.854411 
-0.185000 -169.652980 
-0.100000 -143.062995 
-0.015000 -131.667287 
0.070000 -127.868718 
0.155000 -124.070148 
0.240000 -86.084455 
0.325000 -48.098762 
0.410000 -29.105915 
0.495000 -0.616645 
0.580000 8.879778 
0.665000 20.275486 
0.750000 29.771909 
0.835000 39.268333 
0.920000 41.167617 
1.005000 46.865471 
1.090000 63.959033 
1.175000 63.959033 
1.260000 65.858318 
1.345000 73.455457 
1.430000 73.455457 
1.515000 84.851165 
1.600000 88.649734 
1.685000 103.844011 
1.770000 109.541865 
1.855000 124.736143 
1.940000 119.038289 
2.025000 130.433997 
2.110000 147.527558 
2.195000 153.225412 
2.280000 166.520405 
2.365000 157.023982 
2.450000 172.218259 
2.465000 193.110390 
2.380000 189.311821 
2.295000 191.211106 
2.210000 208.304668 
2.125000 212.103237 
2.040000 204.506098 
1.955000 223.498945 
1.870000 214.002522 
1.785000 202.606814 
1.700000 223.498945 
1.615000 210.203952 
1.530000 208.304668 
1.445000 198.808244 
1.360000 204.506098 
1.275000 206.405383 
1.190000 204.506098 
1.105000 200.707529 
1.020000 200.707529 
0.935000 195.009675 
0.850000 198.808244 
0.765000 195.009675 
0.680000 183.613967 
0.595000 179.815398 
0.510000 176.016828 
0.425000 176.016828 
0.340000 168.419690 
0.255000 157.023982 
0.170000 158.923266 
0.085000 151.326128 
-0.000000 143.728989 
-0.085000 136.131851 
-0.170000 126.635427 
-0.255000 109.541865 
-0.340000 100.045442 
-0.425000 98.146157 
-0.510000 69.656887 
-0.595000 24.074055 
-0.680000 1.282639 
-0.765000 -27.206631 
-0.850000 -32.904485 
-0.935000 -44.300193 
-1.020000 -65.192324 
-1.105000 -70.890178 
-1.190000 -78.487316 
-1.275000 -80.386601 
-1.360000 -78.487316 
-1.445000 -86.084455 
-1.530000 -87.983740 
-1.615000 -97.480163 
-1.700000 -105.077302 
-1.785000 -110.775156 
-1.870000 -122.170864 
-1.955000 -131.667287 
-2.040000 -144.962280 
-2.125000 -148.760849 
-2.210000 -158.257272 
-2.295000 -165.854411 
-2.380000 -181.048688 
-2.465000 -184.847258 
-2.450000 -190.545112 
-2.365000 -192.444396 
-2.280000 -198.142250 
-2.195000 -205.739389 
-2.110000 -211.437243 
-2.025000 -213.336528 
-1.940000 -226.631520 
-1.855000 -220.933666 
-1.770000 -220.933666 
-1.685000 -228.530805 
-1.600000 -220.933666 
-1.515000 -217.135097 
-1.430000 -215.235812 
-1.345000 -222.832951 
-1.260000 -211.437243 
-1.175000 -207.638674 
-1.090000 -211.437243 
-1.005000 -201.940820 
-0.920000 -203.840104 
-0.835000 -205.739389 
-0.750000 -196.242966 
-0.665000 -196.242966 
-0.580000 -198.142250 
-0.495000 -184.847258 
-0.410000 -186.746542 
-0.325000 -184.847258 
-0.240000 -160.156557 
-0.155000 -150.660134 
-0.070000 -135.465856 
0.015000 -139.264426 
0.100000 -127.868718 
0.185000 -122.170864 
0.270000 -91.782309 
0.355000 -57.595185 
0.440000 -21.508777 
0.525000 8.879778 
0.610000 10.779063 
0.695000 22.174771 
0.780000 25.973340 
0.865000 46.865471 
0.950000 41.167617 
1.035000 44.966187 
1.120000 60.160464 
1.205000 60.160464 
1.290000 69.656887 
1.375000 75.354741 
1.460000 82.951880 
1.545000 90.549019 
1.630000 86.750449 
1.715000 111.441150 
1.800000 113.340435 
1.885000 122.836858 
1.970000 122.836858 
2.055000 138.031135 
2.140000 141.829705 
2.225000 153.225412 
2.310000 174.117544 
2.395000 160.822551 
2.480000 170.318974 
2.435000 193.110390 
2.350000 193.110390 
2.265000 191.211106 
2.180000 198.808244 
2.095000 212.103237 
2.010000 206.405383 
1.925000 225.398230 
1.840000 206.405383 
1.755000 206.405383 
1.670000 229.196799 
1.585000 219.700376 
1.500000 208.304668 
1.415000 206.405383 
1.330000 202.606814 
1.245000 204.506098 
1.160000 204.506098 
1.075000 198.808244 
0.990000 196.908960 
0.905000 196.908960 
0.820000 193.110390 
0.735000 189.311821 
0.650000 185.513252 
0.565000 179.815398 
0.480000 176.016828 
0.395000 164.621120 
0.310000 164.621120 
0.225000 160.822551 
0.140000 153.225412 
0.055000 143.728989 
-0.030000 138.031135 
-0.115000 138.031135 
-0.200000 117.139004 
-0.285000 111.441150 
-0.370000 94.347588 
-0.455000 92.448303 
-0.540000 69.656887 
-0.625000 14.577632 
-0.710000 -17.710207 
-0.795000 -27.206631 
-0.880000 -42.400908 
-0.965000 -40.501623 
-1.050000 -63.293039 
-1.135000 -70.890178 
-1.220000 -72.789462 
-1.305000 -80.386601 
-1.390000 -84.185170 
-1.475000 -86.084455 
-1.560000 -89.883024 
-1.645000 -103.178017 
-1.730000 -110.775156 
-1.815000 -124.070148 
-1.900000 -125.969433 
-1.985000 -135.465856 
-2.070000 -144.962280 
-2.155000 -152.559418 
-2.240000 -171.552265 
-2.325000 -177.250119 
-2.410000 -179.149404 
-2.495000 -179.149404 
-2.420000 -190.545112 
-2.335000 -196.242966 
-2.250000 -203.840104 
-2.165000 -211.437243 
-2.080000 -213.336528 
-1.995000 -215.235812 
-1.910000 -219.034382 
-1.825000 -222.832951 
-1.740000 -226.631520 
-1.655000 -213.336528 
-1.570000 -224.732236 
-1.485000 -219.034382 
-1.400000 -215.235812 
-1.315000 -211.437243 
-1.230000 -211.437243 
-1.145000 -211.437243 
-1.060000 -203.840104 
-0.975000 -205.739389 
-0.890000 -203.840104 
-0.805000 -201.940820 
-0.720000 -198.142250 
-0.635000 -194.343681 
-0.550000 -194.343681 
-0.465000 -190.545112 
-0.380000 -184.847258 
-0.295000 -175.350834 
-0.210000 -169.652980 
-0.125000 -160.156557 
-0.040000 -135.465856 
0.045000 -135.465856 
0.130000 -133.566572 
0.215000 -106.976586 
0.300000 -76.588032 
0.385000 -53.796616 
0.470000 -27.206631 
0.555000 3.181924 
0.640000 18.376201 
0.725000 16.476917 
0.810000 39.268333 
0.895000 48.764756 
0.980000 44.966187 
1.065000 48.764756 
1.150000 62.059749 
1.235000 69.656887 
1.320000 65.858318 
1.405000 75.354741 
1.490000 79.153311 
1.575000 84.851165 
1.660000 96.246873 
1.745000 107.642581 
1.830000 122.836858 
1.915000 130.433997 
2.000000 138.031135 
2.085000 143.728989 
2.170000 158.923266 
2.255000 153.225412 
2.340000 170.318974 
2.425000 170.318974 
2.490000 181.714682 
2.405000 189.311821 
2.320000 185.513252 
2.235000 198.808244 
2.150000 202.606814 
2.065000 206.405383 
1.980000 208.304668 
1.895000 219.700376 
1.810000 215.901806 
1.725000 212.103237 
1.640000 221.599660 
1.555000 221.599660 
1.470000 208.304668 
1.385000 200.707529 
1.300000 208.304668 
1.215000 200.707529 
1.130000 214.002522 
1.045000 200.707529 
0.960000 189.311821 
0.875000 198.808244 
0.790000 193.110390 
0.705000 187.412536 
0.620000 191.211106 
0.535000 183.613967 
0.450000 170.318974 
0.365000 168.419690 
0.280000 168.419690 
0.195000 160.822551 
0.110000 147.527558 
0.025000 143.728989 
-0.060000 141.829705 
-0.145000 122.836858 
-0.230000 119.038289 
-0.315000 109.541865 
-0.400000 90.549019 
-0.485000 82.951880 
-0.570000 56.361895 
-0.655000 16.476917 
-0.740000 -13.911638 
-0.825000 -29.105915 
-0.910000 -38.602339 
-0.995000 -53.796616 
-1.080000 -61.393755 
-1.165000 -70.890178 
-1.250000 -72.789462 
-1.335000 -80.386601 
-1.420000 -84.185170 
-1.505000 -89.883024 
-1.590000 -99.379448 
-1.675000 -103.178017 
-1.760000 -112.674440 
-1.845000 -118.372294 
-1.930000 -124.070148 
-2.015000 -137.365141 
-2.100000 -152.559418 
-2.185000 -194.343681 
-2.270000 -167.753696 
-2.355000 -173.451550 
-2.440000 -181.048688 
-2.475000 -182.947973 
-2.390000 -198.142250 
-2.305000 -200.041535 
-2.220000 -200.041535 
-2.135000 -215.235812 
-2.050000 -215.235812 
-1.965000 -215.235812 
-1.880000 -217.135097 
-1.795000 -220.933666 
-1.710000 -226.631520 
-1.625000 -217.135097 
-1.540000 -215.235812 
-1.455000 -222.832951 
-1.370000 -215.235812 
-1.285000 -211.437243 
-1.200000 -213.336528 
-1.115000 -203.840104 
-1.030000 -203.840104 
-0.945000 -201.940820 
-0.860000 -205.739389 
-0.775000 -196.242966 
-0.690000 -192.444396 
-0.605000 -198.142250 
-0.520000 -184.847258 
-0.435000 -184.847258 
-0.350000 -177.250119 
-0.265000 -175.350834 
-0.180000 -162.055842 
-0.095000 -144.962280 
-0.010000 -139.264426 
0.075000 -133.566572 
0.160000 -131.667287 
0.245000 -87.983740 
0.330000 -55.695901 
0.415000 -31.005200 
0.500000 -21.508777 
0.585000 10.779063 
0.670000 16.476917 
0.755000 27.872625 
0.840000 39.268333 
0.925000 39.268333 
1.010000 48.764756 
1.095000 50.664041 
1.180000 63.959033 
1.265000 60.160464 
1.350000 69.656887 
1.435000 79.153311 
1.520000 84.851165 
1.605000 94.347588 
1.690000 103.844011 
1.775000 113.340435 
1.860000 120.937573 
1.945000 132.333281 
2.030000 134.232566 
2.115000 145.628274 
2.200000 145.628274 
2.285000 155.124697 
2.370000 174.117544 
2.455000 172.218259 
2.460000 185.513252 
2.375000 191.211106 
2.290000 193.110390 
2.205000 198.808244 
2.120000 206.405383 
2.035000 208.304668 
1.950000 212.103237 
1.865000 221.599660 
1.780000 210.203952 
1.695000 212.103237 
1.610000 229.196799 
1.525000 214.002522 
1.440000 206.405383 
1.355000 206.405383 
1.270000 206.405383 
1.185000 196.908960 
1.100000 210.203952 
1.015000 198.808244 
0.930000 196.908960 
0.845000 196.908960 
0.760000 189.311821 
0.675000 181.714682 
0.590000 179.815398 
0.505000 170.318974 
0.420000 174.117544 
0.335000 168.419690 
0.250000 166.520405 
0.165000 158.923266 
0.080000 153.225412 
-0.005000 139.930420 
-0.090000 128.534712 
-0.175000 119.038289 
-0.260000 117.139004 
-0.345000 107.642581 
-0.430000 96.246873 
-0.515000 73.455457 
-0.600000 24.074055 
-0.685000 -8.213784 
-0.770000 -21.508777 
-0.855000 -38.602339 
-0.940000 -51.897331 
-1.025000 -61.393755 
-1.110000 -65.192324 
-1.195000 -76.588032 
-1.280000 -78.487316 
-1.365000 -78.487316 
-1.450000 -84.185170 
-1.535000 -87.983740 
-1.620000 -105.077302 
-1.705000 -106.976586 
-1.790000 -110.775156 
-1.875000 -120.271579 
-1.960000 -135.465856 
-2.045000 -137.365141 
-2.130000 -152.559418 
-2.215000 -158.257272 
-2.300000 -167.753696 
-2.385000 -179.149404 
-2.470000 -211.437243 
-2.445000 -188.645827 
-2.360000 -201.940820 
-2.275000 -203.840104 
-2.190000 -209.537958 
-2.105000 -205.739389 
-2.020000 -213.336528 
-1.935000 -219.034382 
-1.850000 -211.437243 
-1.765000 -220.933666 
-1.680000 -217.135097 
-1.595000 -213.336528 
-1.510000 -211.437243 
-1.425000 -220.933666 
-1.340000 -209.537958 
-1.255000 -213.336528 
-1.170000 -209.537958 
-1.085000 -203.840104 
-1.000000 -200.041535 
-0.915000 -203.840104 
-0.830000 -190.545112 
-0.745000 -196.242966 
-0.660000 -194.343681 
-0.575000 -190.545112 
-0.490000 -190.545112 
-0.405000 -190.545112 
-0.320000 -179.149404 
-0.235000 -167.753696 
-0.150000 -179.149404 
-0.065000 -152.559418 
0.020000 -135.465856 
0.105000 -131.667287 
0.190000 -122.170864 
0.275000 -82.285886 
0.360000 -51.897331 
0.445000 -36.703054 
0.530000 -12.012353 
0.615000 14.577632 
0.700000 24.074055 
0.785000 48.764756 
0.870000 35.469763 
0.955000 46.865471 
1.040000 46.865471 
1.125000 48.764756 
1.210000 69.656887 
1.295000 67.757603 
1.380000 63.959033 
1.465000 81.052595 
1.550000 84.851165 
1.635000 92.448303 
1.720000 109.541865 
1.805000 115.239719 
1.890000 124.736143 
1.975000 130.433997 
2.060000 138.031135 
2.145000 151.326128 
2.230000 160.822551 
2.315000 158.923266 
2.400000 176.016828 
2.485000 179.815398 
2.430000 187.412536 
2.345000 191.211106 
2.260000 200.707529 
2.175000 202.606814 
2.090000 212.103237 
2.005000 189.311821 
1.920000 221.599660 
1.835000 217.801091 
1.750000 210.203952 
1.665000 214.002522 
1.580000 227.297514 
1.495000 217.801091 
1.410000 206.405383 
1.325000 200.707529 
1.240000 195.009675 
1.155000 204.506098 
1.070000 208.304668 
0.985000 195.009675 
0.900000 195.009675 
0.815000 200.707529 
0.730000 191.211106 
0.645000 191.211106 
0.560000 181.714682 
0.475000 172.218259 
0.390000 166.520405 
0.305000 157.023982 
0.220000 157.023982 
0.135000 145.628274 
0.050000 141.829705 
-0.035000 139.930420 
-0.120000 124.736143 
-0.205000 117.139004 
-0.290000 115.239719 
-0.375000 94.347588 
-0.460000 84.851165 
-0.545000 62.059749 
-0.630000 14.577632 
-0.715000 -15.810923 
-0.800000 -17.710207 
-0.885000 -34.803769 
-0.970000 -46.199477 
-1.055000 -59.494470 
-1.140000 -68.990893 
-1.225000 -72.789462 
-1.310000 -72.789462 
-1.395000 -87.983740 
-1.480000 -89.883024 
-1.565000 -101.278732 
-1.650000 -106.976586 
-1.735000 -118.372294 
-1.820000 -120.271579 
-1.905000 -124.070148 
-1.990000 -144.962280 
-2.075000 -150.660134 
-2.160000 -156.357988 
-2.245000 -200.041535 
-2.330000 -169.652980 
-2.415000 -173.451550 
-2.500000 -179.149404 
-2.415000 -188.645827 
-2.330000 -200.041535 
-2.245000 -226.631520 
-2.160000 -209.537958 
-2.075000 -217.135097 
-1.990000 -234.228659 
-1.905000 -219.034382 
-1.820000 -224.732236 
-1.735000 -217.135097 
-1.650000 -220.933666 
-1.565000 -220.933666 
-1.480000 -226.631520 
-1.395000 -222.832951 
-1.310000 -209.537958 
-1.225000 -213.336528 
-1.140000 -209.537958 
-1.055000 -209.537958 
-0.970000 -201.940820 
-0.885000 -203.840104 
-0.800000 -200.041535 
-0.715000 -200.041535 
-0.630000 -200.041535 
-0.545000 -194.343681 
-0.460000 -184.847258 
-0.375000 -182.947973 
-0.290000 -175.350834 
-0.205000 -173.451550 
-0.120000 -146.861564 
-0.035000 -139.264426 
0.050000 -135.465856 
0.135000 -120.271579 
0.220000 -89.883024 
0.305000 -63.293039 
0.390000 -32.904485 
0.475000 -21.508777 
0.560000 8.879778 
0.645000 24.074055 
0.730000 22.174771 
0.815000 35.469763 
0.900000 48.764756 
0.985000 41.167617 
1.070000 52.563325 
1.155000 54.462610 
1.240000 75.354741 
1.325000 60.160464 
1.410000 77.254026 
1.495000 86.750449 
1.580000 90.549019 
1.665000 100.045442 
1.750000 113.340435 
1.835000 120.937573 
1.920000 139.930420 
2.005000 136.131851 
2.090000 153.225412 
2.175000 155.124697 
2.260000 147.527558 
2.345000 166.520405 
2.430000 168.419690 
2.485000 172.218259 
2.400000 189.311821 
2.315000 195.009675 
2.230000 196.908960 
2.145000 196.908960 
2.060000 214.002522 
1.975000 210.203952 
1.890000 223.498945 
1.805000 221.599660 
1.720000 206.405383 
1.635000 214.002522 
1.550000 223.498945 
1.465000 214.002522 
1.380000 204.506098 
1.295000 200.707529 
1.210000 198.808244 
1.125000 214.002522 
1.040000 202.606814 
0.955000 195.009675 
0.870000 200.707529 
0.785000 198.808244 
0.700000 193.110390 
0.615000 185.513252 
0.530000 179.815398 
0.445000 176.016828 
0.360000 170.318974 
0.275000 160.822551 
0.190000 155.124697 
0.105000 143.728989 
0.020000 147.527558 
-0.065000 138.031135 
-0.150000 120.937573 
-0.235000 119.038289 
-0.320000 101.944727 
-0.405000 96.246873 
-0.490000 92.448303 
-0.575000 56.361895 
-0.660000 12.678347 
-0.745000 -13.911638 
-0.830000 -31.005200 
-0.915000 -46.199477 
-1.000000 -53.796616 
-1.085000 -93.681594 
-1.170000 -68.990893 
-1.255000 -80.386601 
-1.340000 -118.372294 
-1.425000 -87.983740 
-1.510000 -91.782309 
-1.595000 -97.480163 
-1.680000 -103.178017 
-1.765000 -112.674440 
-1.850000 -114.573725 
-1.935000 -131.667287 
-2.020000 -139.264426 
-2.105000 -150.660134 
-2.190000 -150.660134 
-2.275000 -163.955126 
-2.360000 -175.350834 
-2.445000 -179.149404 
-2.470000 -190.545112 
-2.385000 -196.242966 
-2.300000 -203.840104 
-2.215000 -207.638674 
-2.130000 -207.638674 
-2.045000 -215.235812 
-1.960000 -222.832951 
-1.875000 -224.732236 
-1.790000 -226.631520 
-1.705000 -220.933666 
-1.620000 -226.631520 
-1.535000 -217.135097 
-1.450000 -213.336528 
-1.365000 -217.135097 
-1.280000 -220.933666 
-1.195000 -213.336528 
-1.110000 -211.437243 
-1.025000 -207.638674 
-0.940000 -203.840104 
-0.855000 -196.242966 
-0.770000 -200.041535 
-0.685000 -196.242966 
-0.600000 -192.444396 
-0.515000 -190.545112 
-0.430000 -190.545112 
-0.345000 -171.552265 
-0.260000 -171.552265 
-0.175000 -152.559418 
-0.090000 -144.962280 
-0.005000 -141.163710 
0.080000 -129.768002 
0.165000 -120.271579 
0.250000 -87.983740 
0.335000 -59.494470 
0.420000 -38.602339 
0.505000 -12.012353 
0.590000 5.081209 
0.675000 25.973340 
0.760000 31.671194 
0.845000 35.469763 
0.930000 39.268333 
1.015000 54.462610 
1.100000 56.361895 
1.185000 62.059749 
1.270000 73.455457 
1.355000 63.959033 
1.440000 75.354741 
1.525000 86.750449 
1.610000 94.347588 
1.695000 107.642581 
1.780000 107.642581 
1.865000 119.038289 
1.950000 130.433997 
2.035000 136.131851 
2.120000 149.426843 
2.205000 151.326128 
2.290000 162.721836 
2.375000 176.016828 
2.460000 168.419690 
2.455000 181.714682 
2.370000 193.110390 
2.285000 196.908960 
2.200000 200.707529 
2.115000 208.304668 
2.030000 214.002522 
1.945000 212.103237 
1.860000 219.700376 
1.775000 210.203952 
1.690000 208.304668 
1.605000 225.398230 
1.520000 217.801091 
1.435000 204.506098 
1.350000 204.506098 
1.265000 195.009675 
1.180000 196.908960 
1.095000 206.405383 
1.010000 200.707529 
0.925000 198.808244 
0.840000 196.908960 
0.755000 193.110390 
0.670000 183.613967 
0.585000 183.613967 
0.500000 179.815398 
0.415000 166.520405 
0.330000 168.419690 
0.245000 164.621120 
0.160000 145.628274 
0.075000 139.930420 
-0.010000 139.930420 
-0.095000 138.031135 
-0.180000 124.736143 
-0.265000 107.642581 
-0.350000 101.944727 
-0.435000 92.448303 
-0.520000 73.455457 
-0.605000 24.074055 
-0.690000 -12.012353 
-0.775000 -21.508777 
-0.860000 -70.890178 
-0.945000 -51.897331 
-1.030000 -57.595185 
-1.115000 -76.588032 
-1.200000 -72.789462 
-1.285000 -76.588032 
-1.370000 -74.688747 
-1.455000 -87.983740 
-1.540000 -93.681594 
-1.625000 -99.379448 
-1.710000 -112.674440 
-1.795000 -110.775156 
-1.880000 -131.667287 
-1.965000 -135.465856 
-2.050000 -143.062995 
-2.135000 -150.660134 
-2.220000 -162.055842 
-2.305000 -169.652980 
-2.390000 -181.048688 
-2.475000 -169.652980 
-2.440000 -182.947973 
-2.355000 -192.444396 
-2.270000 -192.444396 
-2.185000 -209.537958 
-2.100000 -211.437243 
-2.015000 -215.235812 
-1.930000 -219.034382 
-1.845000 -220.933666 
-1.760000 -245.624367 
-1.675000 -220.933666 
-1.590000 -215.235812 
-1.505000 -211.437243 
-1.420000 -213.336528 
-1.335000 -211.437243 
-1.250000 -217.135097 
-1.165000 -217.135097 
-1.080000 -211.437243 
-0.995000 -209.537958 
-0.910000 -213.336528 
-0.825000 -200.041535 
-0.740000 -201.940820 
-0.655000 -211.437243 
-0.570000 -192.444396 
-0.485000 -192.444396 
-0.400000 -184.847258 
-0.315000 -179.149404 
-0.230000 -171.552265 
-0.145000 -165.854411 
-0.060000 -150.660134 
0.025000 -141.163710 
0.110000 -125.969433 
0.195000 -106.976586 
0.280000 -84.185170 
0.365000 -53.796616 
0.450000 -29.105915 
0.535000 -8.213784 
0.620000 18.376201 
0.705000 27.872625 
0.790000 29.771909 
0.875000 44.966187 
0.960000 44.966187 
1.045000 46.865471 
1.130000 54.462610 
1.215000 58.261179 
1.300000 69.656887 
1.385000 71.556172 
1.470000 75.354741 
1.555000 88.649734 
1.640000 94.347588 
1.725000 107.642581 
1.810000 117.139004 
1.895000 122.836858 
1.980000 138.031135 
2.065000 145.628274 
2.150000 153.225412 
2.235000 157.023982 
2.320000 158.923266 
2.405000 179.815398 
2.490000 174.117544 
2.425000 187.412536 
2.340000 193.110390 
2.255000 204.506098 
2.170000 196.908960 
2.085000 206.405383 
2.000000 223.498945 
1.915000 214.002522 
1.830000 215.901806 
1.745000 206.405383 
1.660000 212.103237 
1.575000 227.297514 
1.490000 214.002522 
1.405000 210.203952 
1.320000 200.707529 
1.235000 198.808244 
1.150000 200.707529 
1.065000 202.606814 
0.980000 195.009675 
0.895000 195.009675 
0.810000 181.714682 
0.725000 189.311821 
0.640000 191.211106 
0.555000 181.714682 
0.470000 174.117544 
0.385000 168.419690 
0.300000 164.621120 
0.215000 153.225412 
0.130000 153.225412 
0.045000 147.527558 
-0.040000 141.829705 
-0.125000 136.131851 
-0.210000 120.937573 
-0.295000 113.340435 
-0.380000 100.045442 
-0.465000 88.649734 
-0.550000 62.059749 
-0.635000 5.081209 
-0.720000 -19.609492 
-0.805000 -21.508777 
-0.890000 -36.703054 
-0.975000 -46.199477 
-1.060000 -55.695901 
-1.145000 -59.494470 
-1.230000 -68.990893 
-1.315000 -78.487316 
-1.400000 -78.487316 
-1.485000 -89.883024 
-1.570000 -97.480163 
-1.655000 -99.379448 
-1.740000 -106.976586 
-1.825000 -122.170864 
-1.910000 -133.566572 
-1.995000 -143.062995 
-2.080000 -148.760849 
-2.165000 -150.660134 
-2.250000 -162.055842 
-2.335000 -165.854411 
-2.420000 -173.451550 
-2.495000 -186.746542 
-2.410000 -190.545112 
-2.325000 -188.645827 
-2.240000 -205.739389 
-2.155000 -203.840104 
-2.070000 -211.437243 
-1.985000 -220.933666 
-1.900000 -222.832951 
-1.815000 -219.034382 
-1.730000 -220.933666 
-1.645000 -219.034382 
-1.560000 -211.437243 
-1.475000 -219.034382 
-1.390000 -217.135097 
-1.305000 -239.926513 
-1.220000 -213.336528 
-1.135000 -211.437243 
-1.050000 -203.840104 
-0.965000 -200.041535 
-0.880000 -203.840104 
-0.795000 -203.840104 
-0.710000 -196.242966 
-0.625000 -190.545112 
-0.540000 -188.645827 
-0.455000 -182.947973 
-0.370000 -177.250119 
-0.285000 -175.350834 
-0.200000 -167.753696 
-0.115000 -150.660134 
-0.030000 -137.365141 
0.055000 -131.667287 
0.140000 -120.271579 
0.225000 -80.386601 
0.310000 -57.595185 
0.395000 -36.703054 
0.480000 -12.012353 
0.565000 6.980493 
0.650000 18.376201 
0.735000 27.872625 
0.820000 27.872625 
0.905000 39.268333 
0.990000 50.664041 
1.075000 50.664041 
1.160000 52.563325 
1.245000 67.757603 
1.330000 77.254026 
1.415000 67.757603 
1.500000 81.052595 
1.585000 92.448303 
1.670000 100.045442 
1.755000 109.541865 
1.840000 113.340435 
1.925000 132.333281 
2.010000 138.031135 
2.095000 139.930420 
2.180000 145.628274 
2.265000 155.124697 
2.350000 170.318974 
2.435000 170.318974 
2.480000 181.714682 
2.395000 187.412536 
2.310000 193.110390 
2.225000 200.707529 
2.140000 200.707529 
2.055000 215.901806 
1.970000 210.203952 
1.885000 214.002522 
1.800000 212.103237 
1.715000 202.606814 
1.630000 214.002522 
1.545000 223.498945 
1.460000 214.002522 
1.375000 204.506098 
1.290000 202.606814 
1.205000 198.808244 
1.120000 214.002522 
1.035000 187.412536 
0.950000 198.808244 
0.865000 191.211106 
0.780000 196.908960 
0.695000 185.513252 
0.610000 189.311821 
0.525000 181.714682 
0.440000 170.318974 
0.355000 160.822551 
0.270000 157.023982 
0.185000 153.225412 
0.100000 149.426843 
0.015000 153.225412 
-0.070000 143.728989 
-0.155000 134.232566 
-0.240000 122.836858 
-0.325000 111.441150 
-0.410000 94.347588 
-0.495000 84.851165 
-0.580000 50.664041 
-0.665000 1.282639 
-0.750000 -17.710207 
-0.835000 -29.105915 
-0.920000 -42.400908 
-1.005000 -57.595185 
-1.090000 -65.192324 
-1.175000 -68.990893 
-1.260000 -80.386601 
-1.345000 -86.084455 
-1.430000 -86.084455 
-1.515000 -89.883024 
-1.600000 -105.077302 
-1.685000 -108.875871 
-1.770000 -118.372294 
-1.855000 -124.070148 
-1.940000 -129.768002 
-2.025000 -141.163710 
-2.110000 -144.962280 
-2.195000 -160.156557 
-2.280000 -167.753696 
-2.365000 -175.350834 
-2.450000 -179.149404 
-2.465000 -182.947973 
-2.380000 -196.242966 
-2.295000 -196.242966 
-2.210000 -209.537958 
-2.125000 -209.537958 
-2.040000 -213.336528 
-1.955000 -220.933666 
-1.870000 -217.135097 
-1.785000 -220.933666 
-1.700000 -215.235812 
-1.615000 -224.732236 
-1.530000 -211.437243 
-1.445000 -209.537958 
-1.360000 -220.933666 
-1.275000 -211.437243 
-1.190000 -211.437243 
-1.105000 -211.437243 
-1.020000 -209.537958 
-0.935000 -200.041535 
-0.850000 -200.041535 
-0.765000 -198.142250 
-0.680000 -188.645827 
-0.595000 -190.545112 
-0.510000 -184.847258 
-0.425000 -188.645827 
-0.340000 -184.847258 
-0.255000 -175.350834 
-0.170000 -163.955126 
-0.085000 -146.861564 
