0.000000 -95.580878 
0.060000 -89.883024 
0.120000 -84.185170 
0.180000 -51.897331 
0.240000 -21.508777 
0.300000 1.282639 
0.360000 3.181924 
0.420000 14.577632 
0.480000 16.476917 
0.540000 25.973340 
0.600000 24.074055 
0.660000 33.570479 
0.720000 44.966187 
0.780000 46.865471 
0.840000 46.865471 
0.900000 48.764756 
0.960000 52.563325 
1.020000 60.160464 
1.080000 71.556172 
1.140000 69.656887 
1.200000 82.951880 
1.260000 88.649734 
1.320000 88.649734 
1.380000 101.944727 
1.440000 105.743296 
1.500000 103.844011 
1.560000 107.642581 
1.620000 107.642581 
1.680000 117.139004 
1.740000 126.635427 
1.800000 130.433997 
1.860000 136.131851 
1.920000 151.326128 
1.980000 147.527558 
2.040000 164.621120 
2.100000 170.318974 
2.160000 166.520405 
2.220000 179.815398 
2.280000 183.613967 
2.340000 181.714682 
2.400000 196.908960 
2.460000 204.506098 
2.480000 204.506098 
2.420000 206.405383 
2.360000 221.599660 
2.300000 223.498945 
2.240000 236.793938 
2.180000 242.491792 
2.120000 229.196799 
2.060000 240.592507 
2.000000 246.290361 
1.940000 227.297514 
1.880000 232.995368 
1.820000 223.498945 
1.760000 240.592507 
1.700000 234.894653 
1.640000 229.196799 
1.580000 225.398230 
1.520000 227.297514 
1.460000 229.196799 
1.400000 229.196799 
1.340000 219.700376 
1.280000 221.599660 
1.220000 225.398230 
1.160000 210.203952 
1.100000 212.103237 
1.040000 206.405383 
0.980000 200.707529 
0.920000 198.808244 
0.860000 198.808244 
0.800000 193.110390 
0.740000 189.311821 
0.680000 189.311821 
0.620000 172.218259 
0.560000 176.016828 
0.500000 183.613967 
0.440000 164.621120 
0.380000 164.621120 
0.320000 160.822551 
0.260000 151.326128 
0.200000 149.426843 
0.140000 145.628274 
0.080000 138.031135 
0.020000 136.131851 
-0.040000 130.433997 
-0.100000 130.433997 
-0.160000 119.038289 
-0.220000 107.642581 
-0.280000 92.448303 
-0.340000 82.951880 
-0.400000 67.757603 
-0.460000 31.671194 
-0.520000 -10.113069 
-0.580000 -17.710207 
-0.640000 -32.904485 
-0.700000 -38.602339 
-0.760000 -51.897331 
-0.820000 -59.494470 
-0.880000 -63.293039 
-0.940000 -67.091609 
-1.000000 -63.293039 
-1.060000 -67.091609 
-1.120000 -57.595185 
-1.180000 -78.487316 
-1.240000 -82.285886 
-1.300000 -84.185170 
-1.360000 -93.681594 
-1.420000 -112.674440 
-1.480000 -106.976586 
-1.540000 -112.674440 
-1.600000 -125.969433 
-1.660000 -122.170864 
-1.720000 -124.070148 
-1.780000 -127.868718 
-1.840000 -141.163710 
-1.900000 -144.962280 
-1.960000 -150.660134 
-2.020000 -152.559418 
-2.080000 -163.955126 
-2.140000 -165.854411 
-2.200000 -179.149404 
-2.260000 -186.746542 
-2.320000 -196.242966 
-2.380000 -201.940820 
-2.440000 -207.638674 
-2.500000 -203.840104 
-2.440000 -220.933666 
-2.380000 -217.135097 
-2.320000 -213.336528 
-2.260000 -234.228659 
-2.200000 -230.430090 
-2.140000 -234.228659 
-2.080000 -257.020075 
-2.020000 -243.725082 
-1.960000 -238.027228 
-1.900000 -232.329374 
-1.840000 -241.825798 
-1.780000 -234.228659 
-1.720000 -238.027228 
-1.660000 -234.228659 
-1.600000 -230.430090 
-1.540000 -234.228659 
-1.480000 -228.530805 
-1.420000 -220.933666 
-1.360000 -226.631520 
-1.300000 -220.933666 
-1.240000 -215.235812 
-1.180000 -219.034382 
-1.120000 -211.437243 
-1.060000 -211.437243 
-1.000000 -209.537958 
-0.940000 -211.437243 
-0.880000 -196.242966 
-0.820000 -190.545112 
-0.760000 -200.041535 
-0.700000 -190.545112 
-0.640000 -182.947973 
-0.580000 -184.847258 
-0.520000 -184.847258 
-0.460000 -177.250119 
-0.400000 -179.149404 
-0.340000 -175.350834 
-0.280000 -162.055842 
-0.220000 -158.257272 
-0.160000 -143.062995 
-0.100000 -133.566572 
-0.040000 -114.573725 
0.020000 -120.271579 
0.080000 -108.875871 
0.140000 -103.178017 
0.200000 -84.185170 
0.260000 -42.400908 
0.320000 -23.408061 
0.380000 1.282639 
0.440000 8.879778 
0.500000 24.074055 
0.560000 24.074055 
0.620000 31.671194 
0.680000 39.268333 
0.740000 48.764756 
0.800000 62.059749 
0.860000 54.462610 
0.920000 60.160464 
0.980000 65.858318 
1.040000 58.261179 
1.100000 62.059749 
1.160000 75.354741 
1.220000 75.354741 
1.280000 82.951880 
1.340000 100.045442 
1.400000 105.743296 
1.460000 107.642581 
1.520000 101.944727 
1.580000 115.239719 
1.640000 119.038289 
1.700000 130.433997 
1.760000 128.534712 
1.820000 136.131851 
1.880000 139.930420 
1.940000 157.023982 
2.000000 164.621120 
2.060000 162.721836 
2.120000 166.520405 
2.180000 181.714682 
2.240000 179.815398 
2.300000 187.412536 
2.360000 204.506098 
2.420000 200.707529 
2.480000 200.707529 
2.460000 208.304668 
2.400000 221.599660 
2.340000 219.700376 
2.280000 229.196799 
2.220000 234.894653 
2.160000 217.801091 
2.100000 236.793938 
2.040000 231.096084 
1.980000 232.995368 
1.920000 232.995368 
1.860000 225.398230 
1.800000 238.693222 
1.740000 234.894653 
1.680000 227.297514 
1.620000 221.599660 
1.560000 223.498945 
1.500000 227.297514 
1.440000 232.995368 
1.380000 221.599660 
1.320000 223.498945 
1.260000 219.700376 
1.200000 219.700376 
1.140000 219.700376 
1.080000 206.405383 
1.020000 202.606814 
0.960000 210.203952 
0.900000 200.707529 
0.840000 191.211106 
0.780000 196.908960 
0.720000 181.714682 
0.660000 179.815398 
0.600000 181.714682 
0.540000 170.318974 
0.480000 170.318974 
0.420000 176.016828 
0.360000 157.023982 
0.300000 153.225412 
0.240000 153.225412 
0.180000 143.728989 
0.120000 141.829705 
0.060000 136.131851 
-0.000000 138.031135 
-0.060000 122.836858 
-0.120000 115.239719 
-0.180000 109.541865 
-0.240000 101.944727 
-0.300000 86.750449 
-0.360000 67.757603 
-0.420000 39.268333 
-0.480000 -4.415215 
-0.540000 -15.810923 
-0.600000 -23.408061 
-0.660000 -46.199477 
-0.720000 -48.098762 
-0.780000 -51.897331 
-0.840000 -61.393755 
-0.900000 -63.293039 
-0.960000 -63.293039 
-1.020000 -78.487316 
-1.080000 -68.990893 
-1.140000 -82.285886 
-1.200000 -82.285886 
-1.260000 -78.487316 
-1.320000 -86.084455 
-1.380000 -106.976586 
-1.440000 -106.976586 
-1.500000 -116.473010 
-1.560000 -116.473010 
-1.620000 -122.170864 
-1.680000 -124.070148 
-1.740000 -127.868718 
-1.800000 -137.365141 
-1.860000 -143.062995 
-1.920000 -150.660134 
-1.980000 -152.559418 
-2.040000 -163.955126 
-2.100000 -160.156557 
-2.160000 -171.552265 
-2.220000 -179.149404 
-2.280000 -194.343681 
-2.340000 -200.041535 
-2.400000 -203.840104 
-2.460000 -205.739389 
-2.480000 -211.437243 
-2.420000 -203.840104 
-2.360000 -209.537958 
-2.300000 -222.832951 
-2.240000 -232.329374 
-2.180000 -230.430090 
-2.120000 -232.329374 
-2.060000 -239.926513 
-2.000000 -230.430090 
-1.940000 -239.926513 
-1.880000 -230.430090 
-1.820000 -228.530805 
-1.760000 -228.530805 
-1.700000 -234.228659 
-1.640000 -232.329374 
-1.580000 -234.228659 
-1.520000 -228.530805 
-1.460000 -224.732236 
-1.400000 -226.631520 
-1.340000 -226.631520 
-1.280000 -222.832951 
-1.220000 -211.437243 
-1.160000 -205.739389 
-1.100000 -215.235812 
-1.040000 -209.537958 
-0.980000 -205.739389 
-0.920000 -198.142250 
-0.860000 -200.041535 
-0.800000 -196.242966 
-0.740000 -188.645827 
-0.680000 -190.545112 
-0.620000 -190.545112 
-0.560000 -181.048688 
-0.500000 -177.250119 
-0.440000 -175.350834 
-0.380000 -171.552265 
-0.320000 -156.357988 
-0.260000 -150.660134 
-0.200000 -144.962280 
-0.140000 -135.465856 
-0.080000 -124.070148 
-0.020000 -112.674440 
0.040000 -103.178017 
0.100000 -105.077302 
0.160000 -97.480163 
0.220000 -72.789462 
0.280000 -63.293039 
0.340000 -17.710207 
0.400000 -2.515930 
0.460000 -21.508777 
0.520000 20.275486 
0.580000 22.174771 
0.640000 3.181924 
0.700000 43.066902 
0.760000 41.167617 
0.820000 46.865471 
0.880000 56.361895 
0.940000 77.254026 
1.000000 50.664041 
1.060000 62.059749 
1.120000 69.656887 
1.180000 69.656887 
1.240000 75.354741 
1.300000 90.549019 
1.360000 94.347588 
1.420000 103.844011 
1.480000 111.441150 
1.540000 109.541865 
1.600000 119.038289 
1.660000 126.635427 
1.720000 128.534712 
1.780000 130.433997 
1.840000 138.031135 
1.900000 136.131851 
1.960000 153.225412 
2.020000 155.124697 
2.080000 157.023982 
2.140000 166.520405 
2.200000 181.714682 
2.260000 181.714682 
2.320000 196.908960 
2.380000 198.808244 
2.440000 198.808244 
2.500000 202.606814 
2.440000 208.304668 
2.380000 223.498945 
2.320000 221.599660 
2.260000 231.096084 
2.200000 223.498945 
2.140000 229.196799 
2.080000 251.988215 
2.020000 227.297514 
1.960000 227.297514 
1.900000 215.901806 
1.840000 234.894653 
1.780000 240.592507 
1.720000 232.995368 
1.660000 227.297514 
1.600000 221.599660 
1.540000 219.700376 
1.480000 229.196799 
1.420000 221.599660 
1.360000 195.009675 
1.300000 229.196799 
1.240000 215.901806 
1.180000 225.398230 
1.120000 215.901806 
1.060000 202.606814 
1.000000 204.506098 
0.940000 210.203952 
0.880000 191.211106 
0.820000 196.908960 
0.760000 185.513252 
0.700000 177.916113 
0.640000 174.117544 
0.580000 183.613967 
0.520000 176.016828 
0.460000 162.721836 
0.400000 164.621120 
0.340000 160.822551 
0.280000 155.124697 
0.220000 149.426843 
0.160000 147.527558 
0.100000 151.326128 
0.040000 136.131851 
-0.020000 132.333281 
-0.080000 122.836858 
-0.140000 107.642581 
-0.200000 107.642581 
-0.260000 92.448303 
-0.320000 69.656887 
-0.380000 62.059749 
-0.440000 33.570479 
-0.500000 1.282639 
-0.560000 -29.105915 
-0.620000 -31.005200 
-0.680000 -78.487316 
-0.740000 -55.695901 
-0.800000 -51.897331 
-0.860000 -61.393755 
-0.920000 -65.192324 
-0.980000 -63.293039 
-1.040000 -68.990893 
-1.100000 -72.789462 
-1.160000 -70.890178 
-1.220000 -76.588032 
-1.280000 -84.185170 
-1.340000 -87.983740 
-1.400000 -99.379448 
-1.460000 -110.775156 
-1.520000 -120.271579 
-1.580000 -124.070148 
-1.640000 -127.868718 
-1.700000 -131.667287 
-1.760000 -125.969433 
-1.820000 -139.264426 
-1.880000 -143.062995 
-1.940000 -144.962280 
-2.000000 -160.156557 
-2.060000 -163.955126 
-2.120000 -169.652980 
-2.180000 -169.652980 
-2.240000 -182.947973 
-2.300000 -188.645827 
-2.360000 -198.142250 
-2.420000 -200.041535 
-2.480000 -215.235812 
-2.460000 -213.336528 
-2.400000 -211.437243 
-2.340000 -217.135097 
-2.280000 -220.933666 
-2.220000 -224.732236 
-2.160000 -230.430090 
-2.100000 -234.228659 
-2.040000 -253.221506 
-1.980000 -241.825798 
-1.920000 -234.228659 
-1.860000 -238.027228 
-1.800000 -232.329374 
-1.740000 -239.926513 
-1.680000 -238.027228 
-1.620000 -226.631520 
-1.560000 -230.430090 
-1.500000 -230.430090 
-1.440000 -228.530805 
-1.380000 -219.034382 
-1.320000 -226.631520 
-1.260000 -222.832951 
-1.200000 -217.135097 
-1.140000 -215.235812 
-1.080000 -213.336528 
-1.020000 -213.336528 
-0.960000 -207.638674 
-0.900000 -196.242966 
-0.840000 -201.940820 
-0.780000 -196.242966 
-0.720000 -200.041535 
-0.660000 -188.645827 
-0.600000 -188.645827 
-0.540000 -190.545112 
-0.480000 -181.048688 
-0.420000 -173.451550 
-0.360000 -165.854411 
-0.300000 -163.955126 
-0.240000 -154.458703 
-0.180000 -139.264426 
-0.120000 -135.465856 
-0.060000 -124.070148 
-0.060000 -120.271579 
0.060000 -105.077302 
0.120000 -105.077302 
0.180000 -84.185170 
0.240000 -51.897331 
0.300000 -27.206631 
0.360000 1.282639 
0.420000 6.980493 
0.480000 14.577632 
0.540000 24.074055 
0.600000 27.872625 
0.660000 43.066902 
0.720000 43.066902 
0.780000 41.167617 
0.840000 52.563325 
0.900000 56.361895 
0.960000 52.563325 
1.020000 60.160464 
1.080000 54.462610 
1.140000 90.549019 
1.200000 81.052595 
1.260000 77.254026 
1.320000 92.448303 
1.380000 100.045442 
1.440000 103.844011 
1.500000 105.743296 
1.560000 113.340435 
1.620000 120.937573 
1.680000 119.038289 
1.740000 128.534712 
1.800000 124.736143 
1.860000 136.131851 
1.920000 149.426843 
1.980000 143.728989 
2.040000 162.721836 
2.100000 164.621120 
2.160000 170.318974 
2.220000 174.117544 
2.280000 193.110390 
2.340000 191.211106 
2.400000 196.908960 
2.460000 198.808244 
2.480000 215.901806 
2.420000 212.103237 
2.360000 219.700376 
2.300000 238.693222 
2.240000 227.297514 
2.180000 225.398230 
2.120000 244.391076 
2.060000 231.096084 
2.000000 229.196799 
1.940000 242.491792 
1.880000 227.297514 
1.820000 251.988215 
1.760000 234.894653 
1.700000 227.297514 
1.640000 234.894653 
1.580000 223.498945 
1.520000 234.894653 
1.460000 234.894653 
1.400000 223.498945 
1.340000 227.297514 
1.280000 229.196799 
1.220000 217.801091 
1.160000 214.002522 
1.100000 214.002522 
1.040000 210.203952 
0.980000 212.103237 
0.920000 196.908960 
0.860000 198.808244 
0.800000 185.513252 
0.740000 181.714682 
0.680000 185.513252 
0.620000 181.714682 
0.560000 177.916113 
0.500000 170.318974 
0.440000 158.923266 
0.380000 155.124697 
0.320000 158.923266 
0.260000 153.225412 
0.200000 153.225412 
0.140000 153.225412 
0.080000 145.628274 
0.020000 138.031135 
-0.040000 128.534712 
-0.100000 117.139004 
-0.160000 103.844011 
-0.220000 96.246873 
-0.280000 88.649734 
-0.340000 75.354741 
-0.400000 52.563325 
-0.460000 39.268333 
-0.520000 -2.515930 
-0.580000 -23.408061 
-0.640000 -31.005200 
-0.700000 -38.602339 
-0.760000 -55.695901 
-0.820000 -55.695901 
-0.880000 -61.393755 
-0.940000 -65.192324 
-1.000000 -67.091609 
-1.060000 -68.990893 
-1.120000 -76.588032 
-1.180000 -76.588032 
-1.240000 -80.386601 
-1.300000 -84.185170 
-1.360000 -87.983740 
-1.420000 -105.077302 
-1.480000 -105.077302 
-1.540000 -112.674440 
-1.600000 -129.768002 
-1.660000 -124.070148 
-1.720000 -127.868718 
-1.780000 -139.264426 
-1.840000 -143.062995 
-1.900000 -143.062995 
-1.960000 -150.660134 
-2.020000 -160.156557 
-2.080000 -163.955126 
-2.140000 -171.552265 
-2.200000 -181.048688 
-2.260000 -182.947973 
-2.320000 -196.242966 
-2.380000 -209.537958 
-2.440000 -211.437243 
-2.500000 -217.135097 
-2.440000 -234.228659 
-2.380000 -219.034382 
-2.320000 -219.034382 
-2.260000 -253.221506 
-2.200000 -220.933666 
-2.140000 -228.530805 
-2.080000 -270.315068 
-2.020000 -238.027228 
-1.960000 -234.228659 
-1.900000 -241.825798 
-1.840000 -238.027228 
-1.780000 -238.027228 
-1.720000 -236.127944 
-1.660000 -236.127944 
-1.600000 -234.228659 
-1.540000 -232.329374 
-1.480000 -226.631520 
-1.420000 -226.631520 
-1.360000 -230.430090 
-1.300000 -222.832951 
-1.240000 -215.235812 
-1.180000 -219.034382 
-1.120000 -220.933666 
-1.060000 -213.336528 
-1.000000 -209.537958 
-0.940000 -207.638674 
-0.880000 -205.739389 
-0.820000 -198.142250 
-0.760000 -198.142250 
-0.700000 -196.242966 
-0.640000 -190.545112 
-0.580000 -190.545112 
-0.520000 -181.048688 
-0.460000 -175.350834 
-0.400000 -167.753696 
-0.340000 -152.559418 
-0.280000 -144.962280 
-0.220000 -146.861564 
-0.160000 -135.465856 
-0.100000 -124.070148 
-0.040000 -120.271579 
0.020000 -120.271579 
0.080000 -112.674440 
0.140000 -101.278732 
0.200000 -70.890178 
0.260000 -46.199477 
0.320000 -21.508777 
0.380000 -0.616645 
0.440000 3.181924 
0.500000 27.872625 
0.560000 25.973340 
0.620000 33.570479 
0.680000 44.966187 
0.740000 39.268333 
0.800000 46.865471 
0.860000 62.059749 
0.920000 46.865471 
0.980000 48.764756 
1.040000 63.959033 
1.100000 67.757603 
1.160000 62.059749 
1.220000 88.649734 
1.280000 84.851165 
1.340000 92.448303 
1.400000 94.347588 
1.460000 103.844011 
1.520000 111.441150 
1.580000 107.642581 
1.640000 120.937573 
1.700000 124.736143 
1.760000 124.736143 
1.820000 132.333281 
1.880000 145.628274 
1.940000 145.628274 
2.000000 149.426843 
2.060000 166.520405 
2.120000 166.520405 
2.180000 176.016828 
2.240000 191.211106 
2.300000 195.009675 
2.360000 198.808244 
2.420000 198.808244 
2.480000 212.103237 
2.460000 206.405383 
2.400000 212.103237 
2.340000 234.894653 
2.280000 225.398230 
2.220000 221.599660 
2.160000 244.391076 
2.100000 229.196799 
2.040000 231.096084 
1.980000 234.894653 
1.920000 232.995368 
1.860000 250.088930 
1.800000 234.894653 
1.740000 234.894653 
1.680000 225.398230 
1.620000 223.498945 
1.560000 227.297514 
1.500000 229.196799 
1.440000 221.599660 
1.380000 223.498945 
1.320000 225.398230 
1.260000 225.398230 
1.200000 221.599660 
1.140000 212.103237 
1.080000 214.002522 
1.020000 215.901806 
0.960000 195.009675 
0.900000 196.908960 
0.840000 183.613967 
0.780000 179.815398 
0.720000 181.714682 
0.660000 185.513252 
0.600000 181.714682 
0.540000 179.815398 
0.480000 177.916113 
0.420000 162.721836 
0.360000 164.621120 
0.300000 164.621120 
0.240000 153.225412 
0.180000 149.426843 
0.120000 157.023982 
0.060000 143.728989 
-0.000000 132.333281 
-0.060000 120.937573 
-0.120000 113.340435 
-0.180000 101.944727 
-0.240000 86.750449 
-0.300000 79.153311 
-0.360000 62.059749 
-0.420000 43.066902 
-0.480000 10.779063 
-0.540000 -13.911638 
-0.600000 -27.206631 
-0.660000 -40.501623 
-0.720000 -44.300193 
-0.780000 -59.494470 
-0.840000 -61.393755 
-0.900000 -57.595185 
-0.960000 -67.091609 
-1.020000 -76.588032 
-1.080000 -78.487316 
-1.140000 -72.789462 
-1.200000 -78.487316 
-1.260000 -82.285886 
-1.320000 -76.588032 
-1.380000 -91.782309 
-1.440000 -105.077302 
-1.500000 -114.573725 
-1.560000 -120.271579 
-1.620000 -127.868718 
-1.680000 -133.566572 
-1.740000 -135.465856 
-1.800000 -129.768002 
-1.860000 -133.566572 
-1.920000 -144.962280 
-1.980000 -160.156557 
-2.040000 -160.156557 
-2.100000 -169.652980 
-2.160000 -173.451550 
-2.220000 -177.250119 
-2.280000 -184.847258 
-2.340000 -196.242966 
-2.400000 -200.041535 
-2.460000 -203.840104 
-2.480000 -211.437243 
-2.420000 -213.336528 
-2.360000 -215.235812 
-2.300000 -226.631520 
-2.240000 -228.530805 
-2.180000 -234.228659 
-2.120000 -234.228659 
-2.060000 -228.530805 
-2.000000 -236.127944 
-1.940000 -238.027228 
-1.880000 -243.725082 
-1.820000 -243.725082 
-1.760000 -234.228659 
-1.700000 -241.825798 
-1.640000 -251.322221 
-1.580000 -234.228659 
-1.520000 -228.530805 
-1.460000 -230.430090 
-1.400000 -230.430090 
-1.340000 -226.631520 
-1.280000 -219.034382 
-1.220000 -220.933666 
-1.160000 -219.034382 
-1.100000 -211.437243 
-1.040000 -205.739389 
-0.980000 -215.235812 
-0.920000 -211.437243 
-0.860000 -211.437243 
-0.800000 -209.537958 
-0.740000 -201.940820 
-0.680000 -190.545112 
-0.620000 -190.545112 
-0.560000 -186.746542 
-0.500000 -171.552265 
-0.440000 -163.955126 
-0.380000 -160.156557 
-0.320000 -152.559418 
-0.260000 -144.962280 
-0.200000 -139.264426 
-0.140000 -131.667287 
-0.080000 -127.868718 
-0.020000 -125.969433 
0.040000 -118.372294 
0.100000 -112.674440 
0.160000 -101.278732 
0.220000 -91.782309 
0.280000 -48.098762 
0.340000 -21.508777 
0.400000 -8.213784 
0.460000 12.678347 
0.520000 22.174771 
0.580000 25.973340 
0.640000 29.771909 
0.700000 37.369048 
0.760000 41.167617 
0.820000 54.462610 
0.880000 46.865471 
0.940000 50.664041 
1.000000 60.160464 
1.060000 60.160464 
1.120000 60.160464 
1.180000 81.052595 
1.240000 77.254026 
1.300000 88.649734 
1.360000 92.448303 
1.420000 96.246873 
1.480000 107.642581 
1.540000 115.239719 
1.600000 103.844011 
1.660000 115.239719 
1.720000 122.836858 
1.780000 119.038289 
1.840000 145.628274 
1.900000 134.232566 
1.960000 143.728989 
2.020000 155.124697 
2.080000 164.621120 
2.140000 174.117544 
2.200000 181.714682 
2.260000 185.513252 
2.320000 189.311821 
2.380000 195.009675 
2.440000 198.808244 
2.500000 210.203952 
2.440000 214.002522 
2.380000 215.901806 
2.320000 225.398230 
2.260000 225.398230 
2.200000 236.793938 
2.140000 234.894653 
2.080000 231.096084 
2.020000 238.693222 
1.960000 229.196799 
1.900000 238.693222 
1.840000 242.491792 
1.780000 236.793938 
1.720000 227.297514 
1.660000 232.995368 
1.600000 236.793938 
1.540000 240.592507 
1.480000 223.498945 
1.420000 229.196799 
1.360000 229.196799 
1.300000 223.498945 
1.240000 221.599660 
1.180000 210.203952 
1.120000 208.304668 
1.060000 212.103237 
1.000000 210.203952 
0.940000 206.405383 
0.880000 200.707529 
0.820000 195.009675 
0.760000 187.412536 
0.700000 191.211106 
0.640000 185.513252 
0.580000 176.016828 
0.520000 181.714682 
0.460000 172.218259 
0.400000 166.520405 
0.340000 168.419690 
0.280000 155.124697 
0.220000 155.124697 
0.160000 145.628274 
0.100000 139.930420 
0.040000 136.131851 
-0.020000 128.534712 
-0.080000 120.937573 
-0.140000 101.944727 
-0.200000 100.045442 
-0.260000 86.750449 
-0.320000 69.656887 
-0.380000 54.462610 
-0.440000 43.066902 
-0.500000 3.181924 
-0.560000 -17.710207 
-0.620000 -29.105915 
-0.680000 -38.602339 
-0.740000 -48.098762 
-0.800000 -55.695901 
-0.860000 -61.393755 
-0.920000 -63.293039 
-0.980000 -65.192324 
-1.040000 -76.588032 
-1.100000 -72.789462 
-1.160000 -82.285886 
-1.220000 -84.185170 
-1.280000 -82.285886 
-1.340000 -80.386601 
-1.400000 -91.782309 
-1.460000 -97.480163 
-1.520000 -112.674440 
-1.580000 -124.070148 
-1.640000 -122.170864 
-1.700000 -127.868718 
-1.760000 -129.768002 
-1.820000 -129.768002 
-1.880000 -135.465856 
-1.940000 -143.062995 
-2.000000 -152.559418 
-2.060000 -160.156557 
-2.120000 -173.451550 
-2.180000 -179.149404 
-2.240000 -181.048688 
-2.300000 -194.343681 
-2.360000 -190.545112 
-2.420000 -201.940820 
-2.480000 -217.135097 
-2.460000 -211.437243 
-2.400000 -220.933666 
-2.340000 -224.732236 
-2.280000 -226.631520 
-2.220000 -232.329374 
-2.160000 -230.430090 
-2.100000 -239.926513 
-2.040000 -234.228659 
-1.980000 -234.228659 
-1.920000 -239.926513 
-1.860000 -236.127944 
-1.800000 -236.127944 
-1.740000 -234.228659 
-1.680000 -239.926513 
-1.620000 -238.027228 
-1.560000 -234.228659 
-1.500000 -230.430090 
-1.440000 -226.631520 
-1.380000 -219.034382 
-1.320000 -228.530805 
-1.260000 -224.732236 
-1.200000 -219.034382 
-1.140000 -224.732236 
-1.080000 -211.437243 
-1.020000 -205.739389 
-0.960000 -201.940820 
-0.900000 -209.537958 
-0.840000 -203.840104 
-0.780000 -196.242966 
-0.720000 -200.041535 
-0.660000 -190.545112 
-0.600000 -181.048688 
-0.540000 -181.048688 
-0.480000 -173.451550 
-0.420000 -162.055842 
-0.360000 -156.357988 
-0.300000 -144.962280 
-0.240000 -135.465856 
-0.180000 -129.768002 
-0.120000 -129.768002 
-0.060000 -124.070148 
-0.060000 -120.271579 
0.060000 -116.473010 
0.120000 -106.976586 
0.180000 -95.580878 
0.240000 -68.990893 
0.300000 -10.113069 
0.360000 -10.113069 
0.420000 1.282639 
0.480000 24.074055 
0.540000 25.973340 
0.600000 31.671194 
0.660000 41.167617 
0.720000 44.966187 
0.780000 41.167617 
0.840000 44.966187 
0.900000 48.764756 
0.960000 56.361895 
1.020000 56.361895 
1.080000 65.858318 
1.140000 73.455457 
1.200000 73.455457 
1.260000 84.851165 
1.320000 79.153311 
1.380000 98.146157 
1.440000 101.944727 
1.500000 107.642581 
1.560000 111.441150 
1.620000 117.139004 
1.680000 119.038289 
1.740000 126.635427 
1.800000 126.635427 
1.860000 130.433997 
1.920000 143.728989 
1.980000 153.225412 
2.040000 158.923266 
2.100000 176.016828 
2.160000 177.916113 
2.220000 191.211106 
2.280000 185.513252 
2.340000 191.211106 
2.400000 195.009675 
2.460000 210.203952 
2.480000 210.203952 
2.420000 225.398230 
2.360000 231.096084 
2.300000 215.901806 
2.240000 240.592507 
2.180000 238.693222 
2.120000 210.203952 
2.060000 231.096084 
2.000000 223.498945 
1.940000 240.592507 
1.880000 240.592507 
1.820000 232.995368 
1.760000 231.096084 
1.700000 225.398230 
1.640000 227.297514 
1.580000 231.096084 
1.520000 225.398230 
1.460000 225.398230 
1.400000 221.599660 
1.340000 229.196799 
1.280000 231.096084 
1.220000 214.002522 
1.160000 214.002522 
1.100000 215.901806 
1.040000 212.103237 
0.980000 212.103237 
0.920000 202.606814 
0.860000 191.211106 
0.800000 189.311821 
0.740000 202.606814 
0.680000 187.412536 
0.620000 183.613967 
0.560000 181.714682 
0.500000 177.916113 
0.440000 176.016828 
0.380000 168.419690 
0.320000 164.621120 
0.260000 162.721836 
0.200000 160.822551 
0.140000 153.225412 
0.080000 136.131851 
0.020000 134.232566 
-0.040000 136.131851 
-0.100000 122.836858 
-0.160000 109.541865 
-0.220000 100.045442 
-0.280000 92.448303 
-0.340000 77.254026 
-0.400000 63.959033 
-0.460000 37.369048 
-0.520000 6.980493 
-0.580000 -17.710207 
-0.640000 -29.105915 
-0.700000 -38.602339 
-0.760000 -48.098762 
-0.820000 -55.695901 
-0.880000 -65.192324 
-0.940000 -67.091609 
-1.000000 -68.990893 
-1.060000 -65.192324 
-1.120000 -76.588032 
-1.180000 -72.789462 
-1.240000 -82.285886 
-1.300000 -87.983740 
-1.360000 -82.285886 
-1.420000 -91.782309 
-1.480000 -99.379448 
-1.540000 -110.775156 
-1.600000 -122.170864 
-1.660000 -110.775156 
-1.720000 -125.969433 
-1.780000 -139.264426 
-1.840000 -141.163710 
-1.900000 -143.062995 
-1.960000 -154.458703 
-2.020000 -158.257272 
-2.080000 -165.854411 
-2.140000 -167.753696 
-2.200000 -173.451550 
-2.260000 -182.947973 
-2.320000 -196.242966 
-2.380000 -200.041535 
-2.440000 -203.840104 
-2.500000 -203.840104 
-2.440000 -213.336528 
-2.380000 -224.732236 
-2.320000 -224.732236 
-2.260000 -224.732236 
-2.200000 -226.631520 
-2.140000 -230.430090 
-2.080000 -234.228659 
-2.020000 -236.127944 
-1.960000 -238.027228 
-1.900000 -243.725082 
-1.840000 -243.725082 
-1.780000 -241.825798 
-1.720000 -234.228659 
-1.660000 -234.228659 
-1.600000 -238.027228 
-1.540000 -230.430090 
-1.480000 -228.530805 
-1.420000 -220.933666 
-1.360000 -226.631520 
-1.300000 -232.329374 
-1.240000 -215.235812 
-1.180000 -211.437243 
-1.120000 -213.336528 
-1.060000 -213.336528 
-1.000000 -209.537958 
-0.940000 -203.840104 
-0.880000 -201.940820 
-0.820000 -201.940820 
-0.760000 -196.242966 
-0.700000 -194.343681 
-0.640000 -173.451550 
-0.580000 -184.847258 
-0.520000 -175.350834 
-0.460000 -169.652980 
-0.400000 -156.357988 
-0.340000 -146.861564 
-0.280000 -135.465856 
-0.220000 -139.264426 
-0.160000 -135.465856 
-0.100000 -129.768002 
-0.040000 -112.674440 
0.020000 -112.674440 
0.080000 -118.372294 
0.140000 -97.480163 
0.200000 -99.379448 
0.260000 -55.695901 
0.320000 -23.408061 
0.380000 -13.911638 
0.440000 12.678347 
0.500000 25.973340 
0.560000 24.074055 
0.620000 41.167617 
0.680000 39.268333 
0.740000 46.865471 
0.800000 48.764756 
0.860000 50.664041 
0.920000 58.261179 
0.980000 52.563325 
1.040000 62.059749 
1.100000 71.556172 
1.160000 65.858318 
1.220000 69.656887 
1.280000 81.052595 
1.340000 88.649734 
1.400000 94.347588 
1.460000 98.146157 
1.520000 113.340435 
1.580000 128.534712 
1.640000 115.239719 
1.700000 122.836858 
1.760000 119.038289 
1.820000 138.031135 
1.880000 138.031135 
1.940000 145.628274 
2.000000 157.023982 
2.060000 141.829705 
2.120000 174.117544 
2.180000 176.016828 
2.240000 174.117544 
2.300000 189.311821 
2.360000 198.808244 
2.420000 196.908960 
2.480000 210.203952 
2.460000 215.901806 
2.400000 206.405383 
2.340000 229.196799 
2.280000 221.599660 
2.220000 221.599660 
2.160000 229.196799 
2.100000 221.599660 
2.040000 236.793938 
1.980000 244.391076 
1.920000 231.096084 
1.860000 229.196799 
1.800000 236.793938 
1.740000 236.793938 
1.680000 238.693222 
1.620000 219.700376 
1.560000 227.297514 
1.500000 232.995368 
1.440000 219.700376 
1.380000 232.995368 
1.320000 219.700376 
1.260000 196.908960 
1.200000 225.398230 
1.140000 206.405383 
1.080000 198.808244 
1.020000 206.405383 
0.960000 196.908960 
0.900000 189.311821 
0.840000 200.707529 
0.780000 195.009675 
0.720000 181.714682 
0.660000 174.117544 
0.600000 179.815398 
0.540000 176.016828 
0.480000 174.117544 
0.420000 164.621120 
0.360000 160.822551 
0.300000 162.721836 
0.240000 157.023982 
0.180000 145.628274 
0.120000 138.031135 
0.060000 136.131851 
-0.000000 136.131851 
-0.060000 120.937573 
-0.120000 109.541865 
-0.180000 107.642581 
-0.240000 92.448303 
-0.300000 84.851165 
-0.360000 75.354741 
-0.420000 50.664041 
-0.480000 35.469763 
-0.540000 6.980493 
-0.600000 -23.408061 
-0.660000 -32.904485 
-0.720000 -36.703054 
-0.780000 -59.494470 
-0.840000 -51.897331 
-0.900000 -63.293039 
-0.960000 -63.293039 
-1.020000 -76.588032 
-1.080000 -70.890178 
-1.140000 -76.588032 
-1.200000 -80.386601 
-1.260000 -87.983740 
-1.320000 -84.185170 
-1.380000 -86.084455 
-1.440000 -89.883024 
-1.500000 -106.976586 
-1.560000 -108.875871 
-1.620000 -114.573725 
-1.680000 -114.573725 
-1.740000 -133.566572 
-1.800000 -135.465856 
-1.860000 -143.062995 
-1.920000 -152.559418 
-1.980000 -154.458703 
-2.040000 -150.660134 
-2.100000 -163.955126 
-2.160000 -169.652980 
-2.220000 -169.652980 
-2.280000 -188.645827 
-2.340000 -192.444396 
-2.400000 -194.343681 
-2.460000 -203.840104 
-2.480000 -201.940820 
-2.420000 -219.034382 
-2.360000 -224.732236 
-2.300000 -226.631520 
-2.240000 -232.329374 
-2.180000 -226.631520 
-2.120000 -236.127944 
-2.060000 -234.228659 
-2.000000 -234.228659 
-1.940000 -241.825798 
-1.880000 -234.228659 
-1.820000 -239.926513 
-1.760000 -241.825798 
-1.700000 -243.725082 
-1.640000 -239.926513 
-1.580000 -228.530805 
-1.520000 -238.027228 
-1.460000 -238.027228 
-1.400000 -228.530805 
-1.340000 -228.530805 
-1.280000 -230.430090 
-1.220000 -222.832951 
-1.160000 -219.034382 
-1.100000 -217.135097 
-1.040000 -211.437243 
-0.980000 -211.437243 
-0.920000 -215.235812 
-0.860000 -207.638674 
-0.800000 -207.638674 
-0.740000 -196.242966 
-0.680000 -190.545112 
-0.620000 -179.149404 
-0.560000 -179.149404 
-0.500000 -167.753696 
-0.440000 -156.357988 
-0.380000 -150.660134 
-0.320000 -150.660134 
-0.260000 -141.163710 
-0.200000 -135.465856 
-0.140000 -125.969433 
-0.080000 -120.271579 
-0.020000 -122.170864 
0.040000 -112.674440 
0.100000 -108.875871 
0.160000 -110.775156 
0.220000 -99.379448 
0.280000 -49.998047 
0.340000 -17.710207 
0.400000 -8.213784 
0.460000 10.779063 
0.520000 24.074055 
0.580000 25.973340 
0.640000 39.268333 
0.700000 43.066902 
0.760000 48.764756 
0.820000 44.966187 
0.880000 56.361895 
0.940000 60.160464 
1.000000 58.261179 
1.060000 58.261179 
1.120000 62.059749 
1.180000 75.354741 
1.240000 79.153311 
1.300000 86.750449 
1.360000 88.649734 
1.420000 96.246873 
1.480000 120.937573 
1.540000 107.642581 
1.600000 115.239719 
1.660000 130.433997 
1.720000 122.836858 
1.780000 130.433997 
1.840000 128.534712 
1.900000 138.031135 
1.960000 136.131851 
2.020000 168.419690 
2.080000 162.721836 
2.140000 170.318974 
2.200000 176.016828 
2.260000 191.211106 
2.320000 196.908960 
2.380000 196.908960 
2.440000 198.808244 
2.500000 214.002522 
2.440000 200.707529 
2.380000 221.599660 
2.320000 232.995368 
2.260000 219.700376 
2.200000 231.096084 
2.140000 251.988215 
2.080000 231.096084 
2.020000 242.491792 
1.960000 229.196799 
1.900000 242.491792 
1.840000 242.491792 
1.780000 229.196799 
1.720000 240.592507 
1.660000 234.894653 
1.600000 234.894653 
1.540000 232.995368 
1.480000 219.700376 
1.420000 234.894653 
1.360000 229.196799 
1.300000 223.498945 
1.240000 219.700376 
1.180000 210.203952 
1.120000 214.002522 
1.060000 215.901806 
1.000000 210.203952 
0.940000 202.606814 
0.880000 191.211106 
0.820000 195.009675 
0.760000 195.009675 
0.700000 191.211106 
0.640000 185.513252 
0.580000 181.714682 
0.520000 177.916113 
0.460000 174.117544 
0.400000 158.923266 
0.340000 162.721836 
0.280000 162.721836 
0.220000 147.527558 
0.160000 143.728989 
0.100000 145.628274 
0.040000 132.333281 
-0.020000 122.836858 
-0.080000 119.038289 
-0.140000 105.743296 
-0.200000 92.448303 
-0.260000 77.254026 
-0.320000 65.858318 
-0.380000 58.261179 
-0.440000 43.066902 
-0.500000 8.879778 
-0.560000 -13.911638 
-0.620000 -15.810923 
-0.680000 -38.602339 
-0.740000 -38.602339 
-0.800000 -44.300193 
-0.860000 -61.393755 
-0.920000 -59.494470 
-0.980000 -59.494470 
-1.040000 -76.588032 
-1.100000 -70.890178 
-1.160000 -72.789462 
-1.220000 -76.588032 
-1.280000 -93.681594 
-1.340000 -86.084455 
-1.400000 -87.983740 
-1.460000 -97.480163 
-1.520000 -106.976586 
-1.580000 -122.170864 
-1.640000 -118.372294 
-1.700000 -127.868718 
-1.760000 -131.667287 
-1.820000 -133.566572 
-1.880000 -141.163710 
-1.940000 -141.163710 
-2.000000 -150.660134 
-2.060000 -163.955126 
-2.120000 -175.350834 
-2.180000 -181.048688 
-2.240000 -179.149404 
-2.300000 -184.847258 
-2.360000 -184.847258 
-2.420000 -194.343681 
-2.480000 -203.840104 
-2.460000 -207.638674 
-2.400000 -211.437243 
-2.340000 -217.135097 
-2.280000 -226.631520 
-2.220000 -232.329374 
-2.160000 -230.430090 
-2.100000 -241.825798 
-2.040000 -239.926513 
-1.980000 -238.027228 
-1.920000 -234.228659 
-1.860000 -239.926513 
-1.800000 -245.624367 
-1.740000 -238.027228 
-1.680000 -239.926513 
-1.620000 -243.725082 
-1.560000 -234.228659 
-1.500000 -228.530805 
-1.440000 -228.530805 
-1.380000 -232.329374 
-1.320000 -226.631520 
-1.260000 -220.933666 
-1.200000 -222.832951 
-1.140000 -220.933666 
-1.080000 -219.034382 
-1.020000 -217.135097 
-0.960000 -203.840104 
-0.900000 -211.437243 
-0.840000 -209.537958 
-0.780000 -196.242966 
-0.720000 -196.242966 
-0.660000 -184.847258 
-0.600000 -173.451550 
-0.540000 -167.753696 
-0.480000 -160.156557 
-0.420000 -152.559418 
-0.360000 -163.955126 
-0.300000 -146.861564 
-0.240000 -137.365141 
-0.180000 -135.465856 
-0.120000 -135.465856 
-0.060000 -122.170864 
0.000000 -108.875871 
0.060000 -105.077302 
0.120000 -99.379448 
0.180000 -72.789462 
0.240000 -46.199477 
0.300000 -19.609492 
0.360000 -0.616645 
0.420000 10.779063 
0.480000 31.671194 
0.540000 25.973340 
0.600000 37.369048 
0.660000 44.966187 
0.720000 41.167617 
0.780000 44.966187 
0.840000 60.160464 
0.900000 52.563325 
0.960000 48.764756 
1.020000 48.764756 
1.080000 65.858318 
1.140000 73.455457 
1.200000 77.254026 
1.260000 92.448303 
1.320000 92.448303 
1.380000 92.448303 
1.440000 92.448303 
1.500000 107.642581 
1.560000 113.340435 
1.620000 119.038289 
1.680000 117.139004 
1.740000 132.333281 
1.800000 132.333281 
1.860000 138.031135 
1.920000 145.628274 
1.980000 153.225412 
2.040000 160.822551 
2.100000 174.117544 
2.160000 179.815398 
2.220000 181.714682 
2.280000 181.714682 
2.340000 191.211106 
2.400000 196.908960 
2.460000 191.211106 
2.480000 206.405383 
2.420000 204.506098 
2.360000 198.808244 
2.300000 227.297514 
2.240000 225.398230 
2.180000 221.599660 
2.120000 234.894653 
2.060000 227.297514 
2.000000 227.297514 
1.940000 244.391076 
1.880000 232.995368 
1.820000 231.096084 
1.760000 238.693222 
1.700000 231.096084 
1.640000 227.297514 
1.580000 227.297514 
1.520000 227.297514 
1.460000 223.498945 
1.400000 221.599660 
1.340000 229.196799 
1.280000 212.103237 
1.220000 210.203952 
1.160000 219.700376 
1.100000 217.801091 
1.040000 202.606814 
0.980000 208.304668 
0.920000 196.908960 
0.860000 189.311821 
0.800000 196.908960 
0.740000 191.211106 
0.680000 185.513252 
0.620000 185.513252 
0.560000 174.117544 
0.500000 170.318974 
0.440000 168.419690 
0.380000 162.721836 
0.320000 157.023982 
0.260000 151.326128 
0.200000 143.728989 
0.140000 143.728989 
0.080000 136.131851 
0.020000 130.433997 
-0.040000 134.232566 
-0.100000 120.937573 
-0.160000 107.642581 
-0.220000 100.045442 
-0.280000 82.951880 
-0.340000 71.556172 
-0.400000 62.059749 
-0.460000 31.671194 
-0.520000 3.181924 
-0.580000 -21.508777 
-0.640000 -32.904485 
-0.700000 -17.710207 
-0.760000 -40.501623 
-0.820000 -48.098762 
-0.880000 -51.897331 
-0.940000 -57.595185 
-1.000000 -63.293039 
-1.060000 -63.293039 
-1.120000 -68.990893 
-1.180000 -78.487316 
-1.240000 -76.588032 
-1.300000 -86.084455 
-1.360000 -95.580878 
-1.420000 -89.883024 
-1.480000 -103.178017 
-1.540000 -112.674440 
-1.600000 -112.674440 
-1.660000 -124.070148 
-1.720000 -129.768002 
-1.780000 -129.768002 
-1.840000 -135.465856 
-1.900000 -144.962280 
-1.960000 -144.962280 
-2.020000 -148.760849 
-2.080000 -160.156557 
-2.140000 -167.753696 
-2.200000 -179.149404 
-2.260000 -188.645827 
-2.320000 -200.041535 
-2.380000 -196.242966 
-2.440000 -194.343681 
-2.500000 -198.142250 
-2.440000 -203.840104 
-2.380000 -215.235812 
-2.320000 -224.732236 
-2.260000 -226.631520 
-2.200000 -230.430090 
-2.140000 -234.228659 
-2.080000 -239.926513 
-2.020000 -241.825798 
-1.960000 -236.127944 
-1.900000 -236.127944 
-1.840000 -239.926513 
-1.780000 -239.926513 
-1.720000 -239.926513 
-1.660000 -236.127944 
-1.600000 -238.027228 
-1.540000 -234.228659 
-1.480000 -234.228659 
-1.420000 -230.430090 
-1.360000 -228.530805 
-1.300000 -228.530805 
-1.240000 -247.523652 
-1.180000 -220.933666 
-1.120000 -217.135097 
-1.060000 -226.631520 
-1.000000 -220.933666 
-0.940000 -219.034382 
-0.880000 -213.336528 
-0.820000 -203.840104 
-0.760000 -203.840104 
-0.700000 -196.242966 
-0.640000 -184.847258 
-0.580000 -167.753696 
-0.520000 -162.055842 
-0.460000 -156.357988 
-0.400000 -150.660134 
-0.340000 -146.861564 
-0.280000 -141.163710 
-0.220000 -139.264426 
-0.160000 -137.365141 
-0.100000 -135.465856 
-0.040000 -127.868718 
0.020000 -120.271579 
0.080000 -106.976586 
0.140000 -101.278732 
0.200000 -49.998047 
0.260000 -46.199477 
0.320000 -29.105915 
0.380000 5.081209 
0.440000 12.678347 
0.500000 12.678347 
0.560000 29.771909 
0.620000 29.771909 
0.680000 33.570479 
0.740000 37.369048 
0.800000 48.764756 
0.860000 48.764756 
0.920000 54.462610 
0.980000 60.160464 
1.040000 58.261179 
1.100000 69.656887 
1.160000 77.254026 
1.220000 75.354741 
1.280000 90.549019 
1.340000 100.045442 
1.400000 100.045442 
1.460000 107.642581 
1.520000 107.642581 
1.580000 119.038289 
1.640000 119.038289 
1.700000 119.038289 
1.760000 128.534712 
1.820000 124.736143 
1.880000 143.728989 
1.940000 147.527558 
2.000000 166.520405 
2.060000 162.721836 
2.120000 168.419690 
2.180000 174.117544 
2.240000 179.815398 
2.300000 196.908960 
2.360000 196.908960 
2.420000 200.707529 
2.480000 200.707529 
2.460000 200.707529 
2.400000 200.707529 
2.340000 221.599660 
2.280000 225.398230 
2.220000 215.901806 
2.160000 231.096084 
2.100000 232.995368 
2.040000 229.196799 
1.980000 246.290361 
1.920000 231.096084 
1.860000 231.096084 
1.800000 242.491792 
1.740000 223.498945 
1.680000 232.995368 
1.620000 227.297514 
1.560000 217.801091 
1.500000 223.498945 
1.440000 215.901806 
1.380000 227.297514 
1.320000 221.599660 
1.260000 215.901806 
1.200000 227.297514 
1.140000 221.599660 
1.080000 204.506098 
1.020000 206.405383 
0.960000 200.707529 
0.900000 196.908960 
0.840000 196.908960 
0.780000 183.613967 
0.720000 183.613967 
0.660000 187.412536 
0.600000 183.613967 
0.540000 170.318974 
0.480000 172.218259 
0.420000 166.520405 
0.360000 157.023982 
0.300000 162.721836 
0.240000 153.225412 
0.180000 139.930420 
0.120000 143.728989 
0.060000 138.031135 
-0.000000 134.232566 
-0.060000 128.534712 
-0.120000 113.340435 
-0.180000 101.944727 
-0.240000 88.649734 
-0.300000 73.455457 
-0.360000 62.059749 
-0.420000 31.671194 
-0.480000 3.181924 
-0.540000 -19.609492 
-0.600000 -29.105915 
-0.660000 -32.904485 
-0.720000 -46.199477 
-0.780000 -55.695901 
-0.840000 -49.998047 
-0.900000 -55.695901 
-0.960000 -65.192324 
-1.020000 -61.393755 
-1.080000 -76.588032 
-1.140000 -78.487316 
-1.200000 -76.588032 
-1.260000 -86.084455 
-1.320000 -89.883024 
-1.380000 -89.883024 
-1.440000 -97.480163 
-1.500000 -108.875871 
-1.560000 -116.473010 
-1.620000 -118.372294 
-1.680000 -125.969433 
-1.740000 -125.969433 
-1.800000 -135.465856 
-1.860000 -135.465856 
-1.920000 -139.264426 
-1.980000 -144.962280 
-2.040000 -160.156557 
-2.100000 -169.652980 
-2.160000 -181.048688 
-2.220000 -196.242966 
-2.280000 -194.343681 
-2.340000 -200.041535 
-2.400000 -200.041535 
-2.460000 -198.142250 
-2.480000 -209.537958 
-2.420000 -211.437243 
-2.360000 -219.034382 
-2.300000 -224.732236 
-2.240000 -222.832951 
-2.180000 -234.228659 
-2.120000 -236.127944 
-2.060000 -245.624367 
-2.000000 -245.624367 
-1.940000 -245.624367 
-1.880000 -239.926513 
-1.820000 -236.127944 
-1.760000 -245.624367 
-1.700000 -243.725082 
-1.640000 -234.228659 
-1.580000 -238.027228 
-1.520000 -238.027228 
-1.460000 -234.228659 
-1.400000 -228.530805 
-1.340000 -222.832951 
-1.280000 -226.631520 
-1.220000 -226.631520 
-1.160000 -220.933666 
-1.100000 -222.832951 
-1.040000 -224.732236 
-0.980000 -222.832951 
-0.920000 -211.437243 
-0.860000 -211.437243 
-0.800000 -198.142250 
-0.740000 -192.444396 
-0.680000 -194.343681 
-0.620000 -169.652980 
-0.560000 -158.257272 
-0.500000 -156.357988 
-0.440000 -152.559418 
-0.380000 -139.264426 
-0.320000 -141.163710 
-0.260000 -137.365141 
-0.200000 -137.365141 
-0.140000 -135.465856 
-0.080000 -124.070148 
-0.020000 -125.969433 
0.040000 -116.473010 
0.100000 -118.372294 
0.160000 -103.178017 
0.220000 -53.796616 
0.280000 -42.400908 
0.340000 -17.710207 
0.400000 5.081209 
0.460000 16.476917 
0.520000 22.174771 
0.580000 33.570479 
0.640000 39.268333 
0.700000 29.771909 
0.760000 46.865471 
0.820000 52.563325 
0.880000 41.167617 
0.940000 50.664041 
1.000000 58.261179 
1.060000 52.563325 
1.120000 63.959033 
1.180000 69.656887 
1.240000 84.851165 
1.300000 92.448303 
1.360000 92.448303 
1.420000 96.246873 
1.480000 107.642581 
1.540000 119.038289 
1.600000 115.239719 
1.660000 120.937573 
1.720000 122.836858 
1.780000 126.635427 
1.840000 122.836858 
1.900000 141.829705 
1.960000 145.628274 
2.020000 149.426843 
2.080000 166.520405 
2.140000 176.016828 
2.200000 174.117544 
2.260000 181.714682 
2.320000 191.211106 
2.380000 193.110390 
2.440000 189.311821 
2.500000 204.506098 
2.440000 202.606814 
2.380000 198.808244 
2.320000 225.398230 
2.260000 223.498945 
2.200000 212.103237 
2.140000 232.995368 
2.080000 234.894653 
2.020000 227.297514 
1.960000 250.088930 
1.900000 231.096084 
1.840000 225.398230 
1.780000 236.793938 
1.720000 232.995368 
1.660000 227.297514 
1.600000 227.297514 
1.540000 227.297514 
1.480000 229.196799 
1.420000 217.801091 
1.360000 229.196799 
1.300000 219.700376 
1.240000 214.002522 
1.180000 212.103237 
1.120000 215.901806 
1.060000 208.304668 
1.000000 206.405383 
0.940000 198.808244 
0.880000 191.211106 
0.820000 198.808244 
0.760000 191.211106 
0.700000 185.513252 
0.640000 183.613967 
0.580000 183.613967 
0.520000 170.318974 
0.460000 168.419690 
0.400000 174.117544 
0.340000 160.822551 
0.280000 158.923266 
0.220000 153.225412 
0.160000 147.527558 
0.100000 139.930420 
0.040000 130.433997 
-0.020000 130.433997 
-0.080000 124.736143 
-0.140000 105.743296 
-0.200000 92.448303 
-0.260000 82.951880 
-0.320000 73.455457 
-0.380000 58.261179 
-0.440000 31.671194 
-0.500000 5.081209 
-0.560000 -12.012353 
-0.620000 -31.005200 
-0.680000 -32.904485 
-0.740000 -48.098762 
-0.800000 -49.998047 
-0.860000 -55.695901 
-0.920000 -61.393755 
-0.980000 -65.192324 
-1.040000 -65.192324 
-1.100000 -68.990893 
-1.160000 -72.789462 
-1.220000 -82.285886 
-1.280000 -87.983740 
-1.340000 -87.983740 
-1.400000 -95.580878 
-1.460000 -106.976586 
-1.520000 -105.077302 
-1.580000 -114.573725 
-1.640000 -120.271579 
-1.700000 -127.868718 
-1.760000 -131.667287 
-1.820000 -135.465856 
-1.880000 -143.062995 
-1.940000 -137.365141 
-2.000000 -148.760849 
-2.060000 -163.955126 
-2.120000 -160.156557 
-2.180000 -175.350834 
-2.240000 -184.847258 
-2.300000 -194.343681 
-2.360000 -194.343681 
-2.420000 -196.242966 
-2.480000 -201.940820 
-2.460000 -249.422936 
-2.400000 -211.437243 
-2.340000 -220.933666 
-2.280000 -226.631520 
-2.220000 -226.631520 
-2.160000 -232.329374 
-2.100000 -239.926513 
-2.040000 -245.624367 
-1.980000 -238.027228 
-1.920000 -241.825798 
-1.860000 -241.825798 
-1.800000 -243.725082 
-1.740000 -234.228659 
-1.680000 -239.926513 
-1.620000 -238.027228 
-1.560000 -232.329374 
-1.500000 -234.228659 
-1.440000 -234.228659 
-1.380000 -234.228659 
-1.320000 -228.530805 
-1.260000 -219.034382 
-1.200000 -226.631520 
-1.140000 -224.732236 
-1.080000 -217.135097 
-1.020000 -219.034382 
-0.960000 -211.437243 
-0.900000 -209.537958 
-0.840000 -203.840104 
-0.780000 -207.638674 
-0.720000 -196.242966 
-0.660000 -188.645827 
-0.600000 -179.149404 
-0.540000 -169.652980 
-0.480000 -156.357988 
-0.420000 -143.062995 
-0.360000 -148.760849 
-0.300000 -143.062995 
-0.240000 -141.163710 
-0.180000 -139.264426 
-0.120000 -133.566572 
0.000000 0.000000 
