0.000031 -131.667287 
0.149174 -118.372294 
0.297771 -97.480163 
0.445308 -67.091609 
0.591259 -36.703054 
0.735103 -8.213784 
0.876330 16.476917 
1.014436 31.671194 
1.148943 35.469763 
1.279343 52.563325 
1.405188 60.160464 
1.526027 79.153311 
1.641432 88.649734 
1.750991 84.851165 
1.854314 98.146157 
1.951052 107.642581 
2.040821 119.038289 
2.123322 130.433997 
2.198260 134.232566 
2.265376 143.728989 
2.324423 160.822551 
2.375189 168.419690 
2.417490 185.513252 
2.451182 191.211106 
2.476146 185.513252 
2.492288 214.002522 
2.499555 208.304668 
2.497918 210.203952 
2.487385 217.801091 
2.467993 219.700376 
2.439808 214.002522 
2.402937 231.096084 
2.357507 232.995368 
2.303682 227.297514 
2.241645 236.793938 
2.171623 244.391076 
2.093873 238.693222 
2.008667 242.491792 
1.916296 246.290361 
1.817100 265.283208 
1.711442 244.391076 
1.599676 236.793938 
1.482225 236.793938 
1.359495 240.592507 
1.231923 231.096084 
1.099964 225.398230 
0.964087 229.196799 
0.824777 223.498945 
0.682514 217.801091 
0.537836 214.002522 
0.391241 210.203952 
0.243239 204.506098 
0.094339 202.606814 
-0.054852 193.110390 
-0.203846 189.311821 
-0.352146 174.117544 
-0.499160 166.520405 
-0.644397 155.124697 
-0.787353 117.139004 
-0.927505 39.268333 
-1.064352 -15.810923 
-1.197409 -21.508777 
-1.326187 -40.501623 
-1.450241 -61.393755 
-1.569143 -59.494470 
-1.682455 -99.379448 
-1.789763 -114.573725 
-1.890697 -110.775156 
-1.984897 -114.573725 
-2.072029 -114.573725 
-2.151788 -129.768002 
-2.223876 -139.264426 
-2.288043 -200.041535 
-2.344067 -165.854411 
-2.391736 -171.552265 
-2.430891 -173.451550 
-2.461387 -196.242966 
-2.483115 -200.041535 
-2.495997 -203.840104 
-2.499988 -211.437243 
-2.495076 -211.437243 
-2.481275 -209.537958 
-2.458636 -211.437243 
-2.427243 -224.732236 
-2.387204 -238.027228 
-2.338664 -251.322221 
-2.281795 -247.523652 
-2.216800 -249.422936 
-2.143901 -241.825798 
-2.063366 -234.228659 
-1.975490 -243.725082 
-1.880568 -243.725082 
-1.778958 -241.825798 
-1.671012 -241.825798 
-1.557115 -243.725082 
-1.437672 -238.027228 
-1.313096 -230.430090 
-1.183857 -234.228659 
-1.050400 -234.228659 
-0.913189 -220.933666 
-0.772739 -217.135097 
-0.629538 -205.739389 
-0.484094 -205.739389 
-0.336926 -201.940820 
-0.188558 -196.242966 
-0.039519 -186.746542 
0.109661 -190.545112 
0.258436 -181.048688 
0.406320 -169.652980 
0.552742 -150.660134 
0.697210 -99.379448 
0.839195 -29.105915 
0.978190 8.879778 
1.113715 20.275486 
1.245258 44.966187 
1.372352 56.361895 
1.494571 56.361895 
1.611478 73.455457 
1.722621 82.951880 
1.827630 98.146157 
1.926138 103.844011 
2.017786 117.139004 
2.102237 130.433997 
2.179210 132.333281 
2.248412 145.628274 
2.309607 145.628274 
2.362581 164.621120 
2.407128 176.016828 
2.443111 164.621120 
2.470393 191.211106 
2.488878 198.808244 
2.498498 198.808244 
2.499217 214.002522 
2.491034 217.801091 
2.473977 221.599660 
2.448108 223.498945 
2.413521 240.592507 
2.370340 232.995368 
2.318710 232.995368 
2.258828 242.491792 
2.190893 231.096084 
2.115162 234.894653 
2.031898 244.391076 
1.941388 248.189646 
1.843952 250.088930 
1.739968 242.491792 
1.629788 244.391076 
1.513791 234.894653 
1.392414 240.592507 
1.266078 242.491792 
1.135246 229.196799 
1.000373 234.894653 
0.861922 229.196799 
0.720388 200.707529 
0.576302 217.801091 
0.430149 206.405383 
0.282478 198.808244 
0.133802 193.110390 
-0.015366 191.211106 
-0.164480 191.211106 
-0.312992 174.117544 
-0.460390 170.318974 
-0.606163 160.822551 
-0.749762 120.937573 
-0.890705 60.160464 
-1.028475 -13.911638 
-1.162568 -23.408061 
-1.292534 -29.105915 
-1.417883 -59.494470 
-1.538182 -67.091609 
-1.653003 -82.285886 
-1.761937 -122.170864 
-1.864596 -110.775156 
-1.960614 -112.674440 
-2.049649 -125.969433 
-2.131385 -125.969433 
-2.205530 -129.768002 
-2.271826 -143.062995 
-2.330030 -163.955126 
-2.379934 -175.350834 
-2.421360 -173.451550 
-2.454158 -188.645827 
-2.478217 -205.739389 
-2.493447 -200.041535 
-2.499798 -220.933666 
-2.497243 -215.235812 
-2.485795 -205.739389 
-2.465491 -220.933666 
-2.436407 -222.832951 
-2.398643 -226.631520 
-2.352339 -241.825798 
-2.297645 -243.725082 
-2.234772 -249.422936 
-2.163938 -241.825798 
-2.085396 -239.926513 
-1.999416 -245.624367 
-1.906322 -251.322221 
-1.806438 -251.322221 
-1.700118 -257.020075 
-1.587743 -243.725082 
-1.469711 -239.926513 
-1.346458 -245.624367 
-1.218395 -239.926513 
-1.085992 -224.732236 
-0.949721 -228.530805 
-0.810081 -220.933666 
-0.667556 -209.537958 
-0.522654 -209.537958 
-0.375890 -203.840104 
-0.227773 -201.940820 
-0.078859 -182.947973 
0.070336 -190.545112 
0.219295 -175.350834 
0.367458 -173.451550 
0.514328 -152.559418 
0.659350 -95.580878 
0.802024 -29.105915 
0.941856 -6.314499 
1.078333 22.174771 
1.210956 46.865471 
1.339265 54.462610 
1.462817 54.462610 
1.581147 73.455457 
1.693857 90.549019 
1.800522 90.549019 
1.900775 111.441150 
1.994276 113.340435 
2.080664 124.736143 
2.159632 139.930420 
2.230916 143.728989 
2.294253 155.124697 
2.349417 166.520405 
2.396208 164.621120 
2.434465 168.419690 
2.464054 191.211106 
2.484866 187.412536 
2.496826 202.606814 
2.499892 204.506098 
2.494055 214.002522 
2.479334 214.002522 
2.455783 234.894653 
2.423483 236.793938 
2.382554 229.196799 
2.333134 234.894653 
2.275410 240.592507 
2.209575 231.096084 
2.135877 232.995368 
2.054572 240.592507 
1.965940 248.189646 
1.870305 246.290361 
1.768019 240.592507 
1.659425 240.592507 
1.544919 234.894653 
1.424910 248.189646 
1.299812 236.793938 
1.170097 231.096084 
1.036227 234.894653 
0.898667 234.894653 
0.757906 223.498945 
0.614432 214.002522 
0.468783 221.599660 
0.321450 206.405383 
0.172987 196.908960 
0.023908 195.009675 
-0.125256 187.412536 
-0.273989 181.714682 
-0.421731 176.016828 
-0.567972 162.721836 
-0.712189 153.225412 
-0.853884 117.139004 
-0.992538 39.268333 
-1.127656 -23.408061 
-1.258744 -15.810923 
-1.385362 -48.098762 
-1.507032 -67.091609 
-1.623336 -68.990893 
-1.733869 -93.681594 
-1.838215 -122.170864 
-1.936024 -112.674440 
-2.026928 -120.271579 
-2.110629 -127.868718 
-2.186796 -135.465856 
-2.255180 -146.861564 
-2.315526 -152.559418 
-2.367630 -160.156557 
-2.411300 -179.149404 
-2.446378 -196.242966 
-2.472742 -201.940820 
-2.490302 -198.142250 
-2.498991 -213.336528 
-2.498778 -217.135097 
-2.489664 -213.336528 
-2.471685 -217.135097 
-2.444899 -217.135097 
-2.409408 -226.631520 
-2.365336 -234.228659 
-2.312840 -234.228659 
-2.252107 -238.027228 
-2.183346 -238.027228 
-2.106807 -241.825798 
-2.022763 -245.624367 
-1.931524 -243.725082 
-1.833406 -241.825798 
-1.728747 -251.322221 
-1.617930 -249.422936 
-1.501361 -241.825798 
-1.379433 -241.825798 
-1.252605 -239.926513 
-1.121315 -226.631520 
-0.986032 -220.933666 
-0.847237 -219.034382 
-0.705410 -211.437243 
-0.561085 -209.537958 
-0.414762 -203.840104 
-0.266946 -192.444396 
-0.118195 -196.242966 
0.030977 -192.444396 
0.180054 -177.250119 
0.328490 -181.048688 
0.475756 -165.854411 
0.621312 -148.760849 
0.764669 -70.890178 
0.905303 -15.810923 
1.042712 14.577632 
1.176394 33.570479 
1.305898 54.462610 
1.430738 58.261179 
1.550483 69.656887 
1.664717 84.851165 
1.773021 96.246873 
1.874999 103.844011 
1.970300 120.937573 
2.058583 113.340435 
2.139534 130.433997 
2.212873 149.426843 
2.278330 174.117544 
2.335665 160.822551 
2.384686 166.520405 
2.425212 179.815398 
2.457097 177.916113 
2.480233 185.513252 
2.494533 198.808244 
2.499948 206.405383 
2.496457 215.901806 
2.484076 214.002522 
2.462847 221.599660 
2.432843 229.196799 
2.394178 232.995368 
2.346981 246.290361 
2.291429 232.995368 
2.227717 234.894653 
2.156070 244.391076 
2.076745 244.391076 
1.990014 244.391076 
1.896205 234.894653 
1.795631 242.491792 
1.688662 244.391076 
1.575689 240.592507 
1.457091 251.988215 
1.333303 231.096084 
1.204779 236.793938 
1.071951 240.592507 
0.935318 231.096084 
0.795354 221.599660 
0.652543 221.599660 
0.507407 219.700376 
0.360479 206.405383 
0.212252 200.707529 
0.063269 195.009675 
-0.085925 189.311821 
-0.234827 181.714682 
-0.382893 170.318974 
-0.529625 170.318974 
-0.674440 149.426843 
-0.816853 130.433997 
-0.956356 5.081209 
-1.092438 -21.508777 
-1.224643 -13.911638 
-1.352473 -70.890178 
-1.475486 -63.293039 
-1.593256 -68.990893 
-1.705339 -91.782309 
-1.811349 -120.271579 
-1.910908 -120.271579 
-2.003670 -125.969433 
-2.089287 -124.070148 
-2.167470 -127.868718 
-2.237925 -148.760849 
-2.300416 -150.660134 
-2.354713 -158.257272 
-2.400617 -169.652980 
-2.437975 -188.645827 
-2.466649 -200.041535 
-2.486536 -203.840104 
-2.497564 -203.840104 
-2.499698 -213.336528 
-2.492927 -219.034382 
-2.477278 -215.235812 
-2.452800 -213.336528 
-2.419587 -222.832951 
-2.377760 -238.027228 
-2.327459 -241.825798 
-2.268873 -236.127944 
-2.202200 -243.725082 
-2.127690 -241.825798 
-2.045593 -243.725082 
-1.956220 -243.725082 
-1.859879 -247.523652 
-1.756903 -245.624367 
-1.647670 -245.624367 
-1.532579 -255.120790 
-1.412029 -245.624367 
-1.286451 -239.926513 
-1.156278 -230.430090 
-1.021999 -226.631520 
-0.884081 -226.631520 
-0.743015 -222.832951 
-0.599302 -213.336528 
-0.453439 -209.537958 
-0.305962 -205.739389 
-0.157410 -194.343681 
-0.008297 -188.645827 
0.140846 -186.746542 
0.289502 -181.048688 
0.437111 -177.250119 
0.583164 -148.760849 
0.727140 -68.990893 
0.868541 -29.105915 
1.006833 14.577632 
1.141554 35.469763 
1.272208 31.671194 
1.398330 58.261179 
1.519459 69.656887 
1.635177 75.354741 
1.745082 86.750449 
1.848770 103.844011 
1.945873 111.441150 
2.036036 122.836858 
2.118947 134.232566 
2.194311 155.124697 
2.261861 155.124697 
2.321355 155.124697 
2.372587 168.419690 
2.415363 176.016828 
2.449540 174.117544 
2.474991 183.613967 
2.491626 195.009675 
2.499385 202.606814 
2.498241 206.405383 
2.488198 229.196799 
2.469293 227.297514 
2.441595 221.599660 
2.405192 231.096084 
2.360225 242.491792 
2.306856 227.297514 
2.245265 231.096084 
2.175676 242.491792 
2.098336 244.391076 
2.013531 238.693222 
1.921545 240.592507 
1.822715 236.793938 
1.717391 244.391076 
1.605949 248.189646 
1.488787 251.988215 
1.366322 231.096084 
1.239003 246.290361 
1.107271 238.693222 
0.971596 231.096084 
0.832460 223.498945 
0.690345 221.599660 
0.545771 206.405383 
0.399252 206.405383 
0.251312 206.405383 
0.102476 198.808244 
-0.046710 191.211106 
-0.195729 185.513252 
-0.344082 174.117544 
-0.491178 172.218259 
-0.636525 157.023982 
-0.779635 126.635427 
-0.919952 58.261179 
-1.056978 -13.911638 
-1.190254 -23.408061 
-1.319407 -36.703054 
-1.443738 -59.494470 
-1.562927 -72.789462 
-1.676559 -89.883024 
-1.784208 -124.070148 
-1.885500 -122.170864 
-1.980067 -122.170864 
-2.067591 -131.667287 
-2.147741 -125.969433 
-2.220250 -143.062995 
-2.284849 -156.357988 
-2.341304 -158.257272 
-2.389421 -167.753696 
-2.429031 -173.451550 
-2.459989 -198.142250 
-2.482182 -205.739389 
-2.495537 -203.840104 
-2.500000 -205.739389 
-2.495560 -211.437243 
-2.482230 -213.336528 
-2.460057 -215.235812 
-2.429122 -222.832951 
-2.389538 -224.732236 
-2.341444 -234.228659 
-2.285011 -234.228659 
-2.220433 -243.725082 
-2.147945 -239.926513 
-2.067815 -234.228659 
-1.980320 -241.825798 
-1.885762 -241.825798 
-1.784487 -241.825798 
-1.676867 -251.322221 
-1.563262 -241.825798 
-1.444101 -243.725082 
-1.319785 -247.523652 
-1.190766 -236.127944 
-1.057507 -232.329374 
-0.920480 -230.430090 
-0.780188 -213.336528 
-0.637104 -215.235812 
-0.491750 -209.537958 
-0.344659 -209.537958 
-0.196341 -194.343681 
-0.047308 -198.142250 
0.101893 -184.847258 
0.250716 -182.947973 
0.398661 -173.451550 
0.545187 -152.559418 
0.689755 -72.789462 
0.831881 -19.609492 
0.971030 6.980493 
1.106734 39.268333 
1.238496 39.268333 
1.365847 56.361895 
1.488331 69.656887 
1.605503 69.656887 
1.716967 88.649734 
1.822315 96.246873 
1.921163 103.844011 
2.013168 128.534712 
2.098011 130.433997 
2.175381 149.426843 
2.244995 147.527558 
2.306614 158.923266 
2.360018 164.621120 
2.405016 166.520405 
2.441453 166.520405 
2.469193 181.714682 
2.488137 200.707529 
2.498217 204.506098 
2.499399 210.203952 
2.491679 212.103237 
2.475082 215.901806 
2.449666 221.599660 
2.415529 242.491792 
2.372780 227.297514 
2.321583 232.995368 
2.262122 242.491792 
2.194598 234.894653 
2.119256 248.189646 
2.036365 238.693222 
1.946230 244.391076 
1.849152 236.793938 
1.745488 234.894653 
1.635618 246.290361 
1.519922 238.693222 
1.398801 234.894653 
1.272710 242.491792 
1.142059 232.995368 
1.007353 232.995368 
0.869073 227.297514 
0.727683 227.297514 
0.583701 217.801091 
0.437640 215.901806 
0.290020 204.506098 
0.141366 193.110390 
-0.007791 196.908960 
-0.156920 185.513252 
-0.305490 181.714682 
-0.452972 153.225412 
-0.598840 155.124697 
-0.742561 126.635427 
-0.883637 63.959033 
-1.021565 -17.710207 
-1.155856 -17.710207 
-1.286043 -25.307346 
-1.411649 -59.494470 
-1.532227 -70.890178 
-1.647335 -74.688747 
-1.756576 -112.674440 
-1.859571 -122.170864 
-1.955943 -122.170864 
-2.045346 -124.070148 
-2.127464 -139.264426 
-2.202004 -141.163710 
-2.268718 -152.559418 
-2.327330 -156.357988 
-2.377646 -182.947973 
-2.419494 -182.947973 
-2.452729 -188.645827 
-2.477226 -203.840104 
-2.492899 -203.840104 
-2.499692 -203.840104 
-2.497581 -213.336528 
-2.486575 -215.235812 
-2.466711 -220.933666 
-2.438060 -224.732236 
-2.400724 -226.631520 
-2.354836 -230.430090 
-2.300560 -232.329374 
-2.238089 -234.228659 
-2.167645 -239.926513 
-2.089489 -243.725082 
-2.003890 -239.926513 
-1.911096 -245.624367 
-1.811550 -241.825798 
-1.705541 -247.523652 
-1.593457 -245.624367 
-1.475697 -253.221506 
-1.352680 -245.624367 
-1.224857 -236.127944 
-1.092659 -239.926513 
-0.956569 -222.832951 
-0.817071 -224.732236 
-0.674677 -220.933666 
-0.529880 -213.336528 
-0.383181 -203.840104 
-0.235117 -205.739389 
-0.086231 -196.242966 
0.062977 -190.545112 
0.211962 -181.048688 
0.360191 -173.451550 
0.507137 -156.357988 
0.652276 -72.789462 
0.795093 -32.904485 
0.935062 14.577632 
1.071701 24.074055 
1.204537 39.268333 
1.333070 62.059749 
1.456892 54.462610 
1.575498 79.153311 
1.688492 79.153311 
1.795471 92.448303 
1.896045 113.340435 
1.989866 122.836858 
2.076608 132.333281 
2.155954 145.628274 
2.227612 141.829705 
2.291337 158.923266 
2.346901 162.721836 
2.394112 160.822551 
2.432794 168.419690 
2.462807 179.815398 
2.484051 196.908960 
2.496446 196.908960 
2.499949 212.103237 
2.494549 217.801091 
2.480262 214.002522 
2.457139 221.599660 
2.425264 236.793938 
2.384755 231.096084 
2.335752 232.995368 
2.278424 231.096084 
2.212973 242.491792 
2.139646 242.491792 
2.058696 236.793938 
1.970422 240.592507 
1.875121 236.793938 
1.773151 238.693222 
1.664866 244.391076 
1.550639 244.391076 
1.430902 240.592507 
1.306068 238.693222 
1.176570 227.297514 
1.042880 236.793938 
0.905475 221.599660 
0.764859 206.405383 
0.621505 215.901806 
0.475936 214.002522 
0.328673 200.707529 
0.180238 196.908960 
0.031177 187.412536 
-0.118026 187.412536 
-0.266778 177.916113 
-0.414595 170.318974 
-0.560935 162.721836 
-0.705277 153.225412 
-0.847092 111.441150 
-0.985891 39.268333 
-1.121191 -19.609492 
-1.252485 -23.408061 
-1.379318 -40.501623 
-1.501251 -55.695901 
-1.617836 -70.890178 
-1.728658 -106.976586 
-1.833312 -112.674440 
-1.931446 -124.070148 
-2.022700 -120.271579 
-2.106749 -129.768002 
-2.183301 -143.062995 
-2.252074 -148.760849 
-2.312817 -154.458703 
-2.365316 -169.652980 
-2.409392 -182.947973 
-2.444886 -190.545112 
-2.471673 -194.343681 
-2.489656 -205.739389 
-2.498775 -203.840104 
-2.498993 -213.336528 
-2.490311 -213.336528 
-2.472761 -217.135097 
-2.446403 -226.631520 
-2.411333 -222.832951 
-2.367675 -232.329374 
-2.315578 -234.228659 
-2.255233 -241.825798 
-2.186862 -239.926513 
-2.110695 -239.926513 
-2.027018 -241.825798 
-1.936121 -243.725082 
-1.838329 -249.422936 
-1.733979 -245.624367 
-1.623452 -247.523652 
-1.507155 -253.221506 
-1.385490 -238.027228 
-1.258877 -243.725082 
-1.127793 -236.127944 
-0.992693 -224.732236 
-0.854043 -232.329374 
-0.712366 -215.235812 
-0.568151 -222.832951 
-0.421913 -203.840104 
-0.274172 -203.840104 
-0.125424 -194.343681 
0.023770 -184.847258 
0.172880 -188.645827 
0.321359 -181.048688 
0.468693 -177.250119 
0.614372 -133.566572 
0.757833 -48.098762 
0.898595 -21.508777 
1.036157 25.973340 
1.170029 24.074055 
1.299747 58.261179 
1.424834 56.361895 
1.544835 71.556172 
1.659333 75.354741 
1.767922 88.649734 
1.870204 109.541865 
1.965836 113.340435 
2.054485 122.836858 
2.135797 134.232566 
2.209503 132.333281 
2.275340 157.023982 
2.333074 153.225412 
2.382503 164.621120 
2.423445 168.419690 
2.455754 170.318974 
2.479314 185.513252 
2.494044 195.009675 
2.499891 208.304668 
2.496834 217.801091 
2.484883 214.002522 
2.464080 219.700376 
2.434503 238.693222 
2.396252 231.096084 
2.349464 231.096084 
2.294314 240.592507 
2.230978 236.793938 
2.159709 236.793938 
2.080732 234.894653 
1.994350 231.096084 
1.900864 244.391076 
1.800607 234.894653 
1.693936 251.988215 
1.581242 238.693222 
1.462905 236.793938 
1.339356 242.491792 
1.211050 236.793938 
1.078430 232.995368 
0.941970 225.398230 
0.802140 227.297514 
0.659454 212.103237 
0.514418 214.002522 
0.367549 198.808244 
0.219372 198.808244 
0.070428 195.009675 
-0.078782 183.613967 
-0.227712 181.714682 
-0.375815 170.318974 
-0.522579 166.520405 
-0.667497 155.124697 
-0.810038 122.836858 
-0.949693 44.966187 
-1.085965 -21.508777 
-1.218368 -21.508777 
-1.346419 -32.904485 
-1.469674 -67.091609 
-1.587719 -65.192324 
-1.700084 -99.379448 
-1.806406 -112.674440 
-1.906292 -105.077302 
-1.999388 -118.372294 
-2.085362 -127.868718 
-2.163907 -131.667287 
-2.234744 -152.559418 
-2.297621 -160.156557 
-2.352313 -163.955126 
-2.398625 -167.753696 
-2.436390 -186.746542 
-2.465483 -200.041535 
-2.485791 -207.638674 
-2.497242 -211.437243 
-2.499798 -211.437243 
-2.493452 -220.933666 
-2.478223 -213.336528 
-2.454166 -220.933666 
-2.421367 -226.631520 
-2.379943 -239.926513 
-2.330041 -228.530805 
-2.271846 -234.228659 
-2.205566 -243.725082 
-2.131409 -236.127944 
-2.049676 -239.926513 
-1.960642 -241.825798 
-1.864616 -253.221506 
-1.761948 -249.422936 
-1.653014 -249.422936 
-1.538206 -245.624367 
-1.417895 -257.020075 
-1.292547 -247.523652 
-1.162595 -239.926513 
-1.028503 -234.228659 
-0.890748 -238.027228 
-0.749806 -226.631520 
-0.606207 -219.034382 
-0.460450 -211.437243 
-0.313053 -205.739389 
-0.164541 -203.840104 
-0.015428 -200.041535 
0.133741 -188.645827 
0.282433 -192.444396 
0.430119 -169.652980 
0.576272 -143.062995 
0.720359 -51.897331 
0.861894 -15.810923 
1.000344 10.779063 
1.135246 29.771909 
1.266104 50.664041 
1.392465 52.563325 
1.513852 65.858318 
1.629834 75.354741 
1.740013 88.649734 
1.843994 100.045442 
1.941417 119.038289 
2.031934 122.836858 
2.115203 136.131851 
2.190930 143.728989 
2.258861 149.426843 
2.318750 166.520405 
2.370374 155.124697 
2.413553 166.520405 
2.448136 164.621120 
2.473997 193.110390 
2.491046 193.110390 
2.499220 198.808244 
2.498494 214.002522 
2.488868 219.700376 
2.470376 215.901806 
2.443088 231.096084 
2.407099 232.995368 
2.362531 227.297514 
2.309542 240.592507 
2.248332 236.793938 
2.179119 236.793938 
2.102138 244.391076 
2.017677 232.995368 
1.926031 242.491792 
1.827525 236.793938 
1.722488 251.988215 
1.611338 234.894653 
1.494448 240.592507 
1.372224 246.290361 
1.245111 227.297514 
1.113577 236.793938 
0.978063 227.297514 
0.839065 219.700376 
0.696547 227.297514 
0.552084 206.405383 
0.405654 204.506098 
0.257780 200.707529 
0.108987 196.908960 
-0.040209 191.211106 
-0.189262 158.923266 
-0.337625 172.218259 
-0.484801 166.520405 
-0.630250 164.621120 
-0.773440 120.937573 
-0.913875 65.858318 
-1.051055 -2.515930 
-1.184492 -29.105915 
-1.313723 -23.408061 
-1.438262 -67.091609 
-1.557691 -118.372294 
-1.671559 -74.688747 
-1.779496 -116.473010 
-1.881073 -150.660134 
-1.975960 -116.473010 
-2.063807 -127.868718 
-2.144304 -141.163710 
-2.217154 -148.760849 
-2.282115 -152.559418 
-2.338941 -179.149404 
-2.387441 -173.451550 
-2.427437 -181.048688 
-2.458783 -200.041535 
-2.481376 -203.840104 
-2.495127 -209.537958 
-2.499990 -215.235812 
-2.495951 -215.235812 
-2.483020 -215.235812 
-2.461244 -213.336528 
-2.430705 -220.933666 
-2.391508 -226.631520 
-2.343795 -234.228659 
-2.287728 -239.926513 
-2.223511 -230.430090 
-2.151382 -245.624367 
-2.071582 -239.926513 
-1.984412 -241.825798 
-1.890165 -255.120790 
-1.789174 -243.725082 
-1.681831 -247.523652 
-1.568498 -247.523652 
-1.449579 -241.825798 
-1.325497 -238.027228 
-1.196681 -238.027228 
-1.063603 -228.530805 
-0.926735 -228.530805 
-0.786552 -215.235812 
-0.643596 -217.135097 
-0.498318 -230.430090 
-0.351295 -209.537958 
-0.203005 -194.343681 
-0.054008 -190.545112 
0.095197 -190.545112 
0.244063 -177.250119 
0.392060 -175.350834 
0.538660 -162.055842 
0.683326 -93.681594 
0.825559 -23.408061 
0.964852 -2.515930 
1.100722 31.671194 
1.232671 43.066902 
1.360216 54.462610 
1.482929 56.361895 
1.601067 69.656887 
1.712761 81.052595 
1.818343 100.045442 
1.917458 111.441150 
2.009735 109.541865 
2.094962 136.131851 
2.172610 134.232566 
2.242520 155.124697 
2.304444 166.520405 
2.358160 155.124697 
2.403482 176.016828 
2.440243 170.318974 
2.468311 185.513252 
2.487586 189.311821 
2.498000 202.606814 
2.499515 214.002522 
2.492129 196.908960 
2.475862 215.901806 
2.450774 225.398230 
2.416954 225.398230 
2.374532 227.297514 
2.323648 234.894653 
2.264493 232.995368 
2.197266 242.491792 
2.122220 250.088930 
2.039615 234.894653 
1.949747 215.901806 
1.852935 238.693222 
1.749512 242.491792 
1.639858 238.693222 
1.524374 236.793938 
1.403423 238.693222 
1.277511 236.793938 
1.147048 236.793938 
1.012487 229.196799 
0.874318 227.297514 
0.733050 223.498945 
0.589171 210.203952 
0.443179 208.304668 
0.295623 200.707529 
0.147015 202.606814 
-0.002117 198.808244 
-0.151257 187.412536 
-0.299858 176.016828 
-0.447406 170.318974 
-0.593345 166.520405 
-0.737171 130.433997 
-0.878356 69.656887 
-1.016413 -6.314499 
-1.150850 -13.911638 
-1.281201 -27.206631 
-1.406989 -61.393755 
-1.527764 -63.293039 
-1.643098 -91.782309 
-1.752578 -120.271579 
-1.855806 -112.674440 
-1.952433 -112.674440 
-2.042096 -124.070148 
-2.124503 -135.465856 
-2.199341 -143.062995 
-2.266342 -148.760849 
-2.325258 -158.257272 
-2.375887 -171.552265 
-2.418064 -188.645827 
-2.451628 -211.437243 
-2.476458 -196.242966 
-2.492467 -209.537958 
-2.499597 -203.840104 
-2.497824 -211.437243 
-2.487151 -220.933666 
-2.467620 -224.732236 
-2.439299 -220.933666 
-2.402292 -236.127944 
-2.356725 -238.027228 
-2.302763 -234.228659 
-2.240605 -247.523652 
-2.170459 -245.624367 
-2.092581 -238.027228 
-2.007149 -243.725082 
-1.914670 -253.221506 
-1.815360 -251.322221 
-1.709595 -251.322221 
-1.597742 -251.322221 
-1.480186 -241.825798 
-1.357357 -245.624367 
-1.229693 -232.329374 
-1.097663 -236.127944 
-0.961723 -224.732236 
-0.822358 -222.832951 
-0.680035 -217.135097 
-0.535303 -215.235812 
-0.388650 -207.638674 
-0.240627 -198.142250 
-0.091732 -201.940820 
0.057459 -186.746542 
0.206446 -190.545112 
0.354712 -181.048688 
0.501700 -158.257272 
0.646917 -87.983740 
0.789843 -19.609492 
0.929926 -0.616645 
1.066781 27.872625 
1.199765 37.369048 
1.328488 52.563325 
1.452452 60.160464 
1.571268 65.858318 
1.684474 77.254026 
1.791669 79.153311 
1.892493 103.844011 
1.986585 107.642581 
2.073590 130.433997 
2.153216 138.031135 
2.225164 151.326128 
2.289185 172.218259 
2.345052 160.822551 
2.392561 166.520405 
2.431552 170.318974 
2.461879 179.815398 
2.483439 183.613967 
2.496155 191.211106 
2.499978 204.506098 
2.494895 214.002522 
2.480925 210.203952 
2.458120 225.398230 
2.426558 234.894653 
2.386351 223.498945 
2.337644 244.391076 
2.280603 231.096084 
2.215444 244.391076 
2.142400 242.491792 
2.061727 236.793938 
1.973692 236.793938 
1.878636 238.693222 
1.776887 242.491792 
1.668808 242.491792 
1.554797 238.693222 
1.435236 238.693222 
1.310576 227.297514 
1.181248 236.793938 
1.047713 231.096084 
0.910446 225.398230 
0.769923 227.297514 
0.626657 219.700376 
0.481174 215.901806 
0.333961 212.103237 
0.185575 202.606814 
0.036527 191.211106 
-0.112681 183.613967 
-0.261472 183.613967 
-0.409317 174.117544 
-0.555704 160.822551 
-0.700112 151.326128 
-0.842041 113.340435 
-0.980971 39.268333 
-1.116392 -21.508777 
-1.247851 -15.810923 
-1.374865 -32.904485 
-1.496981 -61.393755 
-1.613753 -63.293039 
-1.724788 -87.983740 
-1.829670 -120.271579 
-1.928054 -118.372294 
-2.019551 -120.271579 
-2.103855 -127.868718 
-2.180674 -135.465856 
-2.249732 -148.760849 
-2.310762 -162.055842 
-2.363568 -167.753696 
-2.407950 -184.847258 
-2.443756 -192.444396 
-2.470913 -190.545112 
-2.489197 -203.840104 
-2.498614 -213.336528 
-2.499130 -205.739389 
-2.490743 -226.631520 
-2.473485 -222.832951 
-2.447415 -222.832951 
-2.412627 -228.530805 
-2.369240 -234.228659 
-2.317417 -232.329374 
-2.257346 -243.725082 
-2.189228 -243.725082 
-2.113304 -243.725082 
-2.029858 -238.027228 
-1.939192 -245.624367 
-1.841609 -251.322221 
-1.737477 -247.523652 
-1.627157 -243.725082 
-1.511030 -243.725082 
-1.389520 -241.825798 
-1.263047 -243.725082 
-1.132088 -238.027228 
-0.996941 -238.027228 
-0.858393 -230.430090 
-0.716788 -226.631520 
-0.572629 -220.933666 
-0.426446 -215.235812 
-0.278743 -211.437243 
-0.130048 -203.840104 
0.019110 -196.242966 
0.168200 -188.645827 
0.316721 -186.746542 
0.464084 -182.947973 
0.609809 -135.465856 
0.753361 -53.796616 
0.894216 -15.810923 
1.031914 20.275486 
1.165922 31.671194 
1.295789 56.361895 
1.421015 52.563325 
1.541192 63.959033 
1.655867 77.254026 
1.764645 81.052595 
1.867138 107.642581 
1.962982 117.139004 
2.051834 119.038289 
2.133387 143.728989 
2.207333 141.829705 
2.273425 164.621120 
2.331417 160.822551 
2.381101 164.621120 
2.422308 160.822551 
2.454886 181.714682 
2.478719 185.513252 
2.493722 177.916113 
2.499843 214.002522 
2.497061 217.801091 
2.485385 217.801091 
2.464855 225.398230 
2.435545 232.995368 
2.397559 225.398230 
2.351037 234.894653 
2.296143 236.793938 
2.233064 232.995368 
2.162038 251.988215 
2.083303 240.592507 
1.997157 244.391076 
1.903898 236.793938 
1.803858 246.290361 
1.697394 246.290361 
1.584873 234.894653 
1.466706 242.491792 
1.343328 238.693222 
1.215152 231.096084 
1.082661 244.391076 
0.946286 229.196799 
0.806568 227.297514 
0.663978 219.700376 
0.519008 214.002522 
0.372204 206.405383 
0.224060 198.808244 
0.075117 198.808244 
-0.074078 191.211106 
-0.223009 183.613967 
-0.371161 179.815398 
-0.517990 166.520405 
-0.662960 157.023982 
-0.805583 122.836858 
-0.945337 44.966187 
-1.081737 -13.911638 
-1.214256 -13.911638 
-1.342463 -25.307346 
-1.465876 -61.393755 
-1.584080 -65.192324 
-1.696653 -103.178017 
-1.803170 -122.170864 
-1.903254 -112.674440 
-1.996568 -120.271579 
-2.082771 -122.170864 
-2.161546 -135.465856 
-2.232624 -148.760849 
-2.295756 -156.357988 
-2.350699 -167.753696 
-2.397281 -175.350834 
-2.435320 -188.645827 
-2.464686 -194.343681 
-2.485274 -207.638674 
-2.497012 -219.034382 
-2.499855 -213.336528 
-2.493794 -224.732236 
-2.478850 -226.631520 
-2.455076 -224.732236 
-2.422557 -228.530805 
-2.381408 -228.530805 
-2.331782 -234.228659 
-2.273851 -236.127944 
-2.207821 -238.027228 
-2.133929 -245.624367 
-2.052437 -245.624367 
-1.963635 -243.725082 
-1.867830 -253.221506 
-1.765381 -245.624367 
-1.656623 -247.523652 
-1.541986 -245.624367 
-1.421858 -243.725082 
-1.296665 -245.624367 
-1.166842 -249.422936 
-1.032861 -236.127944 
-0.895187 -234.228659 
-0.754353 -228.530805 
-0.610817 -219.034382 
-0.465106 -232.329374 
-0.317737 -207.638674 
-0.169253 -205.739389 
-0.020134 -200.041535 
0.129041 -200.041535 
0.277756 -184.847258 
0.425466 -184.847258 
0.571676 -143.062995 
0.715850 -65.192324 
0.857474 -25.307346 
0.996043 14.577632 
1.131064 35.469763 
1.262070 41.167617 
1.388553 58.261179 
1.510103 62.059749 
1.626262 73.455457 
1.736630 79.153311 
1.840812 101.944727 
1.938439 113.340435 
2.029162 115.239719 
2.112666 138.031135 
2.188644 141.829705 
2.256827 149.426843 
2.316969 158.923266 
2.368903 168.419690 
2.412342 166.520405 
2.447193 177.916113 
2.473325 196.908960 
2.490649 191.211106 
2.499100 198.808244 
2.498650 219.700376 
2.489302 212.103237 
2.471087 214.002522 
2.444066 234.894653 
2.408337 227.297514 
2.364031 225.398230 
2.311311 236.793938 
2.250359 232.995368 
2.181392 251.988215 
2.104649 240.592507 
2.020408 232.995368 
1.928979 234.894653 
1.830681 238.693222 
1.725852 248.189646 
1.614875 240.592507 
1.498158 234.894653 
1.376105 234.894653 
1.249138 234.894653 
1.117721 242.491792 
0.982337 231.096084 
0.843439 225.398230 
0.701538 225.398230 
0.557137 221.599660 
0.410767 208.304668 
0.262903 196.908960 
0.114118 200.707529 
-0.035073 191.211106 
-0.184125 183.613967 
-0.332535 174.117544 
-0.479761 166.520405 
-0.625279 158.923266 
-0.768568 132.333281 
-0.909106 46.865471 
-1.046420 -15.810923 
-1.179993 -23.408061 
-1.309363 -38.602339 
-1.434070 -55.695901 
-1.553682 -63.293039 
-1.667759 -99.379448 
-1.775885 -105.077302 
-1.877696 -105.077302 
-1.972941 -116.473010 
-2.061026 -122.170864 
-2.141769 -131.667287 
-2.214876 -146.861564 
-2.280101 -150.660134 
-2.337198 -169.652980 
-2.385972 -175.350834 
-2.426248 -190.545112 
-2.457883 -203.840104 
-2.480768 -201.940820 
-2.494814 -217.135097 
-2.499972 -203.840104 
-2.496225 -220.933666 
-2.483588 -219.034382 
-2.462105 -219.034382 
-2.431851 -226.631520 
-2.392933 -228.530805 
-2.345497 -236.127944 
-2.289708 -238.027228 
-2.225764 -247.523652 
-2.153893 -239.926513 
-2.074316 -245.624367 
-1.987374 -247.523652 
-1.893352 -249.422936 
-1.792576 -243.725082 
-1.685424 -247.523652 
-1.572280 -243.725082 
-1.453523 -234.228659 
-1.329577 -245.624367 
-1.200906 -238.027228 
-1.067971 -234.228659 
-0.931219 -228.530805 
-0.791164 -224.732236 
-0.648292 -224.732236 
-0.503095 -205.739389 
-0.356091 -213.336528 
-0.207849 -200.041535 
-0.058867 -198.142250 
0.090340 -190.545112 
0.239210 -181.048688 
0.387244 -179.149404 
0.533883 -158.257272 
0.678635 -91.782309 
0.820955 -36.703054 
0.960380 6.980493 
1.096356 22.174771 
1.228427 39.268333 
1.356136 62.059749 
1.479001 60.160464 
1.596600 69.656887 
1.708523 82.951880 
1.814349 92.448303 
1.913724 109.541865 
2.006282 115.239719 
2.091701 124.736143 
2.169661 147.527558 
2.239884 147.527558 
2.302143 164.621120 
2.356193 166.520405 
2.401847 166.520405 
2.438950 164.621120 
2.467362 193.110390 
2.486988 183.613967 
2.497755 200.707529 
2.499626 208.304668 
2.492592 206.405383 
2.476680 215.901806 
2.451936 221.599660 
2.418460 238.693222 
2.376367 229.196799 
2.325814 242.491792 
2.266982 234.894653 
2.200068 244.391076 
2.125318 246.290361 
2.042829 240.592507 
1.953216 240.592507 
1.856626 231.096084 
1.753451 246.290361 
1.644032 242.491792 
1.528758 231.096084 
1.408026 244.391076 
1.282279 234.894653 
1.151950 236.793938 
1.017531 229.196799 
0.879487 229.196799 
0.738326 223.498945 
0.594519 217.801091 
0.448611 210.203952 
0.301104 208.304668 
0.152510 198.808244 
0.003387 195.009675 
-0.145747 185.513252 
-0.294362 176.016828 
-0.441959 168.419690 
-0.587952 145.628274 
-0.731850 153.225412 
-0.873157 107.642581 
-1.011339 33.570479 
-1.145919 -32.904485 
-1.276419 -13.911638 
-1.402385 -46.199477 
-1.523355 -63.293039 
-1.638899 -70.890178 
-1.748605 -101.278732 
-1.852082 -122.170864 
-1.948961 -116.473010 
-2.038898 -127.868718 
-2.121572 -131.667287 
-2.196682 -129.768002 
-2.263974 -158.257272 
-2.323196 -154.458703 
-2.374154 -173.451550 
-2.416649 -175.350834 
-2.450532 -194.343681 
-2.475688 -194.343681 
-2.492030 -201.940820 
-2.499491 -213.336528 
-2.498048 -211.437243 
-2.487706 -211.437243 
-2.468505 -224.732236 
-2.440508 -224.732236 
-2.403823 -230.430090 
-2.358577 -226.631520 
-2.304930 -243.725082 
-2.243075 -238.027228 
-2.173223 -241.825798 
-2.095638 -238.027228 
-2.010590 -243.725082 
-1.918372 -239.926513 
-1.819319 -249.422936 
-1.713798 -241.825798 
-1.602149 -241.825798 
-1.484804 -239.926513 
-1.362182 -241.825798 
-1.234710 -238.027228 
-1.102826 -238.027228 
-0.967028 -230.430090 
-0.827800 -224.732236 
-0.685610 -219.034382 
-0.540964 -220.933666 
-0.394390 -205.739389 
-0.246411 -203.840104 
-0.097555 -198.142250 
0.051634 -190.545112 
0.200638 -188.645827 
0.348928 -181.048688 
0.495976 -163.955126 
0.641272 -95.580878 
0.784283 -34.803769 
0.924487 8.879778 
1.061411 22.174771 
1.194555 48.764756 
1.323431 54.462610 
1.447606 58.261179 
1.566624 62.059749 
1.680050 90.549019 
1.787493 88.649734 
1.888570 109.541865 
1.982920 113.340435 
2.070217 124.736143 
2.150132 141.829705 
2.222390 145.628274 
2.286738 157.023982 
2.342941 158.923266 
2.390797 157.023982 
2.430138 158.923266 
2.460821 176.016828 
2.482739 183.613967 
2.495812 195.009675 
2.499996 208.304668 
2.495276 204.506098 
2.481668 212.103237 
2.459223 229.196799 
2.428019 231.096084 
2.388163 229.196799 
2.339805 234.894653 
2.283109 242.491792 
2.218286 244.391076 
2.145563 244.391076 
2.065190 240.592507 
1.977470 232.995368 
1.882707 240.592507 
1.781217 240.592507 
1.673404 234.894653 
1.559608 231.096084 
1.440279 244.391076 
1.315821 232.995368 
1.186663 238.693222 
1.053279 229.196799 
0.916142 231.096084 
0.775727 221.599660 
0.632578 215.901806 
0.487176 206.405383 
0.340039 204.506098 
0.191676 198.808244 
0.042645 195.009675 
-0.106538 185.513252 
-0.255356 183.613967 
-0.403265 166.520405 
-0.549737 155.124697 
-0.694252 143.728989 
-0.836278 115.239719 
-0.975326 1.282639 
-1.110901 -31.005200 
-1.242532 -15.810923 
-1.369725 -38.602339 
-1.492039 -65.192324 
-1.609110 -63.293039 
-1.720376 -105.077302 
-1.825516 -112.674440 
-1.924173 -116.473010 
-2.015966 -124.070148 
-2.100577 -124.070148 
-2.177706 -135.465856 
-2.247077 -152.559418 
-2.308438 -165.854411 
-2.361583 -167.753696 
-2.406315 -182.947973 
-2.442478 -196.242966 
-2.469935 -203.840104 
-2.488598 -198.142250 
-2.498394 -211.437243 
-2.499289 -211.437243 
-2.491280 -211.437243 
-2.474399 -224.732236 
-2.448702 -230.430090 
-2.414287 -228.530805 
-2.371273 -236.127944 
-2.319814 -234.228659 
-2.260087 -245.624367 
-2.192309 -236.127944 
-2.116721 -243.725082 
-2.033593 -241.825798 
-1.943222 -245.624367 
-1.845928 -253.221506 
-1.742047 -249.422936 
-1.631983 -257.020075 
-1.516095 -249.422936 
-1.394818 -245.624367 
-1.268574 -245.624367 
-1.137812 -238.027228 
-1.002984 -243.725082 
-0.864583 -230.430090 
-0.722941 -228.530805 
-0.577508 -219.034382 
-0.431370 -209.537958 
-0.283695 -209.537958 
-0.134994 -205.739389 
0.014173 -196.242966 
0.163289 -190.545112 
0.311808 -190.545112 
0.459232 -179.149404 
0.605020 -143.062995 
0.748652 -48.098762 
0.889618 -21.508777 
1.027415 20.275486 
1.161525 37.369048 
1.291512 54.462610 
1.416912 60.160464 
1.537253 60.160464 
1.652119 69.656887 
1.761112 98.146157 
1.863831 103.844011 
1.959902 103.844011 
2.048992 134.232566 
2.130785 128.534712 
2.205004 139.930420 
2.271360 166.520405 
2.329625 155.124697 
2.379587 166.520405 
2.421078 168.419690 
2.453947 181.714682 
2.478072 185.513252 
2.493368 196.908960 
2.499783 204.506098 
2.497295 212.103237 
2.485908 215.901806 
2.465665 221.599660 
2.436644 232.995368 
2.398944 225.398230 
2.352696 236.793938 
2.298061 242.491792 
2.235252 232.995368 
2.164121 246.290361 
2.085572 236.793938 
1.999626 229.196799 
1.906548 234.894653 
1.806679 242.491792 
1.700375 246.290361 
1.588025 229.196799 
1.469957 238.693222 
1.346700 238.693222 
1.218647 236.793938 
1.086252 232.995368 
0.950002 229.196799 
0.810339 221.599660 
0.667805 214.002522 
0.522906 214.002522 
0.376145 204.506098 
0.228014 204.506098 
0.079101 196.908960 
-0.070109 189.311821 
-0.219054 179.815398 
-0.367219 174.117544 
-0.514091 164.621120 
-0.659116 149.426843 
-0.801795 119.038289 
-0.941646 -6.314499 
-1.078115 -21.508777 
-1.210744 -17.710207 
-1.339074 -32.904485 
-1.462621 -48.098762 
-1.580959 -59.494470 
-1.693678 -87.983740 
-1.800375 -122.170864 
-1.900637 -106.976586 
-1.994139 -127.868718 
-2.080538 -125.969433 
-2.159518 -137.365141 
-2.230800 -148.760849 
-2.294144 -163.955126 
-2.349324 -160.156557 
-2.396130 -181.048688 
-2.434403 -188.645827 
-2.464008 -196.242966 
-2.484834 -200.041535 
-2.496812 -207.638674 
-2.499895 -209.537958 
-2.494073 -211.437243 
-2.479367 -219.034382 
-2.455826 -222.832951 
-2.423535 -226.631520 
-2.382623 -257.020075 
-2.333221 -238.027228 
-2.275504 -236.127944 
-2.209681 -241.825798 
-2.135987 -241.825798 
-2.054684 -247.523652 
-1.966071 -238.027228 
-1.870446 -251.322221 
-1.768169 -245.624367 
-1.659594 -245.624367 
-1.545109 -245.624367 
-1.425096 -243.725082 
-1.300032 -245.624367 
-1.170338 -228.530805 
-1.036462 -230.430090 
-0.898907 -230.430090 
-0.758123 -215.235812 
-0.614652 -220.933666 
-0.468991 -211.437243 
-0.321660 -203.840104 
-0.173198 -205.739389 
-0.024058 -196.242966 
0.125106 -186.746542 
0.273840 -181.048688 
0.421583 -177.250119 
0.567840 -165.854411 
0.712060 -82.285886 
0.853758 -8.213784 
0.992400 8.879778 
1.127508 27.872625 
1.258628 52.563325 
1.385250 65.858318 
1.506937 60.160464 
1.623233 69.656887 
1.733772 82.951880 
1.838134 100.045442 
1.935958 107.642581 
2.026885 115.239719 
2.110573 138.031135 
2.186760 136.131851 
2.255142 158.923266 
2.315498 157.023982 
2.367607 160.822551 
2.411277 168.419690 
2.446363 179.815398 
2.472734 187.412536 
2.490297 189.311821 
2.498989 206.405383 
2.498780 208.304668 
2.489668 214.002522 
2.471689 217.801091 
2.444901 227.297514 
2.409407 227.297514 
2.365330 231.096084 
2.312827 244.391076 
2.252079 240.592507 
2.183314 246.290361 
2.106772 240.592507 
2.022734 238.693222 
1.931483 236.793938 
1.833351 232.995368 
1.728689 238.693222 
1.617869 240.592507 
1.501285 231.096084 
1.379354 242.491792 
1.252535 232.995368 
1.121216 227.297514 
0.985930 231.096084 
0.847133 227.297514 
0.705289 219.700376 
0.560947 210.203952 
0.414622 210.203952 
0.266806 196.908960 
0.118054 200.707529 
-0.031134 185.513252 
-0.180195 185.513252 
-0.328615 174.117544 
-0.475864 168.419690 
-0.621419 164.621120 
-0.764775 124.736143 
-0.905406 69.656887 
-1.042813 -10.113069 
-1.176505 -17.710207 
-1.306006 -32.904485 
-1.430842 -55.695901 
-1.550594 -65.192324 
-1.664822 -82.285886 
-1.773121 -114.573725 
-1.875093 -110.775156 
-1.970386 -122.170864 
-2.058672 -120.271579 
-2.139631 -131.667287 
-2.212961 -143.062995 
-2.278400 -160.156557 
-2.335726 -154.458703 
-2.384742 -181.048688 
-2.425258 -192.444396 
-2.457134 -190.545112 
-2.480260 -203.840104 
-2.494547 -205.739389 
-2.499949 -207.638674 
-2.496447 -219.034382 
-2.484051 -215.235812 
-2.462807 -226.631520 
-2.432790 -232.329374 
-2.394111 -232.329374 
-2.346906 -236.127944 
-2.291336 -241.825798 
-2.221527 -238.027228 
-2.149172 -247.523652 
-2.069154 -243.725082 
-1.981774 -243.725082 
-1.887336 -253.221506 
-1.786177 -249.422936 
-1.678645 -245.624367 
-1.565133 -245.624367 
-1.446059 -243.725082 
-1.321808 -239.926513 
-1.192862 -238.027228 
-1.059680 -228.530805 
-0.922724 -228.530805 
-0.782467 -222.832951 
-0.639423 -220.933666 
-0.494117 -215.235812 
-0.347050 -207.638674 
-0.198748 -198.142250 
-0.049737 -196.242966 
0.099465 -190.545112 
0.248314 -182.947973 
0.396263 -173.451550 
0.542830 -163.955126 
0.687449 -84.185170 
0.829619 -29.105915 
0.968833 10.779063 
1.104652 22.174771 
1.236479 50.664041 
1.363914 54.462610 
1.486489 62.059749 
1.603745 69.656887 
1.715301 81.052595 
1.820735 98.146157 
1.919686 111.441150 
2.011808 115.239719 
2.096756 136.131851 
2.174236 124.736143 
2.243986 151.326128 
2.305735 160.822551 
2.359266 160.822551 
2.404390 166.520405 
2.440962 170.318974 
2.468831 195.009675 
2.487910 187.412536 
2.498128 198.808244 
2.499450 210.203952 
2.491869 215.901806 
2.475412 208.304668 
2.450137 229.196799 
2.416139 229.196799 
2.373540 225.398230 
2.322489 242.491792 
2.263149 232.995368 
2.195761 244.391076 
2.120544 244.391076 
2.037773 240.592507 
1.947744 234.894653 
1.850787 240.592507 
1.747227 242.491792 
1.637455 238.693222 
1.521826 242.491792 
1.400789 244.391076 
1.274761 236.793938 
1.144206 229.196799 
1.009576 234.894653 
0.871351 225.398230 
0.730022 223.498945 
0.586078 214.002522 
0.440047 212.103237 
0.292463 198.808244 
0.143838 195.009675 
-0.005330 195.009675 
-0.154464 185.513252 
-0.303063 172.218259 
-0.450567 174.117544 
-0.596451 158.923266 
-0.740211 128.534712 
-0.881349 58.261179 
-1.019333 -63.293039 
-1.153701 -19.609492 
-1.283946 -23.408061 
-1.409618 -53.796616 
-1.530270 -59.494470 
-1.645472 -89.883024 
-1.754814 -144.962280 
-1.857916 -112.674440 
-1.954390 -116.473010 
-2.043922 -124.070148 
-2.126155 -131.667287 
-2.200816 -148.760849 
-2.267651 -154.458703 
-2.326408 -163.955126 
-2.376866 -169.652980 
-2.418858 -192.444396 
-2.452237 -194.343681 
-2.476881 -196.242966 
-2.492705 -207.638674 
-2.499650 -211.437243 
-2.497693 -211.437243 
-2.486840 -217.135097 
-2.467130 -220.933666 
-2.438630 -226.631520 
-2.401444 -222.832951 
-2.355703 -239.926513 
-2.301576 -236.127944 
-2.239246 -245.624367 
-2.168939 -243.725082 
-2.090906 -241.825798 
-2.005425 -243.725082 
-1.912800 -247.523652 
-1.813350 -245.624367 
-1.707451 -243.725082 
-1.595459 -243.725082 
-1.477806 -245.624367 
-1.354877 -239.926513 
-1.227122 -236.127944 
-1.094996 -234.228659 
-0.958969 -226.631520 
-0.819540 -215.235812 
-0.677193 -226.631520 
-0.532344 -215.235812 
-0.385673 -209.537958 
-0.237628 -196.242966 
-0.088736 -198.142250 
0.060472 -192.444396 
0.209464 -181.048688 
0.357710 -184.847258 
0.504682 -167.753696 
0.649857 -99.379448 
0.792716 -31.005200 
0.932751 6.980493 
1.069464 22.174771 
1.202354 46.865471 
1.330962 60.160464 
1.454842 60.160464 
1.573551 62.059749 
1.686631 82.951880 
1.793705 92.448303 
1.894390 113.340435 
1.988338 109.541865 
2.075203 136.131851 
2.154668 136.131851 
2.226459 145.628274 
2.290327 164.621120 
2.346031 155.124697 
2.393384 164.621120 
2.432212 166.520405 
2.462375 185.513252 
2.483766 185.513252 
2.496312 196.908960 
2.499964 204.506098 
2.494711 214.002522 
2.480573 212.103237 
2.457597 223.498945 
2.425868 234.894653 
2.385501 227.297514 
2.336634 232.995368 
2.279449 240.592507 
2.214145 231.096084 
2.140957 251.988215 
2.060134 236.793938 
1.971964 234.894653 
1.876778 231.096084 
1.774917 242.491792 
1.666723 242.491792 
1.552593 236.793938 
1.432919 244.391076 
1.308165 242.491792 
1.178740 238.693222 
1.045129 232.995368 
0.907782 234.894653 
0.767201 221.599660 
0.623902 221.599660 
0.478367 214.002522 
0.331157 198.808244 
0.182753 198.808244 
0.033683 193.110390 
-0.115477 187.412536 
-0.264240 177.916113 
-0.412063 166.520405 
-0.558418 183.613967 
-0.702813 149.426843 
-0.844690 119.038289 
-0.983559 46.865471 
-1.118923 -17.710207 
-1.250315 -23.408061 
-1.377227 -34.803769 
-1.499234 -61.393755 
-1.615913 -61.393755 
-1.727235 -97.480163 
-1.831983 -114.573725 
-1.930195 -120.271579 
-2.021542 -124.070148 
-2.105696 -131.667287 
-2.182333 -133.566572 
-2.251198 -152.559418 
-2.312045 -158.257272 
-2.364668 -167.753696 
-2.408861 -175.350834 
-2.444477 -192.444396 
-2.471379 -192.444396 
-2.489482 -203.840104 
-2.498724 -198.142250 
-2.499039 -211.437243 
-2.490452 -213.336528 
-2.472994 -224.732236 
-2.446726 -220.933666 
-2.411743 -234.228659 
-2.368173 -226.631520 
-2.316164 -238.027228 
-2.255904 -243.725082 
-2.187608 -243.725082 
-2.111520 -249.422936 
-2.027918 -243.725082 
-1.937085 -247.523652 
-1.839362 -247.523652 
-1.735066 -249.422936 
-1.624611 -245.624367 
-1.508359 -243.725082 
-1.386733 -239.926513 
-1.260180 -245.624367 
-1.129112 -230.430090 
-0.994050 -234.228659 
-0.855447 -220.933666 
-0.713783 -224.732236 
-0.569591 -209.537958 
-0.423370 -213.336528 
-0.275642 -203.840104 
-0.126916 -196.242966 
