0.000002 5.081209 
0.015709 1.282639 
0.031415 -6.314499 
0.047120 -0.616645 
0.062823 1.282639 
0.078524 -2.515930 
0.094236 -4.415215 
0.109930 -2.515930 
0.125621 1.282639 
0.141307 -0.616645 
0.156987 1.282639 
0.172661 -0.616645 
0.188327 3.181924 
0.203986 -0.616645 
0.219638 -6.314499 
0.235281 -0.616645 
0.250914 6.980493 
0.266537 8.879778 
0.282149 27.872625 
0.297750 10.779063 
0.313339 12.678347 
0.328918 39.268333 
0.344483 27.872625 
0.360035 37.369048 
0.375573 33.570479 
0.391096 33.570479 
0.406603 25.973340 
0.422094 35.469763 
0.437569 43.066902 
0.453025 44.966187 
0.468464 41.167617 
0.483884 52.563325 
0.499286 46.865471 
0.514668 52.563325 
0.530028 46.865471 
0.545368 24.074055 
0.560686 46.865471 
0.575982 46.865471 
0.591255 12.678347 
0.606504 60.160464 
0.621730 58.261179 
0.636933 60.160464 
0.652110 54.462610 
0.667261 67.757603 
0.682386 69.656887 
0.697483 69.656887 
0.712554 69.656887 
0.727596 67.757603 
0.742610 77.254026 
0.757595 69.656887 
0.772550 75.354741 
0.787474 75.354741 
0.802366 75.354741 
0.817226 81.052595 
0.832056 81.052595 
0.846851 81.052595 
0.861612 81.052595 
0.876340 88.649734 
0.891035 92.448303 
0.905692 92.448303 
0.920316 86.750449 
0.934903 98.146157 
0.949454 101.944727 
0.963967 98.146157 
0.978443 100.045442 
0.992879 103.844011 
1.007269 105.743296 
1.021624 100.045442 
1.035940 94.347588 
1.050214 100.045442 
1.064447 105.743296 
1.078638 105.743296 
1.092788 111.441150 
1.106894 109.541865 
1.120957 113.340435 
1.134976 119.038289 
1.148950 111.441150 
1.162878 115.239719 
1.176761 115.239719 
1.190596 120.937573 
1.204384 124.736143 
1.218124 130.433997 
1.231818 128.534712 
1.245463 128.534712 
1.259059 132.333281 
1.272605 124.736143 
1.286099 132.333281 
1.299543 128.534712 
1.312934 126.635427 
1.326275 130.433997 
1.339563 130.433997 
1.352798 136.131851 
1.365983 138.031135 
1.379113 143.728989 
1.392186 139.930420 
1.405206 143.728989 
1.418169 141.829705 
1.431078 143.728989 
1.443929 145.628274 
1.456722 147.527558 
1.469460 143.728989 
1.482139 155.124697 
1.494759 155.124697 
1.507321 155.124697 
1.519822 160.822551 
1.532265 158.923266 
1.544645 160.822551 
1.556966 160.822551 
1.569225 174.117544 
1.581422 174.117544 
1.593556 160.822551 
1.605628 170.318974 
1.617637 176.016828 
1.629581 153.225412 
1.641460 168.419690 
1.653275 174.117544 
1.665025 162.721836 
1.676709 174.117544 
1.688326 181.714682 
1.699877 179.815398 
1.711361 174.117544 
1.722778 181.714682 
1.734129 176.016828 
1.745408 191.211106 
1.756620 189.311821 
1.767762 193.110390 
1.778834 191.211106 
1.789837 191.211106 
1.800769 195.009675 
1.811629 185.513252 
1.822418 196.908960 
1.833135 206.405383 
1.843778 204.506098 
1.854350 198.808244 
1.864848 198.808244 
1.875272 195.009675 
1.885622 193.110390 
1.895899 212.103237 
1.906100 210.203952 
1.916226 210.203952 
1.926276 215.901806 
1.936251 210.203952 
1.946148 204.506098 
1.955970 217.801091 
1.965715 215.901806 
1.975381 214.002522 
1.984969 219.700376 
1.994479 212.103237 
2.003910 215.901806 
2.013262 208.304668 
2.022534 214.002522 
2.031727 214.002522 
2.040839 223.498945 
2.049871 219.700376 
2.058821 227.297514 
2.067691 232.995368 
2.076479 223.498945 
2.085185 238.693222 
2.093808 232.995368 
2.102349 229.196799 
2.110808 244.391076 
2.119184 238.693222 
2.127476 234.894653 
2.135683 244.391076 
2.143805 250.088930 
2.151843 251.988215 
2.159797 242.491792 
2.167666 257.686069 
2.175449 250.088930 
2.183146 255.786784 
2.190757 259.585354 
2.198280 257.686069 
2.205717 257.686069 
2.213067 265.283208 
2.220330 259.585354 
2.227505 261.484638 
2.234592 265.283208 
2.241592 259.585354 
2.248502 259.585354 
2.255324 272.880346 
2.262057 267.182492 
2.268700 267.182492 
2.275254 269.081777 
2.281718 269.081777 
2.288092 274.779631 
2.294375 265.283208 
2.300568 269.081777 
2.306671 261.484638 
2.312682 274.779631 
2.318602 261.484638 
2.324430 242.491792 
2.330167 267.182492 
2.335811 261.484638 
2.341363 274.779631 
2.346823 270.981062 
2.352191 265.283208 
2.357466 244.391076 
2.362647 269.081777 
2.367736 263.383923 
2.372731 269.081777 
2.377632 267.182492 
2.382440 265.283208 
2.387153 267.182492 
2.391772 270.981062 
2.396297 274.779631 
2.400727 263.383923 
2.405061 267.182492 
2.409301 259.585354 
2.413447 269.081777 
2.417496 259.585354 
2.421451 265.283208 
2.425310 259.585354 
2.429073 257.686069 
2.432740 274.779631 
2.436311 259.585354 
2.439786 259.585354 
2.443165 259.585354 
2.446447 248.189646 
2.449632 267.182492 
2.452721 259.585354 
2.455713 274.779631 
2.458608 274.779631 
2.461406 286.175339 
2.464107 265.283208 
2.466711 278.578200 
2.469217 278.578200 
2.471626 280.477485 
2.473937 286.175339 
2.476150 284.276054 
2.478266 272.880346 
2.480284 282.376770 
2.482204 289.973908 
2.484026 278.578200 
2.485750 289.973908 
2.487375 282.376770 
2.488903 286.175339 
2.490332 282.376770 
2.491663 297.571047 
2.492895 288.074624 
2.494029 295.671762 
2.495065 280.477485 
2.496002 291.873193 
2.496841 288.074624 
2.497581 301.369616 
2.498223 284.276054 
2.498766 297.571047 
2.499211 299.470332 
2.499556 289.973908 
2.499803 289.973908 
2.499951 301.369616 
2.500000 297.571047 
2.499951 301.369616 
2.499802 303.268901 
2.499556 299.470332 
2.499210 295.671762 
2.498766 305.168186 
2.498223 301.369616 
2.497582 297.571047 
2.496842 305.168186 
2.496003 301.369616 
2.495066 291.873193 
2.494030 301.369616 
2.492896 303.268901 
2.491664 297.571047 
2.490333 297.571047 
2.488904 291.873193 
2.487376 282.376770 
2.485750 293.772478 
2.484027 295.671762 
2.482205 289.973908 
2.480285 286.175339 
2.478267 289.973908 
2.476151 289.973908 
2.473938 286.175339 
2.471627 282.376770 
2.469219 295.671762 
2.466713 297.571047 
2.464109 282.376770 
2.461409 284.276054 
2.458611 282.376770 
2.455716 289.973908 
2.452724 284.276054 
2.449635 291.873193 
2.446450 295.671762 
2.443168 289.973908 
2.439790 280.477485 
2.436315 289.973908 
2.432744 293.772478 
2.429077 291.873193 
2.425311 291.873193 
2.421452 295.671762 
2.417498 289.973908 
2.413448 255.786784 
2.409303 289.973908 
2.405063 276.678916 
2.400728 286.175339 
2.396298 282.376770 
2.391773 282.376770 
2.387154 272.880346 
2.382441 280.477485 
2.377634 267.182492 
2.372733 274.779631 
2.367738 267.182492 
2.362650 265.283208 
2.357469 265.283208 
2.352194 265.283208 
2.346827 267.182492 
2.341367 257.686069 
2.335815 263.383923 
2.330171 267.182492 
2.324434 265.283208 
2.318605 261.484638 
2.312685 259.585354 
2.306674 251.988215 
2.300571 250.088930 
2.294378 265.283208 
2.288094 255.786784 
2.281720 255.786784 
2.275256 250.088930 
2.268702 250.088930 
2.262059 255.786784 
2.255325 242.491792 
2.248503 259.585354 
2.241593 257.686069 
2.234593 257.686069 
2.227506 240.592507 
2.220331 257.686069 
2.213068 263.383923 
2.205718 253.887500 
2.198280 261.484638 
2.190757 259.585354 
2.182942 267.182492 
2.175243 257.686069 
2.167458 251.988215 
2.159588 267.182492 
2.151632 251.988215 
2.143592 253.887500 
2.135467 255.786784 
2.127257 259.585354 
2.118964 255.786784 
2.110581 251.988215 
2.102120 259.585354 
2.093576 255.786784 
2.084948 261.484638 
2.076239 274.779631 
2.067449 263.383923 
2.058576 263.383923 
2.049623 265.283208 
2.040589 263.383923 
2.031475 253.887500 
2.022279 269.081777 
2.013004 259.585354 
2.003650 261.484638 
1.994217 257.686069 
1.984705 251.988215 
1.975115 250.088930 
1.965445 251.988215 
1.955699 246.290361 
1.945876 248.189646 
1.935977 255.786784 
1.926000 257.686069 
1.915948 240.592507 
1.905820 248.189646 
1.895616 240.592507 
1.885338 242.491792 
1.874984 240.592507 
1.864557 236.793938 
1.854057 232.995368 
1.843484 236.793938 
1.832838 236.793938 
1.822120 244.391076 
1.811331 229.196799 
1.800469 231.096084 
1.789535 240.592507 
1.778531 227.297514 
1.767457 234.894653 
1.756314 225.398230 
1.745100 231.096084 
1.733817 236.793938 
1.722463 229.196799 
1.711044 227.297514 
1.699558 223.498945 
1.688004 225.398230 
1.676384 217.801091 
1.664697 219.700376 
1.652946 221.599660 
1.641130 225.398230 
1.629247 215.901806 
1.617302 214.002522 
1.605291 206.405383 
1.593218 214.002522 
1.581081 206.405383 
1.568882 200.707529 
1.556622 204.506098 
1.544299 206.405383 
1.531916 200.707529 
1.519473 208.304668 
1.506969 204.506098 
1.494406 206.405383 
1.481784 191.211106 
1.469104 200.707529 
1.456366 195.009675 
1.443569 195.009675 
1.430717 204.506098 
1.417807 198.808244 
1.404841 187.412536 
1.391821 191.211106 
1.378746 187.412536 
1.365616 185.513252 
1.352431 193.110390 
1.339193 195.009675 
1.325903 183.613967 
1.312561 181.714682 
1.299166 179.815398 
1.285719 181.714682 
1.272223 181.714682 
1.258677 174.117544 
1.245080 176.016828 
1.231435 181.714682 
1.217741 183.613967 
1.204000 179.815398 
1.190209 179.815398 
1.176371 177.916113 
1.162487 176.016828 
1.148557 166.520405 
1.134582 181.714682 
1.120562 181.714682 
1.106499 168.419690 
1.092391 174.117544 
1.078240 172.218259 
1.064046 160.822551 
1.049811 164.621120 
1.035533 168.419690 
1.021215 166.520405 
1.006858 160.822551 
0.992460 164.621120 
0.978024 147.527558 
0.963550 153.225412 
0.949038 157.023982 
0.934486 158.923266 
0.919898 153.225412 
0.905273 157.023982 
0.890613 151.326128 
0.875919 147.527558 
0.861189 153.225412 
0.846425 149.426843 
0.831627 141.829705 
0.816797 139.930420 
0.801936 139.930420 
0.787043 136.131851 
0.772119 138.031135 
0.757165 141.829705 
0.742179 128.534712 
0.727164 138.031135 
0.712122 128.534712 
0.697050 130.433997 
0.681952 126.635427 
0.666826 126.635427 
0.651673 130.433997 
0.636495 130.433997 
0.621293 132.333281 
0.606066 126.635427 
0.590814 124.736143 
0.575541 113.340435 
0.560244 107.642581 
0.544924 107.642581 
0.529584 103.844011 
0.514223 111.441150 
0.498839 105.743296 
0.483436 107.642581 
0.468016 103.844011 
0.452578 98.146157 
0.437121 98.146157 
0.421646 90.549019 
0.406154 96.246873 
0.390647 88.649734 
0.375123 84.851165 
0.359585 88.649734 
0.344033 86.750449 
0.328467 92.448303 
0.312890 92.448303 
0.297298 84.851165 
0.281695 88.649734 
0.266083 84.851165 
0.250458 75.354741 
0.234824 79.153311 
0.219182 77.254026 
0.203529 73.455457 
0.187869 71.556172 
0.172203 73.455457 
0.156530 56.361895 
0.140849 67.757603 
0.125164 65.858318 
0.109473 56.361895 
0.093779 62.059749 
0.078079 63.959033 
0.062377 60.160464 
0.046672 54.462610 
0.030967 62.059749 
0.015259 52.563325 
-0.000448 54.462610 
-0.016157 62.059749 
-0.031863 41.167617 
-0.047570 44.966187 
-0.063273 46.865471 
-0.078973 39.268333 
-0.094673 22.174771 
-0.110366 29.771909 
-0.126058 5.081209 
-0.141742 -4.415215 
-0.157421 -15.810923 
-0.173095 -21.508777 
-0.188761 -23.408061 
-0.204419 -15.810923 
-0.220070 -21.508777 
-0.235711 -21.508777 
-0.251345 -17.710207 
-0.266969 -25.307346 
-0.282583 -27.206631 
-0.298185 -27.206631 
-0.313774 -25.307346 
-0.329352 -23.408061 
-0.344919 -32.904485 
-0.360470 -21.508777 
-0.376006 -32.904485 
-0.391529 -31.005200 
-0.407037 -31.005200 
-0.422528 -29.105915 
-0.438001 -34.803769 
-0.453458 -42.400908 
-0.468895 -40.501623 
-0.484314 -42.400908 
-0.499714 -46.199477 
-0.515096 -44.300193 
-0.530457 -49.998047 
-0.545796 -40.501623 
-0.561115 -44.300193 
-0.576410 -44.300193 
-0.591682 -48.098762 
-0.606933 -44.300193 
-0.622158 -53.796616 
-0.637360 -51.897331 
-0.652535 -53.796616 
-0.667686 -53.796616 
-0.682811 -59.494470 
-0.697907 -65.192324 
-0.712976 -65.192324 
-0.728023 -61.393755 
-0.743035 -55.695901 
-0.758017 -59.494470 
-0.772971 -61.393755 
-0.787893 -61.393755 
-0.802784 -68.990893 
-0.817645 -67.091609 
-0.832472 -78.487316 
-0.847268 -78.487316 
-0.862029 -76.588032 
-0.876757 -72.789462 
-0.891450 -84.185170 
-0.906107 -82.285886 
-0.920728 -80.386601 
-0.935314 -86.084455 
-0.949864 -76.588032 
-0.964374 -93.681594 
-0.978846 -91.782309 
-0.993281 -84.185170 
-1.007677 -103.178017 
-1.022032 -97.480163 
-1.036348 -97.480163 
-1.050621 -103.178017 
-1.064854 -106.976586 
-1.079044 -105.077302 
-1.093193 -108.875871 
-1.107297 -103.178017 
-1.121359 -112.674440 
-1.135375 -118.372294 
-1.149346 -112.674440 
-1.163272 -125.969433 
-1.177154 -116.473010 
-1.190989 -112.674440 
-1.204777 -131.667287 
-1.218511 -127.868718 
-1.232204 -120.271579 
-1.245847 -133.566572 
-1.259440 -129.768002 
-1.272984 -124.070148 
-1.286478 -124.070148 
-1.299920 -129.768002 
-1.313311 -122.170864 
-1.326651 -146.861564 
-1.339940 -127.868718 
-1.353174 -135.465856 
-1.366354 -135.465856 
-1.379481 -133.566572 
-1.392554 -139.264426 
-1.405573 -135.465856 
-1.418536 -146.861564 
-1.431443 -143.062995 
-1.444292 -137.365141 
-1.457084 -143.062995 
-1.469818 -143.062995 
-1.482495 -146.861564 
-1.495113 -143.062995 
-1.507672 -150.660134 
-1.520173 -148.760849 
-1.532612 -150.660134 
-1.544993 -156.357988 
-1.557312 -150.660134 
-1.569568 -150.660134 
-1.581763 -163.955126 
-1.593896 -160.156557 
-1.605967 -165.854411 
-1.617974 -162.055842 
-1.629917 -169.652980 
-1.641796 -167.753696 
-1.653610 -169.652980 
-1.665358 -173.451550 
-1.677040 -181.048688 
-1.688658 -186.746542 
-1.700207 -177.250119 
-1.711689 -177.250119 
-1.723103 -179.149404 
-1.734449 -169.652980 
-1.745728 -188.645827 
-1.756937 -190.545112 
-1.768077 -171.552265 
-1.779148 -181.048688 
-1.790149 -186.746542 
-1.801077 -177.250119 
-1.811936 -175.350834 
-1.822722 -190.545112 
-1.833438 -188.645827 
-1.844079 -190.545112 
-1.854648 -194.343681 
-1.865144 -184.847258 
-1.875567 -190.545112 
-1.885918 -217.135097 
-1.896192 -190.545112 
-1.906393 -190.545112 
-1.916517 -192.444396 
-1.926565 -198.142250 
-1.936536 -196.242966 
-1.946433 -207.638674 
-1.956253 -201.940820 
-1.965995 -201.940820 
-1.975658 -209.537958 
-1.985244 -211.437243 
-1.994751 -201.940820 
-2.004181 -211.437243 
-2.013532 -211.437243 
-2.022803 -198.142250 
-2.031994 -217.135097 
-2.041105 -213.336528 
-2.050135 -207.638674 
-2.059084 -209.537958 
-2.067951 -213.336528 
-2.076737 -196.242966 
-2.085441 -226.631520 
-2.094062 -215.235812 
-2.102601 -201.940820 
-2.111058 -220.933666 
-2.119431 -217.135097 
-2.127719 -209.537958 
-2.135925 -232.329374 
-2.144045 -207.638674 
-2.152081 -213.336528 
-2.160033 -222.832951 
-2.167898 -200.041535 
-2.175678 -222.832951 
-2.183372 -219.034382 
-2.190979 -211.437243 
-2.198501 -226.631520 
-2.205937 -220.933666 
-2.213285 -211.437243 
-2.220546 -236.127944 
-2.227719 -211.437243 
-2.234803 -219.034382 
-2.241800 -234.228659 
-2.248708 -220.933666 
-2.255527 -226.631520 
-2.262257 -226.631520 
-2.268898 -211.437243 
-2.275449 -226.631520 
-2.281911 -226.631520 
-2.288282 -215.235812 
-2.294563 -228.530805 
-2.300754 -213.336528 
-2.306853 -222.832951 
-2.312862 -234.228659 
-2.318779 -219.034382 
-2.324605 -224.732236 
-2.330338 -234.228659 
-2.335981 -213.336528 
-2.341531 -247.523652 
-2.346988 -230.430090 
-2.352353 -234.228659 
-2.357624 -249.422936 
-2.362802 -222.832951 
-2.367888 -234.228659 
-2.372879 -243.725082 
-2.377778 -234.228659 
-2.382582 -247.523652 
-2.387293 -245.624367 
-2.391909 -241.825798 
-2.396430 -247.523652 
-2.400857 -226.631520 
-2.405190 -245.624367 
-2.409427 -241.825798 
-2.413569 -245.624367 
-2.417616 -249.422936 
-2.421568 -243.725082 
-2.425424 -257.020075 
-2.429185 -243.725082 
-2.432849 -279.811491 
-2.436417 -257.020075 
-2.439889 -255.120790 
-2.443265 -276.012922 
-2.446544 -255.120790 
-2.449727 -266.516498 
-2.452813 -255.120790 
-2.455802 -262.717929 
-2.458694 -264.617214 
-2.461489 -262.717929 
-2.464187 -272.214352 
-2.466788 -262.717929 
-2.469291 -272.214352 
-2.471696 -266.516498 
-2.474005 -270.315068 
-2.476215 -272.214352 
-2.478328 -274.113637 
-2.480343 -276.012922 
-2.482260 -270.315068 
-2.484079 -283.610060 
-2.485800 -270.315068 
-2.487423 -270.315068 
-2.488948 -268.415783 
-2.490374 -281.710775 
-2.491702 -264.617214 
-2.492931 -272.214352 
-2.494062 -272.214352 
-2.495095 -260.818644 
-2.496029 -279.811491 
-2.496865 -276.012922 
-2.497602 -272.214352 
-2.498241 -281.710775 
-2.498780 -281.710775 
-2.499222 -274.113637 
-2.499564 -302.602907 
-2.499808 -274.113637 
-2.499953 -279.811491 
-2.500000 -281.710775 
-2.499948 -281.710775 
-2.499797 -277.912206 
-2.499547 -281.710775 
-2.499199 -276.012922 
-2.498752 -277.912206 
-2.498207 -285.509345 
-2.497563 -279.811491 
-2.496820 -279.811491 
-2.495978 -281.710775 
-2.495038 -281.710775 
-2.494000 -274.113637 
-2.492863 -285.509345 
-2.491628 -279.811491 
-2.490294 -281.710775 
-2.488862 -291.207199 
-2.487332 -287.408629 
-2.485703 -283.610060 
-2.483977 -277.912206 
-2.482152 -287.408629 
-2.480230 -285.509345 
-2.478210 -279.811491 
-2.476092 -279.811491 
-2.473876 -285.509345 
-2.471562 -281.710775 
-2.469151 -279.811491 
-2.466642 -281.710775 
-2.464035 -283.610060 
-2.461332 -279.811491 
-2.458532 -285.509345 
-2.455634 -274.113637 
-2.452639 -276.012922 
-2.449548 -276.012922 
-2.446360 -281.710775 
-2.443075 -272.214352 
-2.439694 -279.811491 
-2.436216 -279.811491 
-2.432642 -279.811491 
-2.428972 -277.912206 
-2.425207 -281.710775 
-2.421345 -281.710775 
-2.417388 -285.509345 
-2.413335 -277.912206 
-2.409187 -279.811491 
-2.404944 -274.113637 
-2.400606 -272.214352 
-2.396174 -285.509345 
-2.391646 -281.710775 
-2.387025 -279.811491 
-2.382306 -281.710775 
-2.377496 -276.012922 
-2.372592 -276.012922 
-2.367594 -276.012922 
-2.362503 -289.307914 
-2.357319 -279.811491 
-2.352042 -279.811491 
-2.346672 -289.307914 
-2.341209 -287.408629 
-2.335655 -289.307914 
-2.330007 -289.307914 
-2.324268 -295.005768 
-2.318437 -289.307914 
-2.312514 -291.207199 
-2.306500 -291.207199 
-2.300395 -291.207199 
-2.294199 -287.408629 
-2.287912 -291.207199 
-2.281536 -289.307914 
-2.275070 -283.610060 
-2.268513 -295.005768 
-2.261876 -287.408629 
-2.255140 -283.610060 
-2.248316 -283.610060 
-2.241403 -279.811491 
-2.234401 -283.610060 
-2.227312 -283.610060 
-2.220134 -276.012922 
-2.212869 -279.811491 
-2.205516 -277.912206 
-2.198076 -281.710775 
-2.190550 -274.113637 
-2.182937 -276.012922 
-2.175238 -279.811491 
-2.167453 -279.811491 
-2.159582 -272.214352 
-2.151626 -277.912206 
-2.143586 -272.214352 
-2.135461 -270.315068 
-2.127251 -264.617214 
-2.118957 -272.214352 
-2.110578 -264.617214 
-2.102118 -262.717929 
-2.093574 -258.919360 
-2.084948 -253.221506 
-2.076240 -249.422936 
-2.067449 -249.422936 
-2.058578 -245.624367 
-2.049625 -257.020075 
-2.040591 -253.221506 
-2.031476 -260.818644 
-2.022282 -251.322221 
-2.013006 -251.322221 
-2.003651 -277.912206 
-1.994216 -251.322221 
-1.984705 -257.020075 
-1.975114 -251.322221 
-1.965445 -249.422936 
-1.955699 -255.120790 
-1.945876 -255.120790 
-1.935975 -241.825798 
-1.925999 -241.825798 
-1.915946 -245.624367 
-1.905817 -247.523652 
-1.895613 -238.027228 
-1.885335 -243.725082 
-1.874982 -241.825798 
-1.864555 -238.027228 
-1.854056 -234.228659 
-1.843481 -230.430090 
-1.832835 -234.228659 
-1.822117 -228.530805 
-1.811326 -243.725082 
-1.800464 -239.926513 
-1.789531 -226.631520 
-1.778526 -236.127944 
-1.767451 -232.329374 
-1.756308 -226.631520 
-1.745095 -228.530805 
-1.733812 -230.430090 
-1.722460 -234.228659 
-1.711042 -230.430090 
-1.699556 -230.430090 
-1.688002 -217.135097 
-1.676382 -228.530805 
-1.664694 -220.933666 
-1.652940 -211.437243 
-1.641124 -215.235812 
-1.629243 -211.437243 
-1.617297 -219.034382 
-1.605288 -219.034382 
-1.593215 -219.034382 
-1.581079 -219.034382 
-1.568881 -211.437243 
-1.556621 -196.242966 
-1.544300 -207.638674 
-1.531918 -217.135097 
-1.519475 -219.034382 
-1.506972 -215.235812 
-1.494408 -220.933666 
-1.481784 -207.638674 
-1.469103 -207.638674 
-1.456365 -211.437243 
-1.443569 -203.840104 
-1.430714 -203.840104 
-1.417804 -196.242966 
-1.404839 -186.746542 
-1.391817 -194.343681 
-1.378742 -188.645827 
-1.365611 -179.149404 
-1.352428 -181.048688 
-1.339189 -182.947973 
-1.325900 -182.947973 
-1.312556 -175.350834 
-1.299162 -173.451550 
-1.285716 -181.048688 
-1.272218 -188.645827 
-1.258672 -184.847258 
-1.245074 -181.048688 
-1.231430 -179.149404 
-1.217734 -181.048688 
-1.203992 -171.552265 
-1.190200 -167.753696 
-1.176364 -181.048688 
-1.162481 -181.048688 
-1.148550 -169.652980 
-1.134574 -173.451550 
-1.120553 -173.451550 
-1.106488 -167.753696 
-1.092380 -167.753696 
-1.078231 -165.854411 
-1.064035 -169.652980 
-1.049800 -163.955126 
-1.035524 -152.559418 
-1.021204 -152.559418 
-1.006846 -160.156557 
-0.992448 -150.660134 
-0.978012 -154.458703 
-0.963536 -146.861564 
-0.949023 -150.660134 
-0.934472 -135.465856 
-0.919885 -139.264426 
-0.905260 -148.760849 
-0.890600 -127.868718 
-0.875906 -131.667287 
-0.861176 -135.465856 
-0.846412 -120.271579 
-0.831614 -135.465856 
-0.816785 -131.667287 
-0.801921 -122.170864 
-0.787025 -118.372294 
-0.772098 -120.271579 
-0.757142 -122.170864 
-0.742157 -120.271579 
-0.727143 -114.573725 
-0.712101 -112.674440 
-0.697030 -112.674440 
-0.681933 -116.473010 
-0.666808 -103.178017 
-0.651654 -105.077302 
-0.636475 -105.077302 
-0.621272 -105.077302 
-0.606039 -103.178017 
-0.590789 -106.976586 
-0.575515 -105.077302 
-0.560218 -105.077302 
-0.544898 -93.681594 
-0.529557 -93.681594 
-0.514196 -91.782309 
-0.498813 -82.285886 
-0.483412 -89.883024 
-0.467992 -86.084455 
-0.452553 -82.285886 
-0.437097 -84.185170 
-0.421623 -78.487316 
-0.406131 -72.789462 
-0.390625 -80.386601 
-0.375102 -76.588032 
-0.359564 -65.192324 
-0.344011 -72.789462 
-0.328445 -65.192324 
-0.312866 -67.091609 
-0.297275 -59.494470 
-0.281674 -59.494470 
-0.266060 -51.897331 
-0.250437 -65.192324 
-0.234802 -48.098762 
-0.219160 -53.796616 
-0.203509 -46.199477 
-0.187849 -44.300193 
-0.172181 -46.199477 
-0.156506 -36.703054 
-0.140825 -44.300193 
-0.125141 -46.199477 
-0.109449 -29.105915 
-0.093754 -31.005200 
-0.078054 -31.005200 
-0.062352 -31.005200 
-0.046648 -32.904485 
-0.030943 -29.105915 
-0.015237 -34.803769 
0.000470 -23.408061 
0.016179 -23.408061 
0.031886 -46.199477 
0.047591 -42.400908 
0.063296 -31.005200 
0.078997 -29.105915 
0.094694 -38.602339 
0.110388 -15.810923 
0.126081 -10.113069 
0.141769 12.678347 
0.157449 8.879778 
0.173122 -0.616645 
0.188788 6.980493 
0.204448 3.181924 
0.220098 -2.515930 
0.235739 -0.616645 
0.251375 8.879778 
0.266997 3.181924 
0.282609 18.376201 
0.298213 14.577632 
0.313804 22.174771 
0.329382 24.074055 
0.344945 37.369048 
0.360508 33.570479 
0.376173 12.678347 
0.391695 31.671194 
0.407202 48.764756 
0.422693 37.369048 
0.438167 41.167617 
0.453622 39.268333 
0.469059 44.966187 
0.484480 44.966187 
0.499879 43.066902 
0.515259 46.865471 
0.530620 44.966187 
0.545959 52.563325 
0.561276 50.664041 
0.576571 46.865471 
0.591845 46.865471 
0.607095 63.959033 
0.622321 52.563325 
0.637522 58.261179 
0.652698 31.671194 
0.667847 60.160464 
0.682970 67.757603 
0.698068 63.959033 
0.713136 71.556172 
0.728177 67.757603 
0.743188 69.656887 
0.758170 60.160464 
0.773123 75.354741 
0.788044 71.556172 
0.802937 73.455457 
0.817796 79.153311 
0.832622 82.951880 
0.847416 75.354741 
0.862176 82.951880 
0.876903 82.951880 
0.891596 77.254026 
0.906252 86.750449 
0.920873 92.448303 
0.935459 94.347588 
0.950006 92.448303 
0.964516 100.045442 
0.978988 100.045442 
0.993423 94.347588 
1.007817 107.642581 
1.022171 109.541865 
1.036485 111.441150 
1.050759 107.642581 
1.064991 109.541865 
1.079182 107.642581 
1.093329 117.139004 
1.107437 117.139004 
1.121497 120.937573 
1.135512 119.038289 
1.149483 119.038289 
1.163410 115.239719 
1.177290 120.937573 
1.191123 126.635427 
1.204909 124.736143 
1.218647 120.937573 
1.232341 122.836858 
1.245982 139.930420 
1.259575 136.131851 
1.273121 136.131851 
1.286615 122.836858 
1.300058 138.031135 
1.313450 136.131851 
1.326790 117.139004 
1.340077 139.930420 
1.353312 143.728989 
1.366494 141.829705 
1.379622 145.628274 
1.392695 143.728989 
1.405714 151.326128 
1.418676 147.527558 
1.431582 147.527558 
1.444432 147.527558 
1.457224 153.225412 
1.469959 158.923266 
1.482636 147.527558 
1.495255 155.124697 
1.507813 157.023982 
1.520313 170.318974 
1.532756 170.318974 
1.545134 157.023982 
1.557453 176.016828 
1.569711 172.218259 
1.581906 168.419690 
1.594039 168.419690 
1.606107 181.714682 
1.618112 179.815398 
1.630055 174.117544 
1.641934 185.513252 
1.653746 183.613967 
1.665493 187.412536 
1.677175 183.613967 
1.688790 204.506098 
1.700338 191.211106 
1.711820 191.211106 
1.723233 196.908960 
1.734580 187.412536 
1.745858 189.311821 
1.757068 200.707529 
1.768208 198.808244 
1.779278 189.311821 
1.790278 204.506098 
1.801207 200.707529 
1.812066 189.311821 
1.822852 195.009675 
1.833565 195.009675 
1.844206 196.908960 
1.854776 204.506098 
1.865270 208.304668 
1.875693 202.606814 
1.886041 214.002522 
1.896314 214.002522 
1.906512 212.103237 
1.916635 215.901806 
1.926683 215.901806 
1.936655 206.405383 
1.946551 217.801091 
1.956369 210.203952 
1.966110 204.506098 
1.975774 221.599660 
1.985358 227.297514 
1.994865 217.801091 
2.004293 229.196799 
2.013642 225.398230 
2.022911 232.995368 
2.032101 232.995368 
2.041210 227.297514 
2.050240 238.693222 
2.059188 236.793938 
2.068055 242.491792 
2.076840 240.592507 
2.085544 236.793938 
2.094164 250.088930 
2.102703 240.592507 
2.111158 242.491792 
2.119529 246.290361 
2.127818 240.592507 
2.136023 251.988215 
2.144143 253.887500 
2.152178 251.988215 
2.160128 250.088930 
2.167994 240.592507 
2.175774 242.491792 
2.183467 250.088930 
2.191074 246.290361 
2.198595 251.988215 
2.206028 255.786784 
2.213374 259.585354 
2.220634 251.988215 
2.227805 263.383923 
2.234889 251.988215 
2.241885 253.887500 
2.248792 261.484638 
2.255610 263.383923 
2.262339 253.887500 
2.268979 200.707529 
2.275530 251.988215 
2.281991 250.088930 
2.288361 251.988215 
2.294641 259.585354 
2.300830 253.887500 
2.306929 255.786784 
2.312936 251.988215 
2.318852 259.585354 
2.324677 259.585354 
2.330411 257.686069 
2.336052 261.484638 
2.341601 250.088930 
2.347057 255.786784 
2.352421 251.988215 
2.357691 255.786784 
2.362869 255.786784 
2.367954 251.988215 
2.372944 259.585354 
2.377841 255.786784 
2.382645 255.786784 
2.387354 265.283208 
2.391968 259.585354 
2.396488 274.779631 
2.400914 261.484638 
2.405245 270.981062 
2.409482 261.484638 
2.413623 272.880346 
2.417669 274.779631 
2.421619 269.081777 
2.425473 278.578200 
2.429232 274.779631 
2.432896 276.678916 
2.436463 276.678916 
2.439933 282.376770 
2.443308 272.880346 
2.446586 288.074624 
2.449767 276.678916 
2.452851 282.376770 
2.455839 282.376770 
2.458730 274.779631 
2.461524 284.276054 
2.464222 286.175339 
2.466821 280.477485 
2.469323 288.074624 
2.471727 280.477485 
2.474034 276.678916 
2.476243 284.276054 
2.478355 286.175339 
2.480368 286.175339 
2.482284 289.973908 
2.484102 293.772478 
2.485822 284.276054 
2.487443 289.973908 
2.488966 286.175339 
2.490391 295.671762 
2.491718 291.873193 
2.492947 301.369616 
2.494077 293.772478 
2.495108 288.074624 
2.496041 293.772478 
2.496875 305.168186 
2.497611 289.973908 
2.498248 295.671762 
2.498787 301.369616 
2.499227 301.369616 
2.499568 289.973908 
2.499811 288.074624 
2.499955 297.571047 
2.500000 299.470332 
2.499946 299.470332 
2.499794 289.973908 
2.499543 286.175339 
2.499194 297.571047 
2.498746 291.873193 
2.498199 286.175339 
2.497553 291.873193 
2.496809 291.873193 
2.495967 297.571047 
2.495026 291.873193 
2.493986 284.276054 
2.492848 293.772478 
2.491611 305.168186 
2.490276 289.973908 
2.488843 291.873193 
2.487312 284.276054 
2.485682 297.571047 
2.483954 293.772478 
2.482128 297.571047 
2.480205 299.470332 
2.478183 286.175339 
2.476064 284.276054 
2.473846 303.268901 
2.471531 295.671762 
2.469119 295.671762 
2.466609 295.671762 
2.464001 297.571047 
2.461297 297.571047 
2.458495 295.671762 
2.455596 295.671762 
2.452600 289.973908 
2.449507 291.873193 
2.446317 291.873193 
2.443031 284.276054 
2.439649 286.175339 
2.436171 293.772478 
2.432595 272.880346 
2.428924 284.276054 
2.425156 272.880346 
2.421293 282.376770 
2.417335 265.283208 
2.413281 288.074624 
2.409132 274.779631 
2.404888 274.779631 
2.400549 280.477485 
2.396116 282.376770 
2.391588 272.880346 
2.386965 270.981062 
2.382248 265.283208 
2.377437 274.779631 
2.372532 270.981062 
2.367533 263.383923 
2.362442 265.283208 
2.357256 263.383923 
2.351978 265.283208 
2.346607 269.081777 
2.341143 259.585354 
2.335587 272.880346 
2.329939 270.981062 
2.324199 280.477485 
2.318367 263.383923 
2.312443 274.779631 
2.306428 267.182492 
2.300321 274.779631 
2.294125 284.276054 
2.287838 286.175339 
2.281460 280.477485 
2.274993 272.880346 
2.268436 280.477485 
2.261788 280.477485 
2.255051 276.678916 
2.248226 274.779631 
2.241311 282.376770 
2.234308 280.477485 
2.227217 272.880346 
2.220038 267.182492 
2.212772 274.779631 
2.205419 286.175339 
2.197977 278.578200 
2.190449 276.678916 
2.182833 276.678916 
2.175132 278.578200 
2.167345 276.678916 
2.159473 289.973908 
2.151516 280.477485 
2.143472 280.477485 
2.135345 272.880346 
2.127135 274.779631 
2.118840 265.283208 
2.110460 265.283208 
2.101998 274.779631 
2.093454 265.283208 
2.084826 270.981062 
2.076117 259.585354 
2.067325 263.383923 
2.058453 257.686069 
2.049498 259.585354 
2.040462 259.585354 
2.031346 259.585354 
2.022148 255.786784 
2.012873 253.887500 
2.003517 255.786784 
1.994081 246.290361 
1.984568 248.189646 
1.974975 253.887500 
1.965306 255.786784 
1.955558 257.686069 
1.945734 244.391076 
1.935833 251.988215 
1.925855 255.786784 
1.915800 251.988215 
1.905670 251.988215 
1.895464 246.290361 
1.885185 246.290361 
1.874831 242.491792 
1.864404 236.793938 
1.853901 240.592507 
1.843327 238.693222 
1.832679 234.894653 
1.821959 244.391076 
1.811167 236.793938 
1.800304 234.894653 
1.789370 231.096084 
1.778364 232.995368 
1.767289 236.793938 
1.756144 234.894653 
1.744929 236.793938 
1.733646 232.995368 
1.722294 225.398230 
1.710874 234.894653 
1.699388 227.297514 
1.687833 223.498945 
1.676211 227.297514 
1.664522 227.297514 
1.652769 225.398230 
1.640952 227.297514 
1.629069 217.801091 
1.617123 223.498945 
1.605111 217.801091 
1.593038 210.203952 
1.580885 214.002522 
1.568686 212.103237 
1.556425 214.002522 
1.544100 215.901806 
1.531715 214.002522 
1.519270 221.599660 
1.506764 212.103237 
1.494199 214.002522 
1.481577 214.002522 
1.468896 206.405383 
1.456157 215.901806 
1.443358 202.606814 
1.430505 204.506098 
1.417595 206.405383 
1.404630 210.203952 
1.391607 200.707529 
1.378530 202.606814 
1.365398 206.405383 
1.352214 200.707529 
1.338975 200.707529 
1.325684 200.707529 
1.312338 196.908960 
1.298941 191.211106 
1.285495 196.908960 
1.271998 191.211106 
1.258450 196.908960 
1.244852 196.908960 
1.231206 191.211106 
1.217509 185.513252 
1.203766 187.412536 
1.189975 195.009675 
1.176136 187.412536 
1.162253 185.513252 
1.148324 185.513252 
1.134349 196.908960 
1.120328 189.311821 
1.106265 181.714682 
1.092156 181.714682 
1.078004 189.311821 
1.063805 187.412536 
1.049570 179.815398 
1.035294 181.714682 
1.020975 176.016828 
1.006617 176.016828 
0.992219 170.318974 
0.977781 168.419690 
0.963304 166.520405 
0.948790 155.124697 
0.934238 162.721836 
0.919649 155.124697 
0.905023 160.822551 
0.890362 153.225412 
0.875668 157.023982 
0.860937 155.124697 
0.846174 143.728989 
0.831377 149.426843 
0.816546 149.426843 
0.801683 151.326128 
0.786790 145.628274 
0.771864 138.031135 
0.756909 139.930420 
0.741923 147.527558 
0.726909 141.829705 
0.711865 145.628274 
0.696794 145.628274 
0.681696 136.131851 
0.666569 138.031135 
0.651417 141.829705 
0.636240 139.930420 
0.621036 128.534712 
0.605809 138.031135 
0.590556 138.031135 
0.575280 130.433997 
0.559982 124.736143 
0.544661 120.937573 
0.529321 117.139004 
0.513958 119.038289 
0.498576 117.139004 
0.483175 113.340435 
0.467751 119.038289 
0.452313 107.642581 
0.436854 109.541865 
0.421380 105.743296 
0.405888 103.844011 
0.390380 92.448303 
0.374855 105.743296 
0.359317 98.146157 
0.343766 90.549019 
0.328201 100.045442 
0.312624 88.649734 
0.297034 81.052595 
0.281432 82.951880 
0.265818 82.951880 
0.250195 79.153311 
0.234562 84.851165 
0.218918 73.455457 
0.203265 77.254026 
0.187606 71.556172 
0.171940 69.656887 
0.156265 77.254026 
0.140586 69.656887 
0.124901 62.059749 
0.109211 73.455457 
0.093514 69.656887 
0.077816 58.261179 
0.062114 62.059749 
0.046409 58.261179 
0.030704 56.361895 
0.014996 50.664041 
-0.000713 46.865471 
-0.016420 37.369048 
-0.032126 39.268333 
-0.047833 31.671194 
-0.063536 18.376201 
-0.079237 16.476917 
-0.094934 14.577632 
-0.110631 6.980493 
-0.126320 8.879778 
-0.142006 3.181924 
-0.157687 -0.616645 
-0.173359 1.282639 
-0.189025 -6.314499 
-0.204685 -8.213784 
-0.220338 -21.508777 
-0.235980 -17.710207 
-0.251612 -25.307346 
-0.267236 -29.105915 
-0.282852 -27.206631 
-0.298453 -36.703054 
-0.314043 -27.206631 
-0.329621 -36.703054 
-0.345186 -32.904485 
-0.360736 -29.105915 
-0.376274 -38.602339 
-0.391795 -38.602339 
-0.407300 -36.703054 
-0.422789 -46.199477 
-0.438263 -38.602339 
-0.453718 -36.703054 
-0.469157 -42.400908 
-0.484576 -42.400908 
-0.499975 -38.602339 
-0.515356 -51.897331 
-0.530716 -40.501623 
-0.546056 -53.796616 
-0.561373 -51.897331 
-0.576668 -48.098762 
-0.591940 -57.595185 
-0.607188 -53.796616 
-0.622477 -57.595185 
-0.637677 -53.796616 
-0.652852 -65.192324 
-0.668002 -57.595185 
-0.683125 -55.695901 
-0.698222 -68.990893 
-0.713292 -59.494470 
-0.728333 -59.494470 
-0.743345 -67.091609 
-0.758328 -72.789462 
-0.773282 -78.487316 
-0.788205 -72.789462 
-0.803095 -76.588032 
-0.817953 -82.285886 
-0.832780 -82.285886 
-0.847573 -80.386601 
-0.862335 -80.386601 
-0.877061 -87.983740 
-0.891752 -89.883024 
-0.906408 -80.386601 
-0.921028 -95.580878 
-0.935614 -93.681594 
-0.950164 -87.983740 
-0.964674 -89.883024 
-0.979146 -95.580878 
-0.993579 -95.580878 
-1.007973 -97.480163 
-1.022327 -105.077302 
-1.036640 -101.278732 
-1.050913 -101.278732 
-1.065145 -103.178017 
-1.079336 -110.775156 
-1.093483 -112.674440 
-1.107587 -114.573725 
-1.121646 -116.473010 
-1.135661 -112.674440 
-1.149633 -112.674440 
-1.163558 -120.271579 
-1.177437 -112.674440 
-1.191271 -120.271579 
-1.205058 -118.372294 
-1.218796 -120.271579 
-1.232487 -131.667287 
-1.246130 -131.667287 
-1.259722 -124.070148 
-1.273264 -133.566572 
-1.286756 -143.062995 
-1.300199 -131.667287 
-1.313589 -135.465856 
-1.326928 -143.062995 
-1.340217 -139.264426 
-1.353451 -152.559418 
-1.366630 -144.962280 
-1.379756 -154.458703 
-1.392827 -150.660134 
-1.405844 -158.257272 
-1.418806 -143.062995 
-1.431710 -146.861564 
-1.444559 -146.861564 
-1.457352 -150.660134 
-1.470085 -158.257272 
-1.482762 -163.955126 
-1.495380 -162.055842 
-1.507939 -163.955126 
-1.520437 -165.854411 
-1.532876 -167.753696 
-1.545255 -169.652980 
-1.557572 -175.350834 
-1.569830 -169.652980 
-1.582024 -177.250119 
-1.594155 -181.048688 
-1.606224 -179.149404 
-1.618231 -177.250119 
-1.630174 -184.847258 
-1.642053 -186.746542 
-1.653864 -182.947973 
-1.665611 -188.645827 
-1.677292 -184.847258 
-1.688906 -184.847258 
-1.700454 -182.947973 
-1.711935 -182.947973 
-1.723349 -186.746542 
-1.734695 -181.048688 
-1.745972 -186.746542 
-1.757179 -181.048688 
-1.768317 -184.847258 
-1.779386 -194.343681 
-1.790385 -184.847258 
-1.801314 -184.847258 
-1.812170 -188.645827 
-1.822955 -198.142250 
-1.833668 -196.242966 
-1.844309 -200.041535 
-1.854878 -190.545112 
-1.865373 -190.545112 
-1.875795 -205.739389 
-1.886143 -196.242966 
-1.896415 -203.840104 
-1.906613 -200.041535 
-1.916735 -209.537958 
-1.926783 -205.739389 
-1.936754 -215.235812 
-1.946648 -220.933666 
-1.956464 -207.638674 
-1.966205 -209.537958 
-1.975868 -203.840104 
-1.985452 -211.437243 
-1.994958 -220.933666 
-2.004385 -205.739389 
-2.013732 -211.437243 
-2.023001 -219.034382 
-2.032190 -200.041535 
-2.041299 -226.631520 
-2.050327 -220.933666 
-2.059274 -209.537958 
-2.068140 -220.933666 
-2.076924 -217.135097 
-2.085626 -213.336528 
-2.094246 -230.430090 
-2.102783 -217.135097 
-2.111238 -220.933666 
-2.119609 -224.732236 
-2.127895 -219.034382 
-2.136098 -234.228659 
-2.144218 -234.228659 
-2.152252 -217.135097 
-2.160202 -245.624367 
-2.168065 -232.329374 
-2.175844 -226.631520 
-2.183536 -241.825798 
-2.191142 -217.135097 
-2.198661 -234.228659 
-2.206094 -238.027228 
-2.213440 -224.732236 
-2.220699 -238.027228 
-2.227869 -226.631520 
-2.234952 -234.228659 
-2.241947 -241.825798 
-2.248853 -228.530805 
-2.255672 -230.430090 
-2.262400 -239.926513 
-2.269038 -228.530805 
-2.275588 -249.422936 
-2.282048 -224.732236 
-2.288418 -238.027228 
-2.294698 -251.322221 
-2.300886 -228.530805 
-2.306984 -249.422936 
-2.312991 -241.825798 
-2.318906 -234.228659 
-2.324730 -253.221506 
-2.330475 -226.631520 
-2.336115 -243.725082 
-2.341662 -245.624367 
-2.347118 -234.228659 
-2.352480 -258.919360 
-2.357751 -238.027228 
-2.362927 -245.624367 
-2.368011 -243.725082 
-2.373001 -228.530805 
-2.377897 -262.717929 
-2.382699 -239.926513 
-2.387407 -251.322221 
-2.392021 -241.825798 
-2.396541 -245.624367 
-2.400965 -258.919360 
-2.405295 -234.228659 
-2.409531 -291.207199 
-2.413670 -241.825798 
-2.417715 -245.624367 
-2.421664 -249.422936 
-2.425517 -245.624367 
-2.429275 -258.919360 
-2.432937 -251.322221 
-2.436504 -243.725082 
-2.439973 -251.322221 
-2.443373 -255.120790 
-2.446649 -260.818644 
-2.449829 -253.221506 
-2.452911 -264.617214 
-2.455898 -249.422936 
-2.458787 -257.020075 
-2.461579 -264.617214 
-2.464274 -255.120790 
-2.466871 -258.919360 
-2.469371 -266.516498 
-2.471774 -264.617214 
-2.474079 -260.818644 
-2.476286 -260.818644 
-2.478396 -272.214352 
-2.480408 -257.020075 
-2.482321 -270.315068 
-2.484137 -268.415783 
-2.485855 -274.113637 
-2.487474 -260.818644 
-2.488996 -277.912206 
-2.490419 -279.811491 
-2.491744 -274.113637 
-2.492970 -268.415783 
-2.494098 -272.214352 
-2.495127 -276.012922 
-2.496058 -264.617214 
-2.496891 -289.307914 
-2.497625 -281.710775 
-2.498260 -272.214352 
-2.498797 -279.811491 
-2.499235 -285.509345 
-2.499574 -272.214352 
-2.499815 -279.811491 
-2.499958 -277.912206 
-2.500000 -274.113637 
-2.499943 -279.811491 
-2.499787 -272.214352 
-2.499533 -281.710775 
-2.499180 -264.617214 
-2.498728 -277.912206 
-2.498178 -277.912206 
-2.497529 -281.710775 
-2.496781 -276.012922 
-2.495935 -274.113637 
-2.494991 -277.912206 
-2.493947 -281.710775 
-2.492806 -287.408629 
-2.491566 -291.207199 
-2.490227 -279.811491 
-2.488791 -285.509345 
-2.487256 -287.408629 
-2.485623 -281.710775 
-2.483891 -279.811491 
-2.482062 -279.811491 
-2.480135 -279.811491 
-2.478110 -274.113637 
-2.475987 -277.912206 
-2.473766 -279.811491 
-2.471448 -277.912206 
-2.469032 -272.214352 
-2.466518 -281.710775 
-2.463908 -279.811491 
-2.461199 -274.113637 
-2.458394 -283.610060 
-2.455491 -277.912206 
-2.452492 -287.408629 
-2.449396 -283.610060 
-2.446203 -287.408629 
-2.442914 -285.509345 
-2.439529 -279.811491 
-2.436047 -281.710775 
-2.432469 -274.113637 
-2.428794 -272.214352 
-2.425023 -276.012922 
-2.421158 -272.214352 
-2.417196 -279.811491 
-2.413140 -281.710775 
-2.408987 -276.012922 
-2.404740 -279.811491 
-2.400397 -272.214352 
-2.395960 -266.516498 
-2.391429 -274.113637 
-2.386803 -270.315068 
-2.382082 -272.214352 
-2.377268 -274.113637 
-2.372359 -264.617214 
-2.367357 -277.912206 
-2.362261 -274.113637 
-2.357073 -272.214352 
-2.351791 -274.113637 
-2.346417 -266.516498 
-2.340950 -274.113637 
-2.335391 -270.315068 
-2.329738 -264.617214 
-2.323995 -268.415783 
-2.318160 -272.214352 
-2.312232 -279.811491 
-2.306214 -270.315068 
-2.300105 -274.113637 
-2.293904 -279.811491 
-2.287613 -274.113637 
-2.281233 -272.214352 
-2.274762 -270.315068 
-2.268201 -272.214352 
-2.261550 -276.012922 
-2.254811 -270.315068 
-2.247982 -274.113637 
-2.241065 -274.113637 
-2.234058 -276.012922 
-2.226963 -287.408629 
-2.219781 -281.710775 
-2.212511 -279.811491 
-2.205154 -306.401476 
-2.197710 -281.710775 
-2.190178 -277.912206 
-2.182561 -302.602907 
-2.174858 -285.509345 
-2.167070 -274.113637 
-2.159195 -276.012922 
-2.151234 -283.610060 
-2.143189 -279.811491 
-2.135059 -281.710775 
-2.126845 -283.610060 
-2.118546 -279.811491 
-2.110163 -281.710775 
-2.101698 -281.710775 
-2.093151 -272.214352 
-2.084520 -272.214352 
-2.075808 -289.307914 
-2.067014 -272.214352 
-2.058136 -274.113637 
-2.049179 -279.811491 
-2.040140 -272.214352 
-2.031021 -270.315068 
-2.021821 -262.717929 
-2.012543 -268.415783 
-2.003185 -264.617214 
-1.993747 -255.120790 
-1.984231 -255.120790 
-1.974637 -255.120790 
-1.964964 -247.523652 
-1.955215 -249.422936 
-1.945388 -245.624367 
-1.935483 -255.120790 
-1.925504 -249.422936 
-1.915447 -241.825798 
-1.905315 -251.322221 
-1.895107 -255.120790 
-1.884825 -241.825798 
-1.874469 -243.725082 
-1.864038 -245.624367 
-1.853534 -239.926513 
-1.842956 -238.027228 
-1.832306 -230.430090 
-1.821584 -241.825798 
-1.810790 -234.228659 
-1.799924 -228.530805 
-1.788988 -238.027228 
-1.777981 -230.430090 
-1.766903 -236.127944 
-1.755755 -234.228659 
-1.744540 -232.329374 
-1.733254 -234.228659 
-1.721900 -226.631520 
-1.710479 -222.832951 
-1.698990 -220.933666 
-1.687433 -219.034382 
-1.675810 -226.631520 
-1.664121 -236.127944 
-1.652365 -219.034382 
-1.640544 -217.135097 
-1.628660 -249.422936 
-1.616710 -200.041535 
-1.604696 -213.336528 
-1.592619 -209.537958 
-1.580480 -209.537958 
-1.568278 -213.336528 
-1.556013 -211.437243 
-1.543689 -211.437243 
-1.531302 -207.638674 
-1.518856 -213.336528 
-1.506349 -211.437243 
-1.493783 -205.739389 
-1.481157 -200.041535 
-1.468475 -200.041535 
-1.455733 -200.041535 
-1.442933 -196.242966 
-1.430077 -207.638674 
-1.417165 -196.242966 
-1.404198 -194.343681 
-1.391173 -196.242966 
-1.378094 -188.645827 
-1.364962 -192.444396 
-1.351776 -200.041535 
-1.338536 -190.545112 
-1.325242 -196.242966 
-1.311896 -192.444396 
-1.298499 -182.947973 
-1.285050 -181.048688 
-1.271551 -184.847258 
-1.258000 -190.545112 
-1.244397 -190.545112 
-1.230750 -194.343681 
-1.217052 -188.645827 
-1.203307 -181.048688 
-1.189514 -181.048688 
-1.175674 -182.947973 
-1.161789 -167.753696 
-1.147855 -177.250119 
-1.133879 -171.552265 
-1.119858 -165.854411 
-1.105793 -162.055842 
-1.091684 -162.055842 
-1.077531 -163.955126 
-1.063337 -162.055842 
-1.049099 -150.660134 
-1.034821 -152.559418 
-1.020503 -144.962280 
-1.006144 -158.257272 
-0.991744 -154.458703 
-0.977306 -150.660134 
-0.962830 -150.660134 
-0.948315 -150.660134 
-0.933762 -146.861564 
-0.919172 -146.861564 
-0.904544 -150.660134 
-0.889883 -143.062995 
-0.875187 -141.163710 
-0.860456 -135.465856 
-0.845690 -135.465856 
-0.830892 -139.264426 
-0.816062 -131.667287 
-0.801197 -131.667287 
-0.786302 -141.163710 
-0.771375 -141.163710 
-0.756419 -127.868718 
-0.741432 -127.868718 
-0.726411 -135.465856 
-0.711367 -133.566572 
-0.696295 -150.660134 
-0.681196 -133.566572 
-0.666068 -124.070148 
-0.650918 -125.969433 
-0.635738 -124.070148 
-0.620535 -122.170864 
-0.605306 -112.674440 
-0.590053 -110.775156 
-0.574778 -110.775156 
-0.559477 -99.379448 
-0.544157 -108.875871 
-0.528815 -103.178017 
-0.513453 -89.883024 
-0.498069 -97.480163 
-0.482667 -95.580878 
-0.467245 -95.580878 
-0.451804 -82.285886 
-0.436345 -78.487316 
-0.420870 -68.990893 
-0.405378 -80.386601 
-0.389869 -82.285886 
-0.374346 -67.091609 
-0.358809 -76.588032 
-0.343256 -67.091609 
-0.327691 -55.695901 
-0.312113 -67.091609 
-0.296523 -68.990893 
-0.280920 -48.098762 
-0.265305 -55.695901 
-0.249680 -59.494470 
-0.234046 -61.393755 
-0.218402 -57.595185 
-0.202749 -53.796616 
-0.187089 -51.897331 
-0.171420 -46.199477 
-0.155745 -51.897331 
-0.140066 -46.199477 
-0.124379 -32.904485 
-0.108688 -48.098762 
-0.092992 -36.703054 
-0.077292 -31.005200 
-0.061590 -38.602339 
-0.045886 -23.408061 
-0.030181 -32.904485 
-0.014475 -29.105915 
