0.000032 -101.278732 
0.156999 -86.084455 
0.313363 -78.487316 
0.468474 -68.990893 
0.621752 -12.012353 
0.772561 -2.515930 
0.920321 20.275486 
1.064463 24.074055 
1.204391 43.066902 
1.339579 50.664041 
1.469468 69.656887 
1.593570 77.254026 
1.711370 82.951880 
1.822429 103.844011 
1.926284 101.944727 
2.022538 119.038289 
2.110819 124.736143 
2.190762 130.433997 
2.262060 147.527558 
2.324431 145.628274 
2.377635 176.016828 
2.421450 179.815398 
2.455711 174.117544 
2.480281 198.808244 
2.495064 198.808244 
2.500000 200.707529 
2.495069 214.002522 
2.480291 219.700376 
2.455721 214.002522 
2.421459 221.599660 
2.377646 221.599660 
2.324444 221.599660 
2.262075 234.894653 
2.190779 242.491792 
2.110830 234.894653 
2.022550 246.290361 
1.926297 232.995368 
1.822443 251.988215 
1.711397 244.391076 
1.593585 246.290361 
1.469484 232.995368 
1.339597 232.995368 
1.204423 231.096084 
1.064496 234.894653 
0.920369 223.498945 
0.772610 227.297514 
0.621803 217.801091 
0.468541 232.995368 
0.313431 210.203952 
0.157068 200.707529 
0.000101 198.808244 
-0.156866 187.412536 
-0.313215 187.412536 
-0.468327 170.318974 
-0.621592 170.318974 
-0.772403 155.124697 
-0.920182 105.743296 
-1.064314 12.678347 
-1.204246 -21.508777 
-1.339426 -25.307346 
-1.469321 -59.494470 
-1.593417 -61.393755 
-1.711226 -80.386601 
-1.822293 -105.077302 
-1.926158 -120.271579 
-2.022422 -124.070148 
-2.110713 -120.271579 
-2.190667 -124.070148 
-2.261982 -135.465856 
-2.324364 -150.660134 
-2.377574 -165.854411 
-2.421401 -165.854411 
-2.455677 -182.947973 
-2.480258 -196.242966 
-2.495053 -203.840104 
-2.500000 -207.638674 
-2.495081 -205.739389 
-2.480316 -215.235812 
-2.455764 -215.235812 
-2.421517 -222.832951 
-2.377712 -220.933666 
-2.324523 -239.926513 
-2.262159 -241.825798 
-2.190867 -253.221506 
-2.110936 -251.322221 
-2.022666 -249.422936 
-1.926423 -243.725082 
-1.822567 -243.725082 
-1.711518 -230.430090 
-1.593713 -241.825798 
-1.469631 -241.825798 
-1.339736 -238.027228 
-1.204568 -226.631520 
-1.064646 -226.631520 
-0.920508 -222.832951 
-0.772753 -224.732236 
-0.621947 -213.336528 
-0.468688 -207.638674 
-0.313563 -200.041535 
-0.157217 -196.242966 
-0.000250 -186.746542 
0.156733 -190.545112 
0.313083 -175.350834 
0.468196 -175.350834 
0.621463 -158.257272 
0.772276 -84.185170 
0.920058 -15.810923 
1.064208 16.476917 
1.204157 31.671194 
1.339341 54.462610 
1.469252 60.160464 
1.593352 73.455457 
1.711164 77.254026 
1.822235 88.649734 
1.926145 107.642581 
2.022419 109.541865 
2.110711 124.736143 
2.190673 136.131851 
2.261987 153.225412 
2.324368 160.822551 
2.377577 166.520405 
2.421404 179.815398 
2.455679 177.916113 
2.480261 183.613967 
2.495054 185.513252 
2.500000 206.405383 
2.495081 204.506098 
2.480317 215.901806 
2.455764 225.398230 
2.421518 221.599660 
2.377718 229.196799 
2.324530 238.693222 
2.262168 234.894653 
2.190885 231.096084 
2.110947 232.995368 
2.022678 236.793938 
1.926426 244.391076 
1.822581 240.592507 
1.711544 236.793938 
1.593753 238.693222 
1.469687 229.196799 
1.339794 231.096084 
1.204614 234.894653 
1.064694 225.398230 
0.920572 231.096084 
0.772802 221.599660 
0.621983 223.498945 
0.468708 214.002522 
0.313599 214.002522 
0.157253 208.304668 
0.000271 196.908960 
-0.156713 185.513252 
-0.313095 181.714682 
-0.468208 166.520405 
-0.621490 166.520405 
-0.772303 149.426843 
-0.920084 103.844011 
-1.064219 22.174771 
-1.204154 -19.609492 
-1.339337 -25.307346 
-1.469249 -55.695901 
-1.593361 -59.494470 
-1.711173 -82.285886 
-1.822244 -105.077302 
-1.926112 -127.868718 
-2.022388 -116.473010 
-2.110675 -127.868718 
-2.190632 -129.768002 
-2.261951 -133.566572 
-2.324343 -143.062995 
-2.377561 -167.753696 
-2.421391 -177.250119 
-2.455669 -179.149404 
-2.480253 -188.645827 
-2.495049 -209.537958 
-2.500000 -211.437243 
-2.495084 -209.537958 
-2.480321 -209.537958 
-2.455771 -219.034382 
-2.421531 -220.933666 
-2.377735 -220.933666 
-2.324550 -236.127944 
-2.262190 -251.322221 
-2.190910 -253.221506 
-2.110984 -255.120790 
-2.022718 -251.322221 
-1.926469 -253.221506 
-1.822628 -243.725082 
-1.711594 -243.725082 
-1.593806 -238.027228 
-1.469729 -234.228659 
-1.339852 -243.725082 
-1.204674 -232.329374 
-1.064741 -239.926513 
-0.920621 -228.530805 
-0.772868 -226.631520 
-0.622065 -219.034382 
-0.468791 -219.034382 
-0.313683 -203.840104 
-0.157322 -201.940820 
-0.000355 -200.041535 
0.156629 -190.545112 
0.312995 -190.545112 
0.468125 -173.451550 
0.621439 -156.357988 
0.772269 -72.789462 
0.920050 -21.508777 
1.064186 8.879778 
1.204136 41.167617 
1.339334 44.966187 
1.469246 65.858318 
1.593346 73.455457 
1.711158 71.556172 
1.822230 94.347588 
1.926099 103.844011 
2.022367 113.340435 
2.110655 124.736143 
2.190630 136.131851 
2.261943 143.728989 
2.324330 166.520405 
2.377550 168.419690 
2.421382 166.520405 
2.455662 185.513252 
2.480250 174.117544 
2.495049 185.513252 
2.500000 204.506098 
2.495084 208.304668 
2.480320 219.700376 
2.455766 225.398230 
2.421520 225.398230 
2.377716 225.398230 
2.324533 231.096084 
2.262178 242.491792 
2.190896 225.398230 
2.110969 236.793938 
2.022711 238.693222 
1.926472 244.391076 
1.822631 238.693222 
1.711585 234.894653 
1.593784 238.693222 
1.469693 231.096084 
1.339801 238.693222 
1.204621 234.894653 
1.064686 221.599660 
0.920565 232.995368 
0.772810 219.700376 
0.622006 215.901806 
0.468732 215.901806 
0.313607 204.506098 
0.157261 208.304668 
0.000279 193.110390 
-0.156689 181.714682 
-0.313039 183.613967 
-0.468153 166.520405 
-0.621420 176.016828 
-0.772234 149.426843 
-0.920001 100.045442 
-1.064138 24.074055 
-1.204076 -21.508777 
-1.339262 -27.206631 
-1.469177 -49.998047 
-1.593280 -70.890178 
-1.711097 -76.588032 
-1.822172 -99.379448 
-1.926045 -129.768002 
-2.022327 -124.070148 
-2.110618 -124.070148 
-2.190589 -131.667287 
-2.261907 -135.465856 
-2.324299 -146.861564 
-2.377524 -158.257272 
-2.421361 -171.552265 
-2.455643 -184.847258 
-2.480238 -194.343681 
-2.495042 -205.739389 
-2.500000 -211.437243 
-2.495091 -213.336528 
-2.480334 -213.336528 
-2.455788 -213.336528 
-2.421553 -217.135097 
-2.377757 -217.135097 
-2.324577 -232.329374 
-2.262228 -238.027228 
-2.190945 -257.020075 
-2.111014 -251.322221 
-2.022752 -251.322221 
-1.926516 -245.624367 
-1.822678 -253.221506 
-1.711647 -239.926513 
-1.593862 -239.926513 
-1.469788 -234.228659 
-1.339914 -243.725082 
-1.204724 -239.926513 
-1.064807 -226.631520 
-0.920673 -226.631520 
-0.772921 -228.530805 
-0.622104 -219.034382 
-0.468831 -215.235812 
-0.313708 -200.041535 
-0.157346 -203.840104 
-0.000380 -196.242966 
0.156588 -188.645827 
0.312938 -181.048688 
0.468069 -173.451550 
0.621353 -150.660134 
0.772169 -78.487316 
0.919938 -15.810923 
1.064105 20.275486 
1.204058 31.671194 
1.339245 60.160464 
1.469161 67.757603 
1.593277 60.160464 
1.711094 88.649734 
1.822169 96.246873 
1.926052 98.146157 
2.022334 111.441150 
2.110625 130.433997 
2.190587 139.930420 
2.261905 145.628274 
2.324297 158.923266 
2.377522 164.621120 
2.421364 174.117544 
2.455646 176.016828 
2.480239 185.513252 
2.495043 185.513252 
2.500000 198.808244 
2.495091 204.506098 
2.480337 212.103237 
2.455795 229.196799 
2.421558 214.002522 
2.377768 227.297514 
2.324590 236.793938 
2.262243 229.196799 
2.190970 234.894653 
2.111051 234.894653 
2.022792 238.693222 
1.926302 244.391076 
1.822437 242.491792 
1.711391 234.894653 
1.593592 231.096084 
1.469504 234.894653 
1.339603 234.894653 
1.204416 229.196799 
1.064474 234.894653 
0.920332 225.398230 
0.772526 227.297514 
0.621701 219.700376 
0.468438 212.103237 
0.313311 215.901806 
0.156947 202.606814 
-0.000020 195.009675 
-0.156987 183.613967 
-0.313335 181.714682 
-0.468462 166.520405 
-0.621725 158.923266 
-0.772549 124.736143 
-0.920309 46.865471 
-1.064453 -10.113069 
-1.204395 -21.508777 
-1.339583 -34.803769 
-1.469484 -59.494470 
-1.593573 -68.990893 
-1.711373 -89.883024 
-1.822421 -116.473010 
-1.926276 -112.674440 
-2.022531 -120.271579 
-2.110804 -129.768002 
-2.190748 -129.768002 
-2.262048 -135.465856 
-2.324420 -146.861564 
-2.377621 -171.552265 
-2.421439 -181.048688 
-2.455702 -173.451550 
-2.480277 -200.041535 
-2.495063 -205.739389 
-2.500000 -205.739389 
-2.495070 -211.437243 
-2.480293 -205.739389 
-2.455729 -215.235812 
-2.421475 -215.235812 
-2.377665 -226.631520 
-2.324467 -238.027228 
-2.262101 -243.725082 
-2.190809 -249.422936 
-2.110871 -241.825798 
-2.022595 -253.221506 
-1.926336 -241.825798 
-1.822484 -239.926513 
-1.711441 -241.825798 
-1.593644 -245.624367 
-1.469546 -243.725082 
-1.339661 -236.127944 
-1.204490 -257.020075 
-1.064566 -234.228659 
-0.920441 -226.631520 
-0.772683 -226.631520 
-0.621877 -220.933666 
-0.468617 -211.437243 
-0.313507 -203.840104 
-0.157161 -198.142250 
-0.000194 -196.242966 
0.156790 -188.645827 
0.313139 -190.545112 
0.468268 -169.652980 
0.621549 -137.365141 
0.772361 -68.990893 
0.920140 -19.609492 
1.064288 10.779063 
1.204221 31.671194 
1.339416 60.160464 
1.469311 60.160464 
1.593408 69.656887 
1.711217 82.951880 
1.822274 94.347588 
1.926140 103.844011 
2.022405 126.635427 
2.110690 126.635427 
2.190645 139.930420 
2.261956 157.023982 
2.324354 166.520405 
2.377570 158.923266 
2.421402 172.218259 
2.455674 174.117544 
2.480256 176.016828 
2.495052 189.311821 
2.500000 214.002522 
2.495082 204.506098 
2.480316 215.901806 
2.455760 231.096084 
2.421516 219.700376 
2.377716 221.599660 
2.324527 240.592507 
2.262164 234.894653 
2.190873 238.693222 
2.110934 240.592507 
2.022664 242.491792 
1.926410 246.290361 
1.822564 234.894653 
1.711526 240.592507 
1.593735 232.995368 
1.469654 232.995368 
1.339760 242.491792 
1.204593 225.398230 
1.064657 234.894653 
0.920519 231.096084 
0.772764 225.398230 
0.621959 214.002522 
0.468700 212.103237 
0.313575 214.002522 
0.157213 202.606814 
0.000246 196.908960 
-0.156770 185.513252 
-0.313135 139.930420 
-0.468264 168.419690 
-0.621529 162.721836 
-0.772342 153.225412 
-0.920107 100.045442 
-1.067966 22.174771 
-1.207782 -25.307346 
-1.342847 -19.609492 
-1.472598 -51.897331 
-1.596551 -72.789462 
-1.714203 -68.990893 
-1.825088 -106.976586 
-1.928760 -125.969433 
-2.024821 -120.271579 
-2.112892 -133.566572 
-2.192632 -127.868718 
-2.263719 -135.465856 
-2.325865 -143.062995 
-2.378833 -165.854411 
-2.422418 -173.451550 
-2.456439 -181.048688 
-2.480769 -182.947973 
-2.495309 -205.739389 
-2.499997 -215.235812 
-2.494819 -213.336528 
-2.479797 -219.034382 
-2.454986 -234.228659 
-2.420482 -220.933666 
-2.376422 -226.631520 
-2.322986 -234.228659 
-2.260382 -230.430090 
-2.188865 -241.825798 
-2.108684 -245.624367 
-2.020196 -245.624367 
-1.923734 -249.422936 
-1.819668 -247.523652 
-1.708443 -245.624367 
-1.590476 -239.926513 
-1.466232 -239.926513 
-1.336189 -243.725082 
-1.200873 -239.926513 
-1.060831 -238.027228 
-0.916588 -232.329374 
-0.765315 -226.631520 
-0.614374 -224.732236 
-0.461008 -209.537958 
-0.305807 -211.437243 
-0.149415 -200.041535 
0.007582 -190.545112 
0.164550 -188.645827 
0.320868 -186.746542 
0.475904 -173.451550 
0.629062 -144.962280 
0.779753 -61.393755 
0.927366 -29.105915 
1.071348 22.174771 
1.211072 27.872625 
1.346016 46.865471 
1.475647 69.656887 
1.599454 67.757603 
1.716937 79.153311 
1.827655 94.347588 
1.931149 98.146157 
2.027023 124.736143 
2.114898 136.131851 
2.194428 134.232566 
2.265298 149.426843 
2.327229 145.628274 
2.379982 166.520405 
2.423341 172.218259 
2.457135 181.714682 
2.481230 176.016828 
2.495534 195.009675 
2.499988 198.808244 
2.494578 206.405383 
2.479323 221.599660 
2.454282 221.599660 
2.419559 217.801091 
2.375282 231.096084 
2.321630 234.894653 
2.258823 231.096084 
2.187085 234.894653 
2.106732 231.096084 
2.018055 251.988215 
1.921414 232.995368 
1.817188 234.894653 
1.705803 238.693222 
1.587698 236.793938 
1.463317 234.894653 
1.333161 240.592507 
1.197745 231.096084 
1.057587 232.995368 
0.913195 223.498945 
0.765273 229.196799 
0.614315 214.002522 
0.460949 210.203952 
0.305747 204.506098 
0.149339 196.908960 
-0.007659 191.211106 
-0.164610 183.613967 
-0.320928 179.815398 
-0.475979 164.621120 
-0.629167 158.923266 
-0.779841 136.131851 
-0.927452 69.656887 
-1.071418 -12.012353 
-1.211125 -17.710207 
-1.346081 -65.192324 
-1.475709 -55.695901 
-1.599501 -76.588032 
-1.717004 -93.681594 
-1.827707 -116.473010 
-1.931198 -114.573725 
-2.027078 -116.473010 
-2.114956 -124.070148 
-2.194488 -129.768002 
-2.265365 -137.365141 
-2.327293 -141.163710 
-2.380035 -167.753696 
-2.423380 -179.149404 
-2.457161 -179.149404 
-2.481249 -190.545112 
-2.495543 -211.437243 
-2.499988 -220.933666 
-2.494566 -217.135097 
-2.479299 -215.235812 
-2.454249 -215.235812 
-2.419511 -213.336528 
-2.375223 -222.832951 
-2.321566 -226.631520 
-2.258741 -232.329374 
-2.187009 -243.725082 
-2.106638 -249.422936 
-2.017943 -245.624367 
-1.921303 -247.523652 
-1.817069 -245.624367 
-1.705664 -236.127944 
-1.587539 -249.422936 
-1.463137 -239.926513 
-1.332973 -236.127944 
-1.197550 -238.027228 
-1.057386 -232.329374 
-0.913064 -226.631520 
-0.765138 -219.034382 
-0.614178 -219.034382 
-0.460810 -209.537958 
-0.305607 -203.840104 
-0.149198 -200.041535 
0.007784 -200.041535 
0.164735 -192.444396 
0.321052 -201.940820 
0.476102 -182.947973 
0.629273 -158.257272 
0.779960 -116.473010 
0.927584 -34.803769 
1.071516 6.980493 
1.211235 16.476917 
1.346172 69.656887 
1.475797 60.160464 
1.599597 69.656887 
1.717083 77.254026 
1.827782 86.750449 
1.931267 96.246873 
2.027132 109.541865 
2.115006 120.937573 
2.194563 143.728989 
2.265424 147.527558 
2.327338 155.124697 
2.380083 172.218259 
2.423422 176.016828 
2.457196 174.117544 
2.481274 187.412536 
2.495555 181.714682 
2.499987 200.707529 
2.494553 204.506098 
2.479275 217.801091 
2.454213 227.297514 
2.419463 214.002522 
2.375159 227.297514 
2.321490 234.894653 
2.258646 234.894653 
2.186902 234.894653 
2.106519 234.894653 
2.017822 238.693222 
1.921161 248.189646 
1.816928 234.894653 
1.705525 238.693222 
1.587380 234.894653 
1.462970 234.894653 
1.332785 238.693222 
1.197326 229.196799 
1.057170 223.498945 
0.912812 225.398230 
0.764912 217.801091 
0.613963 215.901806 
0.460576 214.002522 
0.305370 206.405383 
0.148976 200.707529 
-0.008006 195.009675 
-0.164957 185.513252 
-0.321256 177.916113 
-0.476288 172.218259 
-0.629441 158.923266 
-0.780109 124.736143 
-0.927700 52.563325 
-1.071629 -17.710207 
-1.211372 -15.810923 
-1.346319 -38.602339 
-1.475924 -63.293039 
-1.599706 -72.789462 
-1.717186 -91.782309 
-1.827878 -112.674440 
-1.931357 -122.170864 
-2.027224 -124.070148 
-2.115081 -124.070148 
-2.194600 -112.674440 
-2.265464 -139.264426 
-2.327372 -150.660134 
-2.380097 -167.753696 
-2.423429 -179.149404 
-2.457201 -182.947973 
-2.481274 -196.242966 
-2.495554 -211.437243 
-2.499987 -209.537958 
-2.494554 -207.638674 
-2.479277 -209.537958 
-2.454214 -215.235812 
-2.419464 -220.933666 
-2.375165 -226.631520 
-2.321491 -238.027228 
-2.258655 -241.825798 
-2.186904 -243.725082 
-2.106521 -251.322221 
-2.017824 -251.322221 
-1.921163 -243.725082 
-1.816920 -239.926513 
-1.705505 -249.422936 
-1.587371 -243.725082 
-1.462960 -243.725082 
-1.332789 -236.127944 
-1.197132 -239.926513 
-1.056954 -232.329374 
-0.912605 -232.329374 
-0.764669 -226.631520 
-0.613701 -220.933666 
-0.460310 -207.638674 
-0.305118 -200.041535 
-0.148658 -196.242966 
0.008341 -194.343681 
0.165291 -182.947973 
0.321605 -177.250119 
0.476649 -179.149404 
0.629796 -144.962280 
0.780459 -68.990893 
0.928056 -15.810923 
1.071990 24.074055 
1.211694 29.771909 
1.346615 52.563325 
1.476312 67.757603 
1.600075 69.656887 
1.717523 71.556172 
1.828206 101.944727 
1.931672 107.642581 
2.027515 113.340435 
2.115355 117.139004 
2.194846 147.527558 
2.265674 153.225412 
2.327553 155.124697 
2.380249 160.822551 
2.423551 174.117544 
2.457290 177.916113 
2.481332 181.714682 
2.495583 183.613967 
2.499986 206.405383 
2.494522 206.405383 
2.479213 217.801091 
2.454119 227.297514 
2.419343 214.002522 
2.375015 219.700376 
2.321319 242.491792 
2.258463 232.995368 
2.186694 236.793938 
2.106280 240.592507 
2.017559 234.894653 
1.920876 250.088930 
1.816612 232.995368 
1.705189 238.693222 
1.587037 231.096084 
1.462623 231.096084 
1.332423 236.793938 
1.196979 236.793938 
1.056782 227.297514 
0.912413 227.297514 
0.764458 215.901806 
0.613485 215.901806 
0.460107 212.103237 
0.304914 202.606814 
0.148500 198.808244 
-0.008483 195.009675 
-0.165448 187.412536 
-0.321761 181.714682 
-0.476788 164.621120 
-0.629933 158.923266 
-0.780593 120.937573 
-0.928187 46.865471 
-1.072103 -19.609492 
-1.211789 -13.911638 
-1.346693 -40.501623 
-1.476283 -63.293039 
-1.600047 -61.393755 
-1.717497 -97.480163 
-1.828170 -114.573725 
-1.931639 -114.573725 
-2.027512 -122.170864 
-2.115361 -125.969433 
-2.194844 -131.667287 
-2.265679 -133.566572 
-2.327570 -163.955126 
-2.380262 -167.753696 
-2.423562 -169.652980 
-2.457304 -181.048688 
-2.481342 -198.142250 
-2.495587 -211.437243 
-2.499985 -203.840104 
-2.494517 -209.537958 
-2.479206 -211.437243 
-2.454111 -211.437243 
-2.419328 -217.135097 
-2.374996 -228.530805 
-2.321284 -241.825798 
-2.258409 -243.725082 
-2.186634 -243.725082 
-2.106221 -245.624367 
-2.017505 -251.322221 
-1.920827 -245.624367 
-1.816559 -247.523652 
-1.705133 -239.926513 
-1.586965 -239.926513 
-1.462535 -239.926513 
-1.332345 -236.127944 
-1.196883 -238.027228 
-1.056698 -230.430090 
-0.912342 -234.228659 
-0.764385 -213.336528 
-0.613411 -222.832951 
-0.460016 -207.638674 
-0.304821 -205.739389 
-0.148424 -200.041535 
0.008559 -196.242966 
0.165509 -188.645827 
0.321805 -175.350834 
0.476831 -177.250119 
0.629992 -171.552265 
0.780650 -129.768002 
0.928243 -46.199477 
1.072173 -0.616645 
1.211870 22.174771 
1.346771 44.966187 
1.476384 62.059749 
1.600143 67.757603 
1.717600 81.052595 
1.828266 98.146157 
1.931718 107.642581 
2.027548 109.541865 
2.115376 128.534712 
2.194857 132.333281 
2.265684 136.131851 
2.327562 164.621120 
2.380256 166.520405 
2.423557 170.318974 
2.457294 174.117544 
2.481339 193.110390 
2.495587 191.211106 
2.499985 191.211106 
2.494517 212.103237 
2.479202 214.002522 
2.454102 215.901806 
2.419321 223.498945 
2.374987 227.297514 
2.321280 229.196799 
2.258418 244.391076 
2.186643 236.793938 
2.106232 234.894653 
2.017507 234.894653 
1.920830 234.894653 
1.816562 246.290361 
1.705136 231.096084 
1.586981 242.491792 
1.462551 229.196799 
1.332362 231.096084 
1.196901 236.793938 
1.056716 227.297514 
0.912361 223.498945 
0.764404 227.297514 
0.613446 221.599660 
0.460068 214.002522 
0.304857 212.103237 
0.148460 198.808244 
-0.008539 195.009675 
-0.165505 187.412536 
-0.321817 181.714682 
-0.476859 170.318974 
-0.630003 164.621120 
-0.780677 120.937573 
-0.928270 46.865471 
-1.072184 -19.609492 
-1.211881 -10.113069 
-1.346795 -29.105915 
-1.476380 -63.293039 
-1.600152 -67.091609 
-1.717609 -89.883024 
-1.828286 -116.473010 
-1.931747 -114.573725 
-2.027574 -116.473010 
-2.115408 -116.473010 
-2.194886 -127.868718 
-2.265710 -144.962280 
-2.327584 -150.660134 
-2.380275 -162.055842 
-2.423572 -169.652980 
-2.457309 -188.645827 
-2.481344 -200.041535 
-2.495589 -200.041535 
-2.499985 -211.437243 
-2.494517 -196.242966 
-2.479205 -205.739389 
-2.454106 -220.933666 
-2.419326 -219.034382 
-2.374993 -241.825798 
-2.321293 -247.523652 
-2.258433 -251.322221 
-2.186653 -253.221506 
-2.106243 -247.523652 
-2.017519 -253.221506 
-1.920843 -238.027228 
-1.816587 -236.127944 
-1.705150 -245.624367 
-1.586984 -241.825798 
-1.462567 -245.624367 
-1.332379 -247.523652 
-1.196933 -232.329374 
-1.056764 -236.127944 
-0.912410 -226.631520 
-0.764470 -219.034382 
-0.613497 -213.336528 
-0.460103 -215.235812 
-0.304910 -203.840104 
-0.148513 -198.142250 
0.008487 -194.343681 
0.165452 -194.343681 
0.321765 -181.048688 
0.476792 -169.652980 
0.629937 -135.465856 
0.780597 -51.897331 
0.928191 -10.113069 
1.072107 20.275486 
1.211807 31.671194 
1.346724 50.664041 
1.476312 65.858318 
1.600075 63.959033 
1.717535 75.354741 
1.828206 98.146157 
1.931662 107.642581 
2.027486 109.541865 
2.115329 130.433997 
2.194815 143.728989 
2.265646 141.829705 
2.327536 164.621120 
2.380239 170.318974 
2.423543 160.822551 
2.457284 179.815398 
2.481328 185.513252 
2.495582 189.311821 
2.499986 196.908960 
2.494524 221.599660 
2.479218 219.700376 
2.454129 219.700376 
2.419347 225.398230 
2.375025 229.196799 
2.321331 229.196799 
2.258476 234.894653 
2.186702 244.391076 
2.106306 227.297514 
2.017598 240.592507 
1.920928 242.491792 
1.816678 242.491792 
1.705260 238.693222 
1.587100 229.196799 
1.462688 236.793938 
1.332492 225.398230 
1.197036 240.592507 
1.056855 227.297514 
0.912504 227.297514 
0.764120 219.700376 
0.613141 212.103237 
0.459758 215.901806 
0.304545 204.506098 
0.148130 198.808244 
-0.008854 193.110390 
-0.165835 185.513252 
-0.322145 176.016828 
-0.477168 174.117544 
-0.630324 157.023982 
-0.780992 130.433997 
-0.928562 63.959033 
-1.072454 -12.012353 
-1.212185 -13.911638 
-1.347074 -31.005200 
-1.476648 -61.393755 
-1.600407 -59.494470 
-1.717837 -87.983740 
-1.828500 -118.372294 
-1.931936 -120.271579 
-2.027748 -118.372294 
-2.115559 -118.372294 
-2.195021 -125.969433 
-2.265836 -135.465856 
-2.327699 -150.660134 
-2.380376 -156.357988 
-2.423661 -171.552265 
-2.457375 -177.250119 
-2.481391 -194.343681 
-2.495612 -198.142250 
-2.499984 -200.041535 
-2.494490 -209.537958 
-2.479152 -203.840104 
-2.454031 -217.135097 
-2.419222 -220.933666 
-2.374870 -239.926513 
-2.321140 -245.624367 
-2.258250 -249.422936 
-2.186453 -253.221506 
-2.106021 -239.926513 
-2.017276 -253.221506 
-1.920579 -245.624367 
-1.816293 -239.926513 
-1.704826 -243.725082 
-1.586653 -241.825798 
-1.462207 -245.624367 
-1.331976 -236.127944 
-1.196515 -236.127944 
-1.056303 -228.530805 
-0.911936 -226.631520 
-0.763985 -215.235812 
-0.613004 -213.336528 
-0.459619 -203.840104 
-0.304421 -213.336528 
-0.148021 -194.343681 
0.008979 -194.343681 
0.165928 -186.746542 
0.322237 -181.048688 
0.477259 -169.652980 
0.630398 -150.660134 
0.781080 -74.688747 
0.928648 -17.710207 
1.072567 10.779063 
1.212252 43.066902 
1.347152 58.261179 
1.476722 63.959033 
1.600466 65.858318 
1.717905 73.455457 
1.828553 94.347588 
1.931995 100.045442 
2.027803 109.541865 
2.115609 124.736143 
2.195066 136.131851 
2.265868 136.131851 
2.327721 168.419690 
2.380394 170.318974 
2.423672 168.419690 
2.457384 170.318974 
2.481394 191.211106 
2.495614 189.311821 
2.499984 196.908960 
2.494488 208.304668 
2.479148 214.002522 
2.454025 221.599660 
2.419215 231.096084 
2.374856 232.995368 
2.321130 223.498945 
2.258237 244.391076 
2.186432 236.793938 
2.105997 232.995368 
2.017249 238.693222 
1.920551 242.491792 
1.816273 250.088930 
1.704829 246.290361 
1.586644 231.096084 
1.462184 234.894653 
1.331979 231.096084 
1.196504 232.995368 
1.056321 229.196799 
0.911955 223.498945 
0.763989 231.096084 
0.613024 214.002522 
0.459607 215.901806 
0.304393 200.707529 
0.147993 214.002522 
-0.008991 193.110390 
-0.165956 185.513252 
-0.322265 181.714682 
-0.477303 174.117544 
-0.630441 157.023982 
-0.781107 138.031135 
-0.928674 63.959033 
-1.072592 -13.911638 
-1.212262 -15.810923 
-1.347162 -31.005200 
-1.476732 -57.595185 
-1.600475 -57.595185 
-1.717902 -86.084455 
-1.828561 -116.473010 
-1.932003 -118.372294 
-2.027810 -114.573725 
-2.115624 -118.372294 
-2.195087 -127.868718 
-2.265880 -139.264426 
-2.327738 -163.955126 
-2.380408 -160.156557 
-2.423679 -171.552265 
-2.457386 -219.034382 
-2.481398 -190.545112 
-2.495616 -196.242966 
-2.499984 -203.840104 
-2.494485 -205.739389 
-2.479142 -209.537958 
-2.454014 -230.430090 
-2.419200 -222.832951 
-2.374842 -243.725082 
-2.321113 -245.624367 
-2.258225 -245.624367 
-2.186426 -255.120790 
-2.105990 -251.322221 
-2.017242 -249.422936 
-1.920543 -241.825798 
-1.816265 -247.523652 
-1.704808 -239.926513 
-1.586635 -238.027228 
-1.462187 -251.322221 
-1.331969 -239.926513 
-1.196508 -232.329374 
-1.056325 -234.228659 
-0.911959 -224.732236 
-0.764008 -217.135097 
-0.613043 -219.034382 
-0.459643 -211.437243 
-0.304445 -198.142250 
-0.148029 -200.041535 
0.008971 -190.545112 
0.165920 -192.444396 
0.322229 -177.250119 
0.477267 -173.451550 
0.630421 -152.559418 
0.781072 -67.091609 
0.928656 -15.810923 
1.072574 14.577632 
1.212245 33.570479 
1.347145 62.059749 
1.476729 56.361895 
1.600472 63.959033 
1.717899 79.153311 
1.828558 84.851165 
1.932000 103.844011 
2.027817 120.937573 
2.115630 130.433997 
2.195085 134.232566 
2.265885 145.628274 
2.327742 153.225412 
2.380412 181.714682 
2.423686 172.218259 
2.457391 174.117544 
2.481399 187.412536 
2.495616 187.412536 
2.499984 196.908960 
2.494483 210.203952 
2.479137 219.700376 
2.454005 214.002522 
2.419188 223.498945 
2.374828 229.196799 
2.321097 232.995368 
2.258206 234.894653 
2.186404 238.693222 
2.105975 231.096084 
2.017226 240.592507 
1.920525 234.894653 
1.816245 246.290361 
1.704787 242.491792 
1.586600 242.491792 
1.462164 229.196799 
1.331959 234.894653 
1.196483 234.894653 
1.056285 236.793938 
0.911917 227.297514 
0.763951 221.599660 
0.612953 221.599660 
0.459568 212.103237 
0.304353 212.103237 
0.147952 198.808244 
-0.009048 198.808244 
-0.166012 191.211106 
-0.322321 179.815398 
-0.477343 174.117544 
-0.630480 164.621120 
-0.781145 119.038289 
-0.928727 58.261179 
-1.072629 -29.105915 
-1.212312 -15.810923 
-1.347210 -34.803769 
-1.476791 -67.091609 
-1.600543 -61.393755 
-1.717978 -89.883024 
-1.828632 -118.372294 
-1.932059 -120.271579 
-2.027862 -125.969433 
-2.115671 -122.170864 
-2.195122 -125.969433 
-2.265911 -137.365141 
-2.327764 -150.660134 
-2.380425 -154.458703 
-2.423693 -175.350834 
-2.457396 -190.545112 
-2.481403 -190.545112 
-2.495618 -209.537958 
-2.499984 -205.739389 
-2.494483 -203.840104 
-2.479137 -211.437243 
-2.454009 -213.336528 
-2.419194 -228.530805 
-2.374830 -239.926513 
-2.321092 -247.523652 
-2.258194 -245.624367 
-2.186383 -251.322221 
-2.105951 -241.825798 
-2.017190 -243.725082 
-1.920486 -238.027228 
-1.816193 -234.228659 
-1.704731 -234.228659 
-1.586554 -236.127944 
-1.462115 -238.027228 
-1.331908 -232.329374 
-1.196430 -232.329374 
-1.056230 -228.530805 
-0.911861 -220.933666 
-0.763878 -222.832951 
-0.612910 -211.437243 
-0.459508 -200.041535 
-0.304292 -203.840104 
-0.147892 -192.444396 
0.009108 -186.746542 
0.166073 -188.645827 
0.322381 -173.451550 
0.477418 -171.552265 
0.630554 -152.559418 
0.781203 -76.588032 
0.928768 -17.710207 
1.072683 8.879778 
1.212351 35.469763 
1.347261 52.563325 
1.476827 14.577632 
1.600590 67.757603 
1.718198 77.254026 
1.828828 81.052595 
1.932241 105.743296 
2.028020 120.937573 
2.115815 122.836858 
2.195259 139.930420 
2.266039 149.426843 
2.327875 151.326128 
2.380527 179.815398 
2.423775 166.520405 
2.457458 174.117544 
2.481443 185.513252 
2.495638 189.311821 
2.499982 198.808244 
2.494460 214.002522 
2.479092 221.599660 
2.453936 217.801091 
2.419101 221.599660 
2.374710 227.297514 
2.320836 221.599660 
2.257905 227.297514 
2.186064 244.391076 
2.105588 234.894653 
2.016811 234.894653 
1.920075 232.995368 
1.815763 244.391076 
1.704285 246.290361 
1.586070 234.894653 
1.461595 229.196799 
1.331337 234.894653 
1.195838 236.793938 
1.055604 232.995368 
0.911218 225.398230 
0.763251 223.498945 
0.612272 219.700376 
0.458877 206.405383 
0.303655 210.203952 
0.147203 195.009675 
-0.009783 193.110390 
-0.166729 181.714682 
-0.323034 179.815398 
-0.478064 170.318974 
-0.631191 166.520405 
-0.781843 124.736143 
-0.929409 60.160464 
-1.073307 -17.710207 
-1.212968 -17.710207 
-1.347829 -21.508777 
-1.477371 -70.890178 
-1.601095 -67.091609 
-1.718488 -87.983740 
-1.829100 -118.372294 
-1.932495 -124.070148 
-2.028273 -110.775156 
-2.116045 -122.170864 
-2.195466 -129.768002 
-2.266214 -133.566572 
-2.328026 -150.660134 
-2.380650 -162.055842 
-2.423873 -169.652980 
-2.457531 -186.746542 
-2.481492 -186.746542 
-2.495660 -203.840104 
-2.499981 -200.041535 
-2.494436 -211.437243 
-2.479046 -211.437243 
-2.453875 -222.832951 
-2.419016 -230.430090 
-2.374610 -239.926513 
-2.320837 -253.221506 
-2.257900 -257.020075 
-2.186050 -255.120790 
-2.105572 -249.422936 
-2.016784 -258.919360 
-1.919798 -241.825798 
-1.815466 -245.624367 
-1.703969 -243.725082 
-1.585736 -243.725082 
-1.461244 -243.725082 
-1.330999 -239.926513 
-1.195501 -239.926513 
-1.055285 -228.530805 
-0.910906 -228.530805 
-0.762916 -213.336528 
-0.611931 -213.336528 
-0.458532 -207.638674 
-0.303307 -209.537958 
-0.146884 -194.343681 
0.010118 -184.847258 
0.167064 -184.847258 
0.323382 -179.149404 
0.478409 -167.753696 
0.631547 -160.156557 
0.782177 -78.487316 
0.929735 -15.810923 
1.073639 6.980493 
1.213304 29.771909 
1.348152 54.462610 
1.477706 58.261179 
1.601402 69.656887 
1.718779 73.455457 
1.829384 92.448303 
1.932758 98.146157 
2.028506 120.937573 
2.116249 128.534712 
2.195657 136.131851 
2.266390 147.527558 
2.328172 153.225412 
2.380767 170.318974 
2.423971 179.815398 
2.457604 170.318974 
2.481542 183.613967 
2.495685 195.009675 
2.499979 200.707529 
2.494408 198.808244 
2.478991 227.297514 
2.453786 215.901806 
2.418899 227.297514 
2.374465 232.995368 
2.320653 231.096084 
2.257679 227.297514 
2.185809 246.290361 
2.105305 234.894653 
2.016500 242.491792 
1.919739 238.693222 
1.815391 240.592507 
1.703889 246.290361 
1.585652 242.491792 
1.461156 236.793938 
1.330893 231.096084 
1.195377 227.297514 
1.055157 236.793938 
0.910774 221.599660 
0.762797 221.599660 
0.611794 214.002522 
0.458361 212.103237 
0.303134 210.203952 
0.146711 198.808244 
-0.010291 187.412536 
-0.167253 183.613967 
-0.323522 176.016828 
-0.478563 174.117544 
-0.631699 160.822551 
-0.782357 130.433997 
-0.929896 69.656887 
-1.073766 -17.710207 
-1.213427 -12.012353 
-1.348298 -36.703054 
-1.477846 -59.494470 
-1.601535 -63.293039 
-1.718928 -84.185170 
-1.829524 -122.170864 
-1.932899 -112.674440 
-2.028645 -122.170864 
-2.116376 -125.969433 
-2.195763 -133.566572 
-2.266484 -139.264426 
-2.328253 -154.458703 
-2.380839 -160.156557 
-2.424029 -173.451550 
-2.457648 -181.048688 
-2.481569 -196.242966 
-2.495698 -198.142250 
-2.499978 -209.537958 
-2.494393 -207.638674 
-2.478962 -203.840104 
-2.453750 -215.235812 
-2.418945 -224.732236 
-2.374527 -230.430090 
-2.320738 -245.624367 
-2.257785 -247.523652 
-2.185929 -249.422936 
-2.105446 -238.027228 
-2.016656 -241.825798 
-1.919907 -238.027228 
-1.815582 -234.228659 
-1.704093 -238.027228 
-1.585867 -243.725082 
-1.461395 -239.926513 
-1.331142 -239.926513 
-1.195636 -236.127944 
-1.055425 -220.933666 
-0.911034 -222.832951 
-0.763062 -219.034382 
-0.612065 -211.437243 
-0.458667 -200.041535 
-0.303443 -205.739389 
-0.147021 -200.041535 
0.009964 -211.437243 
0.166911 -181.048688 
0.323214 -182.947973 
0.478226 -184.847258 
0.631367 -167.753696 
0.782016 -143.062995 
0.929578 -51.897331 
1.073471 -8.213784 
1.213141 22.174771 
1.348009 41.167617 
1.477556 63.959033 
1.601284 69.656887 
1.718667 84.851165 
1.829268 82.951880 
1.932661 107.642581 
2.028417 113.340435 
2.116176 119.038289 
2.195584 141.829705 
2.266318 138.031135 
2.328116 155.124697 
2.380725 168.419690 
2.423937 183.613967 
2.457579 181.714682 
2.481530 179.815398 
2.495679 196.908960 
2.499980 200.707529 
2.494413 195.009675 
2.479002 221.599660 
2.453809 219.700376 
2.418930 217.801091 
2.374508 234.894653 
2.320710 204.506098 
2.257745 236.793938 
2.185876 242.491792 
2.105292 214.002522 
2.016477 236.793938 
1.919713 234.894653 
1.815374 242.491792 
1.703836 248.189646 
1.585595 232.995368 
1.461097 231.096084 
1.330845 240.592507 
1.195341 227.297514 
1.055106 238.693222 
0.910707 229.196799 
0.762713 223.498945 
0.611724 217.801091 
0.458305 215.901806 
0.303062 210.203952 
0.146638 200.707529 
-0.010380 196.908960 
-0.167342 187.412536 
-0.323659 179.815398 
-0.478666 174.117544 
-0.631801 155.124697 
-0.782426 143.728989 
-0.929979 63.959033 
-1.073861 -10.113069 
-1.213491 -19.609492 
-1.348332 -38.602339 
-1.477879 -68.990893 
-1.601579 -59.494470 
-1.718958 -87.983740 
-1.829541 -108.875871 
-1.932904 -112.674440 
-2.028641 -118.372294 
-2.116380 -127.868718 
-2.195767 -127.868718 
-2.266494 -139.264426 
-2.328262 -150.660134 
-2.380857 -163.955126 
-2.424043 -173.451550 
-2.457658 -182.947973 
-2.481576 -188.645827 
-2.495701 -196.242966 
-2.499978 -198.142250 
-2.494389 -213.336528 
-2.478957 -213.336528 
-2.453742 -213.336528 
-2.418841 -224.732236 
-2.374393 -234.228659 
-2.320573 -243.725082 
-2.257601 -245.624367 
-2.185713 -249.422936 
-2.105207 -243.725082 
-2.016393 -241.825798 
-1.919612 -241.825798 
-1.815255 -239.926513 
-1.703733 -243.725082 
-1.585499 -234.228659 
-1.460995 -245.624367 
-1.330739 -234.228659 
-1.195217 -232.329374 
-1.054978 -228.530805 
-0.910575 -224.732236 
-0.762593 -219.034382 
-0.611587 -211.437243 
-0.458167 -209.537958 
-0.302938 -196.242966 
-0.146530 -196.242966 
0.010457 -190.545112 
0.167418 -184.847258 
0.323703 -165.854411 
0.478710 -171.552265 
0.631843 -158.257272 
0.782483 -129.768002 
0.930035 -40.501623 
1.073901 -0.616645 
1.213530 20.275486 
1.348383 52.563325 
1.477902 65.858318 
1.601588 69.656887 
1.718955 81.052595 
1.829538 82.951880 
1.932912 94.347588 
2.028648 117.139004 
2.116387 122.836858 
2.195765 128.534712 
2.266479 143.728989 
2.328254 158.923266 
2.380840 168.419690 
2.424030 174.117544 
2.457649 191.211106 
2.481570 185.513252 
2.495699 187.412536 
2.499978 204.506098 
2.494389 204.506098 
2.478955 208.304668 
2.453737 229.196799 
2.418834 223.498945 
2.374389 229.196799 
2.320575 240.592507 
2.257596 229.196799 
2.185707 242.491792 
2.105200 246.290361 
2.016386 234.894653 
1.919615 244.391076 
1.815258 236.793938 
1.703736 251.988215 
1.585502 242.491792 
1.460998 240.592507 
1.330729 238.693222 
1.195206 227.297514 
1.054982 236.793938 
0.910594 225.398230 
0.762597 225.398230 
0.611591 215.901806 
0.458186 215.901806 
0.302958 206.405383 
0.146550 208.304668 
-0.010453 189.311821 
-0.167398 185.513252 
-0.323699 179.815398 
-0.478722 168.419690 
-0.631840 157.023982 
-0.782480 136.131851 
-0.930031 67.757603 
-1.073912 -13.911638 
-1.213554 -27.206631 
-1.348407 -21.508777 
-1.477937 -59.494470 
-1.601622 -68.990893 
-1.718987 -78.487316 
-1.829568 -114.573725 
-1.932940 -124.070148 
-2.028674 -124.070148 
-2.116402 -125.969433 
-2.195779 -129.768002 
-2.266497 -135.465856 
-2.328270 -158.257272 
-2.380849 -165.854411 
-2.424033 -181.048688 
-2.457651 -198.142250 
-2.481571 -190.545112 
-2.495700 -205.739389 
-2.499978 -211.437243 
-2.494389 -203.840104 
-2.478956 -219.034382 
-2.453741 -215.235812 
-2.418843 -226.631520 
-2.374400 -239.926513 
-2.320582 -245.624367 
-2.257605 -257.020075 
-2.185701 -247.523652 
-2.105185 -249.422936 
-2.016350 -241.825798 
-1.919576 -234.228659 
-1.815238 -245.624367 
-1.703727 -236.127944 
-1.585480 -247.523652 
-1.460975 -241.825798 
-1.330705 -234.228659 
-1.195196 -228.530805 
-1.054956 -228.530805 
-0.910552 -220.933666 
-0.762570 -213.336528 
-0.611579 -215.235812 
-0.458175 -203.840104 
-0.302962 -196.242966 
-0.146554 -200.041535 
0.010449 -186.746542 
0.167410 -190.545112 
0.323695 -179.149404 
0.478718 -167.753696 
0.631851 -162.055842 
0.782476 -97.480163 
0.930012 -23.408061 
1.073894 10.779063 
1.213523 29.771909 
1.348376 50.664041 
1.477908 52.563325 
1.601607 71.556172 
1.718984 82.951880 
1.829577 88.649734 
1.932938 94.347588 
2.028681 120.937573 
2.116408 120.937573 
2.195784 138.031135 
2.266496 145.628274 
2.328269 164.621120 
2.380853 166.520405 
2.424040 177.916113 
2.457659 183.613967 
2.481579 155.124697 
2.495703 189.311821 
2.499978 206.405383 
2.494388 198.808244 
2.478952 210.203952 
2.453735 227.297514 
2.418836 196.908960 
2.374386 236.793938 
2.320572 236.793938 
2.257600 232.995368 
2.185711 242.491792 
2.105204 242.491792 
2.016391 231.096084 
1.919620 244.391076 
1.815274 242.491792 
1.703765 244.391076 
1.585533 240.592507 
1.461031 231.096084 
1.330776 234.894653 
1.195270 229.196799 
1.055033 231.096084 
0.910631 229.196799 
0.762636 227.297514 
0.611630 219.700376 
0.458210 212.103237 
0.302982 206.405383 
0.146558 200.707529 
-0.010429 195.009675 
-0.167374 185.513252 
-0.323659 179.815398 
-0.478666 172.218259 
-0.631785 162.721836 
-0.782426 132.333281 
-0.929964 69.656887 
-1.073846 -13.911638 
-1.213477 -15.810923 
-1.348332 -34.803769 
-1.477866 -51.897331 
-1.601566 -68.990893 
-1.718934 -78.487316 
-1.829530 -112.674440 
-1.932894 -124.070148 
-2.028641 -124.070148 
-2.116372 -124.070148 
-2.195752 -129.768002 
-2.266467 -143.062995 
-2.328238 -150.660134 
-2.380822 -167.753696 
-2.424011 -175.350834 
-2.457635 -182.947973 
-2.481562 -188.645827 
-2.495695 -205.739389 
-2.499979 -200.041535 
-2.494398 -213.336528 
-2.478971 -220.933666 
-2.453761 -217.135097 
-2.418869 -219.034382 
-2.374433 -234.228659 
-2.320621 -243.725082 
-2.257650 -251.322221 
-2.185768 -243.725082 
-2.105268 -245.624367 
-2.016460 -243.725082 
-1.919685 -243.725082 
-1.815344 -234.228659 
-1.703827 -243.725082 
-1.585586 -239.926513 
-1.461087 -234.228659 
-1.330807 -234.228659 
-1.195302 -230.430090 
-1.055080 -226.631520 
-0.910665 -219.034382 
-0.762670 -209.537958 
-0.611665 -209.537958 
-0.458262 -200.041535 
-0.303034 -200.041535 
-0.146626 -196.242966 
0.010376 -188.645827 
0.167338 -188.645827 
0.323623 -177.250119 
0.478646 -160.156557 
0.631781 -156.357988 
0.782422 -105.077302 
0.929975 -23.408061 
1.073843 16.476917 
1.213487 27.872625 
1.348342 56.361895 
1.477862 67.757603 
1.601551 60.160464 
1.718919 88.649734 
1.829516 84.851165 
1.932892 109.541865 
2.028638 115.239719 
2.116370 120.937573 
2.195757 136.131851 
2.266472 149.426843 
2.328242 158.923266 
2.380826 166.520405 
2.424018 183.613967 
2.457643 181.714682 
2.481566 181.714682 
2.495697 204.506098 
2.499978 193.110390 
2.494395 204.506098 
2.478963 217.801091 
2.453752 219.700376 
2.418854 221.599660 
2.374409 238.693222 
2.320599 231.096084 
2.257624 236.793938 
2.185739 240.592507 
2.105226 242.491792 
2.016405 236.793938 
1.919625 234.894653 
1.815235 250.088930 
1.703724 242.491792 
1.585477 244.391076 
1.460985 240.592507 
1.330715 236.793938 
1.195192 231.096084 
1.054952 234.894653 
0.910549 229.196799 
0.762566 221.599660 
0.611560 219.700376 
0.458155 214.002522 
0.302942 210.203952 
0.146534 198.808244 
-0.010453 191.211106 
-0.167430 195.009675 
-0.323715 179.815398 
-0.478737 172.218259 
-0.631871 149.426843 
-0.782495 134.232566 
-0.930031 63.959033 
-1.073912 -15.810923 
-1.213554 -19.609492 
-1.348407 -27.206631 
-1.477924 -63.293039 
-1.601635 -72.789462 
-1.718999 -78.487316 
-1.829590 -112.674440 
-1.932961 -118.372294 
-2.028702 -112.674440 
-2.116436 -122.170864 
-2.195817 -137.365141 
-2.266531 -137.365141 
-2.328288 -152.559418 
-2.380869 -163.955126 
-2.424049 -181.048688 
-2.457663 -179.149404 
-2.481579 -190.545112 
-2.495705 -196.242966 
-2.499978 -207.638674 
-2.494384 -209.537958 
-2.478945 -211.437243 
-2.453725 -220.933666 
-2.418818 -219.034382 
-2.374370 -241.825798 
-2.320546 -234.228659 
-2.257570 -245.624367 
-2.185678 -255.120790 
-2.105159 -241.825798 
-2.016331 -245.624367 
-1.919545 -243.725082 
-1.815194 -241.825798 
-1.703680 -234.228659 
-1.585430 -245.624367 
-1.460936 -234.228659 
-1.330677 -239.926513 
-1.195167 -232.329374 
-1.054927 -228.530805 
-0.910537 -239.926513 
-0.762540 -211.437243 
-0.611548 -211.437243 
-0.458127 -203.840104 
-0.302898 -207.638674 
-0.146489 -190.545112 
0.010497 -188.645827 
0.167458 -182.947973 
0.323759 -173.451550 
0.478765 -175.350834 
0.631883 -150.660134 
0.782522 -87.983740 
0.930057 -13.911638 
1.073923 -0.616645 
1.213565 43.066902 
1.348403 50.664041 
1.477921 62.059749 
1.601607 63.959033 
1.718984 79.153311 
1.829577 90.549019 
1.932938 96.246873 
2.028681 124.736143 
2.116417 122.836858 
2.195792 134.232566 
2.266502 153.225412 
2.328269 151.326128 
2.380853 170.318974 
2.424036 183.613967 
2.457656 174.117544 
2.481577 183.613967 
2.495702 196.908960 
2.499978 195.009675 
2.494388 204.506098 
2.478950 225.398230 
2.453732 225.398230 
2.418832 227.297514 
2.374381 236.793938 
2.320560 232.995368 
2.257586 227.297514 
2.185695 248.189646 
2.105178 238.693222 
2.016352 232.995368 
1.919568 236.793938 
1.815219 246.290361 
1.703694 246.290361 
1.585446 236.793938 
1.460939 234.894653 
1.330681 229.196799 
1.195157 236.793938 
1.054916 229.196799 
0.910511 231.096084 
0.762528 219.700376 
0.611520 232.995368 
0.458115 206.405383 
0.302902 208.304668 
0.146493 204.506098 
-0.010509 196.908960 
-0.167470 187.412536 
-0.323771 179.815398 
-0.478793 168.419690 
-0.631926 166.520405 
-0.782564 124.736143 
-0.930114 67.757603 
-1.074007 -8.213784 
-1.213632 -15.810923 
-1.348482 -29.105915 
-1.477996 -57.595185 
-1.601678 -65.192324 
-1.719051 -87.983740 
-1.829640 -120.271579 
-1.932997 -122.170864 
-2.028735 -112.674440 
-2.116458 -127.868718 
-2.195829 -133.566572 
-2.266542 -141.163710 
-2.328309 -144.962280 
-2.380886 -165.854411 
-2.424062 -175.350834 
-2.457673 -182.947973 
-2.481588 -190.545112 
-2.495708 -201.940820 
-2.499978 -201.940820 
-2.494380 -207.638674 
-2.478940 -213.336528 
-2.453714 -220.933666 
-2.418804 -222.832951 
-2.374352 -228.530805 
-2.320531 -243.725082 
-2.257546 -249.422936 
-2.185650 -251.322221 
-2.105128 -241.825798 
-2.016298 -245.624367 
-1.919519 -241.825798 
-1.815144 -234.228659 
-1.703626 -236.127944 
-1.585386 -245.624367 
-1.460890 -232.329374 
-1.330602 -234.228659 
-1.195089 -236.127944 
-1.054846 -226.631520 
-0.910440 -220.933666 
-0.762440 -219.034382 
-0.611446 -211.437243 
-0.458040 -201.940820 
-0.302826 -200.041535 
-0.146401 -188.645827 
0.010602 -184.847258 
0.167547 -182.947973 
0.323863 -175.350834 
0.478868 -171.552265 
0.632000 -154.458703 
0.782621 -89.883024 
0.930155 -15.810923 
1.074018 -0.616645 
1.213643 39.268333 
1.348492 52.563325 
1.478019 54.462610 
1.601712 67.757603 
1.719084 77.254026 
1.829670 88.649734 
1.933025 100.045442 
2.028752 120.937573 
2.116481 122.836858 
2.195858 130.433997 
2.266560 149.426843 
2.328319 155.124697 
2.380895 174.117544 
2.424073 174.117544 
2.457681 177.916113 
2.481593 183.613967 
2.495710 191.211106 
2.499978 193.110390 
2.494379 198.808244 
2.478938 227.297514 
2.453715 215.901806 
2.418805 225.398230 
2.374348 236.793938 
2.320520 231.096084 
2.257541 232.995368 
2.185652 244.391076 
2.105139 232.995368 
2.016319 231.096084 
1.919542 236.793938 
1.815180 242.491792 
1.703653 244.391076 
1.585402 244.391076 
1.460907 227.297514 
1.330633 236.793938 
1.195107 231.096084 
1.054879 234.894653 
0.910473 223.498945 
0.762474 225.398230 
0.611481 215.901806 
0.458059 214.002522 
0.302830 208.304668 
0.146421 200.707529 
-0.010582 200.707529 
-0.167527 191.211106 
-0.323811 174.117544 
-0.478833 166.520405 
-0.631949 160.822551 
-0.782587 130.433997 
-0.930136 73.455457 
-1.074000 -23.408061 
-1.213639 -15.810923 
-1.348488 -27.206631 
-1.478016 -63.293039 
-1.601697 -70.890178 
-1.719057 -87.983740 
-1.829634 -144.962280 
-1.933002 -120.271579 
-2.028730 -122.170864 
-2.116462 -125.969433 
-2.195848 -129.768002 
-2.266552 -144.962280 
-2.328317 -154.458703 
-2.380893 -154.458703 
-2.424068 -175.350834 
-2.457678 -182.947973 
-2.481591 -188.645827 
-2.495708 -209.537958 
-2.499978 -205.739389 
-2.494380 -203.840104 
-2.478937 -220.933666 
-2.453710 -217.135097 
-2.418802 -217.135097 
-2.374350 -234.228659 
-2.320522 -245.624367 
-2.257535 -249.422936 
-2.185631 -253.221506 
-2.105115 -251.322221 
-2.016293 -245.624367 
-1.919503 -243.725082 
-1.815116 -241.825798 
-1.703585 -241.825798 
-1.585343 -239.926513 
-1.460831 -241.825798 
-1.330554 -238.027228 
-1.195026 -232.329374 
-1.054795 -224.732236 
-0.910387 -232.329374 
-0.762386 -211.437243 
-0.611391 -211.437243 
-0.457968 -203.840104 
-0.302754 -203.840104 
-0.146344 -201.940820 
