0.000011 -120.271579 
0.109925 -108.875871 
0.219649 -95.580878 
0.328926 -78.487316 
0.437677 -38.602339 
0.545481 -8.213784 
0.652220 1.282639 
0.757696 27.872625 
0.861708 41.167617 
0.964053 35.469763 
1.064534 52.563325 
1.162956 52.563325 
1.259129 60.160464 
1.352876 77.254026 
1.443997 82.951880 
1.532326 82.951880 
1.617691 92.448303 
1.699928 107.642581 
1.778886 107.642581 
1.854402 120.937573 
1.926324 124.736143 
1.994528 139.930420 
2.058874 153.225412 
2.119237 164.621120 
2.175495 162.721836 
2.227546 176.016828 
2.275294 170.318974 
2.318637 195.009675 
2.357492 193.110390 
2.391795 196.908960 
2.421469 206.405383 
2.446463 208.304668 
2.466722 204.506098 
2.482212 219.700376 
2.492900 214.002522 
2.498768 215.901806 
2.499802 231.096084 
2.496003 231.096084 
2.487376 225.398230 
2.473939 244.391076 
2.455715 240.592507 
2.432741 236.793938 
2.405065 242.491792 
2.372738 248.189646 
2.335822 251.988215 
2.294388 246.290361 
2.248518 250.088930 
2.198299 251.988215 
2.143829 251.988215 
2.085213 259.585354 
2.022564 244.391076 
1.955997 255.786784 
1.885654 255.786784 
1.811664 251.988215 
1.734170 250.088930 
1.653323 244.391076 
1.569278 250.088930 
1.482189 242.491792 
1.392243 248.189646 
1.299595 242.491792 
1.204443 242.491792 
1.106961 227.297514 
1.007339 221.599660 
0.905758 217.801091 
0.802425 227.297514 
0.697551 212.103237 
0.591306 214.002522 
0.484083 204.506098 
0.375770 195.009675 
0.266730 193.110390 
0.157186 187.412536 
0.047337 183.613967 
-0.062614 181.714682 
-0.172433 168.419690 
-0.281918 157.023982 
-0.390859 153.225412 
-0.499043 141.829705 
-0.606284 113.340435 
-0.712331 41.167617 
-0.817000 -17.710207 
-0.920089 -17.710207 
-1.021398 -32.904485 
-1.120732 -51.897331 
-1.217909 -65.192324 
-1.312740 -70.890178 
-1.405012 -97.480163 
-1.494567 -95.580878 
-1.581240 -97.480163 
-1.664855 -97.480163 
-1.745241 -112.674440 
-1.822252 -112.674440 
-1.895747 -129.768002 
-1.965582 -156.357988 
-2.031600 -135.465856 
-2.093696 -150.660134 
-2.151742 -188.645827 
-2.205620 -167.753696 
-2.255233 -162.055842 
-2.300485 -177.250119 
-2.341292 -175.350834 
-2.377566 -175.350834 
-2.409243 -200.041535 
-2.436260 -200.041535 
-2.458565 -207.638674 
-2.476117 -219.034382 
-2.488880 -220.933666 
-2.496829 -224.732236 
-2.499949 -239.926513 
-2.498233 -230.430090 
-2.491687 -241.825798 
-2.480321 -239.926513 
-2.464157 -241.825798 
-2.443228 -249.422936 
-2.417572 -251.322221 
-2.387240 -257.020075 
-2.352290 -264.617214 
-2.312794 -251.322221 
-2.268826 -255.120790 
-2.220464 -257.020075 
-2.167813 -243.725082 
-2.110970 -249.422936 
-2.050044 -241.825798 
-1.985154 -247.523652 
-1.916425 -251.322221 
-1.843989 -247.523652 
-1.767988 -245.624367 
-1.688567 -253.221506 
-1.605881 -245.624367 
-1.520080 -241.825798 
-1.431348 -241.825798 
-1.339839 -241.825798 
-1.245728 -239.926513 
-1.149227 -239.926513 
-1.050493 -251.322221 
-0.949738 -226.631520 
-0.847146 -219.034382 
-0.742883 -207.638674 
-0.637215 -203.840104 
-0.530316 -203.840104 
-0.422368 -196.242966 
-0.313615 -188.645827 
-0.204254 -190.545112 
-0.094510 -175.350834 
0.015416 -173.451550 
0.125313 -160.156557 
0.234968 -150.660134 
0.344168 -143.062995 
0.452714 -133.566572 
0.560384 -118.372294 
0.666959 -44.300193 
0.772255 1.282639 
0.876047 16.476917 
0.978144 33.570479 
1.078360 58.261179 
1.176480 52.563325 
1.272335 60.160464 
1.365729 71.556172 
1.456481 75.354741 
1.544416 84.851165 
1.629354 92.448303 
1.711150 107.642581 
1.789628 109.541865 
1.864653 111.441150 
1.936064 134.232566 
2.003737 143.728989 
2.067541 153.225412 
2.127339 145.628274 
2.183016 160.822551 
2.234472 160.822551 
2.281611 160.822551 
2.324337 191.211106 
2.362567 183.613967 
2.396227 181.714682 
2.425249 200.707529 
2.449583 204.506098 
2.469180 204.506098 
2.484000 214.002522 
2.494014 212.103237 
2.499204 214.002522 
2.499561 221.599660 
2.495084 206.405383 
2.485780 229.196799 
2.471668 231.096084 
2.452777 234.894653 
2.429143 236.793938 
2.400812 248.189646 
2.367837 238.693222 
2.330279 257.686069 
2.288213 244.391076 
2.241727 250.088930 
2.190883 255.786784 
2.135822 253.887500 
2.076625 257.686069 
2.013411 253.887500 
1.946309 259.585354 
1.875436 251.988215 
1.800935 244.391076 
1.722959 255.786784 
1.641634 251.988215 
1.557150 250.088930 
1.469655 244.391076 
1.379318 248.189646 
1.286313 244.391076 
1.190811 240.592507 
1.092233 234.894653 
0.992308 232.995368 
0.890463 225.398230 
0.786897 223.498945 
0.681809 214.002522 
0.575402 217.801091 
0.467883 206.405383 
0.359448 204.506098 
0.250328 195.009675 
0.140713 185.513252 
0.030838 183.613967 
-0.079120 176.016828 
-0.188925 166.520405 
-0.298353 160.822551 
-0.407204 151.326128 
-0.515257 122.836858 
-0.622313 113.340435 
-0.728165 48.764756 
-0.832620 -51.897331 
-0.935464 -21.508777 
-1.036489 -32.904485 
-1.135509 -57.595185 
-1.232333 -57.595185 
-1.326774 -68.990893 
-1.418649 -129.768002 
-1.507789 -103.178017 
-1.594013 -106.976586 
-1.677154 -95.580878 
-1.757051 -116.473010 
-1.833548 -112.674440 
-1.906500 -120.271579 
-1.975763 -135.465856 
-2.041198 -141.163710 
-2.102686 -148.760849 
-2.160119 -152.559418 
-2.213367 -165.854411 
-2.262334 -165.854411 
-2.306925 -175.350834 
-2.347054 -177.250119 
-2.382639 -181.048688 
-2.413620 -192.444396 
-2.439931 -201.940820 
-2.461524 -215.235812 
-2.478353 -219.034382 
-2.490390 -224.732236 
-2.497611 -232.329374 
-2.500000 -224.732236 
-2.497554 -230.430090 
-2.490278 -234.228659 
-2.478187 -238.027228 
-2.461301 -243.725082 
-2.439659 -243.725082 
-2.413294 -245.624367 
-2.382257 -249.422936 
-2.346619 -249.422936 
-2.306439 -253.221506 
-2.261798 -251.322221 
-2.212786 -255.120790 
-2.159490 -249.422936 
-2.102022 -239.926513 
-2.040477 -247.523652 
-1.975004 -239.926513 
-1.905713 -266.516498 
-1.832730 -243.725082 
-1.756202 -243.725082 
-1.676269 -251.322221 
-1.593103 -245.624367 
-1.506847 -243.725082 
-1.417685 -243.725082 
-1.325772 -236.127944 
-1.231295 -239.926513 
-1.134446 -239.926513 
-1.035403 -230.430090 
-0.934348 -219.034382 
-0.831485 -219.034382 
-0.727013 -211.437243 
-0.621179 -209.537958 
-0.514112 -200.041535 
-0.406050 -196.242966 
-0.297192 -190.545112 
-0.187759 -188.645827 
-0.077974 -171.552265 
0.031951 -169.652980 
0.141825 -160.156557 
0.251436 -156.357988 
0.360550 -143.062995 
0.468977 -124.070148 
0.576486 -95.580878 
0.682891 -25.307346 
0.787975 5.081209 
0.891525 18.376201 
0.993350 31.671194 
1.093265 48.764756 
1.191055 54.462610 
1.286541 50.664041 
1.379540 75.354741 
1.469870 71.556172 
1.557358 86.750449 
1.641843 101.944727 
1.723143 100.045442 
1.801112 109.541865 
1.875604 124.736143 
1.946462 128.534712 
2.013562 145.628274 
2.076760 138.031135 
2.135943 151.326128 
2.191000 153.225412 
2.241819 155.124697 
2.288302 166.520405 
2.330359 179.815398 
2.367904 181.714682 
2.400870 202.606814 
2.429195 198.808244 
2.452822 195.009675 
2.471703 217.801091 
2.485805 214.002522 
2.495097 204.506098 
2.499565 223.498945 
2.499198 229.196799 
2.493998 225.398230 
2.483975 232.995368 
2.469148 238.693222 
2.449545 234.894653 
2.425203 250.088930 
2.396167 244.391076 
2.362502 244.391076 
2.324268 246.290361 
2.281530 259.585354 
2.234383 253.887500 
2.182915 242.491792 
2.127229 251.988215 
2.067430 246.290361 
2.003626 261.484638 
1.935946 257.686069 
1.864529 251.988215 
1.789506 259.585354 
1.711022 248.189646 
1.629221 244.391076 
1.544278 244.391076 
1.456348 255.786784 
1.365601 244.391076 
1.272214 246.290361 
1.176366 227.297514 
1.078233 229.196799 
0.978014 234.894653 
0.875904 234.894653 
0.772110 217.801091 
0.666801 223.498945 
0.560224 215.901806 
0.452552 206.405383 
0.344006 198.808244 
0.234793 196.908960 
0.125127 191.211106 
0.015230 177.916113 
-0.094708 172.218259 
-0.204452 172.218259 
-0.313811 164.621120 
-0.422563 153.225412 
-0.530498 149.426843 
-0.637396 111.441150 
-0.743061 44.966187 
-0.847300 -8.213784 
-0.949900 -15.810923 
-1.050662 -40.501623 
-1.149382 -55.695901 
-1.245879 -55.695901 
-1.339967 -70.890178 
-1.431455 -93.681594 
-1.520183 -103.178017 
-1.605963 -105.077302 
-1.688663 -99.379448 
-1.768080 -106.976586 
-1.844077 -108.875871 
-1.916516 -122.170864 
-1.985254 -129.768002 
-2.050138 -137.365141 
-2.111064 -150.660134 
-2.167906 -152.559418 
-2.220550 -158.257272 
-2.268899 -165.854411 
-2.312861 -173.451550 
-2.352349 -181.048688 
-2.387289 -182.947973 
-2.417611 -184.847258 
-2.443261 -198.142250 
-2.464184 -213.336528 
-2.480340 -222.832951 
-2.491699 -220.933666 
-2.498240 -220.933666 
-2.499948 -238.027228 
-2.496822 -239.926513 
-2.488866 -243.725082 
-2.476095 -249.422936 
-2.458536 -238.027228 
-2.436220 -245.624367 
-2.409193 -258.919360 
-2.377509 -260.818644 
-2.341226 -260.818644 
-2.300412 -260.818644 
-2.255153 -255.120790 
-2.205527 -258.919360 
-2.151635 -260.818644 
-2.093588 -251.322221 
-2.031491 -249.422936 
-1.965466 -253.221506 
-1.895640 -251.322221 
-1.822148 -243.725082 
-1.745124 -241.825798 
-1.664724 -243.725082 
-1.581113 -251.322221 
-1.494444 -236.127944 
-1.404886 -236.127944 
-1.312600 -249.422936 
-1.217776 -239.926513 
-1.120606 -239.926513 
-1.021259 -236.127944 
-0.919947 -226.631520 
-0.816845 -217.135097 
-0.712174 -213.336528 
-0.606125 -205.739389 
-0.498893 -205.739389 
-0.390697 -198.142250 
-0.281744 -192.444396 
-0.172258 -205.739389 
-0.062439 -175.350834 
0.047501 -175.350834 
0.157360 -163.955126 
0.266916 -150.660134 
0.375943 -144.962280 
0.484244 -135.465856 
0.591619 -65.192324 
0.697838 -21.508777 
0.802709 14.577632 
0.906027 24.074055 
1.007603 44.966187 
1.107240 52.563325 
1.204725 43.066902 
1.299880 62.059749 
1.392520 67.757603 
1.482458 52.563325 
1.569538 92.448303 
1.653581 98.146157 
1.734418 100.045442 
1.811901 115.239719 
1.885880 124.736143 
1.956219 134.232566 
2.022767 138.031135 
2.085403 155.124697 
2.144012 153.225412 
2.198469 151.326128 
2.248674 179.815398 
2.294530 176.016828 
2.335953 172.218259 
2.372857 200.707529 
2.405169 187.412536 
2.432829 196.908960 
2.455786 208.304668 
2.473992 204.506098 
2.487413 206.405383 
2.496023 215.901806 
2.499807 221.599660 
2.498756 219.700376 
2.492872 232.995368 
2.482166 229.196799 
2.466659 236.793938 
2.446380 234.894653 
2.421372 244.391076 
2.391682 242.491792 
2.357366 248.189646 
2.318491 246.290361 
2.275133 259.585354 
2.227375 251.988215 
2.175298 255.786784 
2.119024 259.585354 
2.058652 255.786784 
1.994300 261.484638 
1.926090 251.988215 
1.854148 257.686069 
1.778619 251.988215 
1.699659 246.290361 
1.617411 251.988215 
1.532027 244.391076 
1.443679 257.686069 
1.352538 242.491792 
1.258782 240.592507 
1.162590 231.096084 
1.064160 234.894653 
0.963672 231.096084 
0.861299 221.599660 
0.757271 217.801091 
0.651778 191.211106 
0.545024 204.506098 
0.437215 204.506098 
0.328573 198.808244 
0.219294 191.211106 
0.109592 191.211106 
-0.000322 183.613967 
-0.110247 166.520405 
-0.219959 172.218259 
-0.329279 153.225412 
-0.437928 149.426843 
-0.545730 120.937573 
-0.652476 65.858318 
-0.757960 1.282639 
-0.861968 -21.508777 
-0.964309 -27.206631 
-1.064794 -46.199477 
-1.163211 -46.199477 
-1.259378 -68.990893 
-1.353109 -82.285886 
-1.444242 -99.379448 
-1.532572 -89.883024 
-1.617928 -99.379448 
-1.700156 -99.379448 
-1.779104 -105.077302 
-1.854610 -116.473010 
-1.926530 -129.768002 
-1.994715 -143.062995 
-2.059050 -144.962280 
-2.119408 -150.660134 
-2.175660 -154.458703 
-2.227703 -173.451550 
-2.275437 -173.451550 
-2.318770 -173.451550 
-2.357618 -181.048688 
-2.391905 -194.343681 
-2.421566 -200.041535 
-2.446543 -205.739389 
-2.466787 -213.336528 
-2.482259 -224.732236 
-2.492932 -220.933666 
-2.498781 -226.631520 
-2.499797 -222.832951 
-2.495977 -234.228659 
-2.487330 -236.127944 
-2.473873 -243.725082 
-2.455629 -241.825798 
-2.432636 -239.926513 
-2.404940 -257.020075 
-2.372594 -262.717929 
-2.335655 -258.919360 
-2.294198 -268.415783 
-2.248303 -257.020075 
-2.198065 -255.120790 
-2.143576 -257.020075 
-2.084935 -251.322221 
-2.022262 -243.725082 
-1.955676 -243.725082 
-1.885308 -257.020075 
-1.811301 -243.725082 
-1.733791 -255.120790 
-1.652920 -238.027228 
-1.568851 -249.422936 
-1.481757 -243.725082 
-1.391797 -239.926513 
-1.299136 -243.725082 
-1.203962 -243.725082 
-1.106459 -234.228659 
-1.006816 -234.228659 
-0.905236 -226.631520 
-0.801895 -219.034382 
-0.697003 -219.034382 
-0.590773 -209.537958 
-0.483401 -203.840104 
-0.375094 -198.142250 
-0.266061 -194.343681 
-0.156514 -179.149404 
-0.046653 -177.250119 
0.063298 -167.753696 
0.173657 -163.955126 
0.283148 -150.660134 
0.392092 -139.264426 
0.500234 -97.480163 
0.607441 -23.408061 
0.713474 8.879778 
0.818127 18.376201 
0.921218 31.671194 
1.022507 52.563325 
1.121819 44.966187 
1.218980 50.664041 
1.313774 69.656887 
1.406017 79.153311 
1.495541 82.951880 
1.582181 94.347588 
1.665753 90.549019 
1.746103 103.844011 
1.823084 119.038289 
1.896539 126.635427 
1.966318 138.031135 
2.032295 149.426843 
2.094347 141.829705 
2.152349 151.326128 
2.206182 168.419690 
2.255748 168.419690 
2.300956 168.419690 
2.341710 183.613967 
2.377935 189.311821 
2.409561 195.009675 
2.436530 196.908960 
2.458786 208.304668 
2.476284 202.606814 
2.488994 206.405383 
2.496890 221.599660 
2.499957 231.096084 
2.498187 221.599660 
2.491586 231.096084 
2.480167 214.002522 
2.463951 242.491792 
2.442949 240.592507 
2.417240 231.096084 
2.386855 242.491792 
2.351855 246.290361 
2.312302 248.189646 
2.268282 246.290361 
2.219869 244.391076 
2.167168 250.088930 
2.110270 244.391076 
2.049290 257.686069 
1.984353 251.988215 
1.915579 251.988215 
1.843092 263.383923 
1.767040 244.391076 
1.687579 250.088930 
1.604845 248.189646 
1.519007 251.988215 
1.430231 246.290361 
1.338698 246.290361 
1.244576 238.693222 
1.148027 227.297514 
1.049267 231.096084 
0.948488 231.096084 
0.845853 225.398230 
0.741593 221.599660 
0.635898 221.599660 
0.528984 204.506098 
0.421037 204.506098 
0.312274 198.808244 
0.202908 193.110390 
0.093161 193.110390 
-0.016767 187.412536 
-0.126662 174.117544 
-0.236324 166.520405 
-0.345517 158.923266 
-0.454053 147.527558 
-0.561711 124.736143 
-0.668282 56.361895 
-0.773550 6.980493 
-0.877322 -19.609492 
-0.979398 -27.206631 
-1.079589 -48.098762 
-1.177682 -105.077302 
-1.273508 -65.192324 
-1.366879 -82.285886 
-1.457597 -97.480163 
-1.545504 -91.782309 
-1.630404 -99.379448 
-1.712160 -106.976586 
-1.790603 -105.077302 
-1.865575 -120.271579 
-1.936940 -125.969433 
-2.004558 -135.465856 
-2.068300 -146.861564 
-2.128048 -150.660134 
-2.183675 -158.257272 
-2.235083 -165.854411 
-2.282163 -179.149404 
-2.324834 -175.350834 
-2.363008 -184.847258 
-2.396611 -192.444396 
-2.425582 -194.343681 
-2.449855 -201.940820 
-2.469455 -213.336528 
-2.484196 -217.135097 
-2.494133 -219.034382 
-2.499248 -226.631520 
-2.499527 -226.631520 
-2.494974 -241.825798 
-2.485595 -239.926513 
-2.471409 -234.228659 
-2.452441 -239.926513 
-2.428730 -239.926513 
-2.400324 -255.120790 
-2.367272 -262.717929 
-2.329646 -258.919360 
-2.287514 -257.020075 
-2.240958 -258.919360 
-2.190068 -258.919360 
-2.134938 -257.020075 
-2.075677 -249.422936 
-2.012402 -245.624367 
-1.945241 -241.825798 
-1.874303 -251.322221 
-1.799755 -245.624367 
-1.721726 -249.422936 
-1.640359 -243.725082 
-1.555828 -245.624367 
-1.468288 -245.624367 
-1.377908 -238.027228 
-1.284844 -243.725082 
-1.189315 -243.725082 
-1.091475 -239.926513 
-0.991524 -230.430090 
-0.889655 -222.832951 
-0.786076 -224.732236 
-0.680966 -211.437243 
-0.574539 -205.739389 
-0.467000 -205.739389 
-0.358558 -198.142250 
-0.249434 -182.947973 
-0.139827 -190.545112 
-0.029939 -181.048688 
0.079996 -160.156557 
0.189776 -167.753696 
0.299201 -148.760849 
0.408035 -131.667287 
0.516081 -91.782309 
0.623128 -27.206631 
0.728971 12.678347 
0.833403 -6.314499 
0.936245 27.872625 
1.037276 46.865471 
1.136279 48.764756 
1.233085 52.563325 
1.327507 69.656887 
1.419370 77.254026 
1.508488 79.153311 
1.594688 88.649734 
1.677795 100.045442 
1.757666 105.743296 
1.834129 124.736143 
1.907044 130.433997 
1.976279 139.930420 
2.041685 149.426843 
2.103142 147.527558 
2.160537 132.333281 
2.213753 162.721836 
2.262688 164.621120 
2.307245 176.016828 
2.347336 196.908960 
2.382887 183.613967 
2.413833 187.412536 
2.440107 210.203952 
2.461665 204.506098 
2.478460 204.506098 
2.490462 212.103237 
2.497646 223.498945 
2.500000 206.405383 
2.497517 225.398230 
2.490204 231.096084 
2.478076 232.995368 
2.461153 236.793938 
2.439472 229.196799 
2.413071 240.592507 
2.382005 242.491792 
2.346329 240.592507 
2.306118 244.391076 
2.261443 251.988215 
2.212399 250.088930 
2.159071 244.391076 
2.101573 246.290361 
2.040003 251.988215 
1.974495 227.297514 
1.905168 257.686069 
1.832157 250.088930 
1.755594 251.988215 
1.675636 250.088930 
1.592436 250.088930 
1.506148 255.786784 
1.416954 246.290361 
1.325020 236.793938 
1.230523 244.391076 
1.133645 229.196799 
1.034575 231.096084 
0.933514 221.599660 
0.830648 219.700376 
0.726153 225.398230 
0.620254 219.700376 
0.513166 204.506098 
0.405085 208.304668 
0.296221 198.808244 
0.186795 193.110390 
0.076996 191.211106 
-0.032951 187.412536 
-0.142835 174.117544 
-0.252443 162.721836 
-0.361562 151.326128 
-0.469971 147.527558 
-0.577470 111.441150 
-0.683854 52.563325 
-0.788925 12.678347 
-0.892460 -21.508777 
-0.994268 -27.206631 
-1.094154 -46.199477 
-1.191934 -51.897331 
-1.287418 -68.990893 
-1.380393 -80.386601 
-1.470698 -86.084455 
-1.558158 -93.681594 
-1.642606 -101.278732 
-1.723884 -99.379448 
-1.801829 -108.875871 
-1.876288 -112.674440 
-1.947118 -133.566572 
-2.014181 -143.062995 
-2.077355 -150.660134 
-2.136504 -173.451550 
-2.191514 -165.854411 
-2.242287 -167.753696 
-2.288727 -173.451550 
-2.330737 -179.149404 
-2.368243 -179.149404 
-2.401167 -196.242966 
-2.429445 -194.343681 
-2.453024 -203.840104 
-2.471861 -219.034382 
-2.485917 -222.832951 
-2.495163 -220.933666 
-2.499585 -226.631520 
-2.499171 -234.228659 
-2.493923 -230.430090 
-2.483851 -236.127944 
-2.468975 -243.725082 
-2.449323 -238.027228 
-2.424936 -247.523652 
-2.395856 -251.322221 
-2.362141 -255.120790 
-2.323858 -264.617214 
-2.281084 -258.919360 
-2.233899 -258.919360 
-2.182394 -257.020075 
-2.126668 -249.422936 
-2.066823 -255.120790 
-2.002980 -243.725082 
-1.935270 -238.027228 
-1.863809 -249.422936 
-1.788752 -251.322221 
-1.710235 -247.523652 
-1.628411 -243.725082 
-1.543429 -247.523652 
-1.455461 -239.926513 
-1.364687 -243.725082 
-1.271265 -239.926513 
-1.175383 -245.624367 
-1.077228 -239.926513 
-0.976989 -230.430090 
-0.874871 -226.631520 
-0.771061 -215.235812 
-0.665760 -230.430090 
-0.559161 -203.840104 
-0.451491 -203.840104 
-0.342936 -196.242966 
-0.233673 -190.545112 
-0.124015 -190.545112 
-0.014105 -181.048688 
0.095832 -173.451550 
0.205584 -163.955126 
0.315028 -158.257272 
0.423772 -144.962280 
0.531697 -87.983740 
0.638593 -23.408061 
0.744254 16.476917 
0.848464 16.476917 
0.951045 31.671194 
1.051775 46.865471 
1.150481 50.664041 
1.246962 58.261179 
1.341031 67.757603 
1.432506 75.354741 
1.521202 88.649734 
1.606964 86.750449 
1.689625 94.347588 
1.769003 113.340435 
1.844966 122.836858 
1.917361 136.131851 
1.986047 145.628274 
2.050892 149.426843 
2.111769 143.728989 
2.168562 128.534712 
2.221155 160.822551 
2.269457 166.520405 
2.313369 174.117544 
2.352802 196.908960 
2.387686 183.613967 
2.417952 195.009675 
2.443542 208.304668 
2.464406 198.808244 
2.480506 204.506098 
2.491808 214.002522 
2.498290 223.498945 
2.499939 215.901806 
2.496753 229.196799 
2.488736 231.096084 
2.475907 232.995368 
2.458290 236.793938 
2.435919 234.894653 
2.408835 244.391076 
2.377087 244.391076 
2.340744 244.391076 
2.299874 251.988215 
2.254555 250.088930 
2.204875 250.088930 
2.150936 253.887500 
2.092831 251.988215 
2.030677 250.088930 
1.964603 259.585354 
1.894730 255.786784 
1.821184 251.988215 
1.744124 246.290361 
1.663691 253.887500 
1.580023 244.391076 
1.493307 255.786784 
1.403703 248.189646 
1.311383 240.592507 
1.216517 236.793938 
1.119317 232.995368 
1.019943 236.793938 
0.918596 221.599660 
0.815472 227.297514 
0.710781 217.801091 
0.604716 208.304668 
0.497481 208.304668 
0.389284 210.203952 
0.280335 200.707529 
0.170843 189.311821 
0.061021 189.311821 
-0.048931 183.613967 
-0.158776 166.520405 
-0.268326 166.520405 
-0.377346 153.225412 
-0.485669 143.728989 
-0.593019 111.441150 
-0.699233 52.563325 
-0.804095 1.282639 
-0.907391 -13.911638 
-1.008942 -32.904485 
-1.108532 -48.098762 
-1.205988 -59.494470 
-1.301101 -70.890178 
-1.393708 -82.285886 
-1.483609 -97.480163 
-1.570642 -95.580878 
-1.654637 -93.681594 
-1.735432 -105.077302 
-1.812917 -116.473010 
-1.886848 -120.271579 
-1.957137 -124.070148 
-2.023633 -148.760849 
-2.086223 -150.660134 
-2.144771 -150.660134 
-2.199171 -154.458703 
-2.249323 -171.552265 
-2.295124 -171.552265 
-2.336486 -182.947973 
-2.373325 -190.545112 
-2.405574 -190.545112 
-2.433173 -203.840104 
-2.456064 -203.840104 
-2.474205 -209.537958 
-2.487561 -219.034382 
-2.496107 -220.933666 
-2.499825 -220.933666 
-2.498709 -228.530805 
-2.492760 -232.329374 
-2.481990 -245.624367 
-2.466418 -241.825798 
-2.446076 -241.825798 
-2.421005 -247.523652 
-2.391252 -251.322221 
-2.356874 -255.120790 
-2.317935 -258.919360 
-2.274516 -258.919360 
-2.226699 -260.818644 
-2.174570 -257.020075 
-2.118235 -249.422936 
-2.057809 -253.221506 
-1.993396 -241.825798 
-1.925127 -241.825798 
-1.853135 -247.523652 
-1.777559 -245.624367 
-1.698543 -249.422936 
-1.616243 -251.322221 
-1.530816 -241.825798 
-1.442428 -239.926513 
-1.351250 -238.027228 
-1.257458 -241.825798 
-1.161234 -245.624367 
-1.062774 -226.631520 
-0.962259 -226.631520 
-0.859872 -228.530805 
-0.755832 -211.437243 
-0.650331 -213.336528 
-0.543562 -211.437243 
-0.435740 -200.041535 
-0.327088 -201.940820 
-0.217791 -192.444396 
-0.108084 -177.250119 
0.001843 -175.350834 
0.111766 -167.753696 
0.221473 -162.055842 
0.330752 -165.854411 
0.439391 -144.962280 
0.547169 -99.379448 
0.653900 -49.998047 
0.759366 6.980493 
0.863363 18.376201 
0.965680 -0.616645 
1.066139 60.160464 
1.164526 50.664041 
1.260671 60.160464 
1.354368 75.354741 
1.445446 75.354741 
1.533737 84.851165 
1.619053 92.448303 
1.701246 100.045442 
1.780140 119.038289 
1.855592 128.534712 
1.927462 136.131851 
1.995604 153.225412 
2.060085 145.628274 
2.120370 147.527558 
2.176547 160.822551 
2.228521 160.822551 
2.276179 170.318974 
2.319439 187.412536 
2.358214 191.211106 
2.392426 183.613967 
2.422008 200.707529 
2.446909 198.808244 
2.467074 200.707529 
2.482469 215.901806 
2.493062 215.901806 
2.498834 217.801091 
2.499774 223.498945 
2.495878 240.592507 
2.487155 223.498945 
2.473620 236.793938 
2.455303 242.491792 
2.432238 244.391076 
2.404466 248.189646 
2.372043 240.592507 
2.335035 227.297514 
2.293503 246.290361 
2.247544 251.988215 
2.197232 257.686069 
2.142677 250.088930 
2.083977 251.988215 
2.021248 259.585354 
1.954602 251.988215 
1.884183 255.786784 
1.810113 251.988215 
1.732541 255.786784 
1.651626 246.290361 
1.567509 248.189646 
1.480359 251.988215 
1.390346 234.894653 
1.297653 234.894653 
1.202441 234.894653 
1.104893 229.196799 
1.005228 225.398230 
0.903608 223.498945 
0.800251 229.196799 
0.695336 219.700376 
0.589076 206.405383 
0.481676 202.606814 
0.373356 196.908960 
0.264302 198.808244 
0.154737 189.311821 
0.044873 189.311821 
-0.065066 170.318974 
-0.174891 170.318974 
-0.284367 162.721836 
-0.393304 151.326128 
-0.501469 138.031135 
-0.608664 124.736143 
-0.714682 50.664041 
-0.819328 -0.616645 
-0.922380 -15.810923 
-1.023668 -29.105915 
-1.122955 -51.897331 
-1.220081 -55.695901 
-1.314846 -72.789462 
-1.407059 -86.084455 
-1.496560 -95.580878 
-1.583166 -97.480163 
-1.666701 -91.782309 
-1.747013 -101.278732 
-1.823947 -106.976586 
-1.897353 -129.768002 
-1.967089 -129.768002 
-2.033022 -143.062995 
-2.095023 -150.660134 
-2.153024 -156.357988 
-2.206806 -154.458703 
-2.256330 -158.257272 
-2.301484 -173.451550 
-2.342182 -175.350834 
-2.378355 -192.444396 
-2.409926 -188.645827 
-2.436834 -198.142250 
-2.459031 -205.739389 
-2.476474 -220.933666 
-2.489124 -220.933666 
-2.496959 -226.631520 
-2.499964 -230.430090 
-2.498134 -234.228659 
-2.491472 -234.228659 
-2.479991 -241.825798 
-2.463713 -245.624367 
-2.442671 -239.926513 
-2.416909 -245.624367 
-2.386467 -251.322221 
-2.351412 -249.422936 
-2.311810 -255.120790 
-2.267737 -264.617214 
-2.219273 -262.717929 
-2.166523 -260.818644 
-2.109576 -253.221506 
-2.048555 -245.624367 
-1.983573 -245.624367 
-1.914754 -243.725082 
-1.842225 -243.725082 
-1.766141 -241.825798 
-1.686640 -238.027228 
-1.603879 -238.027228 
-1.518006 -234.228659 
-1.429206 -234.228659 
-1.337633 -232.329374 
-1.243482 -232.329374 
-1.146917 -236.127944 
-1.048133 -234.228659 
-0.947332 -232.329374 
-0.844688 -222.832951 
-0.740411 -211.437243 
-0.634712 -213.336528 
-0.527775 -196.242966 
-0.419293 -192.444396 
-0.310519 -188.645827 
-0.201145 -181.048688 
-0.091370 -171.552265 
0.018559 -175.350834 
0.128452 -163.955126 
0.238108 -154.458703 
0.347303 -152.559418 
0.455826 -135.465856 
0.563457 -87.983740 
0.670009 -34.803769 
0.775254 10.779063 
0.879011 16.476917 
0.981056 39.268333 
1.081215 52.563325 
1.179282 52.563325 
1.275059 60.160464 
1.368379 73.455457 
1.459043 84.851165 
1.546912 90.549019 
1.631779 92.448303 
1.713481 113.340435 
1.791861 111.441150 
1.866790 122.836858 
1.938093 128.534712 
2.005655 138.031135 
2.069332 147.527558 
2.129006 158.923266 
2.184568 155.124697 
2.235905 160.822551 
2.282917 181.714682 
2.325513 191.211106 
2.363607 181.714682 
2.397134 196.908960 
2.426023 204.506098 
2.450220 204.506098 
2.469676 198.808244 
2.484355 229.196799 
2.494230 212.103237 
2.499282 221.599660 
2.499499 223.498945 
2.494882 227.297514 
2.485438 236.793938 
2.471188 234.894653 
2.452159 236.793938 
2.428385 253.887500 
2.399911 251.988215 
2.366801 250.088930 
2.329114 255.786784 
2.286918 253.887500 
2.240299 259.585354 
2.189346 255.786784 
2.134158 261.484638 
2.074848 259.585354 
2.011526 259.585354 
1.944314 259.585354 
1.873341 253.887500 
1.798738 255.786784 
1.720656 250.088930 
1.639245 259.585354 
1.554673 259.585354 
1.467084 255.786784 
1.376668 246.290361 
1.283588 240.592507 
1.188027 244.391076 
1.090168 240.592507 
0.990191 225.398230 
0.888308 236.793938 
0.784686 215.901806 
0.679568 221.599660 
0.573125 215.901806 
0.465584 221.599660 
0.357143 200.707529 
0.248011 196.908960 
0.138388 193.110390 
0.028498 187.412536 
-0.081437 176.016828 
-0.191213 179.815398 
-0.300621 170.318974 
-0.409446 153.225412 
-0.517491 145.628274 
-0.624524 119.038289 
-0.730338 44.966187 
-0.834751 -8.213784 
-0.937550 -15.810923 
-1.038546 -21.508777 
-1.137523 -46.199477 
-1.234300 -59.494470 
-1.328699 -82.285886 
-1.420519 -91.782309 
-1.509592 -105.077302 
-1.595754 -99.379448 
-1.678830 -99.379448 
-1.758658 -108.875871 
-1.835085 -116.473010 
-1.907954 -129.768002 
-1.977141 -135.465856 
-2.042503 -146.861564 
-2.103908 -148.760849 
-2.161251 -158.257272 
-2.214407 -160.156557 
-2.263281 -173.451550 
-2.307782 -181.048688 
-2.347820 -179.149404 
-2.383319 -188.645827 
-2.414202 -196.242966 
-2.440418 -203.840104 
-2.461912 -201.940820 
-2.478644 -209.537958 
-2.490584 -213.336528 
-2.497706 -222.832951 
-2.499998 -232.329374 
-2.497455 -230.430090 
-2.490082 -234.228659 
-2.477893 -241.825798 
-2.460912 -249.422936 
-2.439169 -253.221506 
-2.412711 -249.422936 
-2.381584 -251.322221 
-2.345854 -257.020075 
-2.305583 -257.020075 
-2.260853 -262.717929 
-2.211749 -260.818644 
-2.158373 -264.617214 
-2.100822 -257.020075 
-2.039209 -253.221506 
-1.973645 -251.322221 
-1.904264 -251.322221 
-1.831199 -239.926513 
-1.754600 -243.725082 
-1.674600 -245.624367 
-1.591360 -241.825798 
-1.505042 -245.624367 
-1.415813 -234.228659 
-1.323845 -243.725082 
-1.229327 -239.926513 
-1.132431 -226.631520 
-1.033345 -236.127944 
-0.932261 -219.034382 
-0.829373 -217.135097 
-0.724882 -219.034382 
-0.618989 -213.336528 
-0.511888 -203.840104 
-0.403808 -192.444396 
-0.294935 -182.947973 
-0.185504 -184.847258 
-0.075702 -179.149404 
0.034234 -173.451550 
0.144105 -171.552265 
0.253708 -163.955126 
0.362820 -152.559418 
0.471220 -135.465856 
0.578708 -108.875871 
0.685088 -38.602339 
0.790132 8.879778 
0.893647 24.074055 
0.995435 44.966187 
1.095308 60.160464 
1.193052 48.764756 
1.288489 65.858318 
1.381443 67.757603 
1.471735 84.851165 
1.559170 88.649734 
1.643590 94.347588 
1.724830 103.844011 
1.802726 107.642581 
1.877143 122.836858 
1.947922 134.232566 
2.014934 143.728989 
2.078056 139.930420 
2.137158 153.225412 
2.192121 151.326128 
2.242844 166.520405 
2.289230 174.117544 
2.331193 176.016828 
2.368643 193.110390 
2.401515 187.412536 
2.429739 185.513252 
2.453265 208.304668 
2.472048 221.599660 
2.486049 204.506098 
2.495241 215.901806 
2.499607 229.196799 
2.499138 217.801091 
2.493835 229.196799 
2.483709 232.995368 
2.468778 229.196799 
2.449072 244.391076 
2.424631 246.290361 
2.395502 251.988215 
2.361732 248.189646 
2.323397 250.088930 
2.280568 257.686069 
2.233328 250.088930 
2.181767 257.686069 
2.125993 259.585354 
2.066101 253.887500 
2.002219 261.484638 
1.934457 255.786784 
1.862954 255.786784 
1.787847 246.290361 
1.709283 259.585354 
1.627411 257.686069 
1.542392 251.988215 
1.454399 246.290361 
1.363593 240.592507 
1.270140 244.391076 
1.174231 238.693222 
1.076060 231.096084 
0.975798 234.894653 
0.873659 221.599660 
0.769819 215.901806 
0.664491 208.304668 
0.557877 208.304668 
0.450195 210.203952 
0.341643 202.606814 
0.232418 193.110390 
0.122756 187.412536 
0.012844 177.916113 
-0.097092 181.714682 
-0.206840 164.621120 
-0.316188 160.822551 
-0.424914 155.124697 
-0.532818 139.930420 
-0.639691 111.441150 
-0.745327 46.865471 
-0.849533 -8.213784 
-0.952095 -23.408061 
-1.052805 -29.105915 
-1.151490 -59.494470 
-1.247937 -51.897331 
-1.341980 -72.789462 
-1.433428 -97.480163 
-1.522103 -95.580878 
-1.607825 -108.875871 
-1.690446 -105.077302 
-1.769789 -108.875871 
-1.845717 -125.969433 
-1.918068 -133.566572 
-1.986710 -133.566572 
-2.051515 -156.357988 
-2.112347 -154.458703 
-2.169093 -162.055842 
-2.221655 -165.854411 
-2.269914 -167.753696 
-2.313778 -182.947973 
-2.353167 -186.746542 
-2.388009 -186.746542 
-2.418235 -203.840104 
-2.443779 -200.041535 
-2.464595 -215.235812 
-2.480645 -211.437243 
-2.491898 -213.336528 
-2.498331 -220.933666 
-2.499931 -224.732236 
-2.496695 -236.127944 
-2.488630 -238.027228 
-2.475750 -239.926513 
-2.458083 -251.322221 
-2.435664 -251.322221 
-2.408530 -253.221506 
-2.376742 -253.221506 
-2.340353 -251.322221 
-2.299433 -260.818644 
-2.254069 -258.919360 
-2.204339 -262.717929 
-2.150351 -255.120790 
-2.092203 -251.322221 
-2.030014 -251.322221 
-1.963893 -247.523652 
-1.893981 -247.523652 
-1.820406 -243.725082 
-1.743310 -238.027228 
-1.662834 -241.825798 
-1.579142 -243.725082 
-1.492405 -236.127944 
-1.402772 -236.127944 
-1.310425 -236.127944 
-1.215554 -230.430090 
-1.118322 -226.631520 
-1.018926 -226.631520 
-0.917571 -226.631520 
-0.814440 -213.336528 
-0.709735 -213.336528 
-0.603646 -200.041535 
-0.496401 -196.242966 
-0.388184 -194.343681 
-0.279228 -181.048688 
-0.169732 -182.947973 
-0.059896 -173.451550 
0.050044 -162.055842 
0.159910 -163.955126 
0.269444 -154.458703 
0.378458 -152.559418 
0.486750 -122.170864 
0.594101 -44.300193 
0.700302 -0.616645 
0.805139 18.376201 
0.908428 29.771909 
1.009961 60.160464 
1.109530 50.664041 
1.206963 56.361895 
1.302061 60.160464 
1.394632 77.254026 
1.484505 77.254026 
1.571517 84.851165 
1.655480 92.448303 
1.736241 96.246873 
1.813645 119.038289 
1.887541 122.836858 
1.957787 132.333281 
2.024247 136.131851 
2.086799 138.031135 
2.145313 141.829705 
2.199673 158.923266 
2.249779 160.822551 
2.295539 162.721836 
2.336858 181.714682 
2.373657 177.916113 
2.405861 193.110390 
2.433413 202.606814 
2.456259 198.808244 
2.474356 208.304668 
2.487667 215.901806 
2.496167 221.599660 
2.499837 214.002522 
2.498673 223.498945 
2.492676 229.196799 
2.481859 236.793938 
2.466240 250.088930 
2.445850 242.491792 
2.420732 250.088930 
2.390933 246.290361 
2.356507 250.088930 
2.317526 255.786784 
2.274059 250.088930 
2.226193 261.484638 
2.174026 255.786784 
2.117649 257.686069 
2.057176 265.283208 
1.992724 259.585354 
1.924424 257.686069 
1.852395 251.988215 
1.776783 272.880346 
1.697735 259.585354 
1.615410 259.585354 
1.529962 246.290361 
1.441546 253.887500 
1.350351 251.988215 
1.256535 240.592507 
1.160298 236.793938 
1.061807 240.592507 
0.961273 231.096084 
0.858879 234.894653 
0.754825 221.599660 
0.649300 227.297514 
0.542530 214.002522 
0.434700 210.203952 
0.326028 210.203952 
0.216738 195.009675 
0.107017 202.606814 
-0.002900 193.110390 
-0.112811 177.916113 
-0.222515 177.916113 
-0.331789 158.923266 
-0.440409 164.621120 
-0.548178 126.635427 
-0.654887 62.059749 
-0.760330 16.476917 
-0.864323 -15.810923 
-0.966634 -23.408061 
-1.067075 -44.300193 
-1.165442 -51.897331 
-1.261555 -59.494470 
-1.355237 -84.185170 
-1.446289 -91.782309 
-1.534554 -93.681594 
-1.619849 -95.580878 
-1.702012 -105.077302 
-1.780882 -114.573725 
-1.856308 -127.868718 
-1.928142 -146.861564 
-1.996241 -148.760849 
-2.060485 -148.760849 
-2.120738 -160.156557 
-2.176889 -162.055842 
-2.228836 -169.652980 
-2.276466 -167.753696 
-2.319695 -165.854411 
-2.358440 -184.847258 
-2.392624 -192.444396 
-2.422180 -200.041535 
-2.447051 -211.437243 
-2.467188 -224.732236 
-2.482552 -217.135097 
-2.493115 -215.235812 
-2.498856 -226.631520 
-2.499764 -217.135097 
-2.495838 -230.430090 
-2.487084 -236.127944 
-2.473521 -247.523652 
-2.455172 -253.221506 
-2.432077 -255.120790 
-2.404278 -264.617214 
-2.371830 -255.120790 
-2.334783 -260.818644 
-2.293231 -258.919360 
-2.247239 -264.617214 
-2.196906 -262.717929 
-2.142324 -257.020075 
-2.083593 -262.717929 
-2.020832 -249.422936 
-1.954169 -251.322221 
-1.883726 -255.120790 
-1.809641 -245.624367 
-1.732056 -243.725082 
-1.651121 -243.725082 
-1.566985 -243.725082 
-1.479817 -241.825798 
-1.389787 -239.926513 
-1.297069 -236.127944 
-1.201841 -232.329374 
-1.104289 -228.530805 
-1.004612 -232.329374 
-0.902981 -222.832951 
-0.799614 -220.933666 
-0.694690 -219.034382 
-0.588422 -209.537958 
-0.481016 -196.242966 
-0.372690 -192.444396 
-0.263633 -194.343681 
-0.154066 -184.847258 
-0.044212 -175.350834 
0.065739 -175.350834 
0.175551 -165.854411 
0.285035 -158.257272 
0.393957 -154.458703 
0.502128 -133.566572 
0.609294 -49.998047 
0.715315 -4.415215 
0.819942 20.275486 
0.922994 -6.314499 
1.024261 58.261179 
1.123536 54.462610 
1.220638 60.160464 
1.315389 71.556172 
1.407587 77.254026 
1.497062 88.649734 
1.583651 84.851165 
1.667169 88.649734 
1.747462 105.743296 
1.824383 101.944727 
1.897768 119.038289 
1.967491 130.433997 
2.033413 134.232566 
2.095396 151.326128 
2.153320 147.527558 
2.207080 157.023982 
2.256576 166.520405 
2.301707 164.621120 
2.342382 170.318974 
2.378527 181.714682 
2.410075 196.908960 
2.436962 198.808244 
2.459132 196.908960 
2.476547 210.203952 
2.489174 219.700376 
2.496985 214.002522 
2.499967 225.398230 
2.498114 225.398230 
2.491430 227.297514 
2.479926 242.491792 
2.463625 250.088930 
2.442559 234.894653 
2.416772 251.988215 
2.386307 248.189646 
2.351226 251.988215 
2.311597 251.988215 
2.267497 255.786784 
2.219016 259.585354 
2.166238 255.786784 
2.109270 265.283208 
2.048228 259.585354 
1.983218 255.786784 
1.914373 251.988215 
1.841824 263.383923 
1.765712 265.283208 
1.686194 255.786784 
1.603406 257.686069 
1.517525 242.491792 
1.428710 251.988215 
1.337132 253.887500 
1.242967 234.894653 
1.146389 242.491792 
1.047594 234.894653 
0.946772 223.498945 
0.844119 234.894653 
0.739833 215.901806 
0.634116 227.297514 
0.527172 208.304668 
0.419220 210.203952 
0.310446 196.908960 
0.201083 206.405383 
0.091330 198.808244 
-0.018610 183.613967 
-0.128503 181.714682 
-0.238158 170.318974 
-0.347342 162.721836 
-0.455854 130.433997 
-0.563484 124.736143 
-0.670047 62.059749 
-0.775292 10.779063 
-0.879048 -15.810923 
-0.981093 -21.508777 
-1.081251 -51.897331 
-1.179317 -59.494470 
-1.275103 -59.494470 
-1.368422 -89.883024 
-1.459084 -95.580878 
-1.546934 -93.681594 
-1.631792 -97.480163 
-1.713494 -106.976586 
-1.791873 -112.674440 
-1.866794 -129.768002 
-1.938097 -141.163710 
-2.005652 -150.660134 
-2.069341 -154.458703 
-2.129021 -150.660134 
-2.184582 -160.156557 
-2.235913 -167.753696 
-2.282919 -167.753696 
-2.325519 -182.947973 
-2.363616 -186.746542 
-2.397145 -196.242966 
-2.426033 -200.041535 
-2.450226 -211.437243 
-2.469680 -211.437243 
-2.484360 -220.933666 
-2.494234 -215.235812 
-2.499283 -260.818644 
-2.499498 -226.631520 
-2.494879 -236.127944 
-2.485433 -258.919360 
-2.471180 -243.725082 
-2.452147 -249.422936 
-2.428373 -260.818644 
-2.399900 -253.221506 
-2.366788 -258.919360 
-2.329096 -257.020075 
-2.286902 -258.919360 
-2.240281 -260.818644 
-2.189332 -257.020075 
-2.134143 -264.617214 
-2.074832 -264.617214 
-2.011509 -249.422936 
-1.944289 -257.020075 
-1.873315 -253.221506 
-1.798719 -239.926513 
-1.720644 -260.818644 
-1.639232 -234.228659 
-1.554650 -238.027228 
-1.467061 -236.127944 
-1.376644 -238.027228 
-1.283564 -230.430090 
-1.188002 -236.127944 
-1.090132 -226.631520 
-0.990165 -224.732236 
-0.888271 -220.933666 
-0.784670 -219.034382 
-0.679541 -211.437243 
-0.573108 -207.638674 
-0.465567 -200.041535 
-0.357115 -201.940820 
-0.247972 -186.746542 
-0.138360 -179.149404 
-0.028469 -173.451550 
0.081465 -167.753696 
0.191253 -167.753696 
0.300671 -154.458703 
0.409496 -150.660134 
0.517530 -125.969433 
0.624584 -51.897331 
0.730409 3.181924 
0.834831 -21.508777 
0.937629 39.268333 
1.038623 58.261179 
1.137608 56.361895 
1.234383 58.261179 
1.328771 65.858318 
1.420589 43.066902 
1.509660 88.649734 
1.595811 84.851165 
1.678876 103.844011 
1.758694 109.541865 
1.835111 115.239719 
1.907980 124.736143 
1.977158 122.836858 
2.042513 130.433997 
2.103924 149.426843 
2.161265 141.829705 
2.214420 149.426843 
2.263298 168.419690 
2.307798 174.117544 
2.347830 176.016828 
2.383311 189.311821 
2.414197 198.808244 
2.440414 198.808244 
2.461911 204.506098 
2.478650 215.901806 
2.490587 215.901806 
2.497708 212.103237 
2.499998 225.398230 
2.497454 227.297514 
2.490079 227.297514 
2.477886 244.391076 
2.460901 240.592507 
2.439153 238.693222 
2.412689 259.585354 
2.381562 242.491792 
2.345829 250.088930 
2.305555 251.988215 
2.260821 251.988215 
2.211715 259.585354 
2.158330 250.088930 
2.100770 270.981062 
2.039147 248.189646 
1.973579 251.988215 
1.904202 259.585354 
1.831141 265.283208 
1.754532 259.585354 
1.674528 246.290361 
1.591286 246.290361 
1.504965 244.391076 
1.415734 250.088930 
1.323764 246.290361 
1.229243 240.592507 
1.132345 236.793938 
1.033237 234.894653 
0.932150 231.096084 
0.829251 217.801091 
0.724747 214.002522 
0.618852 225.398230 
0.511761 210.203952 
0.403657 208.304668 
0.294784 206.405383 
0.185340 196.908960 
0.075539 191.211106 
-0.034410 191.211106 
-0.144291 181.714682 
-0.253893 170.318974 
-0.363005 158.923266 
-0.471414 158.923266 
-0.578900 126.635427 
-0.685278 56.361895 
-0.790319 1.282639 
-0.893853 -21.508777 
-0.995648 -23.408061 
-1.095526 -51.897331 
-1.193275 -59.494470 
-1.288717 -70.890178 
-1.381655 -89.883024 
-1.471931 -82.285886 
-1.559360 -91.782309 
-1.643764 -93.681594 
-1.724989 -105.077302 
-1.802879 -106.976586 
-1.877296 -122.170864 
-1.948082 -139.264426 
-2.015085 -141.163710 
-2.078197 -160.156557 
-2.137290 -163.955126 
-2.192254 -165.854411 
-2.242966 -173.451550 
-2.289350 -173.451550 
-2.331301 -182.947973 
-2.368746 -179.149404 
-2.401601 -200.041535 
-2.429815 -207.638674 
-2.453327 -209.537958 
-2.472096 -213.336528 
-2.486083 -215.235812 
-2.495261 -219.034382 
-2.499613 -215.235812 
-2.499130 -228.530805 
-2.493812 -232.329374 
-2.483672 -236.127944 
-2.468727 -239.926513 
-2.449007 -247.523652 
-2.424550 -255.120790 
-2.395406 -258.919360 
-2.361630 -257.020075 
-2.323282 -247.523652 
-2.280445 -262.717929 
-2.233198 -260.818644 
-2.181632 -255.120790 
-2.125847 -249.422936 
-2.065951 -260.818644 
-2.002059 -247.523652 
-1.934296 -255.120790 
-1.862784 -253.221506 
-1.787670 -239.926513 
-1.709105 -232.329374 
-1.627227 -234.228659 
-1.542210 -243.725082 
-1.454210 -230.430090 
-1.363399 -238.027228 
-1.269941 -234.228659 
-1.174026 -232.329374 
-1.075840 -234.228659 
-0.975574 -219.034382 
-0.873431 -228.530805 
-0.769588 -220.933666 
-0.664267 -213.336528 
-0.557662 -209.537958 
-0.449978 -220.933666 
-0.341413 -196.242966 
-0.232176 -182.947973 
-0.122502 -184.847258 
-0.012601 -171.552265 
0.097323 -169.652980 
0.207060 -163.955126 
0.316396 -158.257272 
0.425131 -143.062995 
0.533044 -129.768002 
0.639915 -55.695901 
0.745559 -0.616645 
0.849761 16.476917 
0.952320 37.369048 
1.053036 63.959033 
1.151716 54.462610 
1.248167 58.261179 
1.342205 69.656887 
1.433646 81.052595 
1.522305 86.750449 
1.608037 92.448303 
1.690642 109.541865 
1.769985 98.146157 
1.845904 120.937573 
1.918246 128.534712 
1.986884 122.836858 
2.051680 141.829705 
2.112513 141.829705 
2.169248 145.628274 
2.221792 158.923266 
2.270039 168.419690 
2.313908 177.916113 
2.353284 176.016828 
2.388111 183.613967 
2.418319 204.506098 
2.443847 202.606814 
2.464651 204.506098 
2.480689 221.599660 
2.491926 212.103237 
2.498344 217.801091 
2.499928 221.599660 
2.496677 214.002522 
2.488597 234.894653 
2.475703 240.592507 
2.458019 234.894653 
2.435581 251.988215 
2.408435 242.491792 
2.376628 250.088930 
2.340224 250.088930 
2.299293 255.786784 
2.253915 259.585354 
2.204182 253.887500 
2.150181 259.585354 
2.092026 267.182492 
2.029820 248.189646 
1.963687 257.686069 
1.893756 251.988215 
1.820169 269.081777 
1.743063 255.786784 
1.662594 253.887500 
1.578901 251.988215 
1.492155 251.988215 
1.402514 251.988215 
1.310170 240.592507 
1.215292 236.793938 
1.118064 238.693222 
1.018653 227.297514 
0.917292 227.297514 
0.814146 221.599660 
0.709394 221.599660 
0.603312 210.203952 
0.496063 206.405383 
0.387844 202.606814 
0.278885 195.009675 
0.169365 193.110390 
0.059529 183.613967 
-0.050434 177.916113 
-0.160288 172.218259 
-0.269821 168.419690 
-0.378843 153.225412 
-0.487121 145.628274 
-0.594468 120.937573 
-0.700666 43.066902 
-0.805508 1.282639 
-0.908781 -19.609492 
-1.010297 -21.508777 
-1.109859 -59.494470 
-1.207275 -61.393755 
-1.302375 -89.883024 
-1.394937 -97.480163 
-1.484810 -89.883024 
-1.571811 -112.674440 
-1.655772 -89.883024 
-1.736530 -105.077302 
-1.813921 -133.566572 
-1.887804 -129.768002 
-1.958044 -139.264426 
-2.024489 -156.357988 
-2.087019 -154.458703 
-2.145514 -163.955126 
-2.199859 -167.753696 
-2.249954 -169.652980 
-2.295702 -173.451550 
-2.337004 -179.149404 
-2.373786 -190.545112 
-2.405976 -203.840104 
-2.433513 -201.940820 
-2.456340 -217.135097 
-2.474417 -224.732236 
-2.487708 -213.336528 
-2.496189 -222.832951 
-2.499842 -226.631520 
-2.498660 -226.631520 
-2.492645 -230.430090 
-2.481809 -232.329374 
-2.466174 -243.725082 
-2.445767 -243.725082 
-2.420632 -260.818644 
-2.390813 -253.221506 
-2.356369 -258.919360 
-2.317367 -253.221506 
-2.273887 -255.120790 
-2.226005 -262.717929 
-2.173817 -247.523652 
-2.117418 -258.919360 
-2.056922 -257.020075 
-1.992454 -249.422936 
-1.924132 -251.322221 
-1.852088 -243.725082 
-1.776469 -264.617214 
-1.697398 -232.329374 
-1.615061 -230.430090 
-1.529600 -238.027228 
-1.441172 -234.228659 
-1.349966 -238.027228 
-1.256139 -228.530805 
-1.159882 -230.430090 
-1.061392 -226.631520 
-0.960839 -222.832951 
-0.858428 -222.832951 
-0.754367 -211.437243 
-0.648825 -203.840104 
-0.542039 -205.739389 
-0.434204 -198.142250 
-0.325541 -196.242966 
-0.216237 -184.847258 
-0.106514 -177.250119 
