0.000000 -114.573725 
0.141303 -95.580878 
0.282139 -84.185170 
0.422074 -61.393755 
0.560673 -31.005200 
0.697466 -6.314499 
0.832044 8.879778 
0.963961 16.476917 
1.092783 43.066902 
1.218112 46.865471 
1.339547 62.059749 
1.456700 67.757603 
1.569208 77.254026 
1.676699 82.951880 
1.778840 96.246873 
1.875273 103.844011 
1.965712 111.441150 
2.049875 128.534712 
2.127477 126.635427 
2.198286 149.426843 
2.262066 147.527558 
2.318608 168.419690 
2.367739 168.419690 
2.409301 183.613967 
2.443166 189.311821 
2.469216 204.506098 
2.487375 198.808244 
2.497582 200.707529 
2.499803 215.901806 
2.494033 214.002522 
2.480288 221.599660 
2.458617 238.693222 
2.429086 229.196799 
2.391787 229.196799 
2.346846 242.491792 
2.294397 238.693222 
2.234619 240.592507 
2.167691 238.693222 
2.093832 248.189646 
2.013218 253.887500 
1.926224 244.391076 
1.833081 251.988215 
1.734068 236.793938 
1.629510 244.391076 
1.519755 240.592507 
1.405129 229.196799 
1.286011 236.793938 
1.162795 231.096084 
1.035848 231.096084 
0.905603 229.196799 
0.772449 219.700376 
0.636826 217.801091 
0.499166 212.103237 
0.359925 212.103237 
0.219534 198.808244 
0.078441 198.808244 
-0.062903 195.009675 
-0.204060 183.613967 
-0.344551 172.218259 
-0.483940 164.621120 
-0.621797 162.721836 
-0.757651 115.239719 
-0.891138 39.268333 
-1.021734 -19.609492 
-1.149051 -15.810923 
-1.272707 -32.904485 
-1.392294 -61.393755 
-1.507418 -63.293039 
-1.617735 -89.883024 
-1.722879 -97.480163 
-1.822516 -114.573725 
-1.916315 -112.674440 
-2.003990 -116.473010 
-2.085266 -125.969433 
-2.159876 -150.660134 
-2.227580 -143.062995 
-2.288162 -162.055842 
-2.341428 -175.350834 
-2.387209 -181.048688 
-2.425353 -181.048688 
-2.455745 -203.840104 
-2.478289 -194.343681 
-2.492909 -201.940820 
-2.499559 -209.537958 
-2.498218 -207.638674 
-2.488890 -213.336528 
-2.471604 -228.530805 
-2.446417 -226.631520 
-2.413396 -228.530805 
-2.372668 -239.926513 
-2.324360 -243.725082 
-2.268622 -241.825798 
-2.205632 -239.926513 
-2.135584 -243.725082 
-2.058717 -253.221506 
-1.975269 -249.422936 
-1.885507 -249.422936 
-1.789707 -253.221506 
-1.688197 -260.818644 
-1.581278 -268.415783 
-1.469304 -249.422936 
-1.352645 -241.825798 
-1.231662 -243.725082 
-1.106742 -234.228659 
-0.978284 -234.228659 
-0.846699 -217.135097 
-0.712393 -219.034382 
-0.575824 -211.437243 
-0.437401 -203.840104 
-0.297593 -198.142250 
-0.156833 -190.545112 
-0.015558 -184.847258 
0.125752 -181.048688 
0.266660 -175.350834 
0.406716 -162.055842 
0.545472 -137.365141 
0.682484 -65.192324 
0.817315 -19.609492 
0.949546 12.678347 
1.078729 43.066902 
1.204476 44.966187 
1.326360 56.361895 
1.444004 56.361895 
1.557032 67.757603 
1.665094 92.448303 
1.767832 84.851165 
1.864919 117.139004 
1.956034 107.642581 
2.040904 126.635427 
2.119242 130.433997 
2.190813 132.333281 
2.255379 149.426843 
2.312734 160.822551 
2.362690 168.419690 
2.405094 162.721836 
2.439810 191.211106 
2.466727 198.808244 
2.485761 196.908960 
2.496847 206.405383 
2.499950 221.599660 
2.495062 214.002522 
2.482199 234.894653 
2.461401 231.096084 
2.432732 231.096084 
2.396289 227.297514 
2.352182 242.491792 
2.300560 229.196799 
2.241577 238.693222 
2.175428 238.693222 
2.102331 251.988215 
2.022506 251.988215 
1.936242 244.391076 
1.843772 250.088930 
1.745397 246.290361 
1.641454 251.988215 
1.532263 244.391076 
1.418174 242.491792 
1.299540 244.391076 
1.176763 229.196799 
1.050212 229.196799 
0.920303 221.599660 
0.787452 221.599660 
0.652083 221.599660 
0.514644 212.103237 
0.375545 214.002522 
0.235260 204.506098 
0.094222 204.506098 
-0.047130 191.211106 
-0.188333 164.621120 
-0.328918 181.714682 
-0.468453 170.318974 
-0.606504 164.621120 
-0.742601 120.937573 
-0.876326 48.764756 
-1.007262 -13.911638 
-1.134965 -17.710207 
-1.259052 -38.602339 
-1.379102 -57.595185 
-1.494744 -59.494470 
-1.605608 -89.883024 
-1.711339 -105.077302 
-1.811610 -114.573725 
-1.906080 -114.573725 
-1.994465 -108.875871 
-2.076474 -122.170864 
-2.151836 -143.062995 
-2.220320 -154.458703 
-2.281707 -160.156557 
-2.335806 -167.753696 
-2.382432 -179.149404 
-2.421446 -196.242966 
-2.452718 -201.940820 
-2.476147 -203.840104 
-2.491661 -209.537958 
-2.499210 -205.739389 
-2.498767 -211.437243 
-2.490336 -219.034382 
-2.473943 -220.933666 
-2.449643 -230.430090 
-2.417509 -226.631520 
-2.377650 -234.228659 
-2.330191 -239.926513 
-2.275278 -234.228659 
-2.213096 -245.624367 
-2.143834 -238.027228 
-2.067716 -253.221506 
-1.984873 -243.725082 
-1.895791 -247.523652 
-1.800657 -257.020075 
-1.699756 -249.422936 
-1.593422 -289.307914 
-1.481992 -239.926513 
-1.365837 -239.926513 
-1.245316 -251.322221 
-1.120814 -234.228659 
-0.992729 -226.631520 
-0.861458 -249.422936 
-0.727446 -220.933666 
-0.591109 -200.041535 
-0.452868 -200.041535 
-0.313193 -196.242966 
-0.172518 -198.142250 
-0.031291 -194.343681 
0.110051 -182.947973 
0.251026 -175.350834 
0.391199 -173.451550 
0.530136 -139.264426 
0.667377 -63.293039 
0.802485 -15.810923 
0.935028 12.678347 
1.064567 41.167617 
1.190717 44.966187 
1.313047 52.563325 
1.431192 58.261179 
1.544749 79.153311 
1.653391 67.757603 
1.756735 100.045442 
1.854453 98.146157 
1.946224 120.937573 
2.031803 128.534712 
2.110877 134.232566 
2.183205 145.628274 
2.248559 158.923266 
2.306719 158.923266 
2.357511 174.117544 
2.400765 183.613967 
2.436340 185.513252 
2.464130 191.211106 
2.484041 196.908960 
2.496010 206.405383 
2.500000 215.901806 
2.495998 229.196799 
2.484017 227.297514 
2.464097 227.297514 
2.436296 234.894653 
2.400702 229.196799 
2.357441 234.894653 
2.306638 234.894653 
2.248467 232.995368 
2.183102 246.290361 
2.110765 255.786784 
2.031672 242.491792 
1.946092 238.693222 
1.854282 246.290361 
1.756554 250.088930 
1.653200 251.988215 
1.544561 242.491792 
1.430995 244.391076 
1.312830 240.592507 
1.190493 240.592507 
1.064350 240.592507 
0.934792 227.297514 
0.802258 221.599660 
0.667160 221.599660 
0.529916 214.002522 
0.390977 217.801091 
0.250802 200.707529 
0.109826 200.707529 
-0.031516 200.707529 
-0.172757 191.211106 
-0.313431 174.117544 
-0.453104 170.318974 
-0.591328 162.721836 
-0.727675 138.031135 
-0.861683 58.261179 
-0.992949 -13.911638 
-1.121041 -21.508777 
-1.245549 -36.703054 
-1.366074 -65.192324 
-1.482221 -57.595185 
-1.593629 -95.580878 
-1.699943 -106.976586 
-1.800823 -112.674440 
-1.895947 -106.976586 
-1.985010 -135.465856 
-2.067737 -129.768002 
-2.143852 -139.264426 
-2.213113 -150.660134 
-2.275293 -163.955126 
-2.330204 -173.451550 
-2.377666 -173.451550 
-2.417526 -194.343681 
-2.449656 -205.739389 
-2.473952 -205.739389 
-2.490341 -209.537958 
-2.498769 -205.739389 
-2.499208 -219.034382 
-2.491657 -224.732236 
-2.476140 -228.530805 
-2.452708 -234.228659 
-2.421433 -230.430090 
-2.382416 -239.926513 
-2.335788 -236.127944 
-2.281692 -243.725082 
-2.220304 -236.127944 
-2.151818 -243.725082 
-2.076454 -245.624367 
-1.994452 -260.818644 
-1.906075 -255.120790 
-1.811605 -262.717929 
-1.711344 -251.322221 
-1.605602 -255.120790 
-1.494738 -255.120790 
-1.379096 -249.422936 
-1.259046 -239.926513 
-1.134971 -234.228659 
-1.007269 -236.127944 
-0.876346 -222.832951 
-0.742622 -224.732236 
-0.606525 -215.235812 
-0.468488 -211.437243 
-0.328954 -200.041535 
-0.188369 -200.041535 
-0.047167 -192.444396 
0.094186 -192.444396 
0.235223 -186.746542 
0.375509 -167.753696 
0.514594 -146.861564 
0.652034 -61.393755 
0.787390 -23.408061 
0.920229 10.779063 
1.050140 27.872625 
1.176693 50.664041 
1.299484 50.664041 
1.418120 54.462610 
1.532223 77.254026 
1.641415 86.750449 
1.745361 92.448303 
1.843728 105.743296 
1.936210 107.642581 
2.022493 122.836858 
2.102312 136.131851 
2.175410 155.124697 
2.241561 149.426843 
2.300932 158.923266 
2.352504 164.621120 
2.396556 174.117544 
2.432951 185.513252 
2.461568 191.211106 
2.482312 196.908960 
2.495122 210.203952 
2.499956 214.002522 
2.496799 234.894653 
2.485661 225.398230 
2.466577 229.196799 
2.439609 229.196799 
2.404842 229.196799 
2.362384 234.894653 
2.312378 236.793938 
2.254974 232.995368 
2.190368 255.786784 
2.118760 242.491792 
2.040371 242.491792 
1.955468 223.498945 
1.864304 238.693222 
1.767190 253.887500 
1.664427 244.391076 
1.556344 250.088930 
1.443286 242.491792 
1.325602 244.391076 
1.203693 242.491792 
1.077922 238.693222 
0.948706 225.398230 
0.816456 231.096084 
0.681596 214.002522 
0.544571 214.002522 
0.405791 219.700376 
0.265714 204.506098 
0.124801 200.707529 
-0.016525 191.211106 
-0.157784 185.513252 
-0.298552 177.916113 
-0.438366 166.520405 
-0.576765 153.225412 
-0.713334 132.333281 
-0.847608 52.563325 
-0.979200 -15.810923 
-1.107634 -13.911638 
-1.232528 -29.105915 
-1.353494 -57.595185 
-1.470133 -61.393755 
-1.582072 -87.983740 
-1.688942 -103.178017 
-1.790423 -105.077302 
-1.886170 -106.976586 
-1.975888 -116.473010 
-2.059290 -122.170864 
-2.136117 -133.566572 
-2.206108 -150.660134 
-2.269046 -163.955126 
-2.324732 -169.652980 
-2.372986 -182.947973 
-2.413660 -190.545112 
-2.446613 -207.638674 
-2.471747 -205.739389 
-2.488978 -205.739389 
-2.498253 -205.739389 
-2.499541 -209.537958 
-2.492839 -224.732236 
-2.478169 -236.127944 
-2.455574 -239.926513 
-2.425129 -232.329374 
-2.386930 -239.926513 
-2.341089 -234.228659 
-2.287772 -239.926513 
-2.227141 -243.725082 
-2.159396 -245.624367 
-2.084741 -243.725082 
-2.003420 -257.020075 
-1.915713 -260.818644 
-1.821884 -264.617214 
-1.722221 -257.020075 
-1.617042 -251.322221 
-1.506705 -247.523652 
-1.391552 -241.825798 
-1.271950 -241.825798 
-1.137282 -234.228659 
-1.009629 -232.329374 
-0.878761 -228.530805 
-0.745098 -228.530805 
-0.609055 -200.041535 
-0.471050 -211.437243 
-0.331540 -209.537958 
-0.190970 -203.840104 
-0.049804 -192.444396 
0.091551 -182.947973 
0.232598 -181.048688 
0.372901 -171.552265 
0.512027 -152.559418 
0.649502 -72.789462 
0.784900 -31.005200 
0.917790 8.879778 
1.047746 25.973340 
1.174352 37.369048 
1.297205 52.563325 
1.415912 67.757603 
1.530103 65.858318 
1.639392 81.052595 
1.743451 101.944727 
1.841926 107.642581 
1.934513 107.642581 
2.020916 119.038289 
2.100868 139.930420 
2.174095 141.829705 
2.240373 145.628274 
2.299489 162.721836 
2.351255 174.117544 
2.395505 176.016828 
2.432101 181.714682 
2.460922 179.815398 
2.481876 210.203952 
2.494893 204.506098 
2.499932 181.714682 
2.496979 215.901806 
2.486043 219.700376 
2.467160 225.398230 
2.440385 240.592507 
2.405811 231.096084 
2.363544 231.096084 
2.313720 232.995368 
2.256500 234.894653 
2.192064 248.189646 
2.120605 244.391076 
2.042380 248.189646 
1.957815 246.290361 
1.866814 244.391076 
1.769855 250.088930 
1.667228 240.592507 
1.559282 244.391076 
1.446351 244.391076 
1.328798 234.894653 
1.206983 234.894653 
1.081324 238.693222 
0.952194 232.995368 
0.820019 229.196799 
0.685224 221.599660 
0.548251 219.700376 
0.409526 214.002522 
0.269492 212.103237 
0.128596 202.606814 
-0.012725 198.808244 
-0.154005 181.714682 
-0.294779 174.117544 
-0.434639 170.318974 
-0.573081 162.721836 
-0.709691 124.736143 
-0.844032 56.361895 
-0.975689 -17.710207 
-1.104226 -19.609492 
-1.229221 -32.904485 
-1.350286 -61.393755 
-1.467035 -61.393755 
-1.579105 -127.868718 
-1.686116 -97.480163 
-1.787748 -108.875871 
-1.883654 -112.674440 
-1.973540 -112.674440 
-2.057116 -116.473010 
-2.134125 -146.861564 
-2.204311 -143.062995 
-2.267448 -158.257272 
-2.323331 -173.451550 
-2.371793 -181.048688 
-2.412667 -194.343681 
-2.445832 -211.437243 
-2.471177 -205.739389 
-2.488623 -209.537958 
-2.498110 -205.739389 
-2.499610 -211.437243 
-2.493121 -215.235812 
-2.478660 -228.530805 
-2.456277 -230.430090 
-2.426042 -238.027228 
-2.388053 -232.329374 
-2.342420 -243.725082 
-2.289302 -238.027228 
-2.228871 -243.725082 
-2.161301 -243.725082 
-2.086828 -238.027228 
-2.005691 -257.020075 
-1.918134 -249.422936 
-1.824444 -258.919360 
-1.724921 -245.624367 
-1.619883 -257.020075 
-1.509689 -249.422936 
-1.394647 -257.020075 
-1.275158 -238.027228 
-1.151592 -241.825798 
-1.024320 -238.027228 
-0.893798 -226.631520 
-0.760406 -226.631520 
-0.624583 -217.135097 
-0.486777 -215.235812 
-0.347415 -205.739389 
-0.206928 -203.840104 
-0.065779 -190.545112 
0.075565 -186.746542 
0.216668 -188.645827 
0.357093 -167.753696 
0.496390 -144.962280 
0.634071 -68.990893 
0.769740 -31.005200 
0.902934 3.181924 
1.033255 22.174771 
1.160260 48.764756 
1.283568 52.563325 
1.402773 33.570479 
1.517493 69.656887 
1.627361 88.649734 
1.732015 58.261179 
1.831133 100.045442 
1.924407 119.038289 
2.011528 120.937573 
2.092219 138.031135 
2.166220 143.728989 
2.233295 158.923266 
2.293224 162.721836 
2.345828 174.117544 
2.390927 143.728989 
2.428387 181.714682 
2.458081 187.412536 
2.479919 204.506098 
2.493828 202.606814 
2.499764 206.405383 
2.497709 221.599660 
2.487669 221.599660 
2.469678 229.196799 
2.443792 236.793938 
2.410095 236.793938 
2.368693 229.196799 
2.319720 238.693222 
2.263332 232.995368 
2.199703 255.786784 
2.129048 242.491792 
2.051579 244.391076 
1.967551 248.189646 
1.877242 246.290361 
1.780911 250.088930 
1.678897 238.693222 
1.571515 250.088930 
1.459108 246.290361 
1.342036 242.491792 
1.220687 240.592507 
1.095435 234.894653 
0.966668 225.398230 
0.834824 219.700376 
0.700298 219.700376 
0.563547 221.599660 
0.424995 206.405383 
0.285070 214.002522 
0.144233 198.808244 
0.002950 195.009675 
-0.138358 191.211106 
-0.279222 179.815398 
-0.419209 170.318974 
-0.557827 162.721836 
-0.694661 153.225412 
-0.829303 107.642581 
-0.961265 39.268333 
-1.090168 -29.105915 
-1.215573 -13.911638 
-1.337117 -53.796616 
-1.454361 -63.293039 
-1.566956 -67.091609 
-1.674554 -101.278732 
-1.776787 -108.875871 
-1.873350 -105.077302 
-1.963915 -118.372294 
-2.048202 -118.372294 
-2.125950 -125.969433 
-2.196893 -135.465856 
-2.260814 -144.962280 
-2.317514 -167.753696 
-2.366805 -181.048688 
-2.408524 -184.847258 
-2.442548 -194.343681 
-2.468762 -203.840104 
-2.487083 -207.638674 
-2.497453 -203.840104 
-2.499838 -213.336528 
-2.494232 -209.537958 
-2.480653 -230.430090 
-2.459145 -224.732236 
-2.429772 -236.127944 
-2.392631 -230.430090 
-2.347846 -228.530805 
-2.295549 -239.926513 
-2.235920 -238.027228 
-2.169137 -241.825798 
-2.095426 -245.624367 
-2.015009 -243.725082 
-1.928149 -253.221506 
-1.835135 -258.919360 
-1.736243 -258.919360 
-1.631790 -260.818644 
-1.522131 -249.422936 
-1.407616 -251.322221 
-1.288590 -234.228659 
-1.165457 -245.624367 
-1.038598 -236.127944 
-0.908406 -226.631520 
-0.775323 -220.933666 
-0.639762 -224.732236 
-0.502156 -211.437243 
-0.362931 -203.840104 
-0.222530 -198.142250 
-0.081433 -201.940820 
0.059925 -184.847258 
0.201091 -184.847258 
0.341600 -175.350834 
0.481032 -160.156557 
0.618925 -86.084455 
0.754826 -27.206631 
0.888327 6.980493 
1.018988 20.275486 
1.146379 39.268333 
1.270117 31.671194 
1.389783 52.563325 
1.505018 73.455457 
1.615430 79.153311 
1.720678 90.549019 
1.820425 109.541865 
1.914364 115.239719 
2.002181 115.239719 
2.083590 141.829705 
2.158352 136.131851 
2.226206 153.225412 
2.286937 158.923266 
2.340357 162.721836 
2.386296 170.318974 
2.424608 177.916113 
2.455174 191.211106 
2.477887 191.211106 
2.492677 204.506098 
2.499500 215.901806 
2.498331 206.405383 
2.489174 221.599660 
2.472059 231.096084 
2.447043 229.196799 
2.414206 229.196799 
2.373651 238.693222 
2.325509 240.592507 
2.269933 242.491792 
2.207101 246.290361 
2.137199 234.894653 
2.060480 244.391076 
1.977164 242.491792 
1.887519 246.290361 
1.791857 238.693222 
1.690446 248.189646 
1.583641 242.491792 
1.471772 246.290361 
1.355210 236.793938 
1.234316 238.693222 
1.109477 236.793938 
0.981064 234.894653 
0.849542 227.297514 
0.715290 215.901806 
0.578765 221.599660 
0.440376 214.002522 
0.300564 214.002522 
0.159806 204.506098 
0.018552 189.311821 
-0.122777 193.110390 
-0.263698 179.815398 
-0.403777 177.916113 
-0.542565 164.621120 
-0.679632 149.426843 
-0.814513 105.743296 
-0.946790 31.671194 
-1.076054 -27.206631 
-1.201878 -17.710207 
-1.323858 -46.199477 
-1.441607 -63.293039 
-1.554746 -61.393755 
-1.662904 -101.278732 
-1.765746 -108.875871 
-1.862953 -103.178017 
-1.954195 -114.573725 
-2.039199 -116.473010 
-2.117676 -120.271579 
-2.189390 -137.365141 
-2.254098 -148.760849 
-2.311612 -162.055842 
-2.361724 -167.753696 
-2.404287 -184.847258 
-2.439165 -188.645827 
-2.466246 -196.242966 
-2.485446 -198.142250 
-2.496697 -203.840104 
-2.499967 -211.437243 
-2.495245 -220.933666 
-2.482547 -228.530805 
-2.461913 -226.631520 
-2.433407 -234.228659 
-2.397124 -236.127944 
-2.353179 -238.027228 
-2.301707 -234.228659 
-2.242875 -238.027228 
-2.176873 -239.926513 
-2.103910 -243.725082 
-2.024230 -251.322221 
-1.938070 -249.422936 
-1.845714 -255.120790 
-1.747466 -258.919360 
-1.643677 -251.322221 
-1.534569 -255.120790 
-1.420566 -251.322221 
-1.302034 -243.725082 
-1.179314 -239.926513 
-1.052849 -234.228659 
-0.923005 -228.530805 
-0.790210 -230.430090 
-0.654902 -224.732236 
-0.517487 -220.933666 
-0.378418 -203.840104 
-0.238138 -207.638674 
-0.097097 -196.242966 
0.044254 -188.645827 
0.185464 -181.048688 
0.326066 -182.947973 
0.465640 -173.451550 
0.603726 -160.156557 
0.739868 -76.588032 
0.873644 -29.105915 
1.004641 22.174771 
1.132414 22.174771 
1.256566 50.664041 
1.376702 62.059749 
1.492449 60.160464 
1.603413 73.455457 
1.709273 86.750449 
1.809646 109.541865 
1.904245 103.844011 
1.992747 122.836858 
2.074878 130.433997 
2.150385 134.232566 
2.219017 153.225412 
2.280548 153.225412 
2.334799 158.923266 
2.381580 164.621120 
2.420743 179.815398 
2.452168 179.815398 
2.475757 181.714682 
2.491428 200.707529 
2.499137 215.901806 
2.498855 212.103237 
2.490585 221.599660 
2.474354 234.894653 
2.450210 236.793938 
2.418237 231.096084 
2.378529 244.391076 
2.331221 236.793938 
2.276462 248.189646 
2.214427 248.189646 
2.145305 238.693222 
2.069324 240.592507 
1.986736 236.793938 
1.897797 251.988215 
1.802792 240.592507 
1.702014 240.592507 
1.595794 250.088930 
1.484472 234.894653 
1.368404 246.290361 
1.247961 238.693222 
1.123528 236.793938 
0.995502 229.196799 
0.864308 229.196799 
0.730351 221.599660 
0.594045 221.599660 
0.455840 217.801091 
0.316177 212.103237 
0.175518 204.506098 
0.034298 196.908960 
-0.107032 189.311821 
-0.248034 174.117544 
-0.388228 170.318974 
-0.527196 162.721836 
-0.664464 153.225412 
-0.799609 120.937573 
-0.932197 37.369048 
-1.061805 -13.911638 
-1.188033 -17.710207 
-1.310462 -44.300193 
-1.428689 -65.192324 
-1.542349 -67.091609 
-1.651090 -93.681594 
-1.754552 -112.674440 
-1.852395 -116.473010 
-1.944317 -105.077302 
-2.030032 -112.674440 
-2.109264 -129.768002 
-2.181745 -127.868718 
-2.247249 -144.962280 
-2.305564 -158.257272 
-2.356508 -173.451550 
-2.399924 -173.451550 
-2.435664 -194.343681 
-2.463618 -196.242966 
-2.483698 -198.142250 
-2.495838 -211.437243 
-2.499998 -211.437243 
-2.496167 -215.235812 
-2.484355 -219.034382 
-2.464600 -226.631520 
-2.436969 -234.228659 
-2.401548 -239.926513 
-2.358445 -238.027228 
-2.307802 -266.516498 
-2.249787 -234.228659 
-2.184580 -239.926513 
-2.112390 -241.825798 
-2.033381 -245.624367 
-1.947924 -247.523652 
-1.856250 -253.221506 
-1.758631 -258.919360 
-1.655390 -251.322221 
-1.546856 -249.422936 
-1.433389 -257.020075 
-1.315327 -243.725082 
-1.193073 -243.725082 
-1.067005 -238.027228 
-0.937527 -234.228659 
-0.805051 -226.631520 
-0.669989 -228.530805 
-0.532784 -215.235812 
-0.393875 -213.336528 
-0.253722 -203.840104 
-0.112744 -203.840104 
0.028595 -190.545112 
0.169858 -186.746542 
0.310577 -184.847258 
0.450288 -175.350834 
0.588546 -154.458703 
0.724922 -72.789462 
0.858982 -23.408061 
0.990295 8.879778 
1.118456 27.872625 
1.243028 46.865471 
1.363627 60.160464 
1.479879 56.361895 
1.591400 77.254026 
1.697832 60.160464 
1.798836 107.642581 
1.894089 107.642581 
1.983278 122.836858 
2.066135 136.131851 
2.142386 134.232566 
2.211787 153.225412 
2.274111 158.923266 
2.329166 153.225412 
2.376775 160.822551 
2.416791 166.520405 
2.449080 185.513252 
2.473539 183.613967 
2.490088 195.009675 
2.498678 214.002522 
2.499279 210.203952 
2.491891 215.901806 
2.476536 231.096084 
2.453252 227.297514 
2.422133 232.995368 
2.383252 240.592507 
2.336770 236.793938 
2.282819 236.793938 
2.221558 240.592507 
2.153207 234.894653 
2.077974 231.096084 
1.996098 244.391076 
1.907841 242.491792 
1.813477 250.088930 
1.713314 242.491792 
1.607684 248.189646 
1.496904 250.088930 
1.381338 248.189646 
1.261355 236.793938 
1.137340 240.592507 
1.009702 231.096084 
0.878836 225.398230 
0.745147 223.498945 
0.609090 221.599660 
0.471086 215.901806 
0.331576 204.506098 
0.190991 172.218259 
0.049796 195.009675 
-0.091543 183.613967 
-0.232605 174.117544 
-0.372908 172.218259 
-0.512034 160.822551 
-0.649509 139.930420 
-0.784907 113.340435 
-0.917810 43.066902 
-1.047779 -17.710207 
-1.174385 -19.609492 
-1.297236 -42.400908 
-1.415942 -59.494470 
-1.530121 -61.393755 
-1.639409 -97.480163 
-1.743467 -105.077302 
-1.841950 -114.573725 
-1.934536 -112.674440 
-2.020946 -124.070148 
-2.100887 -127.868718 
-2.174113 -131.667287 
-2.240389 -143.062995 
-2.299503 -154.458703 
-2.351267 -167.753696 
-2.395516 -186.746542 
-2.432106 -196.242966 
-2.460923 -200.041535 
-2.481873 -211.437243 
-2.494890 -207.638674 
-2.499931 -217.135097 
-2.496982 -219.034382 
-2.486050 -215.235812 
-2.467166 -232.329374 
-2.440400 -232.329374 
-2.405832 -239.926513 
-2.363565 -241.825798 
-2.313751 -239.926513 
-2.256540 -238.027228 
-2.192117 -241.825798 
-2.120678 -236.127944 
-2.042460 -245.624367 
-1.957711 -239.926513 
-1.866703 -260.818644 
-1.769727 -264.617214 
-1.667093 -257.020075 
-1.559129 -258.919360 
-1.446191 -253.221506 
-1.328619 -258.919360 
-1.206799 -230.430090 
-1.081120 -236.127944 
-0.951985 -238.027228 
-0.819807 -228.530805 
-0.684993 -228.530805 
-0.548017 -215.235812 
-0.409275 -211.437243 
-0.269239 -207.638674 
-0.128328 -196.242966 
0.012979 -200.041535 
0.154259 -184.847258 
0.295032 -188.645827 
0.434861 -175.350834 
0.573329 -156.357988 
0.709949 -76.588032 
0.844285 -31.005200 
0.975923 6.980493 
1.104442 25.973340 
1.229442 44.966187 
1.350500 58.261179 
1.467240 71.556172 
1.579291 71.556172 
1.686304 81.052595 
1.787926 101.944727 
1.883822 115.239719 
1.973705 113.340435 
2.057277 134.232566 
2.134273 138.031135 
2.204444 143.728989 
2.267562 164.621120 
2.323436 158.923266 
2.371878 164.621120 
2.412741 170.318974 
2.445887 181.714682 
2.471216 191.211106 
2.488646 198.808244 
2.498119 221.599660 
2.499606 212.103237 
2.493103 219.700376 
2.478628 225.398230 
2.456229 231.096084 
2.425981 231.096084 
2.387978 236.793938 
2.342341 234.894653 
2.289217 238.693222 
2.228769 242.491792 
2.161195 244.391076 
2.086712 238.693222 
2.005565 242.491792 
1.917999 244.391076 
1.824310 250.088930 
1.724789 244.391076 
1.619745 250.088930 
1.509533 246.290361 
1.394496 240.592507 
1.274989 240.592507 
1.151418 234.894653 
1.024167 236.793938 
0.893642 232.995368 
0.760261 221.599660 
0.624449 219.700376 
0.486641 210.203952 
0.347264 212.103237 
0.206790 196.908960 
0.065641 196.908960 
-0.075718 189.311821 
-0.216820 187.412536 
-0.357229 179.815398 
-0.496511 162.721836 
-0.634205 160.822551 
-0.769858 124.736143 
-0.903063 44.966187 
-1.033368 -15.810923 
-1.160369 -23.408061 
-1.283662 -34.803769 
-1.402851 -68.990893 
-1.517568 -57.595185 
-1.627432 -91.782309 
-1.732083 -110.775156 
-1.831207 -103.178017 
-1.924477 -118.372294 
-2.011585 -112.674440 
-2.092278 -125.969433 
-2.166267 -125.969433 
-2.233331 -144.962280 
-2.293256 -160.156557 
-2.345855 -169.652980 
-2.390950 -186.746542 
-2.428403 -196.242966 
-2.458093 -192.444396 
-2.479927 -203.840104 
-2.493832 -200.041535 
-2.499765 -209.537958 
-2.497707 -213.336528 
-2.487664 -226.631520 
-2.469668 -224.732236 
-2.443778 -238.027228 
-2.410074 -232.329374 
-2.368668 -241.825798 
-2.319685 -232.329374 
-2.263292 -243.725082 
-2.199665 -234.228659 
-2.129006 -239.926513 
-2.051542 -241.825798 
-1.967519 -251.322221 
-1.877198 -257.020075 
-1.780886 -260.818644 
-1.678881 -257.020075 
-1.571509 -253.221506 
-1.459102 -257.020075 
-1.342030 -239.926513 
-1.220668 -243.725082 
-1.095415 -239.926513 
-0.966648 -230.430090 
-0.834804 -232.329374 
-0.700277 -220.933666 
-0.563526 -219.034382 
-0.424974 -213.336528 
-0.285063 -203.840104 
-0.144226 -205.739389 
-0.002942 -196.242966 
0.138365 -184.847258 
0.279215 -188.645827 
0.419187 -173.451550 
0.557820 -156.357988 
0.694668 -76.588032 
0.829296 -25.307346 
0.961272 -10.113069 
1.090162 18.376201 
1.215567 44.966187 
1.337098 50.664041 
1.454355 58.261179 
1.566962 73.455457 
1.674570 84.851165 
1.776812 94.347588 
1.873364 109.541865 
1.963928 120.937573 
2.048214 124.736143 
2.125953 136.131851 
2.196897 145.628274 
2.260818 160.822551 
2.317512 160.822551 
2.366807 162.721836 
2.408530 160.822551 
2.442552 181.714682 
2.468763 195.009675 
2.487084 187.412536 
2.497452 214.002522 
2.499838 210.203952 
2.494231 217.801091 
2.480650 225.398230 
2.459141 240.592507 
2.429770 223.498945 
2.392633 234.894653 
2.347848 236.793938 
2.295547 240.592507 
2.235917 248.189646 
2.169090 242.491792 
2.095375 250.088930 
2.014953 236.793938 
1.928089 242.491792 
1.835070 255.786784 
1.736186 236.793938 
1.631752 242.491792 
1.522102 229.196799 
1.407574 244.391076 
1.288546 246.290361 
1.165386 234.894653 
1.038512 232.995368 
0.908331 223.498945 
0.775233 227.297514 
0.639657 221.599660 
0.502049 214.002522 
0.362823 214.002522 
0.222450 200.707529 
0.081353 198.808244 
-0.060005 181.714682 
-0.201157 181.714682 
-0.341665 172.218259 
-0.481096 160.822551 
-0.618974 158.923266 
-0.754888 119.038289 
-0.888388 52.563325 
-1.019061 -23.408061 
-1.146463 -15.810923 
-1.270199 -36.703054 
-1.389861 -61.393755 
-1.505093 -70.890178 
-1.615524 -89.883024 
-1.720767 -105.077302 
-1.820520 -110.775156 
-1.914443 -108.875871 
-2.002264 -116.473010 
-2.083674 -120.271579 
-2.158422 -133.566572 
-2.226269 -137.365141 
-2.286992 -160.156557 
-2.340411 -167.753696 
-2.386346 -184.847258 
-2.424652 -190.545112 
-2.455203 -198.142250 
-2.477908 -203.840104 
-2.492691 -203.840104 
-2.499503 -209.537958 
-2.498324 -219.034382 
-2.489159 -215.235812 
-2.472036 -230.430090 
-2.447012 -243.725082 
-2.414166 -236.127944 
-2.373603 -243.725082 
-2.325447 -241.825798 
-2.269857 -234.228659 
-2.207009 -239.926513 
-2.137113 -241.825798 
-2.060385 -251.322221 
-1.977071 -251.322221 
-1.887438 -253.221506 
-1.791771 -258.919360 
-1.690366 -255.120790 
-1.583568 -253.221506 
-1.471696 -243.725082 
-1.355131 -255.120790 
-1.234234 -241.825798 
-1.109379 -239.926513 
-0.980991 -234.228659 
-0.849467 -228.530805 
-0.715227 -220.933666 
-0.578687 -219.034382 
-0.440312 -205.739389 
-0.300514 -213.336528 
-0.159755 -198.142250 
-0.018486 -200.041535 
0.122842 -188.645827 
0.263763 -188.645827 
0.403856 -175.350834 
0.542643 -143.062995 
0.679695 -76.588032 
0.814588 -23.408061 
0.946878 12.678347 
1.076139 27.872625 
1.201973 44.966187 
1.323939 52.563325 
1.441672 58.261179 
1.554820 63.959033 
1.662974 82.951880 
1.765812 90.549019 
1.863016 107.642581 
1.954254 113.340435 
2.039254 120.937573 
2.117726 134.232566 
2.189436 139.930420 
2.254145 160.822551 
2.311648 158.923266 
2.361760 164.621120 
2.404317 168.419690 
2.439192 185.513252 
2.466266 189.311821 
2.485456 189.311821 
2.496703 202.606814 
2.499966 215.901806 
2.495239 214.002522 
2.482534 217.801091 
2.461894 238.693222 
2.433382 227.297514 
2.397093 236.793938 
2.353138 229.196799 
2.301659 232.995368 
2.242821 250.088930 
2.176819 240.592507 
2.103852 240.592507 
2.024158 242.491792 
1.938001 238.693222 
1.845640 244.391076 
1.747368 246.290361 
1.643529 242.491792 
1.534438 244.391076 
1.420417 238.693222 
1.301879 242.491792 
1.179166 234.894653 
1.052684 231.096084 
0.922849 221.599660 
0.790051 221.599660 
0.654727 217.801091 
0.517324 215.901806 
0.378267 206.405383 
0.237986 202.606814 
0.096959 193.110390 
-0.044392 191.211106 
-0.185601 185.513252 
-0.326217 170.318974 
-0.465790 164.621120 
-0.603860 158.923266 
-0.740000 126.635427 
-0.873801 71.556172 
-1.004781 -13.911638 
-1.132563 -23.408061 
-1.256723 -31.005200 
-1.376866 -59.494470 
-1.492594 -67.091609 
-1.603552 -82.285886 
-1.709395 -125.969433 
-1.809772 -101.278732 
-1.904363 -112.674440 
-1.992856 -120.271579 
-2.074988 -120.271579 
-2.150478 -124.070148 
-2.219100 -144.962280 
-2.280622 -152.559418 
-2.334864 -173.451550 
-2.381631 -179.149404 
-2.420785 -186.746542 
-2.452203 -196.242966 
-2.475780 -201.940820 
-2.491443 -203.840104 
-2.499141 -211.437243 
-2.498850 -209.537958 
-2.490570 -220.933666 
-2.474328 -230.430090 
-2.450174 -239.926513 
-2.418187 -236.127944 
-2.378473 -230.430090 
-2.331156 -239.926513 
-2.276387 -232.329374 
-2.214329 -239.926513 
-2.145204 -236.127944 
-2.069222 -243.725082 
-1.986626 -241.825798 
-1.897679 -260.818644 
-1.802667 -255.120790 
-1.701881 -260.818644 
-1.595654 -249.422936 
-1.484326 -253.221506 
-1.368252 -247.523652 
-1.247816 -241.825798 
-1.123391 -236.127944 
-0.995376 -232.329374 
-0.864178 -224.732236 
-0.730219 -226.631520 
-0.593911 -219.034382 
-0.455718 -203.840104 
-0.316055 -203.840104 
-0.175395 -196.242966 
-0.034175 -194.343681 
0.107169 -194.343681 
0.248156 -182.947973 
0.388350 -181.048688 
0.527288 -160.156557 
0.664555 -89.883024 
0.799712 -21.508777 
0.932298 8.879778 
1.061904 22.174771 
1.188129 48.764756 
1.310567 52.563325 
1.428814 62.059749 
1.542469 71.556172 
1.651194 81.052595 
1.754640 94.347588 
1.852449 100.045442 
1.944367 119.038289 
2.030070 122.836858 
2.109292 141.829705 
2.181762 143.728989 
2.247265 153.225412 
2.305583 164.621120 
2.356530 162.721836 
2.399942 166.520405 
2.435679 176.016828 
2.463631 196.908960 
2.483708 196.908960 
2.495844 206.405383 
2.499998 215.901806 
2.496159 217.801091 
2.484341 212.103237 
2.464577 234.894653 
2.436935 229.196799 
2.401505 232.995368 
2.358399 231.096084 
2.307743 234.894653 
2.249676 246.290361 
2.184449 244.391076 
2.112239 244.391076 
2.033275 242.491792 
1.947801 244.391076 
1.856108 242.491792 
1.758471 231.096084 
1.655221 238.693222 
1.546691 246.290361 
1.433204 234.894653 
1.315136 244.391076 
1.192875 232.995368 
1.066789 234.894653 
0.937291 234.894653 
0.804797 221.599660 
0.669786 217.801091 
0.532592 221.599660 
0.393667 206.405383 
0.253498 204.506098 
0.112519 193.110390 
-0.028835 204.506098 
-0.170097 179.815398 
-0.310800 168.419690 
-0.450495 172.218259 
-0.588765 158.923266 
-0.725152 132.333281 
-0.859220 63.959033 
-0.990529 -15.810923 
-1.118683 -17.710207 
-1.243249 -31.005200 
-1.363853 -61.393755 
-1.480096 -61.393755 
-1.591607 -86.084455 
-1.698030 -105.077302 
-1.799023 -105.077302 
-1.894274 -114.573725 
-1.983450 -114.573725 
-2.066286 -108.875871 
-2.142517 -125.969433 
-2.211899 -135.465856 
-2.274211 -158.257272 
-2.329258 -175.350834 
-2.376854 -182.947973 
-2.416853 -186.746542 
-2.449128 -194.343681 
-2.473573 -201.940820 
-2.490109 -200.041535 
-2.498685 -211.437243 
-2.499274 -211.437243 
-2.491872 -219.034382 
-2.476506 -230.430090 
-2.453220 -230.430090 
-2.422095 -234.228659 
-2.383227 -238.027228 
-2.336742 -234.228659 
-2.282787 -239.926513 
-2.221535 -241.825798 
-2.153181 -243.725082 
-2.077937 -245.624367 
-1.996050 -249.422936 
-1.907780 -258.919360 
-1.813421 -257.020075 
-1.713255 -262.717929 
-1.607623 -251.322221 
-1.496851 -249.422936 
-1.381295 -253.221506 
-1.261324 -238.027228 
-1.137321 -241.825798 
-1.009668 -230.430090 
-0.878802 -226.631520 
-0.745112 -226.631520 
-0.609026 -215.235812 
-0.471021 -213.336528 
-0.331511 -207.638674 
-0.190912 -198.142250 
-0.049716 -200.041535 
0.091638 -188.645827 
0.232699 -186.746542 
0.373016 -179.149404 
0.512141 -160.156557 
0.649628 -95.580878 
0.785024 -34.803769 
0.917912 6.980493 
1.047865 22.174771 
1.174481 44.966187 
1.297330 62.059749 
1.416043 62.059749 
1.530230 69.656887 
1.639513 84.851165 
1.743555 88.649734 
1.842024 100.045442 
1.934614 119.038289 
2.021019 128.534712 
2.100954 126.635427 
2.174174 153.225412 
2.240450 153.225412 
2.299558 158.923266 
2.351314 168.419690 
2.395559 168.419690 
2.432145 166.520405 
2.460952 193.110390 
2.481893 196.908960 
2.494900 196.908960 
2.499933 219.700376 
2.496973 212.103237 
2.486030 215.901806 
2.467139 232.995368 
2.440360 229.196799 
2.405779 234.894653 
2.363506 229.196799 
2.313676 236.793938 
2.256456 240.592507 
2.192022 251.988215 
2.120574 234.894653 
2.042347 240.592507 
1.957589 246.290361 
1.866573 242.491792 
1.769599 253.887500 
1.666957 236.793938 
1.558975 251.988215 
1.446031 238.693222 
1.328453 236.793938 
1.206627 242.491792 
1.080943 234.894653 
0.951817 231.096084 
0.819621 221.599660 
0.684832 225.398230 
0.547840 212.103237 
0.409110 210.203952 
0.269058 204.506098 
0.128161 200.707529 
-0.013146 189.311821 
-0.154426 183.613967 
-0.295198 176.016828 
-0.435026 160.822551 
-0.573477 158.923266 
-0.710095 130.433997 
-0.844429 54.462610 
-0.976077 -17.710207 
-1.104592 -21.508777 
-1.229588 -27.206631 
-1.350653 -59.494470 
-1.467388 -61.393755 
-1.579443 -76.588032 
-1.686438 -103.178017 
-1.788043 -106.976586 
-1.883941 -105.077302 
-1.973807 -105.077302 
-2.057372 -124.070148 
-2.134360 -137.365141 
-2.204523 -144.962280 
-2.267638 -163.955126 
-2.323503 -169.652980 
-2.371940 -181.048688 
-2.412789 -179.149404 
-2.445928 -196.242966 
-2.471250 -200.041535 
-2.488666 -196.242966 
-2.498127 -203.840104 
-2.499602 -211.437243 
-2.493087 -220.933666 
-2.478603 -226.631520 
-2.456195 -232.329374 
-2.425933 -238.027228 
-2.387915 -253.221506 
-2.342262 -236.127944 
-2.289127 -245.624367 
-2.228674 -238.027228 
-2.161097 -245.624367 
-2.086604 -247.523652 
-2.005440 -249.422936 
-1.917864 -251.322221 
-1.824166 -258.919360 
-1.724637 -260.818644 
-1.619595 -253.221506 
-1.509365 -243.725082 
-1.394321 -243.725082 
-1.274820 -243.725082 
-1.151231 -239.926513 
-1.023975 -238.027228 
-0.893432 -228.530805 
-0.760032 -215.235812 
-0.624217 -224.732236 
-0.486392 -211.437243 
-0.347026 -203.840104 
-0.206537 -203.840104 
-0.065387 -198.142250 
0.075957 -190.545112 
0.217073 -177.250119 
0.357495 -173.451550 
0.496774 -162.055842 
0.634451 -91.782309 
0.770113 -31.005200 
0.903341 8.879778 
1.033652 22.174771 
1.160659 39.268333 
1.283943 58.261179 
1.403122 62.059749 
1.517816 77.254026 
1.627658 82.951880 
1.732308 94.347588 
1.831420 92.448303 
1.924676 113.340435 
2.011770 130.433997 
2.092441 128.534712 
2.166423 149.426843 
2.233471 155.124697 
2.293386 158.923266 
2.345968 158.923266 
2.391050 170.318974 
2.428484 187.412536 
2.458155 189.311821 
2.479969 195.009675 
2.493855 198.808244 
2.499769 214.002522 
2.497693 219.700376 
2.487632 217.801091 
2.469619 229.196799 
2.443713 232.995368 
2.409990 227.297514 
2.368563 234.894653 
2.319569 234.894653 
2.263160 240.592507 
2.199509 251.988215 
2.128827 234.894653 
2.051346 242.491792 
1.967309 242.491792 
1.876982 244.391076 
1.780656 244.391076 
1.678639 240.592507 
1.571243 244.391076 
1.458825 244.391076 
1.341742 236.793938 
1.220369 238.693222 
1.095095 236.793938 
0.966306 231.096084 
0.834427 215.901806 
0.699908 221.599660 
0.563151 212.103237 
0.424565 210.203952 
0.284651 206.405383 
0.143827 198.808244 
0.002514 191.211106 
-0.138793 183.613967 
-0.279656 176.016828 
-0.419610 168.419690 
-0.558223 162.721836 
-0.695066 153.225412 
-0.829673 109.541865 
-0.961627 37.369048 
-1.090508 -19.609492 
-1.215916 -23.408061 
-1.337424 -44.300193 
-1.454656 -61.393755 
-1.567239 -68.990893 
-1.674823 -99.379448 
-1.777042 -105.077302 
-1.873581 -116.473010 
-1.964131 -120.271579 
-2.048402 -114.573725 
-2.126125 -125.969433 
-2.197053 -135.465856 
-2.260963 -148.760849 
-2.317645 -167.753696 
-2.366917 -184.847258 
-2.408622 -188.645827 
-2.442625 -184.847258 
-2.468819 -198.142250 
-2.487119 -209.537958 
-2.497468 -207.638674 
-2.499834 -205.739389 
-2.494208 -213.336528 
-2.480608 -226.631520 
-2.459079 -230.430090 
-2.429687 -241.825798 
-2.392530 -238.027228 
-2.347726 -230.430090 
-2.295417 -234.228659 
-2.235771 -238.027228 
-2.168978 -243.725082 
-2.095244 -241.825798 
-2.014819 -247.523652 
-1.927936 -255.120790 
-1.834888 -260.818644 
-1.735992 -255.120790 
-1.631548 -258.919360 
-1.521865 -258.919360 
-1.407328 -245.624367 
-1.288303 -249.422936 
-1.165148 -247.523652 
-1.038281 -228.530805 
-0.882378 -230.430090 
-0.748773 -224.732236 
-0.612774 -226.631520 
-0.474802 -219.034382 
-0.335312 -213.336528 
0.146923 -188.645827 
0.287761 -181.048688 
0.427679 -173.451550 
0.566215 -163.955126 
0.702940 -84.185170 
0.837405 -21.508777 
0.969193 14.577632 
1.097895 24.074055 
1.223075 48.764756 
1.344346 60.160464 
1.461331 69.656887 
1.573632 67.757603 
1.680914 90.549019 
1.782812 88.649734 
1.879011 94.347588 
1.969212 128.534712 
2.053118 122.836858 
2.130467 132.333281 
2.201003 149.426843 
2.264494 168.419690 
2.320740 166.520405 
2.369577 160.822551 
2.410829 141.829705 
2.444374 170.318974 
2.470108 195.009675 
2.487945 198.808244 
2.497827 198.808244 
2.499724 214.002522 
2.493628 210.203952 
2.479558 219.700376 
2.457561 234.894653 
2.427707 236.793938 
2.390096 196.908960 
2.344839 234.894653 
2.292091 229.196799 
2.232017 223.498945 
2.164800 244.391076 
2.090663 236.793938 
2.009841 240.592507 
1.922602 242.491792 
1.829218 251.988215 
1.729987 242.491792 
1.625226 236.793938 
1.515258 244.391076 
1.400433 242.491792 
1.281143 242.491792 
1.157757 236.793938 
1.030669 231.096084 
0.900299 231.096084 
0.767051 221.599660 
0.631352 210.203952 
0.493606 212.103237 
0.354296 204.506098 
0.213853 206.405383 
0.072726 191.211106 
-0.068633 183.613967 
-0.209758 179.815398 
-0.350212 174.117544 
-0.489576 157.023982 
-0.627360 160.822551 
-0.763125 122.836858 
-0.896450 46.865471 
-1.026923 -19.609492 
-1.154125 -29.105915 
-1.277624 -31.005200 
-1.397039 -59.494470 
-1.511975 -72.789462 
-1.622089 -93.681594 
-1.727007 -105.077302 
-1.826404 -97.480163 
-1.919973 -112.674440 
-2.007775 -112.674440 
-2.088758 -124.070148 
-2.163055 -131.667287 
-2.230452 -139.264426 
-2.290709 -160.156557 
-2.343643 -177.250119 
-2.389084 -182.947973 
-2.426866 -186.746542 
-2.456911 -198.142250 
-2.479105 -205.739389 
-2.493372 -209.537958 
-2.499669 -207.638674 
-2.497973 -207.638674 
-2.488290 -219.034382 
-2.470652 -232.329374 
-2.445118 -241.825798 
-2.411768 -236.127944 
-2.370709 -236.127944 
-2.322071 -238.027228 
-2.266005 -239.926513 
-2.202694 -243.725082 
-2.132349 -241.825798 
-2.055187 -239.926513 
-1.971447 -253.221506 
-1.881413 -262.717929 
-1.785355 -260.818644 
-1.683589 -257.020075 
-1.576440 -245.624367 
-1.464263 -251.322221 
-1.347405 -247.523652 
-1.226240 -243.725082 
-1.101156 -238.027228 
-0.972552 -234.228659 
-0.840825 -226.631520 
-0.706424 -220.933666 
-0.569750 -211.437243 
-0.431241 -209.537958 
-0.291367 -203.840104 
-0.150576 -194.343681 
-0.009304 -190.545112 
0.132013 -186.746542 
0.272893 -184.847258 
0.412901 -173.451550 
0.551603 -156.357988 
0.688541 -86.084455 
0.823264 -27.206631 
0.955383 12.678347 
1.084420 33.570479 
1.210004 52.563325 
1.331719 54.462610 
1.449176 62.059749 
1.562000 75.354741 
1.669830 84.851165 
1.772311 105.743296 
1.869127 101.944727 
1.959977 113.340435 
2.044552 136.131851 
2.122599 136.131851 
2.193861 147.527558 
2.258107 155.124697 
2.315135 166.520405 
2.364760 168.419690 
2.406821 174.117544 
2.441189 170.318974 
2.467753 198.808244 
2.486429 198.808244 
2.497157 198.808244 
2.499902 217.801091 
2.494653 217.801091 
2.481430 225.398230 
2.460275 231.096084 
2.431253 234.894653 
2.394457 231.096084 
2.350011 232.995368 
2.298053 229.196799 
2.238749 242.491792 
2.172282 251.988215 
2.098861 242.491792 
2.018746 242.491792 
1.932169 236.793938 
1.839414 253.887500 
1.740778 244.391076 
1.636577 234.894653 
1.527155 246.290361 
1.412839 238.693222 
1.294006 236.793938 
1.171049 236.793938 
1.044348 232.995368 
0.914309 227.297514 
0.781334 215.901806 
0.645874 221.599660 
0.508336 208.304668 
0.369173 208.304668 
0.228829 206.405383 
0.087768 195.009675 
-0.053573 189.311821 
-0.194743 181.714682 
-0.335290 174.117544 
-0.474781 170.318974 
-0.612739 160.822551 
-0.748752 122.836858 
-0.882371 54.462610 
-1.013156 -10.113069 
-1.140715 -27.206631 
-1.264615 -34.803769 
-1.384472 -59.494470 
-1.499916 -61.393755 
-1.610553 -87.983740 
-1.716052 -105.077302 
-1.816065 -106.976586 
-1.910280 -108.875871 
-1.998370 -108.875871 
-2.080071 -125.969433 
-2.155124 -135.465856 
-2.223301 -141.163710 
-2.284363 -165.854411 
-2.338120 -169.652980 
-2.384403 -182.947973 
-2.423058 -190.545112 
-2.453968 -201.940820 
-2.477036 -198.142250 
-2.492185 -205.739389 
-2.499365 -207.638674 
-2.498554 -217.135097 
-2.489755 -219.034382 
-2.472998 -230.430090 
-2.448336 -230.430090 
-2.415848 -239.926513 
-2.375633 -234.228659 
-2.327828 -232.329374 
-2.272576 -243.725082 
-2.210065 -238.027228 
-2.140482 -241.825798 
-2.064063 -245.624367 
-1.981047 -253.221506 
-1.891688 -258.919360 
-1.796282 -258.919360 
-1.695132 -255.120790 
-1.588575 -249.422936 
-1.476927 -257.020075 
-1.360558 -241.825798 
-1.239838 -249.422936 
-1.115155 -234.228659 
-0.986919 -234.228659 
-0.855515 -224.732236 
-0.721376 -226.631520 
-0.584931 -211.437243 
-0.446615 -207.638674 
-0.306871 -205.739389 
-0.166161 -196.242966 
-0.024920 -192.444396 
0.116416 -192.444396 
0.257364 -181.048688 
0.397505 -173.451550 
0.536374 -152.559418 
0.673529 -84.185170 
0.808517 -27.206631 
0.940920 1.282639 
1.070328 25.973340 
1.196315 50.664041 
1.318464 50.664041 
1.436411 65.858318 
1.549765 75.354741 
1.658164 88.649734 
1.761252 94.347588 
1.858719 105.743296 
1.950244 113.340435 
2.035534 138.031135 
2.114307 134.232566 
2.186330 143.728989 
2.251356 155.124697 
2.309185 158.923266 
2.359638 170.318974 
2.402542 174.117544 
2.437767 174.117544 
2.465202 191.211106 
2.484753 200.707529 
2.496362 204.506098 
2.499992 215.901806 
2.495630 223.498945 
2.483288 219.700376 
2.463008 225.398230 
2.434856 238.693222 
2.398921 231.096084 
2.355312 234.894653 
2.304174 238.693222 
2.245675 240.592507 
2.179990 251.988215 
2.107336 234.894653 
2.027944 242.491792 
1.942077 246.290361 
1.850003 248.189646 
1.752005 250.088930 
1.648416 244.391076 
1.539546 257.686069 
1.425755 244.391076 
1.307404 238.693222 
1.184874 244.391076 
1.058543 234.894653 
0.928839 234.894653 
0.796180 215.901806 
0.660962 210.203952 
0.523617 214.002522 
0.384611 208.304668 
0.244376 202.606814 
0.103359 195.009675 
-0.037988 191.211106 
-0.179214 177.916113 
-0.319881 174.117544 
-0.459510 172.218259 
-0.597671 157.023982 
-0.733907 122.836858 
-0.867797 56.361895 
-0.998926 -15.810923 
-1.126862 -13.911638 
-1.251182 -38.602339 
-1.371503 -67.091609 
-1.487451 -61.393755 
-1.598655 -84.185170 
-1.704736 -105.077302 
-1.805367 -108.875871 
-1.900226 -118.372294 
-1.989018 -110.775156 
-2.071433 -122.170864 
-2.147234 -129.768002 
-2.216177 -150.660134 
-2.278021 -169.652980 
-2.332594 -173.451550 
-2.379707 -175.350834 
-2.419207 -188.645827 
-2.450972 -203.840104 
-2.474899 -209.537958 
-2.490916 -209.537958 
-2.498969 -207.638674 
-2.499032 -207.638674 
-2.491104 -219.034382 
-2.475213 -226.631520 
-2.451404 -232.329374 
-2.419760 -226.631520 
-2.380380 -234.228659 
-2.333389 -241.825798 
-2.278944 -239.926513 
-2.217207 -243.725082 
-2.148389 -251.322221 
-2.072704 -249.422936 
-1.990393 -255.120790 
-1.901720 -258.919360 
-1.806958 -258.919360 
-1.706418 -262.717929 
-1.600435 -251.322221 
-1.489323 -239.926513 
-1.373450 -245.624367 
-1.253198 -243.725082 
-1.128941 -238.027228 
-1.001061 -230.430090 
-0.869968 -230.430090 
-0.736120 -220.933666 
-0.599919 -217.135097 
-0.461800 -207.638674 
-0.322205 -203.840104 
-0.181581 -196.242966 
-0.040361 -196.242966 
0.100973 -188.645827 
0.000000 0.000000 
