0.000008 -82.285886 
0.078530 -78.487316 
0.156983 -65.192324 
0.235289 -53.796616 
0.313347 -53.796616 
0.391104 -42.400908 
0.468466 -36.703054 
0.545366 -8.213784 
0.621728 -0.616645 
0.697477 35.469763 
0.772537 52.563325 
0.846836 48.764756 
0.920298 50.664041 
0.992860 67.757603 
1.064434 62.059749 
1.134958 65.858318 
1.204370 71.556172 
1.272592 84.851165 
1.339552 86.750449 
1.405197 94.347588 
1.469455 107.642581 
1.532256 98.146157 
1.593551 115.239719 
1.653268 122.836858 
1.711353 115.239719 
1.767749 130.433997 
1.822407 128.534712 
1.875260 147.527558 
1.926269 153.225412 
1.975371 157.023982 
2.022524 155.124697 
2.067685 166.520405 
2.110806 170.318974 
2.151840 179.815398 
2.190754 181.714682 
2.227502 195.009675 
2.262053 193.110390 
2.294374 198.808244 
2.324428 198.808244 
2.352188 202.606814 
2.377630 208.304668 
2.400725 221.599660 
2.421448 217.801091 
2.439784 214.002522 
2.455712 227.297514 
2.469217 221.599660 
2.480284 219.700376 
2.488903 240.592507 
2.495065 225.398230 
2.498765 242.491792 
2.500000 242.491792 
2.498767 242.491792 
2.495069 248.189646 
2.488907 242.491792 
2.480289 255.786784 
2.469225 250.088930 
2.455722 255.786784 
2.439798 259.585354 
2.421463 246.290361 
2.400739 263.383923 
2.377646 250.088930 
2.352209 250.088930 
2.324447 263.383923 
2.294395 261.484638 
2.262078 265.283208 
2.227530 259.585354 
2.190783 257.686069 
2.151871 259.585354 
2.110835 272.880346 
2.067715 267.182492 
2.022555 267.182492 
1.975398 261.484638 
1.926292 259.585354 
1.875284 265.283208 
1.822426 251.988215 
1.767769 261.484638 
1.711373 261.484638 
1.653277 251.988215 
1.593560 253.887500 
1.532265 244.391076 
1.469464 244.391076 
1.405214 244.391076 
1.339569 248.189646 
1.272603 240.592507 
1.204387 240.592507 
1.134984 240.592507 
1.064460 232.995368 
0.992886 221.599660 
0.920332 221.599660 
0.846862 214.002522 
0.772557 219.700376 
0.697496 214.002522 
0.621748 198.808244 
0.545378 191.211106 
0.468478 183.613967 
0.391123 179.815398 
0.313375 181.714682 
0.235309 179.815398 
0.157020 164.621120 
0.078575 166.520405 
0.000044 153.225412 
-0.078486 151.326128 
-0.156939 139.930420 
-0.235229 130.433997 
-0.313287 128.534712 
-0.391044 109.541865 
-0.468415 98.146157 
-0.545315 69.656887 
-0.621685 -4.415215 
-0.697442 -19.609492 
-0.772503 -25.307346 
-0.846801 -44.300193 
-0.920272 -61.393755 
-0.992834 -65.192324 
-1.064416 -74.688747 
-1.134948 -80.386601 
-1.204352 -74.688747 
-1.272575 -76.588032 
-1.339535 -80.386601 
-1.405173 -80.386601 
-1.469432 -93.681594 
-1.532233 -99.379448 
-1.593529 -105.077302 
-1.653252 -112.674440 
-1.711338 -118.372294 
-1.767735 -120.271579 
-1.822393 -131.667287 
-1.875252 -141.163710 
-1.926256 -146.861564 
-1.975363 -156.357988 
-2.022521 -160.156557 
-2.067683 -167.753696 
-2.110800 -173.451550 
-2.151838 -182.947973 
-2.190748 -182.947973 
-2.227497 -196.242966 
-2.262048 -196.242966 
-2.294369 -194.343681 
-2.324423 -205.739389 
-2.352187 -209.537958 
-2.377626 -220.933666 
-2.400719 -220.933666 
-2.421443 -226.631520 
-2.439778 -232.329374 
-2.455707 -238.027228 
-2.469212 -238.027228 
-2.480279 -241.825798 
-2.488900 -247.523652 
-2.495063 -241.825798 
-2.498765 -247.523652 
-2.500000 -251.322221 
-2.498769 -249.422936 
-2.495071 -245.624367 
-2.488912 -258.919360 
-2.480297 -251.322221 
-2.469233 -260.818644 
-2.455732 -268.415783 
-2.439809 -272.214352 
-2.421477 -276.012922 
-2.400754 -276.012922 
-2.377665 -281.710775 
-2.352229 -274.113637 
-2.324473 -277.912206 
-2.294422 -281.710775 
-2.262104 -285.509345 
-2.227554 -279.811491 
-2.190805 -281.710775 
-2.151894 -279.811491 
-2.110858 -266.516498 
-2.067744 -257.020075 
-2.022590 -262.717929 
-1.975440 -257.020075 
-1.926336 -258.919360 
-1.875330 -258.919360 
-1.822473 -255.120790 
-1.767818 -257.020075 
-1.711423 -251.322221 
-1.653340 -257.020075 
-1.593620 -247.523652 
-1.532332 -243.725082 
-1.469533 -234.228659 
-1.405284 -238.027228 
-1.339648 -222.832951 
-1.272690 -228.530805 
-1.204469 -224.732236 
-1.135066 -211.437243 
-1.064537 -217.135097 
-0.992964 -207.638674 
-0.920411 -209.537958 
-0.846950 -200.041535 
-0.772645 -198.142250 
-0.697586 -190.545112 
-0.621838 -182.947973 
-0.545477 -171.552265 
-0.468577 -177.250119 
-0.391207 -167.753696 
-0.313459 -171.552265 
-0.235402 -165.854411 
-0.157112 -152.559418 
-0.078668 -143.062995 
-0.000145 -141.163710 
0.078377 -135.465856 
0.156822 -120.271579 
0.235112 -118.372294 
0.313179 -103.178017 
0.390928 -93.681594 
0.468299 -99.379448 
0.545201 -29.105915 
0.621572 24.074055 
0.697330 14.577632 
0.772392 35.469763 
0.846691 52.563325 
0.920155 50.664041 
0.992712 58.261179 
1.064288 62.059749 
1.134815 62.059749 
1.204228 73.455457 
1.272446 79.153311 
1.339409 81.052595 
1.405050 96.246873 
1.469304 90.549019 
1.532109 107.642581 
1.593408 107.642581 
1.653128 109.541865 
1.711217 117.139004 
1.767623 122.836858 
1.822285 126.635427 
1.875143 149.426843 
1.926150 143.728989 
1.975257 155.124697 
2.022415 151.326128 
2.067581 168.419690 
2.110703 170.318974 
2.151741 174.117544 
2.190661 179.815398 
2.227414 191.211106 
2.261974 195.009675 
2.294303 191.211106 
2.324365 204.506098 
2.352131 204.506098 
2.377577 202.606814 
2.400678 221.599660 
2.421404 212.103237 
2.439746 221.599660 
2.455679 219.700376 
2.469187 215.901806 
2.480259 221.599660 
2.488885 234.894653 
2.495054 232.995368 
2.498760 240.592507 
2.500000 234.894653 
2.498773 244.391076 
2.495080 244.391076 
2.488924 240.592507 
2.480312 251.988215 
2.469253 251.988215 
2.455757 248.189646 
2.439838 250.088930 
2.421512 253.887500 
2.400789 261.484638 
2.377703 261.484638 
2.352269 253.887500 
2.324516 261.484638 
2.294465 257.686069 
2.262154 270.981062 
2.227607 259.585354 
2.190861 253.887500 
2.151953 265.283208 
2.110921 269.081777 
2.067806 269.081777 
2.022650 261.484638 
1.975502 253.887500 
1.926400 259.585354 
1.875396 267.182492 
1.822542 253.887500 
1.767895 263.383923 
1.711503 261.484638 
1.653422 251.988215 
1.593710 255.786784 
1.532425 246.290361 
1.469621 251.988215 
1.405374 240.592507 
1.339733 242.491792 
1.272770 246.290361 
1.204557 227.297514 
1.135156 238.693222 
1.064628 221.599660 
0.993056 217.801091 
0.920497 215.901806 
0.847029 210.203952 
0.772726 208.304668 
0.697659 208.304668 
0.621912 200.707529 
0.545552 189.311821 
0.468652 185.513252 
0.391283 177.916113 
0.313527 179.815398 
0.235462 172.218259 
0.157173 166.520405 
0.078728 155.124697 
0.000206 160.822551 
-0.078325 141.829705 
-0.156770 138.031135 
-0.235068 130.433997 
-0.313135 115.239719 
-0.390884 107.642581 
-0.468248 90.549019 
-0.545158 62.059749 
-0.621521 1.282639 
-0.697279 -15.810923 
-0.772342 -31.005200 
-0.846649 -42.400908 
-0.920114 -55.695901 
-0.992671 -61.393755 
-1.064263 -63.293039 
-1.134797 -67.091609 
-1.204211 -80.386601 
-1.272429 -78.487316 
-1.339399 -80.386601 
-1.405047 -86.084455 
-1.469308 -89.883024 
-1.532119 -99.379448 
-1.593411 -105.077302 
-1.653137 -110.775156 
-1.711226 -108.875871 
-1.767626 -129.768002 
-1.822282 -127.868718 
-1.875140 -146.861564 
-1.926148 -150.660134 
-1.975254 -154.458703 
-2.022412 -163.955126 
-2.067574 -169.652980 
-2.110700 -179.149404 
-2.151739 -173.451550 
-2.190659 -188.645827 
-2.227416 -194.343681 
-2.261972 -194.343681 
-2.294299 -194.343681 
-2.324358 -203.840104 
-2.352127 -201.940820 
-2.377574 -211.437243 
-2.400672 -228.530805 
-2.421403 -226.631520 
-2.439745 -238.027228 
-2.455677 -236.127944 
-2.469186 -239.926513 
-2.480259 -236.127944 
-2.488884 -239.926513 
-2.495053 -245.624367 
-2.498759 -249.422936 
-2.500000 -243.725082 
-2.498773 -249.422936 
-2.495080 -249.422936 
-2.488925 -255.120790 
-2.480313 -262.717929 
-2.469254 -257.020075 
-2.455758 -272.214352 
-2.439839 -266.516498 
-2.421513 -281.710775 
-2.400795 -266.516498 
-2.377710 -272.214352 
-2.352278 -272.214352 
-2.324523 -281.710775 
-2.294477 -277.912206 
-2.262163 -281.710775 
-2.227620 -272.214352 
-2.190879 -277.912206 
-2.151972 -274.113637 
-2.110936 -257.020075 
-2.067826 -264.617214 
-2.022671 -258.919360 
-1.975519 -257.020075 
-1.926418 -251.322221 
-1.875420 -249.422936 
-1.822573 -257.020075 
-1.767926 -249.422936 
-1.711529 -260.818644 
-1.653443 -258.919360 
-1.593725 -245.624367 
-1.532441 -245.624367 
-1.469638 -238.027228 
-1.405391 -234.228659 
-1.339750 -230.430090 
-1.272787 -224.732236 
-1.204568 -224.732236 
-1.135160 -213.336528 
-1.064639 -217.135097 
-0.993060 -211.437243 
-0.920486 -203.840104 
-0.847018 -203.840104 
-0.772722 -198.142250 
-0.697663 -184.847258 
-0.621916 -179.149404 
-0.545548 -173.451550 
-0.468641 -171.552265 
-0.391271 -167.753696 
-0.313515 -158.257272 
-0.235458 -158.257272 
-0.157161 -146.861564 
-0.078708 -143.062995 
-0.000186 -135.465856 
0.078337 -125.969433 
0.156782 -129.768002 
0.235080 -114.573725 
0.313139 -110.775156 
0.390888 -97.480163 
0.468260 -87.983740 
0.545161 -44.300193 
0.621541 20.275486 
0.697291 14.577632 
0.772361 31.671194 
0.846668 18.376201 
0.920140 56.361895 
0.992697 54.462610 
1.064281 62.059749 
1.134807 71.556172 
1.204221 73.455457 
1.272439 71.556172 
1.339402 98.146157 
1.405050 92.448303 
1.469304 98.146157 
1.532109 103.844011 
1.593402 109.541865 
1.653122 111.441150 
1.711211 119.038289 
1.767612 122.836858 
1.822269 122.836858 
1.875127 143.728989 
1.926140 153.225412 
1.975247 158.923266 
2.022405 155.124697 
2.067572 166.520405 
2.110694 174.117544 
2.151737 172.218259 
2.190653 181.714682 
2.227407 191.211106 
2.261967 187.412536 
2.294294 183.613967 
2.324357 202.606814 
2.352122 204.506098 
2.377567 198.808244 
2.400669 215.901806 
2.421398 215.901806 
2.439740 212.103237 
2.455673 219.700376 
2.469184 214.002522 
2.480256 219.700376 
2.488882 227.297514 
2.495051 227.297514 
2.498758 236.793938 
2.500000 236.793938 
2.498774 234.894653 
2.495082 242.491792 
2.488928 234.894653 
2.480317 250.088930 
2.469258 248.189646 
2.455761 244.391076 
2.439843 251.988215 
2.421516 257.686069 
2.400800 251.988215 
2.377713 255.786784 
2.352283 257.686069 
2.324530 263.383923 
2.294485 255.786784 
2.262175 265.283208 
2.227629 257.686069 
2.190885 248.189646 
2.151982 259.585354 
2.110951 259.585354 
2.067842 274.779631 
2.022683 265.283208 
1.975537 251.988215 
1.926436 259.585354 
1.875439 259.585354 
1.822581 257.686069 
1.767935 255.786784 
1.711538 259.585354 
1.653452 251.988215 
1.593735 251.988215 
1.532444 238.693222 
1.469647 246.290361 
1.405394 240.592507 
1.339746 229.196799 
1.272784 240.592507 
1.204571 232.995368 
1.135163 238.693222 
1.064635 223.498945 
0.993049 221.599660 
0.920482 210.203952 
0.847014 206.405383 
0.772703 210.203952 
0.697636 214.002522 
0.621881 196.908960 
0.545520 195.009675 
0.468613 187.412536 
0.391243 179.815398 
0.313495 170.318974 
0.235438 170.318974 
0.157140 166.520405 
0.078696 158.923266 
0.000174 153.225412 
-0.078349 153.225412 
-0.156794 138.031135 
-0.235084 122.836858 
-0.313151 120.937573 
-0.390908 107.642581 
-0.468272 100.045442 
-0.545173 58.261179 
-0.621545 -2.515930 
-0.697303 -13.911638 
-0.772372 -32.904485 
-0.846672 -38.602339 
-0.920137 -53.796616 
-0.992700 -59.494470 
-1.064277 -68.990893 
-1.134804 -68.990893 
-1.204211 -78.487316 
-1.272429 -84.185170 
-1.339399 -78.487316 
-1.405040 -86.084455 
-1.469301 -97.480163 
-1.532112 -93.681594 
-1.593411 -105.077302 
-1.653131 -112.674440 
-1.711226 -120.271579 
-1.767632 -127.868718 
-1.822288 -133.566572 
-1.875156 -141.163710 
-1.926163 -150.660134 
-1.975269 -160.156557 
-2.022431 -165.854411 
-2.067592 -167.753696 
-2.110713 -167.753696 
-2.151752 -182.947973 
-2.190667 -182.947973 
-2.227420 -190.545112 
-2.261975 -177.250119 
-2.294299 -203.840104 
-2.324370 -203.840104 
-2.352135 -205.739389 
-2.377581 -217.135097 
-2.400681 -219.034382 
-2.421411 -224.732236 
-2.439752 -222.832951 
-2.455683 -232.329374 
-2.469191 -239.926513 
-2.480263 -236.127944 
-2.488887 -236.127944 
-2.495055 -243.725082 
-2.498761 -243.725082 
-2.500000 -249.422936 
-2.498772 -245.624367 
-2.495078 -249.422936 
-2.488922 -251.322221 
-2.480310 -257.020075 
-2.469251 -258.919360 
-2.455750 -266.516498 
-2.439828 -266.516498 
-2.421499 -260.818644 
-2.400781 -268.415783 
-2.377692 -262.717929 
-2.352259 -266.516498 
-2.324502 -270.315068 
-2.294454 -276.012922 
-2.262142 -270.315068 
-2.227594 -270.315068 
-2.190851 -264.617214 
-2.151943 -264.617214 
-2.110915 -255.120790 
-2.067803 -249.422936 
-2.022652 -253.221506 
-1.975499 -255.120790 
-1.926397 -257.020075 
-1.875399 -260.818644 
-1.822550 -247.523652 
-1.767898 -249.422936 
-1.711500 -243.725082 
-1.653413 -249.422936 
-1.593694 -241.825798 
-1.532409 -228.530805 
-1.469611 -226.631520 
-1.405364 -236.127944 
-1.339723 -219.034382 
-1.272759 -228.530805 
-1.204547 -211.437243 
-1.135146 -220.933666 
-1.064617 -211.437243 
-0.993045 -205.739389 
-0.920486 -201.940820 
-0.847026 -194.343681 
-0.772729 -190.545112 
-0.697671 -190.545112 
-0.621924 -171.552265 
-0.545555 -173.451550 
-0.468648 -163.955126 
-0.391287 -163.955126 
-0.313539 -160.156557 
-0.235474 -150.660134 
-0.157177 -144.962280 
-0.078732 -135.465856 
-0.000210 -137.365141 
0.078321 -120.271579 
0.156766 -122.170864 
0.235056 -99.379448 
0.313115 -101.278732 
0.390864 -89.883024 
0.468228 -78.487316 
0.545138 -55.695901 
0.621509 16.476917 
0.697260 27.872625 
0.772322 29.771909 
0.846623 52.563325 
0.920095 52.563325 
0.992660 48.764756 
1.064244 69.656887 
1.134771 60.160464 
1.204186 77.254026 
1.272405 69.656887 
1.339368 77.254026 
1.405017 98.146157 
1.469278 100.045442 
1.532083 107.642581 
1.593383 105.743296 
1.653110 113.340435 
1.711200 117.139004 
1.767601 120.937573 
1.822263 136.131851 
1.875127 147.527558 
1.926140 147.527558 
1.975257 143.728989 
2.022419 168.419690 
2.067581 162.721836 
2.110703 168.419690 
2.151746 185.513252 
2.190665 179.815398 
2.227425 189.311821 
2.261984 183.613967 
2.294307 198.808244 
2.324365 196.908960 
2.352131 202.606814 
2.377575 221.599660 
2.400678 214.002522 
2.421408 210.203952 
2.439749 219.700376 
2.455681 210.203952 
2.469189 221.599660 
2.480260 229.196799 
2.488885 227.297514 
2.495054 236.793938 
2.498760 238.693222 
2.500000 240.592507 
2.498773 246.290361 
2.495080 236.793938 
2.488924 251.988215 
2.480312 259.585354 
2.469251 250.088930 
2.455754 251.988215 
2.439835 246.290361 
2.421506 251.988215 
2.400787 259.585354 
2.377698 255.786784 
2.352263 255.786784 
2.324507 255.786784 
2.294459 263.383923 
2.262147 269.081777 
2.227603 257.686069 
2.190857 261.484638 
2.151953 265.283208 
2.110925 274.779631 
2.067810 263.383923 
2.022654 253.887500 
1.975502 267.182492 
1.926405 259.585354 
1.875407 265.283208 
1.822559 257.686069 
1.767912 267.182492 
1.711515 259.585354 
1.653428 261.484638 
1.593710 246.290361 
1.532418 246.290361 
1.469621 255.786784 
1.405374 240.592507 
1.339726 248.189646 
1.272763 240.592507 
1.204543 244.391076 
1.135135 232.995368 
1.064613 229.196799 
0.993034 219.700376 
0.920482 225.398230 
0.847022 214.002522 
0.772726 210.203952 
0.697659 198.808244 
0.621912 200.707529 
0.545544 187.412536 
0.468629 185.513252 
0.391251 183.613967 
0.313495 181.714682 
0.235430 176.016828 
0.157132 166.520405 
0.078680 162.721836 
0.000149 164.621120 
-0.078373 145.628274 
-0.156818 139.930420 
-0.235116 130.433997 
-0.313175 122.836858 
-0.390924 105.743296 
-0.468288 100.045442 
-0.545189 69.656887 
-0.621552 5.081209 
-0.697310 -15.810923 
-0.772380 -25.307346 
-0.846680 -48.098762 
-0.920152 -51.897331 
-0.992708 -72.789462 
-1.064292 -65.192324 
-1.134818 -76.588032 
-1.204225 -87.983740 
-1.272443 -118.372294 
-1.339406 -86.084455 
-1.405053 -99.379448 
-1.469314 -112.674440 
-1.532119 -97.480163 
-1.593417 -105.077302 
-1.653143 -112.674440 
-1.711238 -120.271579 
-1.767643 -122.170864 
-1.822310 -135.465856 
-1.875167 -139.264426 
-1.926168 -154.458703 
-1.975274 -162.055842 
-2.022436 -163.955126 
-2.067597 -165.854411 
-2.110718 -184.847258 
-2.151764 -179.149404 
-2.190682 -190.545112 
-2.227435 -184.847258 
-2.261993 -196.242966 
-2.294318 -200.041535 
-2.324376 -209.537958 
-2.352143 -203.840104 
-2.377589 -219.034382 
-2.400685 -226.631520 
-2.421413 -224.732236 
-2.439752 -230.430090 
-2.455686 -228.530805 
-2.469193 -236.127944 
-2.480265 -243.725082 
-2.488889 -238.027228 
-2.495056 -245.624367 
-2.498761 -249.422936 
-2.500000 -253.221506 
-2.498772 -253.221506 
-2.495077 -249.422936 
-2.488920 -257.020075 
-2.480307 -264.617214 
-2.469247 -260.818644 
-2.455749 -268.415783 
-2.439827 -272.214352 
-2.421495 -293.106483 
-2.400777 -277.912206 
-2.377687 -268.415783 
-2.352254 -274.113637 
-2.324496 -274.113637 
-2.294448 -268.415783 
-2.262132 -276.012922 
-2.227587 -276.012922 
-2.190840 -266.516498 
-2.151931 -270.315068 
-2.110897 -264.617214 
-2.067781 -258.919360 
-2.022628 -260.818644 
-1.975475 -258.919360 
-1.926372 -257.020075 
-1.875372 -251.322221 
-1.822523 -258.919360 
-1.767875 -249.422936 
-1.711482 -245.624367 
-1.653395 -245.624367 
-1.593676 -247.523652 
-1.532390 -236.127944 
-1.469592 -236.127944 
-1.405344 -238.027228 
-1.339702 -220.933666 
-1.272738 -228.530805 
-1.204525 -226.631520 
-1.135124 -209.537958 
-1.064588 -220.933666 
-0.993015 -215.235812 
-0.920456 -205.739389 
-0.846995 -203.840104 
-0.772699 -192.444396 
-0.697632 -181.048688 
-0.621885 -182.947973 
-0.545516 -173.451550 
-0.468617 -160.156557 
-0.391255 -167.753696 
-0.313507 -158.257272 
-0.235450 -162.055842 
-0.157153 -141.163710 
-0.078708 -135.465856 
-0.000186 -139.264426 
0.078337 -120.271579 
0.156790 -122.170864 
0.235080 -112.674440 
0.313147 -99.379448 
0.390912 -129.768002 
0.468284 -78.487316 
0.545185 -55.695901 
0.621549 22.174771 
0.697299 22.174771 
0.772369 29.771909 
0.846668 50.664041 
0.920140 54.462610 
0.992704 63.959033 
1.064281 63.959033 
1.134807 60.160464 
1.204221 67.757603 
1.272446 71.556172 
1.339416 71.556172 
1.405057 100.045442 
1.469317 90.549019 
1.532122 105.743296 
1.593414 107.642581 
1.653140 115.239719 
1.711235 100.045442 
1.767635 124.736143 
1.822291 139.930420 
1.875148 134.232566 
1.926160 147.527558 
1.975272 149.426843 
2.022429 158.923266 
2.067590 160.822551 
2.110711 164.621120 
2.151754 179.815398 
2.190669 172.218259 
2.227422 183.613967 
2.261977 176.016828 
2.294303 191.211106 
2.324363 200.707529 
2.352131 191.211106 
2.377575 210.203952 
2.400673 212.103237 
2.421402 210.203952 
2.439742 225.398230 
2.455674 214.002522 
2.469185 221.599660 
2.480259 225.398230 
2.488885 227.297514 
2.495054 227.297514 
2.498760 232.995368 
2.500000 234.894653 
2.498773 238.693222 
2.495079 236.793938 
2.488923 244.391076 
2.480311 246.290361 
2.469251 244.391076 
2.455754 255.786784 
2.439835 250.088930 
2.421506 250.088930 
2.400787 259.585354 
2.377698 257.686069 
2.352266 263.383923 
2.324513 259.585354 
2.294462 269.081777 
2.262151 267.182492 
2.227607 265.283208 
2.190853 259.585354 
2.151945 267.182492 
2.110912 269.081777 
2.067801 263.383923 
2.022650 259.585354 
1.975497 265.283208 
1.926400 267.182492 
1.875402 263.383923 
1.822553 255.786784 
1.767900 263.383923 
1.711509 261.484638 
1.653422 259.585354 
1.593704 250.088930 
1.532418 263.383923 
1.469621 242.491792 
1.405367 253.887500 
1.339726 242.491792 
1.272763 248.189646 
1.204543 236.793938 
1.135135 234.894653 
1.064613 227.297514 
0.993034 221.599660 
0.920467 223.498945 
0.846999 219.700376 
0.772703 215.901806 
0.697628 204.506098 
0.621873 202.606814 
0.545504 196.908960 
0.468597 191.211106 
0.391227 183.613967 
0.313471 183.613967 
0.235414 168.419690 
0.157124 170.318974 
0.078672 153.225412 
0.000149 155.124697 
-0.078381 153.225412 
-0.156842 153.225412 
-0.235133 134.232566 
-0.313207 130.433997 
-0.390964 109.541865 
-0.468335 103.844011 
-0.545236 65.858318 
-0.621599 -0.616645 
-0.697349 -15.810923 
-0.772411 -19.609492 
-0.846718 -44.300193 
-0.920182 -61.393755 
-0.992737 -57.595185 
-1.064314 -70.890178 
-1.134840 -74.688747 
-1.204246 -84.185170 
-1.272471 -72.789462 
-1.339440 -93.681594 
-1.405080 -91.782309 
-1.469340 -91.782309 
-1.532144 -105.077302 
-1.593436 -103.178017 
-1.653162 -112.674440 
-1.711256 -116.473010 
-1.767655 -127.868718 
-1.822315 -125.969433 
-1.875172 -139.264426 
-1.926179 -148.760849 
-1.975284 -154.458703 
-2.022445 -165.854411 
-2.067615 -167.753696 
-2.110744 -175.350834 
-2.151780 -173.451550 
-2.190694 -179.149404 
-2.227446 -186.746542 
-2.262003 -213.336528 
-2.294328 -196.242966 
-2.324388 -200.041535 
-2.352154 -203.840104 
-2.377599 -215.235812 
-2.400694 -220.933666 
-2.421423 -234.228659 
-2.439761 -230.430090 
-2.455693 -238.027228 
-2.469201 -241.825798 
-2.480270 -245.624367 
-2.488893 -241.825798 
-2.495058 -243.725082 
-2.498762 -247.523652 
-2.500000 -251.322221 
-2.498770 -253.221506 
-2.495075 -249.422936 
-2.488917 -251.322221 
-2.480301 -255.120790 
-2.469239 -264.617214 
-2.455741 -268.415783 
-2.439820 -270.315068 
-2.421489 -272.214352 
-2.400768 -285.509345 
-2.377680 -272.214352 
-2.352243 -279.811491 
-2.324484 -272.214352 
-2.294435 -276.012922 
-2.262121 -272.214352 
-2.227576 -279.811491 
-2.190832 -270.315068 
-2.151926 -270.315068 
-2.110897 -262.717929 
-2.067772 -268.415783 
-2.022614 -257.020075 
-1.975465 -258.919360 
-1.926361 -245.624367 
-1.875356 -258.919360 
-1.822495 -260.818644 
-1.767835 -255.120790 
-1.711441 -251.322221 
-1.653352 -249.422936 
-1.593638 -247.523652 
-1.532345 -249.422936 
-1.469540 -239.926513 
-1.405284 -239.926513 
-1.339641 -234.228659 
-1.272683 -232.329374 
-1.204469 -224.732236 
-1.135059 -222.832951 
-1.064522 -219.034382 
-0.992941 -213.336528 
-0.920388 -205.739389 
-0.846919 -198.142250 
-0.772591 -203.840104 
-0.697524 -182.947973 
-0.621768 -190.545112 
-0.545398 -173.451550 
-0.468490 -175.350834 
-0.391127 -163.955126 
-0.313379 -160.156557 
-0.235330 -152.559418 
-0.157040 -135.465856 
-0.078595 -139.264426 
-0.000073 -137.365141 
0.078466 -127.868718 
0.156919 -122.170864 
0.235217 -112.674440 
0.313275 -91.782309 
0.391032 -97.480163 
0.468403 -82.285886 
0.545406 -42.400908 
0.621783 24.074055 
0.697531 12.678347 
0.772607 31.671194 
0.846912 60.160464 
0.920381 54.462610 
0.992949 50.664041 
1.064529 62.059749 
1.135059 62.059749 
1.204469 62.059749 
1.272683 69.656887 
1.339641 82.951880 
1.405277 92.448303 
1.469526 92.448303 
1.532332 77.254026 
1.593626 100.045442 
1.653340 109.541865 
1.711429 109.541865 
1.767823 134.232566 
1.822479 128.534712 
1.875356 139.930420 
1.926361 143.728989 
1.975460 143.728989 
2.022619 164.621120 
2.067776 160.822551 
2.110893 168.419690 
2.151922 174.117544 
2.191120 176.016828 
2.227851 183.613967 
2.262383 179.815398 
2.294682 195.009675 
2.324713 196.908960 
2.352453 195.009675 
2.377872 210.203952 
2.400943 214.002522 
2.421643 208.304668 
2.439953 206.405383 
2.455856 217.801091 
2.469336 223.498945 
2.480380 234.894653 
2.488974 227.297514 
2.495113 234.894653 
2.498790 242.491792 
2.500000 244.391076 
2.498743 248.189646 
2.495019 242.491792 
2.488834 248.189646 
2.480192 251.988215 
2.469102 251.988215 
2.455575 259.585354 
2.439625 251.988215 
2.421267 259.585354 
2.400519 255.786784 
2.377404 259.585354 
2.351940 267.182492 
2.324159 255.786784 
2.294081 274.779631 
2.261741 265.283208 
2.227171 267.182492 
2.190402 265.283208 
2.151468 276.678916 
2.110410 274.779631 
2.067275 259.585354 
2.022094 272.880346 
1.974918 263.383923 
1.925792 270.981062 
1.874766 259.585354 
1.821890 267.182492 
1.767215 261.484638 
1.710802 259.585354 
1.652695 259.585354 
1.592951 255.786784 
1.531646 250.088930 
1.468824 250.088930 
1.404559 244.391076 
1.338908 250.088930 
1.271936 240.592507 
1.203701 240.592507 
1.134278 234.894653 
1.063736 225.398230 
0.992152 227.297514 
0.919588 221.599660 
0.846110 221.599660 
0.771796 214.002522 
0.696721 206.405383 
0.620966 198.808244 
0.544598 191.211106 
0.467693 191.211106 
0.390326 191.211106 
0.312558 183.613967 
0.234497 177.916113 
0.156206 174.117544 
0.077744 170.318974 
-0.000787 160.822551 
-0.079309 149.426843 
-0.157753 143.728989 
-0.236041 138.031135 
-0.314104 120.937573 
-0.391857 111.441150 
-0.469224 75.354741 
-0.546119 8.879778 
-0.622475 -8.213784 
-0.698218 -21.508777 
-0.773279 -42.400908 
-0.847569 -49.998047 
-0.921030 -67.091609 
-0.993582 -67.091609 
-1.065161 -76.588032 
-1.135689 -68.990893 
-1.205081 -72.789462 
-1.273284 -87.983740 
-1.340244 -86.084455 
-1.405875 -91.782309 
-1.470111 -97.480163 
-1.532903 -99.379448 
-1.594182 -108.875871 
-1.653888 -112.674440 
-1.711962 -124.070148 
-1.768346 -131.667287 
-1.822979 -127.868718 
-1.875813 -133.566572 
-1.926796 -160.156557 
-1.975883 -156.357988 
-2.023020 -160.156557 
-2.068155 -165.854411 
-2.111254 -173.451550 
-2.152265 -181.048688 
-2.191157 -181.048688 
-2.227885 -190.545112 
-2.262415 -194.343681 
-2.294712 -196.242966 
-2.324744 -198.142250 
-2.352482 -203.840104 
-2.377898 -211.437243 
-2.400965 -219.034382 
-2.421664 -226.631520 
-2.439972 -238.027228 
-2.455873 -238.027228 
-2.469350 -238.027228 
-2.480391 -243.725082 
-2.488984 -241.825798 
-2.495119 -241.825798 
-2.498792 -251.322221 
-2.500000 -247.523652 
-2.498740 -249.422936 
-2.495006 -241.825798 
-2.488814 -251.322221 
-2.480166 -253.221506 
-2.469070 -264.617214 
-2.455537 -258.919360 
-2.439580 -276.012922 
-2.421217 -276.012922 
-2.400466 -277.912206 
-2.377340 -283.610060 
-2.351873 -281.710775 
-2.324080 -276.012922 
-2.293999 -281.710775 
-2.261654 -283.610060 
-2.227073 -279.811491 
-2.190299 -276.012922 
-2.151359 -272.214352 
-2.110296 -272.214352 
-2.067154 -258.919360 
-2.021973 -264.617214 
-1.974792 -251.322221 
-1.925666 -260.818644 
-1.874635 -255.120790 
-1.821749 -262.717929 
-1.767070 -257.020075 
-1.710646 -255.120790 
-1.652535 -249.422936 
-1.592798 -251.322221 
-1.531490 -249.422936 
-1.468658 -236.127944 
-1.404382 -241.825798 
-1.338720 -236.127944 
-1.271730 -226.631520 
-1.203499 -219.034382 
-1.134073 -213.336528 
-1.063536 -215.235812 
-0.991948 -215.235812 
-0.919374 -203.840104 
-0.845893 -198.142250 
-0.771585 -196.242966 
-0.696516 -186.746542 
-0.620759 -188.645827 
-0.544373 -171.552265 
-0.467467 -171.552265 
-0.390099 -165.854411 
-0.312346 -158.257272 
-0.234276 -163.955126 
-0.155984 -144.962280 
-0.077530 -143.062995 
0.000993 -133.566572 
0.079523 -122.170864 
0.157966 -124.070148 
0.236262 -106.976586 
0.314332 -105.077302 
0.392092 -89.883024 
0.469450 -84.185170 
0.546359 -34.803769 
0.622722 18.376201 
0.698470 24.074055 
0.773520 31.671194 
0.847808 48.764756 
0.921266 54.462610 
0.993808 58.261179 
1.065377 50.664041 
1.135886 58.261179 
1.205290 73.455457 
1.273489 65.858318 
1.340432 81.052595 
1.406058 92.448303 
1.470291 100.045442 
1.533072 105.743296 
1.594347 98.146157 
1.654043 111.441150 
1.712106 111.441150 
1.768491 120.937573 
1.823280 138.031135 
1.876104 138.031135 
1.927076 136.131851 
1.976152 151.326128 
2.023278 166.520405 
2.068407 160.822551 
2.111494 172.218259 
2.152493 177.916113 
2.191369 176.016828 
2.228085 174.117544 
2.262603 181.714682 
2.294887 195.009675 
2.324903 196.908960 
2.352628 195.009675 
2.378031 214.002522 
2.401085 210.203952 
2.421773 212.103237 
2.440068 221.599660 
2.455957 204.506098 
2.469421 217.801091 
2.480447 225.398230 
2.489025 221.599660 
2.495147 227.297514 
2.498806 232.995368 
2.500000 234.894653 
2.498726 238.693222 
2.494986 232.995368 
2.488784 242.491792 
2.480125 251.988215 
2.469019 242.491792 
2.455475 257.686069 
2.439510 250.088930 
2.421134 255.786784 
2.400372 259.585354 
2.377241 251.988215 
2.351765 261.484638 
2.323965 253.887500 
2.293872 265.283208 
2.261518 265.283208 
2.226932 257.686069 
2.190145 261.484638 
2.151201 259.585354 
2.110133 278.578200 
2.066984 261.484638 
2.021790 267.182492 
1.974601 261.484638 
1.925463 265.283208 
1.874424 261.484638 
1.821536 255.786784 
1.766855 269.081777 
1.710425 251.988215 
1.652313 253.887500 
1.592565 251.988215 
1.531251 255.786784 
1.468426 248.189646 
1.404151 244.391076 
1.338492 244.391076 
1.271511 238.693222 
1.203269 232.995368 
1.133840 236.793938 
1.063298 221.599660 
0.991707 219.700376 
0.919130 219.700376 
0.845646 215.901806 
0.771328 214.002522 
0.696248 206.405383 
0.620489 196.908960 
0.544117 191.211106 
0.467233 187.412536 
0.389855 183.613967 
0.312101 174.117544 
0.234023 172.218259 
0.155730 172.218259 
0.077283 158.923266 
-0.001248 143.728989 
-0.079769 151.326128 
-0.158220 134.232566 
-0.236515 122.836858 
-0.314577 111.441150 
-0.392336 107.642581 
-0.469699 77.254026 
-0.546592 14.577632 
-0.622952 -0.616645 
-0.698698 -21.508777 
-0.773755 -44.300193 
-0.848047 -44.300193 
-0.921503 -67.091609 
-0.994056 -67.091609 
-1.065621 -70.890178 
-1.136135 -70.890178 
-1.205527 -76.588032 
-1.273722 -72.789462 
-1.340660 -87.983740 
-1.406282 -93.681594 
-1.470509 -89.883024 
-1.533286 -99.379448 
-1.594549 -106.976586 
-1.654240 -112.674440 
-1.712303 -118.372294 
-1.768677 -122.170864 
-1.823299 -131.667287 
-1.876122 -137.365141 
-1.927100 -148.760849 
-1.976175 -154.458703 
-2.023299 -163.955126 
-2.068423 -169.652980 
-2.111505 -177.250119 
-2.152508 -173.451550 
-2.191386 -190.545112 
-2.228098 -194.343681 
-2.262615 -190.545112 
-2.294898 -198.142250 
-2.324914 -209.537958 
-2.352635 -211.437243 
-2.378035 -220.933666 
-2.401091 -226.631520 
-2.421774 -228.530805 
-2.440069 -226.631520 
-2.455955 -236.127944 
-2.469418 -238.027228 
-2.480444 -245.624367 
-2.489022 -241.825798 
-2.495145 -245.624367 
-2.498806 -245.624367 
-2.500000 -234.228659 
-2.498724 -249.422936 
-2.494983 -243.725082 
-2.488780 -245.624367 
-2.480119 -251.322221 
-2.469013 -266.516498 
-2.455468 -272.214352 
-2.439502 -270.315068 
-2.421127 -272.214352 
-2.400362 -276.012922 
-2.377230 -272.214352 
-2.351747 -270.315068 
-2.323943 -276.012922 
-2.293848 -272.214352 
-2.261492 -272.214352 
-2.226897 -277.912206 
-2.190112 -272.214352 
-2.151162 -272.214352 
-2.110088 -268.415783 
-2.066932 -274.113637 
-2.021736 -257.020075 
-1.974544 -266.516498 
-1.925398 -272.214352 
-1.874352 -264.617214 
-1.821467 -257.020075 
-1.766784 -257.020075 
-1.710352 -258.919360 
-1.652232 -251.322221 
-1.592487 -253.221506 
-1.531171 -243.725082 
-1.468337 -238.027228 
-1.403273 -239.926513 
-1.337595 -236.127944 
-1.270583 -230.430090 
-1.202324 -226.631520 
-1.132886 -224.732236 
-1.062322 -215.235812 
-0.990718 -215.235812 
-0.918135 -209.537958 
-0.844632 -198.142250 
-0.770302 -196.242966 
-0.695213 -194.343681 
-0.619421 -179.149404 
-0.543034 -173.451550 
-0.466110 -169.652980 
-0.388735 -175.350834 
-0.310976 -160.156557 
-0.232902 -154.458703 
-0.154598 -148.760849 
-0.076133 -139.264426 
0.002390 -139.264426 
0.080919 -124.070148 
0.159369 -118.372294 
0.237653 -106.976586 
0.315710 -105.077302 
0.393464 -99.379448 
0.470814 -91.782309 
0.547699 -38.602339 
0.624051 24.074055 
0.699780 -4.415215 
0.774826 31.671194 
0.849107 50.664041 
0.922550 52.563325 
0.995082 48.764756 
1.066626 60.160464 
1.137124 67.757603 
1.206506 69.656887 
1.274684 75.354741 
1.341611 77.254026 
1.407206 92.448303 
1.471414 98.146157 
1.534169 113.340435 
1.595417 105.743296 
1.655090 119.038289 
1.713130 111.441150 
1.769473 122.836858 
1.824081 134.232566 
1.876899 149.426843 
1.927848 149.426843 
1.976894 145.628274 
2.023994 158.923266 
2.069087 172.218259 
2.112147 170.318974 
2.153121 176.016828 
2.191963 177.916113 
2.228641 183.613967 
2.263124 189.311821 
2.295370 181.714682 
2.325351 200.707529 
2.353040 200.707529 
2.378405 200.707529 
2.401424 210.203952 
2.422074 215.901806 
2.440334 210.203952 
2.456197 217.801091 
2.469619 215.901806 
2.480606 229.196799 
2.489145 229.196799 
2.495227 227.297514 
2.498846 240.592507 
2.499999 234.894653 
2.498685 244.391076 
2.494904 246.290361 
2.488662 242.491792 
2.479963 251.988215 
2.468818 250.088930 
2.455235 248.189646 
2.439229 261.484638 
2.420816 255.786784 
2.400015 255.786784 
2.376844 259.585354 
2.351324 255.786784 
2.323486 263.383923 
2.293355 263.383923 
2.260963 274.779631 
2.226337 263.383923 
2.189522 259.585354 
2.150542 259.585354 
2.109436 272.880346 
2.066248 270.981062 
2.021016 270.981062 
1.973798 267.182492 
1.924623 259.585354 
1.873553 265.283208 
1.820640 255.786784 
1.765930 265.283208 
1.709465 255.786784 
1.651319 251.988215 
1.591550 255.786784 
1.530210 250.088930 
1.467360 259.585354 
1.403056 244.391076 
1.337366 240.592507 
1.270357 240.592507 
1.202101 232.995368 
1.132652 236.793938 
1.062085 229.196799 
0.990469 219.700376 
0.917884 215.901806 
0.844385 214.002522 
0.770045 221.599660 
0.694953 212.103237 
0.619175 196.908960 
0.542777 195.009675 
0.465852 193.110390 
0.388475 185.513252 
0.310715 181.714682 
0.232632 170.318974 
0.154320 166.520405 
0.075871 157.023982 
-0.002653 157.023982 
-0.081182 151.326128 
-0.159631 134.232566 
-0.237914 130.433997 
-0.315962 113.340435 
-0.393707 105.743296 
-0.471056 79.153311 
-0.547947 24.074055 
-0.624297 -13.911638 
-0.700024 -23.408061 
-0.775060 -34.803769 
-0.849338 -46.199477 
-0.922771 -67.091609 
-0.995294 -59.494470 
-1.066834 -68.990893 
-1.137328 -70.890178 
-1.206694 -70.890178 
-1.274882 -70.890178 
-1.341812 -82.285886 
-1.407410 -80.386601 
-1.471619 -93.681594 
-1.534370 -103.178017 
-1.595613 -105.077302 
-1.655275 -112.674440 
-1.713309 -114.573725 
-1.769647 -114.573725 
-1.824238 -131.667287 
-1.877035 -139.264426 
-1.927974 -143.062995 
-1.977015 -156.357988 
-2.024101 -167.753696 
-2.069198 -167.753696 
-2.112248 -177.250119 
-2.153214 -182.947973 
-2.192054 -186.746542 
-2.228731 -186.746542 
-2.263208 -192.444396 
-2.295449 -203.840104 
-2.325424 -201.940820 
-2.353104 -209.537958 
-2.378463 -219.034382 
-2.401473 -219.034382 
-2.422115 -228.530805 
-2.440369 -236.127944 
-2.456212 -234.228659 
-2.469634 -241.825798 
-2.480619 -239.926513 
-2.489154 -236.127944 
-2.495233 -243.725082 
-2.498849 -251.322221 
-2.499999 -251.322221 
-2.498681 -243.725082 
-2.494898 -241.825798 
-2.488653 -253.221506 
-2.479951 -253.221506 
-2.468803 -264.617214 
-2.455219 -268.415783 
-2.439212 -268.415783 
-2.420796 -276.012922 
-2.399991 -274.113637 
-2.376818 -272.214352 
-2.351301 -276.012922 
-2.323464 -274.113637 
-2.293327 -276.012922 
-2.260934 -289.307914 
-2.226310 -276.012922 
-2.189489 -270.315068 
-2.150503 -276.012922 
-2.109395 -260.818644 
-2.066209 -257.020075 
-2.020980 -257.020075 
-1.973761 -264.617214 
-1.924590 -257.020075 
-1.873524 -258.919360 
-1.820604 -257.020075 
-1.765881 -253.221506 
-1.709427 -251.322221 
-1.651280 -251.322221 
-1.591503 -249.422936 
-1.530162 -243.725082 
-1.467311 -245.624367 
-1.402999 -234.228659 
-1.337308 -232.329374 
-1.270305 -234.228659 
-1.202041 -219.034382 
-1.132584 -220.933666 
-1.062023 -211.437243 
-0.990399 -207.638674 
-0.917805 -203.840104 
-0.844313 -203.840104 
-0.769987 -198.142250 
-0.694895 -182.947973 
-0.619124 -173.451550 
-0.542734 -179.149404 
-0.465809 -167.753696 
-0.388432 -171.552265 
-0.310671 -160.156557 
-0.232604 -150.660134 
-0.154308 -150.660134 
-0.075851 -137.365141 
0.002665 -139.264426 
0.081194 -124.070148 
0.159643 -124.070148 
0.237934 -105.077302 
0.315982 -106.976586 
0.393735 -110.775156 
0.471083 -82.285886 
0.547967 -36.703054 
0.624317 18.376201 
0.700043 22.174771 
0.775087 31.671194 
0.849357 56.361895 
0.922790 52.563325 
0.995320 54.462610 
1.066874 56.361895 
1.137368 60.160464 
1.206732 69.656887 
1.274906 62.059749 
1.341829 82.951880 
1.407420 88.649734 
1.471629 90.549019 
1.534380 103.844011 
1.595622 117.139004 
1.655284 111.441150 
1.713318 122.836858 
1.769661 130.433997 
1.824257 134.232566 
1.877048 147.527558 
1.927997 147.527558 
1.977037 155.124697 
2.024122 145.628274 
2.069214 166.520405 
2.112263 166.520405 
2.153224 166.520405 
2.192064 183.613967 
2.228744 191.211106 
2.263320 187.412536 
2.295553 191.211106 
2.325520 208.304668 
2.353193 202.606814 
2.378549 204.506098 
2.401552 229.196799 
2.422186 215.901806 
2.440431 221.599660 
2.456267 223.498945 
2.469678 210.203952 
2.480653 225.398230 
2.489180 231.096084 
2.495251 229.196799 
2.498858 238.693222 
2.499998 242.491792 
2.498672 240.592507 
2.494880 250.088930 
2.488625 246.290361 
2.479915 255.786784 
2.468758 253.887500 
2.455165 267.182492 
2.439149 259.585354 
2.420727 257.686069 
2.399916 265.283208 
2.376734 259.585354 
2.351209 263.383923 
2.323364 261.484638 
2.293226 261.484638 
2.260819 270.981062 
2.226165 255.786784 
2.189331 246.290361 
2.150332 263.383923 
2.109211 276.678916 
2.066011 274.779631 
2.020773 263.383923 
1.973551 272.880346 
1.924371 246.290361 
1.873291 269.081777 
1.820368 259.585354 
1.765644 259.585354 
1.709176 259.585354 
1.651028 257.686069 
1.591245 251.988215 
1.529897 251.988215 
1.467040 253.887500 
1.402728 242.491792 
1.337039 242.491792 
1.270023 248.189646 
1.201754 234.894653 
1.132299 242.491792 
1.061727 223.498945 
0.990106 229.196799 
0.917508 215.901806 
0.844013 221.599660 
0.769676 210.203952 
0.694580 204.506098 
0.618791 196.908960 
0.542399 193.110390 
0.465471 177.916113 
0.388085 181.714682 
0.310323 179.815398 
0.232246 170.318974 
0.153941 166.520405 
0.075484 162.721836 
-0.003040 157.023982 
-0.083086 147.527558 
-0.161524 134.232566 
-0.239811 126.635427 
-0.317853 119.038289 
-0.395613 105.743296 
-0.472943 75.354741 
-0.554232 5.081209 
-0.636940 -29.105915 
-0.752232 -36.703054 
-0.826744 -48.098762 
-0.900441 -57.595185 
-0.973249 -59.494470 
-1.127163 -72.789462 
-1.273416 -74.688747 
-1.340374 -78.487316 
-1.406002 -82.285886 
-1.471965 -89.883024 
-1.534708 -97.480163 
-1.595936 -106.976586 
-1.655589 -105.077302 
-1.713615 -122.170864 
-1.769943 -124.070148 
-1.824531 -131.667287 
-1.877312 -135.465856 
-1.928241 -154.458703 
-1.977272 -152.559418 
-2.024347 -162.055842 
-2.069429 -171.552265 
-2.112464 -177.250119 
-2.153415 -179.149404 
-2.192244 -181.048688 
-2.228907 -194.343681 
-2.263370 -190.545112 
-2.295599 -190.545112 
-2.325563 -203.840104 
-2.353235 -209.537958 
-2.378585 -211.437243 
-2.401587 -232.329374 
-2.422219 -226.631520 
-2.440460 -239.926513 
-2.456292 -232.329374 
-2.469699 -241.825798 
-2.480671 -243.725082 
-2.489193 -239.926513 
-2.495259 -245.624367 
-2.498862 -243.725082 
-2.499998 -245.624367 
-2.498667 -243.725082 
-2.494864 -255.120790 
-2.488619 -251.322221 
-2.479907 -257.020075 
-2.468749 -266.516498 
-2.455154 -277.912206 
-2.439134 -268.415783 
-2.420708 -279.811491 
-2.399892 -279.811491 
-2.376707 -274.113637 
-2.351169 -274.113637 
-2.323246 -276.012922 
-2.293099 -277.912206 
-2.260682 -276.012922 
-2.226038 -276.012922 
-2.189196 -272.214352 
-2.150198 -272.214352 
-2.109070 -272.214352 
-2.065868 -260.818644 
-2.020624 -257.020075 
-1.973380 -266.516498 
-1.924198 -264.617214 
-1.873112 -260.818644 
-1.820178 -260.818644 
-1.765447 -258.919360 
-1.708973 -257.020075 
-1.650813 -253.221506 
-1.591024 -251.322221 
-1.529658 -251.322221 
-1.466795 -236.127944 
-1.402471 -245.624367 
-1.336776 -243.725082 
-1.269763 -230.430090 
-1.201489 -230.430090 
-1.132029 -224.732236 
-1.061460 -217.135097 
-0.989835 -217.135097 
-0.917234 -203.840104 
-0.843735 -203.840104 
-0.768574 -201.940820 
-0.693459 -181.048688 
-0.617668 -184.847258 
-0.541268 -179.149404 
-0.464333 -171.552265 
-0.386940 -177.250119 
-0.309165 -160.156557 
-0.231077 -160.156557 
-0.152768 -152.559418 
-0.074317 -144.962280 
0.004223 -144.962280 
0.082751 -133.566572 
0.161198 -133.566572 
0.239485 -118.372294 
0.317528 -114.573725 
0.395266 -105.077302 
0.472606 -84.185170 
0.549479 -21.508777 
0.625826 22.174771 
0.701539 18.376201 
0.776568 39.268333 
0.850838 44.966187 
0.924261 56.361895 
0.996764 48.764756 
1.068290 52.563325 
1.138763 60.160464 
1.208111 63.959033 
1.276267 75.354741 
1.343164 82.951880 
1.408734 90.549019 
1.472915 100.045442 
1.535641 101.944727 
1.596852 105.743296 
1.656494 115.239719 
1.714493 119.038289 
1.770796 124.736143 
1.825350 134.232566 
1.878104 136.131851 
1.929009 160.822551 
1.978016 145.628274 
2.025065 160.822551 
2.070111 160.822551 
2.113114 172.218259 
2.154032 172.218259 
2.192832 176.016828 
2.229468 196.908960 
2.263896 196.908960 
2.296093 196.908960 
2.326021 196.908960 
2.353656 204.506098 
2.378969 204.506098 
2.401931 219.700376 
2.422525 217.801091 
2.440728 221.599660 
2.456523 231.096084 
2.469891 215.901806 
2.480824 223.498945 
2.489307 231.096084 
2.495335 236.793938 
2.498899 234.894653 
2.499996 240.592507 
2.498627 246.290361 
2.494790 244.391076 
2.488492 244.391076 
2.479737 248.189646 
2.468536 253.887500 
2.454900 251.988215 
2.438841 259.585354 
2.420375 267.182492 
2.399519 251.988215 
2.376298 263.383923 
2.350725 259.585354 
2.322836 269.081777 
2.292653 257.686069 
2.260212 270.981062 
2.225536 267.182492 
2.188664 261.484638 
2.149636 265.283208 
2.108482 267.182492 
2.065247 274.779631 
2.019979 263.383923 
1.972718 257.686069 
1.923504 261.484638 
1.872393 259.585354 
1.819427 261.484638 
1.764672 251.988215 
1.708174 259.585354 
1.649991 251.988215 
1.590180 259.585354 
1.528798 251.988215 
1.465908 244.391076 
1.401578 251.988215 
1.335858 238.693222 
1.268820 238.693222 
1.200529 238.693222 
1.131054 234.894653 
1.060462 231.096084 
0.988823 221.599660 
0.916209 219.700376 
0.842682 215.901806 
0.768339 204.506098 
0.693238 214.002522 
0.617445 204.506098 
0.541043 189.311821 
0.464107 189.311821 
0.386712 181.714682 
0.308936 172.218259 
0.230855 179.815398 
0.152555 168.419690 
0.074103 157.023982 
-0.004421 155.124697 
-0.082949 143.728989 
-0.161395 141.829705 
-0.239682 128.534712 
-0.317733 117.139004 
-0.395469 103.844011 
-0.472808 58.261179 
-0.549688 6.980493 
-0.626017 -13.911638 
-0.701729 -21.508777 
-0.776756 -32.904485 
-0.851017 -55.695901 
-0.924437 -57.595185 
-0.996945 -65.192324 
-1.068462 -68.990893 
-1.138939 -70.890178 
-1.208277 -68.990893 
-1.276423 -80.386601 
-1.343310 -86.084455 
-1.408871 -80.386601 
-1.473055 -93.681594 
-1.535778 -99.379448 
-1.596986 -105.077302 
-1.656617 -110.775156 
-1.714608 -122.170864 
-1.770907 -124.070148 
-1.825458 -131.667287 
-1.878208 -144.962280 
-1.929109 -144.962280 
-1.978102 -156.357988 
-2.025143 -163.955126 
-2.070194 -175.350834 
-2.113198 -173.451550 
-2.154120 -181.048688 
-2.192912 -186.746542 
-2.229539 -181.048688 
-2.263962 -194.343681 
-2.296155 -200.041535 
-2.326084 -194.343681 
-2.353712 -239.926513 
-2.379017 -219.034382 
-2.401975 -222.832951 
-2.422562 -228.530805 
-2.440761 -226.631520 
-2.456550 -234.228659 
-2.469914 -230.430090 
-2.480841 -243.725082 
-2.489321 -245.624367 
-2.495344 -247.523652 
-2.498903 -243.725082 
-2.499996 -241.825798 
-2.498622 -249.422936 
-2.494781 -255.120790 
-2.488479 -255.120790 
-2.479720 -260.818644 
-2.468514 -264.617214 
-2.454872 -264.617214 
-2.438808 -274.113637 
-2.420336 -270.315068 
-2.399475 -270.315068 
-2.376246 -276.012922 
-2.350672 -268.415783 
-2.322780 -279.811491 
-2.292590 -264.617214 
-2.260141 -277.912206 
-2.225457 -266.516498 
-2.188584 -272.214352 
-2.149547 -255.120790 
-2.108389 -262.717929 
-2.065154 -249.422936 
-2.019877 -245.624367 
-1.972576 -260.818644 
-1.923362 -257.020075 
-1.872251 -253.221506 
-1.819286 -260.818644 
-1.764526 -258.919360 
-1.708024 -245.624367 
-1.649837 -255.120790 
-1.590021 -241.825798 
-1.528636 -249.422936 
-1.465748 -247.523652 
-1.401414 -234.228659 
-1.335698 -230.430090 
-1.268663 -222.832951 
-1.200370 -217.135097 
-1.130892 -222.832951 
-1.060297 -213.336528 
-0.988656 -211.437243 
-0.916047 -200.041535 
-0.842526 -205.739389 
-0.768182 -190.545112 
-0.693072 -192.444396 
-0.617285 -175.350834 
-0.540889 -175.350834 
-0.463952 -173.451550 
-0.386565 -169.652980 
-0.308788 -162.055842 
-0.230715 -152.559418 
-0.152414 -148.760849 
-0.073946 -141.163710 
0.004586 -135.465856 
0.000000 0.000000 
0.000000 0.000000 
