0.000006 -53.796616 
0.062828 -46.199477 
0.125610 -27.206631 
0.188313 -29.105915 
0.250903 -23.408061 
0.313328 -2.515930 
0.375555 -8.213784 
0.437545 8.879778 
0.499259 8.879778 
0.560664 5.081209 
0.621708 6.980493 
0.682360 8.879778 
0.742587 29.771909 
0.802339 48.764756 
0.861590 58.261179 
0.920297 63.959033 
0.978422 75.354741 
1.035924 75.354741 
1.092771 73.455457 
1.148940 60.160464 
1.204377 82.951880 
1.259048 92.448303 
1.312934 107.642581 
1.365980 92.448303 
1.418164 105.743296 
1.469452 115.239719 
1.519812 107.642581 
1.569217 130.433997 
1.617626 122.836858 
1.665009 134.232566 
1.711344 138.031135 
1.756604 145.628274 
1.800750 151.326128 
1.843763 153.225412 
1.885615 160.822551 
1.926268 168.419690 
1.965704 172.218259 
2.003899 164.621120 
2.040828 179.815398 
2.076464 179.815398 
2.110794 187.412536 
2.143790 179.815398 
2.175432 191.211106 
2.205700 193.110390 
2.234572 200.707529 
2.262036 196.908960 
2.288072 212.103237 
2.312662 206.405383 
2.335794 210.203952 
2.357449 231.096084 
2.377615 225.398230 
2.396281 225.398230 
2.413432 238.693222 
2.429060 234.894653 
2.443152 240.592507 
2.455701 250.088930 
2.466701 244.391076 
2.476142 250.088930 
2.484020 242.491792 
2.490327 267.182492 
2.495062 261.484638 
2.498221 255.786784 
2.499802 259.585354 
2.499804 257.686069 
2.498227 259.585354 
2.495072 259.585354 
2.490340 261.484638 
2.484037 265.283208 
2.476165 265.283208 
2.466727 270.981062 
2.455733 263.383923 
2.443188 270.981062 
2.429099 265.283208 
2.413475 270.981062 
2.396326 263.383923 
2.377664 265.283208 
2.357502 274.779631 
2.335849 261.484638 
2.312720 269.081777 
2.288131 261.484638 
2.262098 276.678916 
2.234635 261.484638 
2.205759 259.585354 
2.175491 272.880346 
2.143848 282.376770 
2.110851 270.981062 
2.076521 270.981062 
2.040879 269.081777 
2.003951 263.383923 
1.965758 269.081777 
1.926320 257.686069 
1.885664 270.981062 
1.843818 261.484638 
1.800811 269.081777 
1.756662 251.988215 
1.711404 259.585354 
1.665065 257.686069 
1.617673 259.585354 
1.569260 255.786784 
1.519861 242.491792 
1.469502 251.988215 
1.418215 246.290361 
1.366033 244.391076 
1.312982 234.894653 
1.259107 234.894653 
1.204431 229.196799 
1.148995 232.995368 
1.092833 217.801091 
1.035986 212.103237 
0.978479 214.002522 
0.920354 202.606814 
0.861648 204.506098 
0.802397 198.808244 
0.742640 196.908960 
0.682413 191.211106 
0.621762 183.613967 
0.560718 185.513252 
0.499314 191.211106 
0.437594 177.916113 
0.375604 172.218259 
0.313370 174.117544 
0.250945 166.520405 
0.188362 164.621120 
0.125653 162.721836 
0.062864 158.923266 
0.000043 139.930420 
-0.062779 141.829705 
-0.125567 130.433997 
-0.188270 120.937573 
-0.250854 107.642581 
-0.313285 101.944727 
-0.375519 86.750449 
-0.437516 67.757603 
-0.499236 14.577632 
-0.560641 -15.810923 
-0.621685 -23.408061 
-0.682344 -27.206631 
-0.742564 -51.897331 
-0.802322 -48.098762 
-0.861574 -61.393755 
-0.920281 -55.695901 
-0.978406 -59.494470 
-1.035914 -63.293039 
-1.092762 -89.883024 
-1.148930 -76.588032 
-1.204362 -80.386601 
-1.259039 -76.588032 
-1.312920 -91.782309 
-1.365972 -101.278732 
-1.418155 -105.077302 
-1.469449 -105.077302 
-1.519809 -112.674440 
-1.569214 -116.473010 
-1.617623 -124.070148 
-1.665010 -125.969433 
-1.711351 -129.768002 
-1.756610 -144.962280 
-1.800756 -139.264426 
-1.843769 -152.559418 
-1.885612 -154.458703 
-1.926265 -160.156557 
-1.965701 -163.955126 
-2.003900 -165.854411 
-2.040829 -169.652980 
-2.076473 -179.149404 
-2.110805 -173.451550 
-2.143804 -190.545112 
-2.175446 -186.746542 
-2.205713 -194.343681 
-2.234591 -198.142250 
-2.262056 -211.437243 
-2.288091 -205.739389 
-2.312683 -219.034382 
-2.335811 -228.530805 
-2.357467 -222.832951 
-2.377634 -228.530805 
-2.396298 -228.530805 
-2.413449 -238.027228 
-2.429075 -236.127944 
-2.443166 -243.725082 
-2.455715 -247.523652 
-2.466712 -257.020075 
-2.476151 -251.322221 
-2.484026 -253.221506 
-2.490332 -253.221506 
-2.495065 -260.818644 
-2.498223 -258.919360 
-2.499802 -264.617214 
-2.499803 -260.818644 
-2.498224 -266.516498 
-2.495067 -262.717929 
-2.490335 -268.415783 
-2.484029 -268.415783 
-2.476155 -272.214352 
-2.466717 -281.710775 
-2.455720 -277.912206 
-2.443171 -285.509345 
-2.429080 -277.912206 
-2.413456 -285.509345 
-2.396307 -285.509345 
-2.377643 -283.610060 
-2.357480 -287.408629 
-2.335825 -281.710775 
-2.312697 -281.710775 
-2.288109 -274.113637 
-2.262075 -272.214352 
-2.234613 -266.516498 
-2.205737 -257.020075 
-2.175467 -258.919360 
-2.143827 -270.315068 
-2.110829 -260.818644 
-2.076501 -258.919360 
-2.040858 -272.214352 
-2.003930 -264.617214 
-1.965737 -272.214352 
-1.926302 -262.717929 
-1.885650 -262.717929 
-1.843803 -272.214352 
-1.800791 -255.120790 
-1.756642 -243.725082 
-1.711393 -249.422936 
-1.665048 -243.725082 
-1.617662 -241.825798 
-1.569248 -241.825798 
-1.519844 -238.027228 
-1.469485 -230.430090 
-1.418197 -230.430090 
-1.366009 -217.135097 
-1.312963 -220.933666 
-1.259082 -219.034382 
-1.204412 -213.336528 
-1.148981 -215.235812 
-1.092819 -203.840104 
-1.035966 -203.840104 
-0.978465 -203.840104 
-0.920340 -198.142250 
-0.861634 -184.847258 
-0.802383 -188.645827 
-0.742632 -173.451550 
-0.682411 -182.947973 
-0.621753 -179.149404 
-0.560703 -167.753696 
-0.499305 -167.753696 
-0.437591 -160.156557 
-0.375601 -152.559418 
-0.313374 -152.559418 
-0.250949 -144.962280 
-0.188366 -143.062995 
-0.125657 -133.566572 
-0.062868 -129.768002 
-0.000047 -124.070148 
0.062781 -118.372294 
0.125563 -116.473010 
0.188266 -101.278732 
0.250850 -93.681594 
0.313281 -78.487316 
0.375515 -72.789462 
0.437505 -44.300193 
0.499226 16.476917 
0.560624 16.476917 
0.621669 33.570479 
0.682321 44.966187 
0.742542 52.563325 
0.802294 52.563325 
0.861540 46.865471 
0.920241 58.261179 
0.978361 62.059749 
1.035857 65.858318 
1.092706 75.354741 
1.148864 75.354741 
1.204296 90.549019 
1.258968 88.649734 
1.312845 96.246873 
1.365893 94.347588 
1.418078 107.642581 
1.469367 115.239719 
1.519734 111.441150 
1.569135 122.836858 
1.617546 136.131851 
1.664940 128.534712 
1.711282 134.232566 
1.756543 145.628274 
1.800690 153.225412 
1.843705 143.728989 
1.885550 153.225412 
1.926205 153.225412 
1.965647 160.822551 
2.003847 170.318974 
2.040778 160.822551 
2.076420 172.218259 
2.110755 174.117544 
2.143825 181.714682 
2.175469 195.009675 
2.205736 183.613967 
2.234609 195.009675 
2.262074 176.016828 
2.288108 198.808244 
2.312696 212.103237 
2.335826 219.700376 
2.357481 215.901806 
2.377646 229.196799 
2.396308 229.196799 
2.413458 231.096084 
2.429082 238.693222 
2.443173 236.793938 
2.455721 234.894653 
2.466718 234.894653 
2.476156 240.592507 
2.484030 251.988215 
2.490336 251.988215 
2.495068 250.088930 
2.498224 246.290361 
2.499803 246.290361 
2.499802 248.189646 
2.498223 251.988215 
2.495065 259.585354 
2.490331 257.686069 
2.484025 269.081777 
2.476150 255.786784 
2.466711 269.081777 
2.455713 261.484638 
2.443165 259.585354 
2.429075 267.182492 
2.413448 259.585354 
2.396297 267.182492 
2.377633 257.686069 
2.357466 267.182492 
2.335810 261.484638 
2.312679 263.383923 
2.288090 280.477485 
2.262052 257.686069 
2.234586 267.182492 
2.205709 265.283208 
2.175438 278.578200 
2.143792 269.081777 
2.110797 267.182492 
2.076468 265.283208 
2.040824 267.182492 
2.003890 265.283208 
1.965691 265.283208 
1.926255 272.880346 
1.885602 261.484638 
1.843753 261.484638 
1.800745 267.182492 
1.756599 253.887500 
1.711344 257.686069 
1.665008 248.189646 
1.617616 255.786784 
1.569201 246.290361 
1.519801 251.988215 
1.469436 251.988215 
1.418147 238.693222 
1.365964 236.793938 
1.312917 234.894653 
1.259041 242.491792 
1.204365 223.498945 
1.148928 227.297514 
1.092764 214.002522 
1.035917 214.002522 
0.978415 204.506098 
0.920290 210.203952 
0.861589 202.606814 
0.802338 202.606814 
0.742586 200.707529 
0.682365 185.513252 
0.621707 198.808244 
0.560663 193.110390 
0.499265 183.613967 
0.437538 179.815398 
0.375542 181.714682 
0.313308 170.318974 
0.250883 168.419690 
0.188292 170.318974 
0.125590 160.822551 
0.062808 145.628274 
-0.000014 153.225412 
-0.062842 138.031135 
-0.125624 124.736143 
-0.188326 117.139004 
-0.250916 115.239719 
-0.313348 88.649734 
-0.375575 84.851165 
-0.437571 25.973340 
-0.499285 -4.415215 
-0.560683 -15.810923 
-0.621728 -34.803769 
-0.682385 -42.400908 
-0.742612 -48.098762 
-0.802370 -55.695901 
-0.861621 -57.595185 
-0.920327 -57.595185 
-0.978453 -67.091609 
-1.035954 -61.393755 
-1.092807 -72.789462 
-1.148969 -72.789462 
-1.204400 -86.084455 
-1.259076 -82.285886 
-1.312957 -87.983740 
-1.366003 -89.883024 
-1.418186 -101.278732 
-1.469479 -108.875871 
-1.519838 -118.372294 
-1.569238 -122.170864 
-1.617646 -118.372294 
-1.665038 -135.465856 
-1.711378 -133.566572 
-1.756632 -141.163710 
-1.800777 -141.163710 
-1.843789 -154.458703 
-1.885637 -152.559418 
-1.926289 -165.854411 
-1.965728 -158.257272 
-2.003922 -165.854411 
-2.040851 -173.451550 
-2.076494 -173.451550 
-2.110822 -182.947973 
-2.143817 -184.847258 
-2.175457 -198.142250 
-2.205725 -200.041535 
-2.234599 -198.142250 
-2.262064 -207.638674 
-2.288098 -211.437243 
-2.312687 -211.437243 
-2.335815 -224.732236 
-2.357469 -224.732236 
-2.377633 -226.631520 
-2.396296 -236.127944 
-2.413445 -232.329374 
-2.429070 -243.725082 
-2.443163 -251.322221 
-2.455712 -241.825798 
-2.466710 -258.919360 
-2.476152 -249.422936 
-2.484026 -257.020075 
-2.490333 -258.919360 
-2.495066 -255.120790 
-2.498223 -260.818644 
-2.499802 -262.717929 
-2.499803 -257.020075 
-2.498224 -260.818644 
-2.495059 -266.516498 
-2.490323 -272.214352 
-2.484014 -276.012922 
-2.476136 -283.610060 
-2.466694 -283.610060 
-2.455694 -276.012922 
-2.443143 -287.408629 
-2.429048 -279.811491 
-2.413419 -285.509345 
-2.396267 -287.408629 
-2.377602 -279.811491 
-2.357431 -291.207199 
-2.335773 -281.710775 
-2.312641 -279.811491 
-2.288050 -281.710775 
-2.262013 -272.214352 
-2.234547 -264.617214 
-2.205671 -264.617214 
-2.175401 -266.516498 
-2.143755 -272.214352 
-2.110754 -270.315068 
-2.076423 -262.717929 
-2.040781 -264.617214 
-2.003850 -266.516498 
-1.965654 -264.617214 
-1.926216 -260.818644 
-1.885562 -258.919360 
-1.843717 -257.020075 
-1.800698 -247.523652 
-1.756542 -245.624367 
-1.711286 -238.027228 
-1.664943 -245.624367 
-1.617550 -243.725082 
-1.569134 -249.422936 
-1.519722 -243.725082 
-1.469361 -239.926513 
-1.418071 -224.732236 
-1.365886 -226.631520 
-1.312838 -211.437243 
-1.258956 -220.933666 
-1.204278 -219.034382 
-1.148845 -215.235812 
-1.092693 -203.840104 
-1.035838 -205.739389 
-0.978324 -196.242966 
-0.920203 -192.444396 
-0.861496 -188.645827 
-0.802244 -192.444396 
-0.742485 -188.645827 
-0.682264 -173.451550 
-0.621605 -181.048688 
-0.560554 -165.854411 
-0.499155 -165.854411 
-0.437434 -158.257272 
-0.375437 -158.257272 
-0.313203 -150.660134 
-0.250771 -150.660134 
-0.188174 -144.962280 
-0.125465 -135.465856 
-0.062683 -131.667287 
0.000139 -125.969433 
0.062960 -120.271579 
0.125749 -114.573725 
0.188451 -105.077302 
0.251034 -95.580878 
0.313466 -84.185170 
0.375692 -65.192324 
0.437688 -42.400908 
0.499414 12.678347 
0.560812 22.174771 
0.621861 29.771909 
0.682512 46.865471 
0.742744 50.664041 
0.802501 48.764756 
0.861811 52.563325 
0.920516 52.563325 
0.978639 58.261179 
1.036138 67.757603 
1.092989 69.656887 
1.149149 81.052595 
1.204583 79.153311 
1.259251 88.649734 
1.313124 92.448303 
1.366173 98.146157 
1.418353 101.944727 
1.469638 119.038289 
1.519999 105.743296 
1.569401 128.534712 
1.617806 136.131851 
1.665189 128.534712 
1.711526 141.829705 
1.756781 143.728989 
1.800927 147.527558 
1.843930 151.326128 
1.885774 145.628274 
1.926426 153.225412 
1.965857 160.822551 
2.004051 164.621120 
2.040979 166.520405 
2.076614 172.218259 
2.110937 181.714682 
2.143927 181.714682 
2.175564 187.412536 
2.205826 200.707529 
2.234695 200.707529 
2.262153 196.908960 
2.288185 206.405383 
2.312771 221.599660 
2.335895 214.002522 
2.357545 221.599660 
2.377706 236.793938 
2.396366 231.096084 
2.413512 232.995368 
2.429131 234.894653 
2.443221 231.096084 
2.455763 236.793938 
2.466756 238.693222 
2.476188 246.290361 
2.484056 251.988215 
2.490357 251.988215 
2.495084 250.088930 
2.498234 246.290361 
2.499806 255.786784 
2.499799 255.786784 
2.498213 257.686069 
2.495050 259.585354 
2.490310 259.585354 
2.483996 261.484638 
2.476115 251.988215 
2.466669 270.981062 
2.455666 259.585354 
2.443112 259.585354 
2.429015 267.182492 
2.413383 259.585354 
2.396228 265.283208 
2.377559 259.585354 
2.357387 270.981062 
2.335726 265.283208 
2.312591 272.880346 
2.287997 272.880346 
2.261951 265.283208 
2.234480 265.283208 
2.205597 272.880346 
2.175321 282.376770 
2.143670 272.880346 
2.110666 272.880346 
2.076328 259.585354 
2.040679 274.779631 
2.003741 267.182492 
1.965541 267.182492 
1.926099 272.880346 
1.885437 261.484638 
1.843589 263.383923 
1.800571 259.585354 
1.756412 263.383923 
1.711147 250.088930 
1.664802 257.686069 
1.617410 251.988215 
1.568991 248.189646 
1.519587 250.088930 
1.469223 240.592507 
1.417925 240.592507 
1.365732 231.096084 
1.312666 234.894653 
1.258780 236.793938 
1.204100 227.297514 
1.148659 219.700376 
1.092493 212.103237 
1.035642 210.203952 
0.978131 212.103237 
0.919997 210.203952 
0.861287 196.908960 
0.802033 206.405383 
0.742273 196.908960 
0.682044 183.613967 
0.613878 195.009675 
0.552780 183.613967 
0.491339 179.815398 
0.429581 181.714682 
0.367552 177.916113 
0.305290 164.621120 
0.242842 177.916113 
0.180241 166.520405 
0.117520 149.426843 
0.054730 145.628274 
-0.008093 149.426843 
-0.070912 130.433997 
-0.133686 126.635427 
-0.196408 111.441150 
-0.258973 103.844011 
-0.321381 103.844011 
-0.383587 75.354741 
-0.445543 31.671194 
-0.507231 -8.213784 
-0.568592 -15.810923 
-0.629594 -29.105915 
-0.690192 -38.602339 
-0.750354 -51.897331 
-0.810048 -51.897331 
-0.869231 -55.695901 
-0.927865 -53.796616 
-0.985912 -61.393755 
-1.043337 -67.091609 
-1.100102 -68.990893 
-1.156173 -78.487316 
-1.211508 -87.983740 
-1.266100 -76.588032 
-1.319870 -93.681594 
-1.372811 -87.983740 
-1.424885 -99.379448 
-1.476060 -106.976586 
-1.526297 -118.372294 
-1.575569 -122.170864 
-1.623852 -127.868718 
-1.671109 -125.969433 
-1.717315 -137.365141 
-1.762432 -135.465856 
-1.806435 -141.163710 
-1.849301 -150.660134 
-1.890991 -156.357988 
-1.931490 -160.156557 
-1.970766 -167.753696 
-2.008800 -169.652980 
-2.045570 -171.552265 
-2.081047 -173.451550 
-2.115202 -184.847258 
-2.148021 -184.847258 
-2.179484 -196.242966 
-2.209571 -198.142250 
-2.238264 -207.638674 
-2.265539 -203.840104 
-2.291388 -207.638674 
-2.315787 -220.933666 
-2.338729 -220.933666 
-2.360188 -222.832951 
-2.380157 -234.228659 
-2.398625 -228.530805 
-2.415575 -238.027228 
-2.431002 -243.725082 
-2.444892 -249.422936 
-2.457240 -245.624367 
-2.468034 -247.523652 
-2.477269 -258.919360 
-2.484939 -253.221506 
-2.491041 -260.818644 
-2.495568 -255.120790 
-2.498519 -264.617214 
-2.499892 -264.617214 
-2.499686 -258.919360 
-2.497901 -270.315068 
-2.494538 -277.912206 
-2.489600 -272.214352 
-2.483088 -272.214352 
-2.475009 -276.012922 
-2.465366 -287.408629 
-2.454166 -281.710775 
-2.441415 -291.207199 
-2.427124 -287.408629 
-2.411292 -287.408629 
-2.393942 -287.408629 
-2.375082 -295.005768 
-2.354723 -283.610060 
-2.332876 -289.307914 
-2.309555 -289.307914 
-2.284774 -274.113637 
-2.258552 -281.710775 
-2.230898 -268.415783 
-2.201841 -270.315068 
-2.171405 -270.315068 
-2.139583 -272.214352 
-2.106417 -262.717929 
-2.071913 -264.617214 
-2.036104 -266.516498 
-1.999009 -266.516498 
-1.960651 -270.315068 
-1.921056 -270.315068 
-1.880238 -253.221506 
-1.838242 -247.523652 
-1.795075 -257.020075 
-1.750784 -243.725082 
-1.705382 -241.825798 
-1.658908 -239.926513 
-1.611386 -239.926513 
-1.562841 -247.523652 
-1.513309 -245.624367 
-1.462827 -226.631520 
-1.411388 -224.732236 
-1.359090 -220.933666 
-1.305933 -211.437243 
-1.251946 -220.933666 
-1.197157 -213.336528 
-1.141629 -205.739389 
-1.085373 -209.537958 
-1.028438 -203.840104 
-0.970854 -203.840104 
-0.912656 -196.242966 
-0.853876 -188.645827 
-0.794563 -188.645827 
-0.734748 -181.048688 
-0.674456 -175.350834 
-0.613744 -173.451550 
-0.552639 -167.753696 
-0.491191 -165.854411 
-0.429432 -156.357988 
-0.367409 -154.458703 
-0.305153 -148.760849 
-0.242699 -148.760849 
-0.180097 -143.062995 
-0.117375 -139.264426 
-0.054580 -139.264426 
0.008251 -124.070148 
0.071069 -118.372294 
0.133850 -114.573725 
0.196539 -95.580878 
0.259104 -124.070148 
0.321505 -80.386601 
0.383704 -72.789462 
0.445660 -49.998047 
0.507341 12.678347 
0.568695 18.376201 
0.629696 31.671194 
0.690294 39.268333 
0.750455 58.261179 
0.810149 44.966187 
0.869330 44.966187 
0.927957 63.959033 
0.985997 52.563325 
1.043421 69.656887 
1.100186 75.354741 
1.156256 81.052595 
1.211589 88.649734 
1.266158 94.347588 
1.319926 92.448303 
1.372862 100.045442 
1.424930 103.844011 
1.476103 115.239719 
1.526339 111.441150 
1.575667 126.635427 
1.623947 130.433997 
1.671197 124.736143 
1.717392 143.728989 
1.762502 138.031135 
1.806508 151.326128 
1.849368 149.426843 
1.891056 158.923266 
1.931549 149.426843 
1.970827 168.419690 
2.008859 164.621120 
2.045623 162.721836 
2.081091 176.016828 
2.115244 181.714682 
2.148062 185.513252 
2.179523 185.513252 
2.209611 191.211106 
2.238303 200.707529 
2.265581 196.908960 
2.291425 204.506098 
2.315825 215.901806 
2.338761 214.002522 
2.360219 223.498945 
2.380189 221.599660 
2.398654 231.096084 
2.415604 231.096084 
2.431028 229.196799 
2.444916 240.592507 
2.457259 236.793938 
2.468050 244.391076 
2.477282 255.786784 
2.484950 250.088930 
2.491049 255.786784 
2.495574 244.391076 
2.498522 255.786784 
2.499893 251.988215 
2.499685 255.786784 
2.497898 257.686069 
2.494532 263.383923 
2.489592 267.182492 
2.483079 259.585354 
2.474997 267.182492 
2.465351 272.880346 
2.454150 259.585354 
2.441398 270.981062 
2.427102 265.283208 
2.411276 272.880346 
2.393926 261.484638 
2.375063 269.081777 
2.354702 267.182492 
2.332854 261.484638 
2.309532 265.283208 
2.284752 265.283208 
2.258526 263.383923 
2.230874 259.585354 
2.201815 282.376770 
2.171363 272.880346 
2.139539 270.981062 
2.106363 263.383923 
2.071857 267.182492 
2.036042 267.182492 
1.998945 255.786784 
1.960586 269.081777 
1.920980 272.880346 
1.880169 259.585354 
1.838170 259.585354 
1.795011 263.383923 
1.750717 259.585354 
1.705300 255.786784 
1.658824 259.585354 
1.611300 255.786784 
1.562753 255.786784 
1.513225 251.988215 
1.462741 242.491792 
1.411328 242.491792 
1.359023 240.592507 
1.305860 236.793938 
1.251877 234.894653 
1.197104 227.297514 
1.141569 221.599660 
1.085319 214.002522 
1.028383 212.103237 
0.970792 221.599660 
0.912594 204.506098 
0.853819 206.405383 
0.794505 198.808244 
0.734684 196.908960 
0.674398 195.009675 
0.613686 198.808244 
0.552586 181.714682 
0.491138 183.613967 
0.429360 177.916113 
0.367330 172.218259 
0.305067 176.016828 
0.242619 168.419690 
0.180017 155.124697 
0.117302 158.923266 
0.054513 153.225412 
-0.008318 143.728989 
-0.071136 145.628274 
-0.133910 122.836858 
-0.196606 119.038289 
-0.259177 100.045442 
-0.321578 98.146157 
-0.383783 77.254026 
-0.445739 24.074055 
-0.507413 -0.616645 
-0.568767 -13.911638 
-0.629761 -32.904485 
-0.690364 -36.703054 
-0.750531 -48.098762 
-0.810218 -51.897331 
-0.869399 -53.796616 
-0.928031 -53.796616 
-0.986077 -53.796616 
-1.043500 -65.192324 
-1.100258 -59.494470 
-1.156326 -82.285886 
-1.211665 -76.588032 
-1.266238 -80.386601 
-1.320011 -89.883024 
-1.372950 -93.681594 
-1.425017 -97.480163 
-1.476184 -103.178017 
-1.526418 -108.875871 
-1.575689 -124.070148 
-1.623969 -122.170864 
-1.671218 -129.768002 
-1.717417 -129.768002 
-1.762531 -139.264426 
-1.806527 -135.465856 
-1.849383 -144.962280 
-1.893316 -154.458703 
-1.933747 -150.660134 
-1.972957 -165.854411 
-2.010916 -167.753696 
-2.047605 -171.552265 
-2.083005 -165.854411 
-2.117086 -184.847258 
-2.149829 -184.847258 
-2.181218 -184.847258 
-2.211227 -194.343681 
-2.239844 -203.840104 
-2.267041 -198.142250 
-2.292806 -209.537958 
-2.317125 -211.437243 
-2.339979 -215.235812 
-2.361355 -220.933666 
-2.381243 -226.631520 
-2.399623 -236.127944 
-2.416490 -226.631520 
-2.431829 -238.027228 
-2.445632 -239.926513 
-2.457890 -243.725082 
-2.468597 -257.020075 
-2.477743 -253.221506 
-2.485325 -262.717929 
-2.491338 -257.020075 
-2.495776 -260.818644 
-2.498638 -258.919360 
-2.499923 -287.408629 
-2.499628 -268.415783 
-2.497754 -266.516498 
-2.494303 -279.811491 
-2.489276 -266.516498 
-2.482677 -272.214352 
-2.474510 -270.315068 
-2.464780 -279.811491 
-2.453494 -289.307914 
-2.440656 -281.710775 
-2.426277 -291.207199 
-2.410365 -276.012922 
-2.392933 -283.610060 
-2.373990 -287.408629 
-2.353542 -281.710775 
-2.331608 -289.307914 
-2.308206 -279.811491 
-2.283343 -277.912206 
-2.257041 -276.012922 
-2.229311 -276.012922 
-2.200172 -264.617214 
-2.169646 -264.617214 
-2.137744 -264.617214 
-2.104498 -264.617214 
-2.069923 -262.717929 
-2.034041 -264.617214 
-1.996870 -270.315068 
-1.958438 -257.020075 
-1.918769 -272.214352 
-1.877892 -257.020075 
-1.835824 -258.919360 
-1.792593 -255.120790 
-1.748238 -245.624367 
-1.702774 -241.825798 
-1.656239 -238.027228 
-1.608659 -241.825798 
-1.560063 -236.127944 
-1.510481 -239.926513 
-1.459940 -238.027228 
-1.408482 -232.329374 
-1.356135 -226.631520 
-1.302931 -226.631520 
-1.248905 -211.437243 
-1.194084 -219.034382 
-1.138508 -207.638674 
-1.082214 -207.638674 
-1.025236 -205.739389 
-0.967610 -203.840104 
-0.909373 -181.048688 
-0.850556 -194.343681 
-0.791213 -184.847258 
-0.731365 -184.847258 
-0.671061 -179.149404 
-0.610320 -173.451550 
-0.549200 -167.753696 
-0.487733 -169.652980 
-0.425946 -156.357988 
-0.363908 -156.357988 
-0.301641 -143.062995 
-0.239177 -141.163710 
-0.176568 -139.264426 
-0.113841 -137.365141 
-0.051048 -135.465856 
0.011783 -120.271579 
0.074600 -116.473010 
0.137376 -106.976586 
0.200066 -101.278732 
0.262623 -82.285886 
0.325014 -82.285886 
0.387200 -67.091609 
0.449148 -46.199477 
0.510805 18.376201 
0.572140 16.476917 
0.633114 27.872625 
0.693694 52.563325 
0.753836 43.066902 
0.813501 50.664041 
0.872647 50.664041 
0.931242 60.160464 
0.989248 58.261179 
1.046636 69.656887 
1.103362 71.556172 
1.159386 92.448303 
1.214683 84.851165 
1.269219 88.649734 
1.322952 84.851165 
1.375839 105.743296 
1.427862 103.844011 
1.478984 107.642581 
1.529176 119.038289 
1.578392 115.239719 
1.626611 120.937573 
1.673813 138.031135 
1.719948 130.433997 
1.765001 138.031135 
1.808934 147.527558 
1.851734 139.930420 
1.893360 157.023982 
1.933790 160.822551 
1.972994 153.225412 
2.010956 166.520405 
2.047644 168.419690 
2.083039 170.318974 
2.117118 174.117544 
2.149864 185.513252 
2.181251 193.110390 
2.211258 195.009675 
2.239871 195.009675 
2.267069 208.304668 
2.292848 212.103237 
2.317165 208.304668 
2.340016 217.801091 
2.361389 214.002522 
2.381271 231.096084 
2.399651 225.398230 
2.416515 229.196799 
2.431853 232.995368 
2.445654 234.894653 
2.457912 232.995368 
2.468615 259.585354 
2.477760 242.491792 
2.485340 250.088930 
2.491349 242.491792 
2.495784 242.491792 
2.498643 246.290361 
2.499924 242.491792 
2.499625 251.988215 
2.497748 246.290361 
2.494293 261.484638 
2.489262 253.887500 
2.482659 251.988215 
2.474489 259.585354 
2.464756 259.585354 
2.453465 261.484638 
2.440624 261.484638 
2.426242 270.981062 
2.410329 265.283208 
2.392893 267.182492 
2.373946 265.283208 
2.353498 267.182492 
2.331565 270.981062 
2.308155 265.283208 
2.283292 267.182492 
2.256987 267.182492 
2.229251 272.880346 
2.200112 284.276054 
2.169584 267.182492 
2.137683 265.283208 
2.104431 270.981062 
2.069846 276.678916 
2.033961 261.484638 
1.996791 265.283208 
1.958360 269.081777 
1.918688 261.484638 
1.877809 261.484638 
1.835739 259.585354 
1.792510 263.383923 
1.748148 253.887500 
1.702687 259.585354 
1.656151 259.585354 
1.608568 250.088930 
1.559965 257.686069 
1.510376 250.088930 
1.459838 240.592507 
1.408379 240.592507 
1.356030 234.894653 
1.302808 244.391076 
1.248779 223.498945 
1.193957 225.398230 
1.138374 227.297514 
1.082084 210.203952 
1.025110 221.599660 
0.967483 202.606814 
0.909251 204.506098 
0.850438 206.405383 
0.791094 196.908960 
0.731251 206.405383 
0.670940 200.707529 
0.610211 195.009675 
0.549097 185.513252 
0.487642 185.513252 
0.425867 176.016828 
0.363829 179.815398 
0.301562 177.916113 
0.239104 158.923266 
0.176488 166.520405 
0.113767 157.023982 
0.050968 149.426843 
-0.011856 143.728989 
-0.074673 136.131851 
-0.137443 122.836858 
-0.200133 109.541865 
-0.262690 98.146157 
-0.325087 92.448303 
-0.387279 69.656887 
-0.449226 31.671194 
-0.510890 -25.307346 
-0.572237 -27.206631 
-0.633210 -27.206631 
-0.693783 -40.501623 
-0.753918 -46.199477 
-0.813577 -53.796616 
-0.872728 -51.897331 
-0.931328 -59.494470 
-0.989333 -59.494470 
-1.046720 -59.494470 
-1.103440 -70.890178 
-1.159468 -70.890178 
-1.214770 -80.386601 
-1.269299 -82.285886 
-1.323031 -82.285886 
-1.375922 -95.580878 
-1.427944 -101.278732 
-1.479069 -93.681594 
-1.529249 -114.573725 
-1.578469 -114.573725 
-1.626692 -122.170864 
-1.673882 -131.667287 
-1.720015 -135.465856 
-1.765062 -139.264426 
-1.808998 -144.962280 
-1.851792 -150.660134 
-1.893412 -143.062995 
-1.933836 -154.458703 
-1.973043 -160.156557 
-2.011003 -169.652980 
-2.047693 -169.652980 
-2.083087 -177.250119 
-2.117164 -179.149404 
-2.149904 -182.947973 
-2.181290 -184.847258 
-2.211298 -196.242966 
-2.239906 -196.242966 
-2.267100 -205.739389 
-2.292864 -200.041535 
-2.317181 -213.336528 
-2.340031 -213.336528 
-2.361405 -219.034382 
-2.381286 -226.631520 
-2.399663 -222.832951 
-2.416524 -236.127944 
-2.431862 -234.228659 
-2.445662 -243.725082 
-2.457918 -249.422936 
-2.468620 -251.322221 
-2.477763 -262.717929 
-2.485341 -253.221506 
-2.491350 -264.617214 
-2.495785 -258.919360 
-2.498643 -258.919360 
-2.499924 -264.617214 
-2.499625 -266.516498 
-2.497747 -266.516498 
-2.494292 -264.617214 
-2.489260 -274.113637 
-2.482657 -266.516498 
-2.474485 -277.912206 
-2.464746 -277.912206 
-2.453455 -281.710775 
-2.440611 -281.710775 
-2.426229 -283.610060 
-2.410313 -289.307914 
-2.392872 -283.610060 
-2.373921 -289.307914 
-2.353473 -289.307914 
-2.331539 -287.408629 
-2.308130 -289.307914 
-2.283265 -277.912206 
-2.256956 -274.113637 
-2.229224 -281.710775 
-2.200081 -270.315068 
-2.169548 -266.516498 
-2.137648 -260.818644 
-2.104398 -264.617214 
-2.069815 -270.315068 
-2.033922 -264.617214 
-1.996751 -264.617214 
-1.958314 -262.717929 
-1.918641 -270.315068 
-1.877756 -258.919360 
-1.835685 -258.919360 
-1.792459 -245.624367 
-1.748096 -243.725082 
-1.702629 -249.422936 
-1.656086 -234.228659 
-1.608502 -245.624367 
-1.559902 -238.027228 
-1.510307 -241.825798 
-1.459763 -236.127944 
-1.408297 -226.631520 
-1.355946 -234.228659 
-1.302734 -226.631520 
-1.248705 -211.437243 
-1.193886 -226.631520 
-1.138314 -213.336528 
-1.082023 -203.840104 
-1.025049 -201.940820 
-0.967415 -196.242966 
-0.909176 -190.545112 
-0.850363 -190.545112 
-0.791006 -181.048688 
-0.731162 -173.451550 
-0.670857 -175.350834 
-0.610121 -175.350834 
-0.549000 -163.955126 
-0.487526 -160.156557 
-0.425750 -154.458703 
-0.363725 -150.660134 
-0.301457 -146.861564 
-0.238998 -137.365141 
-0.176382 -129.768002 
-0.113655 -127.868718 
-0.050850 -122.170864 
0.011975 -118.372294 
0.074792 -114.573725 
0.137562 -103.178017 
0.200245 -89.883024 
0.262801 -80.386601 
0.325198 -78.487316 
0.387390 -65.192324 
0.449330 -42.400908 
0.510987 10.779063 
0.572327 24.074055 
0.633306 25.973340 
0.693885 39.268333 
0.754019 54.462610 
0.813683 48.764756 
0.872839 50.664041 
0.931432 58.261179 
0.989442 63.959033 
1.046828 62.059749 
1.103552 88.649734 
1.159579 84.851165 
1.214874 82.951880 
1.269401 92.448303 
1.323148 88.649734 
1.376037 100.045442 
1.428052 103.844011 
1.479170 105.743296 
1.529354 107.642581 
1.578571 120.937573 
1.626787 124.736143 
1.673980 119.038289 
1.720110 132.333281 
1.765155 139.930420 
1.809080 147.527558 
1.851872 158.923266 
1.893498 151.326128 
1.933924 145.628274 
1.973124 168.419690 
2.011078 160.822551 
2.047765 172.218259 
2.083159 172.218259 
2.117234 181.714682 
2.149978 191.211106 
2.181361 183.613967 
2.211363 187.412536 
2.239971 204.506098 
2.267161 198.808244 
2.292925 214.002522 
2.317237 219.700376 
2.340086 221.599660 
2.361459 227.297514 
2.381340 227.297514 
2.399712 225.398230 
2.416569 229.196799 
2.431902 227.297514 
2.445696 206.405383 
2.457948 246.290361 
2.468647 240.592507 
2.477787 250.088930 
2.485360 238.693222 
2.491365 242.491792 
2.495795 248.189646 
2.498649 246.290361 
2.499925 265.283208 
2.499622 255.786784 
2.497740 263.383923 
2.494280 267.182492 
2.489246 255.786784 
2.482639 263.383923 
2.474464 255.786784 
2.464726 265.283208 
2.453432 257.686069 
2.440587 267.182492 
2.426202 261.484638 
2.410284 259.585354 
2.392843 265.283208 
2.373890 265.283208 
2.353438 272.880346 
2.331501 267.182492 
2.308092 272.880346 
2.283222 261.484638 
2.256910 274.779631 
2.229173 278.578200 
2.200030 261.484638 
2.169498 272.880346 
2.137593 269.081777 
2.104341 274.779631 
2.069756 263.383923 
2.033864 267.182492 
1.996691 274.779631 
1.958257 261.484638 
1.918582 270.981062 
1.877695 263.383923 
1.835622 259.585354 
1.792394 263.383923 
1.748034 259.585354 
1.702570 240.592507 
1.656031 255.786784 
1.608446 255.786784 
1.559845 225.398230 
1.510259 251.988215 
1.459714 234.894653 
1.408252 244.391076 
1.355890 244.391076 
1.302682 227.297514 
1.248647 234.894653 
1.193827 217.801091 
1.138249 225.398230 
1.081957 221.599660 
1.024982 214.002522 
0.967359 217.801091 
0.909114 204.506098 
0.850306 210.203952 
0.790955 208.304668 
0.731105 202.606814 
0.670786 191.211106 
0.610044 200.707529 
0.548916 185.513252 
0.487448 191.211106 
0.425671 189.311821 
0.363626 170.318974 
0.301358 174.117544 
0.238893 166.520405 
0.176283 158.923266 
0.113562 157.023982 
0.050770 143.728989 
-0.012068 139.930420 
-0.074891 136.131851 
-0.137674 115.239719 
-0.200370 115.239719 
-0.262932 96.246873 
-0.325329 84.851165 
-0.387520 65.858318 
-0.449466 37.369048 
-0.511128 -21.508777 
-0.572468 -17.710207 
-0.633446 -29.105915 
-0.694017 -38.602339 
-0.754157 -53.796616 
-0.813826 -51.897331 
-0.872975 -57.595185 
-0.931572 -59.494470 
-0.989581 -63.293039 
-1.046959 -61.393755 
-1.103682 -61.393755 
-1.159707 -67.091609 
-1.215000 -78.487316 
-1.269520 -76.588032 
-1.323243 -91.782309 
-1.376136 -89.883024 
-1.428149 -93.681594 
-1.479266 -108.875871 
-1.529453 -110.775156 
-1.578668 -118.372294 
-1.626882 -122.170864 
-1.674073 -120.271579 
-1.720201 -133.566572 
-1.765248 -131.667287 
-1.809180 -150.660134 
-1.851965 -150.660134 
-1.893584 -148.760849 
-1.934007 -158.257272 
-1.973209 -150.660134 
-2.011164 -160.156557 
-2.047848 -169.652980 
-2.083246 -177.250119 
-2.117321 -182.947973 
-2.150059 -184.847258 
-2.181438 -190.545112 
-2.211439 -198.142250 
-2.240046 -188.645827 
-2.267233 -200.041535 
-2.292990 -200.041535 
-2.317296 -222.832951 
-2.340141 -219.034382 
-2.361506 -215.235812 
-2.381380 -226.631520 
-2.399751 -226.631520 
-2.416605 -238.027228 
-2.431934 -236.127944 
-2.445726 -243.725082 
-2.457974 -247.523652 
-2.468670 -247.523652 
-2.477805 -257.020075 
-2.485376 -253.221506 
-2.491377 -268.415783 
-2.495803 -258.919360 
-2.498654 -268.415783 
-2.499926 -264.617214 
-2.499619 -264.617214 
-2.497734 -260.818644 
-2.494271 -264.617214 
-2.489232 -266.516498 
-2.482621 -270.315068 
-2.474444 -260.818644 
-2.464703 -276.012922 
-2.453407 -272.214352 
-2.440558 -276.012922 
-2.426170 -287.408629 
-2.410248 -287.408629 
-2.392805 -287.408629 
-2.373847 -281.710775 
-2.353391 -281.710775 
-2.331449 -285.509345 
-2.308036 -283.610060 
-2.283163 -285.509345 
-2.256851 -287.408629 
-2.229110 -274.113637 
-2.199965 -279.811491 
-2.169430 -266.516498 
-2.137525 -272.214352 
-2.104270 -260.818644 
-2.069679 -260.818644 
-2.033787 -260.818644 
-1.996604 -260.818644 
-1.958163 -253.221506 
-1.918485 -258.919360 
-1.877591 -253.221506 
-1.835515 -264.617214 
-1.792284 -258.919360 
-1.747917 -251.322221 
-1.702450 -243.725082 
-1.655903 -245.624367 
-1.608315 -241.825798 
-1.559712 -245.624367 
-1.510123 -239.926513 
-1.459570 -238.027228 
-1.408101 -232.329374 
-1.355742 -228.530805 
-1.302532 -228.530805 
-1.248493 -219.034382 
-1.193672 -217.135097 
-1.138097 -205.739389 
-1.081797 -211.437243 
-1.024820 -203.840104 
-0.967196 -203.840104 
-0.908955 -194.343681 
-0.850134 -200.041535 
-0.790781 -182.947973 
-0.730935 -186.746542 
-0.670622 -181.048688 
-0.609885 -177.250119 
-0.548712 -165.854411 
-0.487249 -173.451550 
-0.425478 -160.156557 
-0.363426 -156.357988 
-0.301157 -150.660134 
-0.238698 -150.660134 
-0.176081 -139.264426 
-0.113354 -131.667287 
-0.050554 -120.271579 
0.012277 -114.573725 
0.075100 -110.775156 
0.137870 -106.976586 
0.200552 -87.983740 
0.263108 -86.084455 
0.325498 -72.789462 
0.387694 -59.494470 
0.449640 -42.400908 
0.511308 16.476917 
0.572653 20.275486 
0.633629 33.570479 
0.694206 46.865471 
0.754338 54.462610 
0.814005 48.764756 
0.873165 52.563325 
0.931754 54.462610 
0.989755 69.656887 
1.047131 65.858318 
1.103852 79.153311 
1.159875 79.153311 
1.215166 90.549019 
1.269689 88.649734 
1.323410 94.347588 
1.376295 94.347588 
1.428305 77.254026 
1.479408 109.541865 
1.529582 111.441150 
1.578790 120.937573 
1.627001 120.937573 
1.674180 134.232566 
1.720311 136.131851 
1.765355 138.031135 
1.809284 136.131851 
1.852070 151.326128 
1.893682 149.426843 
1.934099 160.822551 
1.973297 158.923266 
2.011249 164.621120 
2.047927 181.714682 
2.083316 170.318974 
2.117388 172.218259 
2.150122 181.714682 
2.181496 191.211106 
2.211494 200.707529 
2.240096 198.808244 
2.267285 212.103237 
2.293040 212.103237 
2.317346 215.901806 
2.340190 225.398230 
2.361554 215.901806 
2.381418 219.700376 
2.399788 240.592507 
2.416638 221.599660 
2.431964 244.391076 
2.445752 236.793938 
2.457997 242.491792 
2.468688 236.793938 
2.477820 238.693222 
2.485388 251.988215 
2.491387 240.592507 
2.495810 246.290361 
2.498658 255.786784 
2.499927 251.988215 
2.499617 259.585354 
2.497728 251.988215 
2.494262 259.585354 
2.489220 251.988215 
2.482607 261.484638 
2.474425 253.887500 
2.464679 257.686069 
2.453378 265.283208 
2.440527 259.585354 
2.426134 263.383923 
2.410208 267.182492 
2.392761 267.182492 
2.373803 274.779631 
2.353344 261.484638 
2.331401 265.283208 
2.307985 274.779631 
2.283112 276.678916 
2.256794 276.678916 
2.229051 269.081777 
2.199902 270.981062 
2.169361 267.182492 
2.137446 269.081777 
2.104185 269.081777 
2.069594 272.880346 
2.033700 261.484638 
1.996517 274.779631 
1.958073 257.686069 
1.918392 274.779631 
1.877504 261.484638 
1.835430 269.081777 
1.792197 265.283208 
1.747827 259.585354 
1.702354 265.283208 
1.655809 255.786784 
1.608219 244.391076 
1.559614 248.189646 
1.510023 248.189646 
1.459474 253.887500 
1.408003 232.995368 
1.355647 242.491792 
1.302430 229.196799 
1.248396 225.398230 
1.193568 229.196799 
1.137991 221.599660 
1.081696 223.498945 
1.024712 214.002522 
0.967081 217.801091 
0.908850 217.801091 
0.850046 204.506098 
0.790687 210.203952 
0.730847 198.808244 
0.670539 200.707529 
0.609801 202.606814 
0.548678 195.009675 
0.487208 183.613967 
0.425431 185.513252 
0.363385 176.016828 
0.301110 164.621120 
0.238650 160.822551 
0.176040 164.621120 
0.113319 151.326128 
0.050526 143.728989 
-0.012305 139.930420 
-0.075128 143.728989 
-0.137904 119.038289 
-0.200600 115.239719 
-0.263162 96.246873 
-0.325564 84.851165 
-0.387748 69.656887 
-0.449700 -8.213784 
-0.511361 -25.307346 
-0.572699 -17.710207 
-0.633675 -34.803769 
-0.694252 -44.300193 
-0.754506 -49.998047 
-0.814160 -48.098762 
-0.873300 -57.595185 
-0.931894 -44.300193 
-0.989900 -57.595185 
-1.047280 -61.393755 
-1.103993 -59.494470 
-1.160020 -74.688747 
-1.215309 -78.487316 
-1.270136 -89.883024 
-1.323845 -87.983740 
-1.376717 -89.883024 
-1.428726 -91.782309 
-1.479832 -108.875871 
-1.530003 -116.473010 
-1.579203 -120.271579 
-1.627410 -124.070148 
-1.674585 -120.271579 
-1.720706 -139.264426 
-1.765736 -141.163710 
-1.809651 -135.465856 
-1.852423 -144.962280 
-1.894030 -156.357988 
-1.934440 -163.955126 
-1.973628 -160.156557 
-2.011565 -165.854411 
-2.048240 -173.451550 
-2.083617 -175.350834 
-2.117677 -173.451550 
-2.150400 -190.545112 
-2.181765 -190.545112 
-2.211749 -196.242966 
-2.240335 -198.142250 
-2.267510 -201.940820 
-2.293252 -196.242966 
-2.317545 -209.537958 
-2.340377 -211.437243 
-2.361730 -211.437243 
-2.381587 -222.832951 
-2.399940 -222.832951 
-2.416778 -228.530805 
-2.432089 -239.926513 
-2.445865 -239.926513 
-2.458095 -243.725082 
-2.468773 -243.725082 
-2.477892 -251.322221 
-2.485446 -258.919360 
-2.491430 -257.020075 
-2.495841 -264.617214 
-2.498675 -268.415783 
-2.499931 -266.516498 
-2.499608 -266.516498 
-2.497707 -262.717929 
-2.494227 -268.415783 
-2.489173 -264.617214 
-2.482547 -270.315068 
-2.474352 -264.617214 
-2.464594 -268.415783 
-2.453280 -264.617214 
-2.440417 -283.610060 
-2.426011 -279.811491 
-2.410073 -287.408629 
-2.392614 -289.307914 
-2.373643 -291.207199 
-2.353173 -285.509345 
-2.331216 -291.207199 
-2.307786 -287.408629 
-2.282898 -283.610060 
-2.256571 -287.408629 
-2.228816 -285.509345 
-2.199656 -279.811491 
-2.169103 -272.214352 
-2.137184 -270.315068 
-2.103911 -274.113637 
-2.069310 -258.919360 
-2.033401 -262.717929 
-1.996208 -258.919360 
-1.957758 -264.617214 
-1.918072 -260.818644 
-1.877174 -257.020075 
-1.835091 -260.818644 
-1.791848 -260.818644 
-1.747470 -260.818644 
-1.701988 -255.120790 
-1.655430 -241.825798 
-1.607822 -247.523652 
-1.559203 -236.127944 
-1.509599 -241.825798 
-1.459047 -236.127944 
-1.407563 -241.825798 
-1.355200 -234.228659 
-1.301981 -230.430090 
-1.247941 -222.832951 
-1.193106 -222.832951 
-1.137512 -220.933666 
-1.081199 -205.739389 
-1.024203 -201.940820 
-0.966560 -201.940820 
-0.908319 -196.242966 
-0.849503 -188.645827 
-0.790151 -190.545112 
-0.730301 -186.746542 
-0.669982 -173.451550 
-0.609247 -173.451550 
-0.548115 -165.854411 
-0.486648 -162.055842 
-0.424875 -162.055842 
-0.362827 -158.257272 
-0.300549 -154.458703 
-0.238082 -141.163710 
-0.175471 -139.264426 
-0.112742 -129.768002 
-0.049942 -133.566572 
0.012889 -120.271579 
0.075706 -112.674440 
0.138481 -106.976586 
0.201169 -87.983740 
0.263723 -80.386601 
0.326111 -70.890178 
0.388299 -61.393755 
0.450242 -46.199477 
0.511894 24.074055 
0.573223 18.376201 
0.634196 25.973340 
0.694763 18.376201 
0.754890 48.764756 
0.814541 50.664041 
0.873677 39.268333 
0.932262 54.462610 
0.990258 62.059749 
1.047628 63.959033 
1.104337 75.354741 
1.160349 86.750449 
1.215627 79.153311 
1.270138 88.649734 
1.323847 94.347588 
1.376719 96.246873 
1.428733 101.944727 
1.479839 117.139004 
1.530010 107.642581 
1.579210 117.139004 
1.627417 126.635427 
1.674596 124.736143 
1.720717 130.433997 
1.765752 138.031135 
1.809666 149.426843 
1.852438 147.527558 
1.894040 153.225412 
1.934450 155.124697 
1.973633 168.419690 
2.011571 166.520405 
2.048241 168.419690 
2.083618 168.419690 
2.117675 181.714682 
2.150395 193.110390 
2.181760 189.311821 
2.211750 198.808244 
2.240336 204.506098 
2.267511 214.002522 
2.293250 221.599660 
2.317544 214.002522 
2.340371 215.901806 
2.361723 225.398230 
2.381580 227.297514 
2.399937 227.297514 
2.416775 242.491792 
2.432091 229.196799 
2.445867 242.491792 
2.458098 232.995368 
2.468777 240.592507 
2.477896 240.592507 
2.485449 238.693222 
2.491433 251.988215 
2.495842 251.988215 
2.498676 246.290361 
2.499931 261.484638 
2.499608 259.585354 
2.497705 257.686069 
2.494225 261.484638 
2.489169 255.786784 
2.482541 263.383923 
2.474344 259.585354 
2.464585 265.283208 
2.453270 257.686069 
2.440404 263.383923 
2.425997 265.283208 
2.410059 263.383923 
2.392599 269.081777 
2.373624 261.484638 
2.353151 270.981062 
2.331194 263.383923 
2.307763 284.276054 
2.282873 276.678916 
2.256542 269.081777 
2.228785 269.081777 
2.199624 282.376770 
2.169070 270.981062 
2.137146 265.283208 
2.103872 278.578200 
2.069272 269.081777 
2.033362 269.081777 
1.996172 265.283208 
1.957717 274.779631 
1.918025 269.081777 
1.877121 261.484638 
1.835032 274.779631 
1.791784 257.686069 
1.747403 270.981062 
1.701919 250.088930 
1.655365 259.585354 
1.607766 244.391076 
1.559151 259.585354 
1.509551 246.290361 
1.458993 236.793938 
1.407518 242.491792 
1.355149 219.700376 
1.301924 229.196799 
1.247871 236.793938 
1.193041 234.894653 
1.137458 225.398230 
1.081150 225.398230 
1.024160 221.599660 
0.966528 229.196799 
0.908280 208.304668 
0.849465 219.700376 
0.790112 215.901806 
0.730255 200.707529 
0.669937 202.606814 
0.609201 191.211106 
0.548074 191.211106 
0.486602 191.211106 
0.424822 176.016828 
0.362767 172.218259 
0.300495 166.520405 
0.238028 158.923266 
0.175417 155.124697 
0.112688 160.822551 
0.049895 145.628274 
-0.012930 141.829705 
-0.075747 130.433997 
-0.138516 117.139004 
-0.201203 105.743296 
-0.263764 92.448303 
-0.326158 84.851165 
-0.388340 63.959033 
-0.450289 25.973340 
-0.511947 -6.314499 
-0.573288 -29.105915 
-0.634267 -36.703054 
-0.694846 -40.501623 
-0.754979 -87.983740 
-0.814641 -55.695901 
-0.873783 -51.897331 
-0.932372 -106.976586 
-0.990379 -63.293039 
-1.047754 -63.293039 
-1.104467 -68.990893 
-1.160477 -80.386601 
-1.215759 -68.990893 
-1.270274 -86.084455 
-1.323986 -82.285886 
-1.376867 -95.580878 
-1.428868 -97.480163 
-1.479966 -97.480163 
-1.530130 -112.674440 
-1.579327 -112.674440 
-1.627532 -114.573725 
-1.674713 -127.868718 
-1.720832 -137.365141 
-1.765859 -135.465856 
-1.809771 -131.667287 
-1.852539 -139.264426 
-1.894143 -150.660134 
-1.934545 -143.062995 
-1.973730 -167.753696 
-2.011668 -163.955126 
-2.048332 -163.955126 
-2.083705 -175.350834 
-2.117762 -179.149404 
-2.150482 -179.149404 
-2.181846 -186.746542 
-2.211826 -196.242966 
-2.240409 -198.142250 
-2.267577 -198.142250 
-2.293315 -205.739389 
-2.317605 -209.537958 
-2.340429 -201.940820 
-2.361774 -215.235812 
-2.381630 -226.631520 
-2.399982 -220.933666 
-2.416817 -228.530805 
-2.432126 -228.530805 
-2.445897 -238.027228 
-2.458123 -243.725082 
-2.468797 -243.725082 
-2.477912 -251.322221 
-2.485462 -251.322221 
-2.491442 -262.717929 
-2.495849 -260.818644 
-2.498680 -264.617214 
-2.499932 -270.315068 
-2.499606 -276.012922 
-2.497700 -268.415783 
-2.494217 -276.012922 
-2.489160 -272.214352 
-2.482529 -272.214352 
-2.474330 -264.617214 
-2.464569 -266.516498 
-2.453251 -277.912206 
-2.440383 -272.214352 
-2.425974 -279.811491 
-2.410032 -279.811491 
-2.392566 -285.509345 
-2.373590 -287.408629 
-2.353113 -287.408629 
-2.331151 -281.710775 
-2.307719 -285.509345 
-2.282828 -285.509345 
-2.256494 -281.710775 
-2.228734 -281.710775 
-2.199564 -283.610060 
-2.169011 -281.710775 
-2.137087 -279.811491 
-2.103811 -276.012922 
-2.069206 -270.315068 
-2.033293 -264.617214 
-1.996096 -264.617214 
-1.957635 -260.818644 
-1.917944 -258.919360 
-1.877038 -258.919360 
-1.834947 -255.120790 
-1.791701 -262.717929 
-1.747319 -257.020075 
-1.701833 -255.120790 
-1.655276 -255.120790 
-1.607670 -239.926513 
-1.559048 -239.926513 
-1.509441 -239.926513 
-1.458886 -234.228659 
-1.407404 -230.430090 
-1.355039 -230.430090 
-1.301806 -230.430090 
-1.247763 -224.732236 
-1.192931 -228.530805 
-1.137346 -220.933666 
-1.081037 -215.235812 
-1.024046 -201.940820 
-0.966407 -196.242966 
-0.908158 -194.343681 
-0.849335 -192.444396 
-0.789981 -188.645827 
-0.730123 -186.746542 
-0.669803 -182.947973 
-0.609067 -175.350834 
-0.547946 -165.854411 
-0.486479 -163.955126 
-0.424698 -156.357988 
-0.362656 -146.861564 
-0.300384 -152.559418 
-0.237916 -148.760849 
-0.175305 -139.264426 
-0.112576 -129.768002 
-0.049763 -127.868718 
