0.000018 -72.789462 
0.086407 -67.091609 
0.172675 -72.789462 
0.258747 -49.998047 
0.344500 -48.098762 
0.429851 -38.602339 
0.514688 -29.105915 
0.598902 -19.609492 
0.682401 16.476917 
0.765085 31.671194 
0.846864 33.570479 
0.927624 52.563325 
1.007276 54.462610 
1.085733 60.160464 
1.162902 65.858318 
1.238674 67.757603 
1.312959 81.052595 
1.385684 82.951880 
1.456747 94.347588 
1.526077 94.347588 
1.593585 115.239719 
1.659190 115.239719 
1.722814 120.937573 
1.784430 128.534712 
1.843863 130.433997 
1.901095 136.131851 
1.956051 145.628274 
2.008671 157.023982 
2.058893 157.023982 
2.106661 164.621120 
2.151910 174.117544 
2.194588 191.211106 
2.234655 174.117544 
2.272045 168.419690 
2.306722 198.808244 
2.338645 195.009675 
2.367776 212.103237 
2.394085 214.002522 
2.417532 204.506098 
2.438090 221.599660 
2.455739 231.096084 
2.470453 215.901806 
2.482218 232.995368 
2.491020 242.491792 
2.496847 232.995368 
2.499693 244.391076 
2.499554 231.096084 
2.496430 251.988215 
2.490326 251.988215 
2.481247 251.988215 
2.469206 259.585354 
2.454215 255.786784 
2.436296 257.686069 
2.415466 259.585354 
2.391753 251.988215 
2.365182 261.484638 
2.335790 253.887500 
2.303605 267.182492 
2.268669 251.988215 
2.231024 267.182492 
2.190715 257.686069 
2.147789 267.182492 
2.102285 265.283208 
2.054283 267.182492 
2.003833 269.081777 
1.950986 261.484638 
1.895808 259.585354 
1.838366 259.585354 
1.778736 261.484638 
1.716981 263.383923 
1.653157 261.484638 
1.587378 251.988215 
1.519704 251.988215 
1.450208 257.686069 
1.378987 244.391076 
1.306113 251.988215 
1.231679 244.391076 
1.155782 244.391076 
1.078496 246.290361 
0.999923 236.793938 
0.920156 231.096084 
0.839290 225.398230 
0.757430 217.801091 
0.674666 210.203952 
0.591096 214.002522 
0.506812 210.203952 
0.421922 198.808244 
0.336529 198.808244 
0.250734 181.714682 
0.164630 185.513252 
0.078339 170.318974 
-0.008037 170.318974 
-0.094403 158.923266 
-0.180666 155.124697 
-0.266704 149.426843 
-0.352432 132.333281 
-0.437739 122.836858 
-0.522515 56.361895 
-0.606676 -0.616645 
-0.690112 -8.213784 
-0.772716 -29.105915 
-0.854397 -44.300193 
-0.935066 -53.796616 
-1.014618 -61.393755 
-1.092959 -72.789462 
-1.170003 -82.285886 
-1.245633 -72.789462 
-1.319776 -78.487316 
-1.392344 -82.285886 
-1.463249 -84.185170 
-1.532414 -99.379448 
-1.599749 -103.178017 
-1.665167 -110.775156 
-1.728597 -112.674440 
-1.789963 -122.170864 
-1.849191 -129.768002 
-1.906212 -143.062995 
-1.960963 -143.062995 
-2.013366 -154.458703 
-2.063376 -175.350834 
-2.110916 -173.451550 
-2.155935 -181.048688 
-2.198380 -188.645827 
-2.238195 -184.847258 
-2.275342 -192.444396 
-2.309768 -194.343681 
-2.341436 -198.142250 
-2.370312 -203.840104 
-2.396357 -201.940820 
-2.419540 -209.537958 
-2.439832 -222.832951 
-2.457210 -213.336528 
-2.471657 -230.430090 
-2.483150 -222.832951 
-2.491680 -234.228659 
-2.497233 -239.926513 
-2.499805 -243.725082 
-2.499392 -247.523652 
-2.495994 -247.523652 
-2.489616 -255.120790 
-2.480266 -255.120790 
-2.467953 -253.221506 
-2.452692 -249.422936 
-2.434503 -255.120790 
-2.413406 -260.818644 
-2.389430 -260.818644 
-2.362601 -268.415783 
-2.332951 -272.214352 
-2.300516 -257.020075 
-2.265330 -270.315068 
-2.227443 -258.919360 
-2.186887 -258.919360 
-2.143729 -251.322221 
-2.098007 -253.221506 
-2.049774 -255.120790 
-1.999103 -249.422936 
-1.946039 -253.221506 
-1.890652 -245.624367 
-1.833013 -247.523652 
-1.773186 -245.624367 
-1.711241 -255.120790 
-1.647253 -251.322221 
-1.581298 -245.624367 
-1.513456 -245.624367 
-1.443806 -236.127944 
-1.372425 -234.228659 
-1.299413 -234.228659 
-1.224849 -222.832951 
-1.148815 -222.832951 
-1.071417 -213.336528 
-0.992740 -211.437243 
-0.912869 -211.437243 
-0.831908 -194.343681 
-0.749954 -194.343681 
-0.667104 -179.149404 
-0.583457 -190.545112 
-0.499122 -179.149404 
-0.414183 -181.048688 
-0.328757 -167.753696 
-0.242940 -165.854411 
-0.156823 -150.660134 
-0.070528 -150.660134 
0.015860 -143.062995 
0.102230 -135.465856 
0.188468 -131.667287 
0.274481 -114.573725 
0.360193 -110.775156 
0.445449 -101.278732 
0.530181 -84.185170 
0.614271 -27.206631 
0.697628 18.376201 
0.780152 16.476917 
0.861745 44.966187 
0.942325 60.160464 
1.021772 48.764756 
1.099990 65.858318 
1.176903 60.160464 
1.252410 71.556172 
1.326422 82.951880 
1.398850 79.153311 
1.469592 86.750449 
1.538602 100.045442 
1.605760 96.246873 
1.671008 120.937573 
1.734260 117.139004 
1.795434 128.534712 
1.854465 130.433997 
1.911282 124.736143 
1.965817 145.628274 
2.018010 160.822551 
2.067788 162.721836 
2.115097 158.923266 
2.159881 174.117544 
2.202086 181.714682 
2.241670 174.117544 
2.278569 198.808244 
2.312747 191.211106 
2.344164 195.009675 
2.372782 196.908960 
2.398567 210.203952 
2.421490 208.304668 
2.441520 210.203952 
2.458635 231.096084 
2.472814 215.901806 
2.484042 219.700376 
2.492304 227.297514 
2.497588 221.599660 
2.499890 231.096084 
2.499207 238.693222 
2.495539 240.592507 
2.488891 246.290361 
2.479271 248.189646 
2.466690 246.290361 
2.451164 255.786784 
2.432712 251.988215 
2.411353 248.189646 
2.387112 257.686069 
2.360023 261.484638 
2.330108 255.786784 
2.297421 251.988215 
2.261987 259.585354 
2.223855 253.887500 
2.183064 269.081777 
2.139666 251.988215 
2.093717 261.484638 
2.045264 269.081777 
1.994374 259.585354 
1.941096 259.585354 
1.885507 251.988215 
1.827666 276.678916 
1.767637 261.484638 
1.705496 255.786784 
1.641326 250.088930 
1.575189 246.290361 
1.507179 255.786784 
1.437361 246.290361 
1.365827 242.491792 
1.292669 244.391076 
1.217961 242.491792 
1.141797 234.894653 
1.064279 234.894653 
0.985481 227.297514 
0.905515 223.498945 
0.824459 215.901806 
0.742427 214.002522 
0.659509 217.801091 
0.575803 204.506098 
0.491401 198.808244 
0.406421 200.707529 
0.320947 189.311821 
0.235090 189.311821 
0.148961 170.318974 
0.062654 170.318974 
-0.023728 181.714682 
-0.110091 153.225412 
-0.196313 149.426843 
-0.282309 134.232566 
-0.367960 124.736143 
-0.453189 103.844011 
-0.537859 54.462610 
-0.621886 -6.314499 
-0.705180 -17.710207 
-0.787624 -34.803769 
-0.869127 -49.998047 
-0.949592 -53.796616 
-1.028923 -59.494470 
-1.107034 -67.091609 
-1.183815 -76.588032 
-1.259198 -84.185170 
-1.333070 -97.480163 
-1.405342 -89.883024 
-1.475936 -89.883024 
-1.544768 -91.782309 
-1.611755 -114.573725 
-1.676819 -116.473010 
-1.739880 -150.660134 
-1.800863 -129.768002 
-1.859697 -125.969433 
-1.916310 -139.264426 
-1.970641 -148.760849 
-2.022618 -150.660134 
-2.072180 -165.854411 
-2.119263 -173.451550 
-2.163815 -188.645827 
-2.205788 -181.048688 
-2.245126 -192.444396 
-2.281784 -190.545112 
-2.315713 -201.940820 
-2.346877 -192.444396 
-2.375242 -205.739389 
-2.400771 -203.840104 
-2.423433 -207.638674 
-2.443198 -209.537958 
-2.460048 -220.933666 
-2.473965 -222.832951 
-2.484921 -224.732236 
-2.492910 -224.732236 
-2.497923 -234.228659 
-2.499952 -241.825798 
-2.498996 -241.825798 
-2.495056 -253.221506 
-2.488108 -253.221506 
-2.478208 -266.516498 
-2.465349 -255.120790 
-2.449545 -260.818644 
-2.430816 -255.120790 
-2.409186 -255.120790 
-2.384677 -264.617214 
-2.357321 -270.315068 
-2.327145 -264.617214 
-2.294198 -270.315068 
-2.258511 -257.020075 
-2.220119 -268.415783 
-2.179080 -255.120790 
-2.135443 -245.624367 
-2.089256 -253.221506 
-2.040575 -260.818644 
-1.989453 -253.221506 
-1.935954 -255.120790 
-1.880149 -249.422936 
-1.822100 -257.020075 
-1.761869 -253.221506 
-1.699533 -241.825798 
-1.635175 -249.422936 
-1.568857 -243.725082 
-1.500666 -241.825798 
-1.430691 -239.926513 
-1.359007 -234.228659 
-1.285685 -228.530805 
-1.210827 -219.034382 
-1.134531 -220.933666 
-1.056888 -213.336528 
-0.977984 -215.235812 
-0.897911 -205.739389 
-0.816758 -196.242966 
-0.734639 -196.242966 
-0.651642 -188.645827 
-0.567867 -179.149404 
-0.483405 -169.652980 
-0.398375 -173.451550 
-0.312870 -163.955126 
-0.226981 -154.458703 
-0.140822 -152.559418 
-0.054486 -148.760849 
0.031898 -131.667287 
0.118252 -133.566572 
0.204465 -124.070148 
0.290425 -110.775156 
0.376039 -106.976586 
0.461203 -105.077302 
0.545817 -84.185170 
0.629788 -23.408061 
0.713040 22.174771 
0.795407 16.476917 
0.876816 44.966187 
0.957186 54.462610 
1.036412 60.160464 
1.114393 60.160464 
1.191044 56.361895 
1.266273 63.959033 
1.339997 44.966187 
1.412121 73.455457 
1.482558 90.549019 
1.551218 100.045442 
1.618026 107.642581 
1.682909 119.038289 
1.745782 113.340435 
1.806570 128.534712 
1.865195 124.736143 
1.921592 138.031135 
1.975696 139.930420 
2.027446 155.124697 
2.076769 149.426843 
2.123618 166.520405 
2.167953 168.419690 
2.209671 176.016828 
2.248751 185.513252 
2.285146 189.311821 
2.318813 187.412536 
2.349711 195.009675 
2.377803 204.506098 
2.403059 204.506098 
2.425445 204.506098 
2.444939 219.700376 
2.461508 221.599660 
2.475137 221.599660 
2.485811 221.599660 
2.493517 217.801091 
2.498245 231.096084 
2.499989 229.196799 
2.498749 231.096084 
2.494525 238.693222 
2.487322 251.988215 
2.477149 246.290361 
2.464018 244.391076 
2.447946 251.988215 
2.428951 250.088930 
2.407056 251.988215 
2.382287 270.981062 
2.354671 257.686069 
2.324246 251.988215 
2.291039 255.786784 
2.255103 253.887500 
2.216470 267.182492 
2.175195 234.894653 
2.131192 263.383923 
2.084768 269.081777 
2.035855 261.484638 
1.984505 267.182492 
1.930786 259.585354 
1.874766 274.779631 
1.816508 255.786784 
1.756082 265.283208 
1.693558 253.887500 
1.629006 251.988215 
1.562509 255.786784 
1.494153 250.088930 
1.424012 246.290361 
1.352164 251.988215 
1.278701 242.491792 
1.203712 238.693222 
1.127284 234.894653 
1.049519 234.894653 
0.970500 229.196799 
0.890323 225.398230 
0.809083 221.599660 
0.726876 215.901806 
0.643794 214.002522 
0.559942 204.506098 
0.475431 200.707529 
0.390351 191.211106 
0.304797 195.009675 
0.218879 183.613967 
0.132709 177.916113 
0.046380 168.419690 
-0.040014 164.621120 
-0.126350 158.923266 
-0.212536 143.728989 
-0.298468 138.031135 
-0.384053 124.736143 
-0.469187 105.743296 
-0.553744 46.865471 
-0.637648 -0.616645 
-0.720791 -15.810923 
-0.803073 -23.408061 
-0.884396 -40.501623 
-0.964654 -78.487316 
-1.043769 -63.293039 
-1.121598 -61.393755 
-1.198127 -68.990893 
-1.273219 -74.688747 
-1.346797 -84.185170 
-1.418760 -87.983740 
-1.489036 -89.883024 
-1.557520 -103.178017 
-1.624165 -99.379448 
-1.688856 -112.674440 
-1.751532 -112.674440 
-1.812128 -129.768002 
-1.870619 -127.868718 
-1.926814 -139.264426 
-1.980702 -146.861564 
-2.032220 -162.055842 
-2.081307 -165.854411 
-2.127918 -173.451550 
-2.171988 -181.048688 
-2.213464 -182.947973 
-2.252293 -190.545112 
-2.288437 -198.142250 
-2.321847 -196.242966 
-2.352542 -203.840104 
-2.380365 -213.336528 
-2.405343 -205.739389 
-2.427453 -213.336528 
-2.446662 -211.437243 
-2.462949 -222.832951 
-2.476296 -222.832951 
-2.486684 -228.530805 
-2.494102 -230.430090 
-2.498543 -228.530805 
-2.500000 -234.228659 
-2.498471 -249.422936 
-2.493957 -249.422936 
-2.486467 -251.322221 
-2.476007 -251.322221 
-2.462592 -257.020075 
-2.446234 -258.919360 
-2.426957 -255.120790 
-2.404783 -255.120790 
-2.379732 -257.020075 
-2.351841 -257.020075 
-2.321145 -255.120790 
-2.287678 -260.818644 
-2.251479 -264.617214 
-2.212588 -260.818644 
-2.171055 -260.818644 
-2.126933 -253.221506 
-2.080268 -245.624367 
-2.031128 -249.422936 
-1.979553 -249.422936 
-1.925619 -249.422936 
-1.869375 -253.221506 
-1.810910 -243.725082 
-1.750283 -245.624367 
-1.687566 -243.725082 
-1.622827 -238.027228 
-1.556151 -243.725082 
-1.487616 -245.624367 
-1.417304 -230.430090 
-1.345308 -236.127944 
-1.271697 -222.832951 
-1.196568 -220.933666 
-1.120018 -211.437243 
-1.042130 -215.235812 
-0.962999 -200.041535 
-0.882709 -209.537958 
-0.801365 -196.242966 
-0.719064 -192.444396 
-0.635904 -184.847258 
-0.551985 -186.746542 
-0.467398 -167.753696 
-0.381691 -160.156557 
-0.296105 -184.847258 
-0.210155 -156.357988 
-0.123955 -148.760849 
-0.037616 -152.559418 
0.048769 -139.264426 
0.135095 -129.768002 
0.221268 -122.170864 
0.307178 -114.573725 
0.392711 -103.178017 
0.477776 -103.178017 
0.562279 -80.386601 
0.646102 -25.307346 
0.729154 27.872625 
0.811326 16.476917 
0.892539 44.966187 
0.972685 54.462610 
1.051679 58.261179 
1.129409 52.563325 
1.209087 63.959033 
1.284376 65.858318 
1.357725 67.757603 
1.429446 86.750449 
1.499460 90.549019 
1.567683 105.743296 
1.634027 105.743296 
1.698427 111.441150 
1.760792 120.937573 
1.821061 130.433997 
1.879149 130.433997 
1.934999 134.232566 
1.988539 143.728989 
2.039698 155.124697 
2.088428 157.023982 
2.134658 155.124697 
2.178344 177.916113 
2.219429 183.613967 
2.257867 179.815398 
2.293591 183.613967 
2.326591 191.211106 
2.356812 198.808244 
2.384216 196.908960 
2.408776 208.304668 
2.430459 206.405383 
2.449238 204.506098 
2.465094 215.901806 
2.478005 210.203952 
2.487959 208.304668 
2.494941 229.196799 
2.498943 219.700376 
2.499962 231.096084 
2.497997 238.693222 
2.493048 227.297514 
2.485122 244.391076 
2.474229 242.491792 
2.460382 242.491792 
2.443594 251.988215 
2.423892 244.391076 
2.401290 255.786784 
2.375826 255.786784 
2.347522 250.088930 
2.316248 251.988215 
2.282363 259.585354 
2.245750 261.484638 
2.206460 251.988215 
2.164530 259.585354 
2.120020 257.686069 
2.072979 255.786784 
2.023452 257.686069 
1.971509 257.686069 
1.917222 267.182492 
1.860645 261.484638 
1.801848 257.686069 
1.740892 255.786784 
1.677865 259.585354 
1.612827 251.988215 
1.545863 240.592507 
1.477053 255.786784 
1.406479 250.088930 
1.334218 242.491792 
1.260355 244.391076 
1.185011 231.096084 
1.108235 238.693222 
1.030144 231.096084 
0.950831 225.398230 
0.870383 229.196799 
0.788878 215.901806 
0.706448 223.498945 
0.623175 210.203952 
0.539158 204.506098 
0.454488 198.808244 
0.369285 191.211106 
0.283631 185.513252 
0.197648 181.714682 
0.111420 170.318974 
0.025059 168.419690 
-0.061323 153.225412 
-0.147641 155.124697 
-0.233774 139.930420 
-0.319636 132.333281 
-0.405117 122.836858 
-0.490105 103.844011 
-0.574508 50.664041 
-0.658234 -10.113069 
-0.741165 -21.508777 
-0.823219 -21.508777 
-0.904291 -51.897331 
-0.984274 -49.998047 
-1.063082 -67.091609 
-1.140637 -68.990893 
-1.216814 -80.386601 
-1.291545 -82.285886 
-1.364742 -78.487316 
-1.436301 -86.084455 
-1.506145 -99.379448 
-1.574190 -97.480163 
-1.640356 -110.775156 
-1.704588 -110.775156 
-1.766758 -114.573725 
-1.826818 -131.667287 
-1.884691 -139.264426 
-1.940313 -137.365141 
-1.993624 -137.365141 
-2.044550 -160.156557 
-2.093034 -165.854411 
-2.139019 -175.350834 
-2.182454 -181.048688 
-2.223279 -184.847258 
-2.261450 -188.645827 
-2.296920 -196.242966 
-2.329652 -200.041535 
-2.359601 -211.437243 
-2.386730 -207.638674 
-2.411011 -207.638674 
-2.432413 -217.135097 
-2.450912 -213.336528 
-2.466481 -220.933666 
-2.479107 -228.530805 
-2.488771 -226.631520 
-2.495463 -230.430090 
-2.499174 -236.127944 
-2.499902 -236.127944 
-2.497644 -239.926513 
-2.492403 -255.120790 
-2.484187 -260.818644 
-2.473004 -249.422936 
-2.458868 -268.415783 
-2.441796 -264.617214 
-2.421808 -266.516498 
-2.398929 -262.717929 
-2.373181 -262.717929 
-2.344601 -264.617214 
-2.313225 -262.717929 
-2.279083 -266.516498 
-2.242219 -272.214352 
-2.202678 -268.415783 
-2.160511 -264.617214 
-2.115764 -257.020075 
-2.068491 -260.818644 
-2.018748 -255.120790 
-1.966595 -258.919360 
-1.912094 -251.322221 
-1.855304 -255.120790 
-1.796304 -257.020075 
-1.735160 -249.422936 
-1.671944 -251.322221 
-1.606725 -241.825798 
-1.539588 -253.221506 
-1.470619 -239.926513 
-1.399886 -238.027228 
-1.327490 -241.825798 
-1.253500 -230.430090 
-1.178014 -224.732236 
-1.101129 -226.631520 
-1.022929 -213.336528 
-0.943508 -205.739389 
-0.862952 -205.739389 
-0.781374 -201.940820 
-0.698863 -192.444396 
-0.615509 -188.645827 
-0.531429 -181.048688 
-0.446705 -169.652980 
-0.361440 -169.652980 
-0.275760 -160.156557 
-0.189751 -154.458703 
-0.103515 -144.962280 
-0.017147 -146.861564 
0.069242 -135.465856 
0.155548 -125.969433 
0.241677 -124.070148 
0.327509 -110.775156 
0.412975 -110.775156 
0.497923 -82.285886 
0.582275 -21.508777 
0.665932 24.074055 
0.748786 16.476917 
0.830754 43.066902 
0.911721 54.462610 
0.991608 48.764756 
1.070303 50.664041 
1.147728 56.361895 
1.223782 62.059749 
1.298367 75.354741 
1.371409 73.455457 
1.442814 79.153311 
1.512495 92.448303 
1.580371 105.743296 
1.646352 105.743296 
1.710374 113.340435 
1.772347 124.736143 
1.832205 128.534712 
1.889880 138.031135 
1.945299 136.131851 
1.998389 158.923266 
2.049098 151.326128 
2.097360 158.923266 
2.143117 164.621120 
2.186311 183.613967 
2.226899 174.117544 
2.265575 181.714682 
2.300739 193.110390 
2.333159 198.808244 
2.362793 196.908960 
2.389608 200.707529 
2.413567 215.901806 
2.434643 212.103237 
2.452809 214.002522 
2.468048 217.801091 
2.480342 219.700376 
2.489671 221.599660 
2.496029 232.995368 
2.499405 227.297514 
2.499797 242.491792 
2.497204 234.894653 
2.491629 242.491792 
2.483080 251.988215 
2.471564 234.894653 
2.457099 248.189646 
2.439698 250.088930 
2.419383 261.484638 
2.396182 261.484638 
2.370117 251.988215 
2.341227 259.585354 
2.309536 257.686069 
2.275087 259.585354 
2.237925 265.283208 
2.198087 259.585354 
2.155624 267.182492 
2.110591 263.383923 
2.063039 259.585354 
2.013023 263.383923 
1.960604 267.182492 
1.905843 261.484638 
1.848808 259.585354 
1.789558 257.686069 
1.728178 244.391076 
1.664728 255.786784 
1.599113 242.491792 
1.531767 251.988215 
1.462592 246.290361 
1.391678 244.391076 
1.319088 242.491792 
1.244931 236.793938 
1.169295 238.693222 
1.092255 225.398230 
1.013894 231.096084 
0.934331 221.599660 
0.853644 219.700376 
0.771945 219.700376 
0.689325 208.304668 
0.605882 206.405383 
0.521723 198.808244 
0.436924 195.009675 
0.351612 181.714682 
0.265881 181.714682 
0.179831 176.016828 
0.093567 172.218259 
0.007174 160.822551 
-0.079211 160.822551 
-0.165509 143.728989 
-0.251593 136.131851 
-0.337376 126.635427 
-0.422756 117.139004 
-0.507631 94.347588 
-0.591900 50.664041 
-0.675471 -2.515930 
-0.758236 -17.710207 
-0.840086 -29.105915 
-0.920942 -46.199477 
-1.000690 -51.897331 
-1.079243 -63.293039 
-1.156515 -72.789462 
-1.232407 -63.293039 
-1.306826 -76.588032 
-1.379678 -74.688747 
-1.450882 -82.285886 
-1.520354 -95.580878 
-1.588017 -97.480163 
-1.653791 -110.775156 
-1.717583 -112.674440 
-1.779323 -122.170864 
-1.838939 -127.868718 
-1.896353 -139.264426 
-1.951509 -146.861564 
-2.004333 -148.760849 
-2.054765 -158.257272 
-2.102737 -160.156557 
-2.148204 -181.048688 
-2.191101 -175.350834 
-2.231386 -188.645827 
-2.269002 -198.142250 
-2.303909 -196.242966 
-2.336065 -205.739389 
-2.365436 -209.537958 
-2.391983 -217.135097 
-2.415670 -207.638674 
-2.436474 -211.437243 
-2.454366 -217.135097 
-2.469328 -226.631520 
-2.481343 -230.430090 
-2.490394 -234.228659 
-2.496472 -236.127944 
-2.499569 -230.430090 
-2.499681 -247.523652 
-2.496808 -243.725082 
-2.490955 -253.221506 
-2.482126 -255.120790 
-2.470333 -260.818644 
-2.455590 -264.617214 
-2.437917 -264.617214 
-2.417330 -262.717929 
-2.393857 -268.415783 
-2.367525 -266.516498 
-2.338368 -272.214352 
-2.306417 -272.214352 
-2.271711 -276.012922 
-2.234296 -270.315068 
-2.194205 -276.012922 
-2.151493 -268.415783 
-2.106220 -260.818644 
-2.058433 -255.120790 
-2.008183 -258.919360 
-1.955541 -260.818644 
-1.900563 -260.818644 
-1.843316 -253.221506 
-1.783863 -255.120790 
-1.722285 -253.221506 
-1.658671 -253.221506 
-1.593057 -243.725082 
-1.525541 -243.725082 
-1.456197 -243.725082 
-1.385121 -239.926513 
-1.312383 -239.926513 
-1.238086 -234.228659 
-1.162303 -228.530805 
-1.085132 -215.235812 
-1.006665 -220.933666 
-0.926996 -211.437243 
-0.846228 -211.437243 
-0.764441 -200.041535 
-0.681750 -200.041535 
-0.598236 -190.545112 
-0.514017 -186.746542 
-0.429175 -173.451550 
-0.343830 -167.753696 
-0.258074 -165.854411 
-0.172000 -162.055842 
-0.085722 -152.559418 
0.000659 -143.062995 
0.087030 -143.062995 
0.173306 -129.768002 
0.259375 -122.170864 
0.345135 -108.875871 
0.430482 -101.278732 
0.515315 -89.883024 
0.599533 -15.810923 
0.683035 24.074055 
0.765721 24.074055 
0.847493 39.268333 
0.928244 52.563325 
1.007895 50.664041 
1.086343 60.160464 
1.163493 62.059749 
1.239262 62.059749 
1.313542 75.354741 
1.386247 75.354741 
1.457304 86.750449 
1.526613 101.944727 
1.594100 103.844011 
1.659690 103.844011 
1.723298 120.937573 
1.784842 120.937573 
1.844254 128.534712 
1.901465 130.433997 
1.956406 138.031135 
2.009010 153.225412 
2.059216 145.628274 
2.106963 164.621120 
2.152200 166.520405 
2.194866 181.714682 
2.234907 174.117544 
2.272279 189.311821 
2.306942 187.412536 
2.338847 193.110390 
2.367959 189.311821 
2.394247 214.002522 
2.417675 212.103237 
2.438216 206.405383 
2.455844 215.901806 
2.470539 215.901806 
2.482285 214.002522 
2.491067 227.297514 
2.496875 227.297514 
2.499702 234.894653 
2.499544 238.693222 
2.496401 236.793938 
2.490278 236.793938 
2.481180 240.592507 
2.469121 246.290361 
2.454110 251.988215 
2.436172 250.088930 
2.415325 265.283208 
2.391592 255.786784 
2.365006 259.585354 
2.335593 265.283208 
2.303390 255.786784 
2.268437 259.585354 
2.230775 267.182492 
2.190453 259.585354 
2.147516 259.585354 
2.102015 263.383923 
2.054004 267.182492 
2.003530 261.484638 
1.950674 269.081777 
1.895488 269.081777 
1.838040 255.786784 
1.778391 259.585354 
1.716625 257.686069 
1.652809 250.088930 
1.587013 248.189646 
1.519328 251.988215 
1.449830 250.088930 
1.378601 244.391076 
1.305718 242.491792 
1.231283 242.491792 
1.155378 229.196799 
1.078094 232.995368 
0.999523 227.297514 
0.919758 225.398230 
0.838887 221.599660 
0.757014 214.002522 
0.674237 214.002522 
0.590654 198.808244 
0.506367 204.506098 
0.421474 191.211106 
0.336087 189.311821 
0.250290 179.815398 
0.164203 172.218259 
0.077920 174.117544 
-0.008456 160.822551 
-0.094840 153.225412 
-0.181092 145.628274 
-0.267129 141.829705 
-0.352855 124.736143 
-0.438152 107.642581 
-0.522925 60.160464 
-0.607074 6.980493 
-0.690498 -13.911638 
-0.773106 -27.206631 
-0.854791 -46.199477 
-0.935446 -46.199477 
-1.014993 -70.890178 
-1.093328 -67.091609 
-1.170349 -63.293039 
-1.245981 -82.285886 
-1.320117 -72.789462 
-1.392684 -86.084455 
-1.463589 -82.285886 
-1.532745 -99.379448 
-1.600064 -99.379448 
-1.665473 -106.976586 
-1.728899 -101.278732 
-1.790261 -122.170864 
-1.849485 -131.667287 
-1.906501 -137.365141 
-1.961239 -141.163710 
-2.013636 -148.760849 
-2.063622 -156.357988 
-2.111145 -171.552265 
-2.156152 -181.048688 
-2.198584 -182.947973 
-2.238386 -194.343681 
-2.275516 -196.242966 
-2.309932 -200.041535 
-2.341586 -198.142250 
-2.370448 -205.739389 
-2.396479 -209.537958 
-2.419645 -209.537958 
-2.439923 -211.437243 
-2.457289 -222.832951 
-2.471719 -220.933666 
-2.483199 -226.631520 
-2.491714 -232.329374 
-2.497253 -234.228659 
-2.499810 -238.027228 
-2.499382 -243.725082 
-2.495970 -247.523652 
-2.489577 -255.120790 
-2.480212 -255.120790 
-2.467886 -260.818644 
-2.452611 -264.617214 
-2.434408 -266.516498 
-2.413299 -258.919360 
-2.389307 -264.617214 
-2.362464 -266.516498 
-2.332797 -270.315068 
-2.300348 -272.214352 
-2.265149 -272.214352 
-2.227244 -270.315068 
-2.186680 -274.113637 
-2.143509 -260.818644 
-2.097779 -260.818644 
-2.049539 -257.020075 
-1.998856 -255.120790 
-1.945787 -255.120790 
-1.890390 -253.221506 
-1.832734 -257.020075 
-1.772890 -255.120790 
-1.710929 -245.624367 
-1.646924 -243.725082 
-1.580953 -241.825798 
-1.513101 -247.523652 
-1.443435 -241.825798 
-1.372045 -241.825798 
-1.299024 -234.228659 
-1.224445 -236.127944 
-1.148411 -226.631520 
-1.070998 -239.926513 
-0.992314 -215.235812 
-0.912437 -209.537958 
-0.831471 -226.631520 
-0.749511 -198.142250 
-0.666657 -196.242966 
-0.583006 -186.746542 
-0.498677 -186.746542 
-0.413743 -179.149404 
-0.328289 -169.652980 
-0.242461 -160.156557 
-0.156343 -160.156557 
-0.070047 -150.660134 
0.016333 -150.660134 
0.102693 -135.465856 
0.188930 -135.465856 
0.274942 -124.070148 
0.360625 -118.372294 
0.445878 -112.674440 
0.530608 -89.883024 
0.614703 -15.810923 
0.698065 24.074055 
0.780584 8.879778 
0.862172 46.865471 
0.942730 58.261179 
1.022170 48.764756 
1.100382 60.160464 
1.177280 56.361895 
1.252773 65.858318 
1.326777 75.354741 
1.399190 71.556172 
1.470090 88.649734 
1.539072 94.347588 
1.606224 103.844011 
1.671458 107.642581 
1.734689 119.038289 
1.795849 124.736143 
1.854859 126.635427 
1.911667 141.829705 
1.966191 138.031135 
2.018362 153.225412 
2.068128 162.721836 
2.115425 158.923266 
2.160195 168.419690 
2.202381 179.815398 
2.241938 183.613967 
2.278821 181.714682 
2.312983 191.211106 
2.344383 196.908960 
2.372984 193.110390 
2.398748 206.405383 
2.421647 214.002522 
2.441658 214.002522 
2.458751 214.002522 
2.472908 214.002522 
2.484114 217.801091 
2.492353 223.498945 
2.497616 227.297514 
2.499896 232.995368 
2.499191 234.894653 
2.495503 240.592507 
2.488834 240.592507 
2.479192 242.491792 
2.466592 244.391076 
2.451045 255.786784 
2.432572 251.988215 
2.411193 250.088930 
2.386935 257.686069 
2.359826 251.988215 
2.329899 263.383923 
2.297193 253.887500 
2.261740 259.585354 
2.223591 261.484638 
2.182786 259.585354 
2.139376 261.484638 
2.093411 261.484638 
2.044941 265.283208 
1.994030 253.887500 
1.940726 278.578200 
1.885121 261.484638 
1.827265 259.585354 
1.767221 265.283208 
1.705073 248.189646 
1.640889 255.786784 
1.574740 242.491792 
1.506710 250.088930 
1.436887 242.491792 
1.365342 246.290361 
1.292159 246.290361 
1.217432 238.693222 
1.141290 234.894653 
1.063763 234.894653 
0.984965 217.801091 
0.904983 229.196799 
0.823921 219.700376 
0.741883 214.002522 
0.658942 208.304668 
0.575231 206.405383 
0.490834 198.808244 
0.405850 198.808244 
0.320373 179.815398 
0.234514 183.613967 
0.148383 176.016828 
0.062075 164.621120 
-0.024316 162.721836 
-0.110669 153.225412 
-0.196899 147.527558 
-0.282893 134.232566 
-0.368550 117.139004 
-0.453758 111.441150 
-0.538424 62.059749 
-0.622447 1.282639 
-0.705736 -21.508777 
-0.788173 -31.005200 
-0.869669 -44.300193 
-0.950136 -49.998047 
-1.029459 -59.494470 
-1.107553 -72.789462 
-1.184333 -76.588032 
-1.259691 -65.192324 
-1.333544 -80.386601 
-1.405813 -86.084455 
-1.476396 -99.379448 
-1.545223 -99.379448 
-1.612205 -112.674440 
-1.677261 -103.178017 
-1.740315 -120.271579 
-1.801290 -127.868718 
-1.860173 -131.667287 
-1.916773 -139.264426 
-1.971090 -150.660134 
-2.023042 -154.458703 
-2.072583 -158.257272 
-2.119640 -167.753696 
-2.164180 -182.947973 
-2.206127 -182.947973 
-2.245443 -192.444396 
-2.282078 -196.242966 
-2.315985 -200.041535 
-2.347129 -207.638674 
-2.375467 -200.041535 
-2.400975 -205.739389 
-2.423612 -222.832951 
-2.443353 -211.437243 
-2.460178 -219.034382 
-2.474064 -222.832951 
-2.484997 -234.228659 
-2.492962 -234.228659 
-2.497950 -226.631520 
-2.499956 -236.127944 
-2.498976 -238.027228 
-2.495011 -249.422936 
-2.488066 -253.221506 
-2.478151 -258.919360 
-2.465277 -257.020075 
-2.449460 -262.717929 
-2.430716 -260.818644 
-2.409072 -258.919360 
-2.384552 -260.818644 
-2.357181 -264.617214 
-2.326999 -268.415783 
-2.294031 -272.214352 
-2.258327 -272.214352 
-2.219926 -270.315068 
-2.178874 -264.617214 
-2.135220 -268.415783 
-2.089021 -257.020075 
-2.040323 -251.322221 
-1.989193 -251.322221 
-1.935678 -255.120790 
-1.879861 -247.523652 
-1.821801 -253.221506 
-1.761559 -258.919360 
-1.699219 -257.020075 
-1.634845 -243.725082 
-1.568517 -251.322221 
-1.500324 -253.221506 
-1.430340 -238.027228 
-1.358647 -236.127944 
-1.285325 -234.228659 
-1.210468 -236.127944 
-1.134173 -230.430090 
-1.056517 -217.135097 
-0.977598 -219.034382 
-0.897512 -211.437243 
-0.816362 -209.537958 
-0.734230 -196.242966 
-0.651220 -200.041535 
-0.567433 -181.048688 
-0.482977 -175.350834 
-0.397927 -179.149404 
-0.312410 -162.055842 
-0.226529 -158.257272 
-0.140377 -165.854411 
-0.054049 -146.861564 
0.032343 -141.163710 
0.118697 -143.062995 
0.204901 -122.170864 
0.290868 -129.768002 
0.376488 -120.271579 
0.461650 -101.278732 
0.546269 -87.983740 
0.630236 -27.206631 
0.713459 22.174771 
0.795830 12.678347 
0.877241 44.966187 
0.957605 56.361895 
1.036818 58.261179 
1.114800 60.160464 
1.191444 56.361895 
1.266680 60.160464 
1.340388 73.455457 
1.412496 82.951880 
1.482924 86.750449 
1.551575 105.743296 
1.618373 105.743296 
1.683238 115.239719 
1.746094 115.239719 
1.806872 130.433997 
1.865485 126.635427 
1.921878 143.728989 
1.975974 143.728989 
2.027712 149.426843 
2.077027 166.520405 
2.123858 166.520405 
2.168157 166.520405 
2.209863 179.815398 
2.248934 195.009675 
2.285316 179.815398 
2.318969 191.211106 
2.349857 196.908960 
2.377938 208.304668 
2.403177 200.707529 
2.425547 227.297514 
2.445025 221.599660 
2.461578 217.801091 
2.475195 227.297514 
2.485855 215.901806 
2.493546 217.801091 
2.498260 232.995368 
2.499990 229.196799 
2.498736 242.491792 
2.494499 238.693222 
2.487282 244.391076 
2.477094 250.088930 
2.463949 242.491792 
2.447861 257.686069 
2.428850 251.988215 
2.406938 265.283208 
2.382152 259.585354 
2.354482 259.585354 
2.324036 267.182492 
2.290814 257.686069 
2.254857 263.383923 
2.216210 265.283208 
2.174918 257.686069 
2.131029 274.779631 
2.084591 259.585354 
2.035663 261.484638 
1.984310 269.081777 
1.930587 278.578200 
1.874554 265.283208 
1.816282 267.182492 
1.755847 259.585354 
1.693316 265.283208 
1.628763 257.686069 
1.562265 255.786784 
1.493902 255.786784 
1.423755 250.088930 
1.351901 248.189646 
1.278441 246.290361 
1.203453 238.693222 
1.127021 242.491792 
1.049251 229.196799 
0.970221 231.096084 
0.890039 227.297514 
0.808796 227.297514 
0.726577 214.002522 
0.643483 217.801091 
0.559638 206.405383 
0.475115 198.808244 
0.390025 196.908960 
0.304470 189.311821 
0.218559 183.613967 
0.132388 176.016828 
0.046049 166.520405 
-0.040335 158.923266 
-0.126671 147.527558 
-0.212865 143.728989 
-0.298805 134.232566 
-0.384388 122.836858 
-0.469503 100.045442 
-0.554057 44.966187 
-0.637967 -4.415215 
-0.721107 -13.911638 
-0.803377 -31.005200 
-0.884688 -46.199477 
-0.964951 -49.998047 
-1.044053 -63.293039 
-1.121909 -68.990893 
-1.198433 -68.990893 
-1.273526 -76.588032 
-1.347098 -76.588032 
-1.419061 -80.386601 
-1.489323 -87.983740 
-1.557813 -99.379448 
-1.624443 -105.077302 
-1.689126 -106.976586 
-1.751799 -114.573725 
-1.812374 -125.969433 
-1.870791 -122.170864 
-1.926974 -135.465856 
-1.980850 -139.264426 
-2.032366 -152.559418 
-2.081450 -163.955126 
-2.128054 -167.753696 
-2.172116 -173.451550 
-2.213580 -192.444396 
-2.252406 -196.242966 
-2.288541 -194.343681 
-2.321943 -198.142250 
-2.352573 -211.437243 
-2.380393 -201.940820 
-2.405368 -200.041535 
-2.427471 -213.336528 
-2.446675 -219.034382 
-2.462960 -222.832951 
-2.476348 -226.631520 
-2.486722 -238.027228 
-2.494128 -228.530805 
-2.498556 -236.127944 
-2.500000 -239.926513 
-2.498458 -239.926513 
-2.493932 -243.725082 
-2.486429 -258.919360 
-2.475956 -264.617214 
-2.462526 -257.020075 
-2.446155 -258.919360 
-2.426865 -268.415783 
-2.404676 -264.617214 
-2.379617 -257.020075 
-2.351714 -268.415783 
-2.321003 -272.214352 
-2.287520 -274.113637 
-2.251309 -276.012922 
-2.212405 -266.516498 
-2.170865 -272.214352 
-2.126727 -257.020075 
-2.080055 -258.919360 
-2.030889 -255.120790 
-1.979308 -276.012922 
-1.925363 -255.120790 
-1.869114 -260.818644 
-1.810639 -249.422936 
-1.749990 -249.422936 
-1.687257 -251.322221 
-1.622502 -249.422936 
-1.555823 -253.221506 
-1.487279 -243.725082 
-1.416959 -241.825798 
-1.344954 -241.825798 
-1.271336 -236.127944 
-1.196208 -224.732236 
-1.119651 -226.631520 
-1.041749 -211.437243 
-0.962604 -211.437243 
-0.882300 -207.638674 
-0.800951 -200.041535 
-0.718654 -192.444396 
-0.635490 -196.242966 
-0.551533 -184.847258 
-0.466961 -179.149404 
-0.381830 -165.854411 
-0.296244 -169.652980 
-0.210295 -156.357988 
-0.124104 -154.458703 
-0.037747 -148.760849 
0.048646 -143.062995 
0.134972 -139.264426 
0.221146 -129.768002 
0.307056 -114.573725 
0.392599 -110.775156 
0.477664 -103.178017 
0.562168 -84.185170 
0.645992 -17.710207 
0.729045 22.174771 
0.811227 22.174771 
0.892449 44.966187 
0.972597 60.160464 
1.051584 52.563325 
1.129315 60.160464 
1.205698 58.261179 
1.280649 88.649734 
1.354070 77.254026 
1.425875 81.052595 
1.495969 90.549019 
1.564278 96.246873 
1.630725 103.844011 
1.695245 107.642581 
1.757720 115.239719 
1.818095 126.635427 
1.876294 136.131851 
1.932253 134.232566 
1.985904 138.031135 
2.037190 158.923266 
2.086043 153.225412 
2.132404 158.923266 
2.176219 181.714682 
2.217431 181.714682 
2.256000 181.714682 
2.291874 181.714682 
2.325021 185.513252 
2.355381 202.606814 
2.382928 196.908960 
2.407627 212.103237 
2.429457 202.606814 
2.448380 215.901806 
2.464381 214.002522 
2.477439 210.203952 
2.487538 221.599660 
2.494667 227.297514 
2.498816 234.894653 
2.499982 229.196799 
2.498163 242.491792 
2.493361 219.700376 
2.485581 242.491792 
2.474835 248.189646 
2.461133 248.189646 
2.444493 253.887500 
2.424932 255.786784 
2.402475 265.283208 
2.377152 253.887500 
2.348987 265.283208 
2.318021 255.786784 
2.284283 261.484638 
2.247822 257.686069 
2.208672 259.585354 
2.166890 265.283208 
2.122520 261.484638 
2.075616 257.686069 
2.026233 259.585354 
1.974426 263.383923 
1.920267 272.880346 
1.863809 259.585354 
1.805119 255.786784 
1.744286 255.786784 
1.681370 265.283208 
1.616440 255.786784 
1.549579 246.290361 
1.480868 248.189646 
1.410389 250.088930 
1.338233 246.290361 
1.264479 236.793938 
1.189207 232.995368 
1.112515 234.894653 
1.034503 225.398230 
0.955247 227.297514 
0.874851 232.995368 
0.793410 223.498945 
0.711029 212.103237 
0.627792 210.203952 
0.543804 202.606814 
0.459159 198.808244 
0.373974 191.211106 
0.288351 183.613967 
0.202383 185.513252 
0.116165 168.419690 
0.029818 160.822551 
-0.056574 158.923266 
-0.142899 151.326128 
-0.229053 143.728989 
-0.314924 130.433997 
-0.400429 120.937573 
-0.485437 105.743296 
-0.569875 41.167617 
-0.653933 -4.415215 
-0.736907 -13.911638 
-0.819001 -29.105915 
-0.900117 -44.300193 
-0.980159 -48.098762 
-1.059030 -67.091609 
-1.136637 -68.990893 
-1.212887 -72.789462 
-1.287689 -70.890178 
-1.360961 -76.588032 
-1.432571 -84.185170 
-1.502500 -89.883024 
-1.570635 -106.976586 
-1.636896 -105.077302 
-1.701208 -112.674440 
-1.763488 -118.372294 
-1.823657 -131.667287 
-1.881648 -135.465856 
-1.937399 -141.163710 
-1.990830 -152.559418 
-2.041889 -156.357988 
-2.090505 -160.156557 
-2.136625 -167.753696 
-2.180194 -181.048688 
-2.221164 -190.545112 
-2.259478 -194.343681 
-2.295094 -203.840104 
-2.327969 -200.041535 
-2.358068 -205.739389 
-2.385354 -209.537958 
-2.409786 -211.437243 
-2.431341 -215.235812 
-2.449996 -217.135097 
-2.465723 -220.933666 
-2.478505 -222.832951 
-2.488327 -236.127944 
-2.495179 -239.926513 
-2.499051 -230.430090 
-2.499939 -230.430090 
-2.497841 -245.624367 
-2.492760 -253.221506 
-2.484703 -255.120790 
-2.473678 -257.020075 
-2.459699 -264.617214 
-2.442785 -272.214352 
-2.422951 -260.818644 
-2.400227 -258.919360 
-2.374637 -258.919360 
-2.346212 -272.214352 
-2.314982 -272.214352 
-2.280991 -274.113637 
-2.244277 -279.811491 
-2.204883 -289.307914 
-2.162857 -268.415783 
-2.118248 -264.617214 
-2.071110 -264.617214 
-2.021494 -258.919360 
-1.969470 -257.020075 
-1.915094 -255.120790 
-1.858425 -253.221506 
-1.799543 -249.422936 
-1.738507 -251.322221 
-1.675394 -247.523652 
-1.610280 -243.725082 
-1.543251 -247.523652 
-1.474371 -251.322221 
-1.403731 -245.624367 
-1.331422 -239.926513 
-1.257516 -234.228659 
-1.182108 -224.732236 
-1.105296 -219.034382 
-1.027165 -243.725082 
-0.947799 -211.437243 
-0.867309 -198.142250 
-0.785767 -201.940820 
-0.703304 -196.242966 
-0.619992 -190.545112 
-0.535940 -182.947973 
-0.451256 -175.350834 
-0.366016 -160.156557 
-0.280357 -163.955126 
-0.194354 -158.257272 
-0.108128 -156.357988 
-0.021764 -148.760849 
0.064627 -146.861564 
0.150931 -127.868718 
0.237055 -124.070148 
0.322896 -118.372294 
0.408351 -106.976586 
0.493319 -95.580878 
0.577706 -32.904485 
0.661404 20.275486 
0.744303 22.174771 
0.826322 29.771909 
0.907354 46.865471 
0.987303 54.462610 
1.066064 58.261179 
1.143561 60.160464 
1.219699 62.059749 
1.294381 75.354741 
1.367502 77.254026 
1.438997 81.052595 
1.508774 96.246873 
1.576749 100.045442 
1.642841 101.944727 
1.706971 120.937573 
1.769057 122.836858 
1.829036 132.333281 
1.886825 130.433997 
1.942367 136.131851 
1.995584 151.326128 
2.046429 149.426843 
2.094824 158.923266 
2.140718 166.520405 
2.184055 179.815398 
2.224780 181.714682 
2.262849 176.016828 
2.298216 185.513252 
2.330842 200.707529 
2.360685 196.908960 
2.387706 206.405383 
2.411876 212.103237 
2.433166 208.304668 
2.451551 214.002522 
2.467009 214.002522 
2.479523 214.002522 
2.489076 227.297514 
2.495656 229.196799 
2.499256 229.196799 
2.499871 234.894653 
2.497501 238.693222 
2.492150 244.391076 
2.483822 251.988215 
2.472530 250.088930 
2.458283 255.786784 
2.441101 246.290361 
2.421006 261.484638 
2.398020 259.585354 
2.372168 255.786784 
2.343486 263.383923 
2.312007 251.988215 
2.277767 265.283208 
2.240803 259.585354 
2.201160 265.283208 
2.158891 270.981062 
2.114044 259.585354 
2.066678 259.585354 
2.016844 265.283208 
1.964603 267.182492 
1.910015 244.391076 
1.853141 259.585354 
1.794054 261.484638 
1.732831 257.686069 
1.669533 255.786784 
1.604254 259.585354 
1.537046 246.290361 
1.468010 246.290361 
1.397221 246.290361 
1.324756 240.592507 
1.250717 242.491792 
1.175177 229.196799 
1.098242 225.398230 
1.019995 234.894653 
0.940522 231.096084 
0.859926 221.599660 
0.778311 219.700376 
0.695759 206.405383 
0.612384 208.304668 
0.528278 202.606814 
0.443541 195.009675 
0.358275 195.009675 
0.272581 177.916113 
0.186562 179.815398 
0.100311 168.419690 
0.013949 162.721836 
-0.072438 151.326128 
-0.158739 149.426843 
-0.244851 141.829705 
-0.330661 120.937573 
-0.416076 115.239719 
-0.501003 103.844011 
-0.585419 52.563325 
-0.669039 -4.415215 
-0.751861 -19.609492 
-0.833785 -32.904485 
-0.914722 -44.300193 
-0.994559 -46.199477 
-1.073216 -76.588032 
-1.150591 -70.890178 
-1.226592 -68.990893 
-1.301129 -80.386601 
-1.374104 -76.588032 
-1.445438 -86.084455 
-1.515054 -99.379448 
-1.582868 -99.379448 
-1.648784 -105.077302 
-1.712724 -120.271579 
-1.774620 -120.271579 
-1.834397 -127.868718 
-1.891983 -129.768002 
-1.947317 -143.062995 
-2.000319 -152.559418 
-2.050933 -165.854411 
-2.099099 -167.753696 
-2.144758 -163.955126 
-2.187856 -181.048688 
-2.228342 -181.048688 
-2.266168 -190.545112 
-2.301287 -201.940820 
-2.333660 -201.940820 
-2.363246 -203.840104 
-2.390010 -211.437243 
-2.413923 -209.537958 
-2.434955 -211.437243 
-2.453075 -211.437243 
-2.468270 -213.336528 
-2.480515 -232.329374 
-2.489797 -230.430090 
-2.496107 -232.329374 
-2.499435 -238.027228 
-2.499779 -241.825798 
-2.497138 -264.617214 
-2.491515 -251.322221 
-2.482917 -251.322221 
-2.471355 -274.113637 
-2.456843 -258.919360 
-2.439397 -268.415783 
-2.419036 -264.617214 
-2.395786 -270.315068 
-2.369675 -266.516498 
-2.340738 -266.516498 
-2.309002 -272.214352 
-2.274513 -276.012922 
-2.237303 -281.710775 
-2.197427 -272.214352 
-2.154926 -266.516498 
-2.109853 -262.717929 
-2.062261 -257.020075 
-2.012206 -249.422936 
-1.959744 -247.523652 
-1.904946 -247.523652 
-1.847869 -253.221506 
-1.788584 -249.422936 
-1.727164 -253.221506 
-1.663688 -241.825798 
-1.598218 -239.926513 
-1.530840 -236.127944 
-1.461634 -241.825798 
-1.390690 -238.027228 
-1.318085 -238.027228 
-1.243906 -234.228659 
-1.168242 -226.631520 
-1.091176 -217.135097 
-1.012806 -213.336528 
-0.933227 -211.437243 
-0.852533 -203.840104 
-0.770830 -205.739389 
-0.688198 -190.545112 
-0.604753 -190.545112 
-0.520585 -179.149404 
-0.435796 -167.753696 
-0.350487 -167.753696 
-0.264759 -160.156557 
-0.178706 -154.458703 
-0.092449 -148.760849 
-0.006072 -148.760849 
0.080303 -133.566572 
0.166600 -125.969433 
0.252689 -122.170864 
0.338476 -112.674440 
0.423850 -99.379448 
0.508727 -91.782309 
0.592996 -13.911638 
0.676549 18.376201 
0.759311 3.181924 
0.841157 44.966187 
0.921991 52.563325 
1.001724 52.563325 
1.080260 52.563325 
1.157515 54.462610 
1.233388 58.261179 
1.307788 75.354741 
1.380626 75.354741 
1.451815 81.052595 
1.521263 111.441150 
1.588895 107.642581 
1.654630 96.246873 
1.718396 117.139004 
1.780109 122.836858 
1.839691 134.232566 
1.897077 143.728989 
1.952202 141.829705 
2.004992 147.527558 
2.055392 166.520405 
2.103333 164.621120 
2.148767 174.117544 
2.191635 170.318974 
2.231918 183.613967 
2.269501 195.009675 
2.304374 187.412536 
2.336492 195.009675 
2.365823 215.901806 
2.392329 200.707529 
2.416247 214.002522 
2.436974 217.801091 
2.454791 212.103237 
2.469677 221.599660 
2.481615 229.196799 
2.490590 215.901806 
2.496591 231.096084 
2.499609 234.894653 
2.499644 232.995368 
2.496693 242.491792 
2.490762 240.592507 
2.481857 248.189646 
2.469987 244.391076 
2.455168 248.189646 
2.437416 259.585354 
2.416754 255.786784 
2.393208 255.786784 
2.366802 251.988215 
2.337569 251.988215 
2.305545 261.484638 
2.270772 261.484638 
2.233283 270.981062 
2.193131 257.686069 
2.150356 259.585354 
2.105014 270.981062 
2.057157 270.981062 
2.006844 274.779631 
1.954134 270.981062 
1.899097 261.484638 
1.841792 251.988215 
1.782287 259.585354 
1.720655 259.585354 
1.656969 255.786784 
1.591304 257.686069 
1.523739 253.887500 
1.454355 248.189646 
1.383227 234.894653 
1.310455 238.693222 
1.236110 236.793938 
1.160297 236.793938 
1.083099 227.297514 
1.004607 229.196799 
0.924908 240.592507 
0.844104 219.700376 
0.762301 214.002522 
0.679579 212.103237 
0.596054 198.808244 
0.511818 195.009675 
0.426970 191.211106 
0.341604 191.211106 
0.255821 179.815398 
0.169750 172.218259 
0.083476 160.822551 
-0.002897 153.225412 
-0.089267 149.426843 
-0.175530 138.031135 
-0.261593 130.433997 
-0.347334 122.836858 
-0.432669 111.441150 
-0.517479 65.858318 
-0.601671 3.181924 
-0.685145 -10.113069 
-0.767801 -27.206631 
-0.849548 -36.703054 
-0.930281 -51.897331 
-1.009903 -63.293039 
-1.088318 -67.091609 
-1.165434 -72.789462 
-1.241151 -72.789462 
-1.315386 -76.588032 
-1.388057 -87.983740 
-1.459071 -87.983740 
-1.528336 -93.681594 
-1.595776 -105.077302 
-1.661317 -105.077302 
-1.724874 -110.775156 
-1.786365 -127.868718 
-1.845723 -129.768002 
-1.902883 -129.768002 
-1.957771 -144.962280 
-2.010320 -150.660134 
-2.060469 -162.055842 
-2.108158 -167.753696 
-2.153324 -173.451550 
-2.195919 -177.250119 
-2.235893 -184.847258 
-2.273197 -194.343681 
-2.307790 -196.242966 
-2.339624 -207.638674 
-2.368667 -205.739389 
-2.394880 -213.336528 
-2.418235 -211.437243 
-2.438702 -215.235812 
-2.456257 -219.034382 
-2.470878 -224.732236 
-2.482548 -232.329374 
-2.491255 -234.228659 
-2.496986 -241.825798 
-2.499735 -245.624367 
-2.499500 -239.926513 
-2.496280 -238.027228 
-2.490080 -249.422936 
-2.480905 -251.322221 
-2.468768 -258.919360 
-2.453682 -258.919360 
-2.435667 -264.617214 
-2.414742 -268.415783 
-2.390934 -262.717929 
-2.364274 -272.214352 
-2.334787 -276.012922 
-2.302516 -276.012922 
-2.267492 -274.113637 
-2.229760 -277.912206 
-2.189360 -274.113637 
-2.146355 -274.113637 
-2.100788 -272.214352 
-2.052712 -262.717929 
-2.002179 -253.221506 
-1.949256 -253.221506 
-1.894005 -251.322221 
-1.836498 -260.818644 
-1.776792 -249.422936 
-1.714971 -249.422936 
-1.651096 -249.422936 
-1.585255 -247.523652 
-1.517515 -243.725082 
-1.447963 -245.624367 
-1.376674 -243.725082 
-1.303748 -239.926513 
-1.229273 -222.832951 
-1.153322 -220.933666 
-1.075994 -219.034382 
-0.997381 -211.437243 
-0.917569 -213.336528 
-0.836678 -209.537958 
-0.754779 -194.343681 
-0.671978 -200.041535 
-0.588384 -184.847258 
-0.504079 -184.847258 
-0.419163 -173.451550 
-0.333764 -167.753696 
-0.247957 -158.257272 
-0.161855 -152.559418 
-0.075550 -148.760849 
