0.000008 -32.904485 
0.039274 -29.105915 
0.078530 -27.206631 
0.120659 -17.710207 
0.159868 -13.911638 
0.199030 -10.113069 
0.238159 -0.616645 
0.277217 -0.616645 
0.316207 5.081209 
0.367207 -0.616645 
0.437011 14.577632 
0.475622 27.872625 
0.527006 39.268333 
0.566618 37.369048 
0.604796 43.066902 
0.642821 52.563325 
0.680692 46.865471 
0.718390 52.563325 
0.755912 56.361895 
0.793250 56.361895 
0.830393 54.462610 
0.867327 63.959033 
0.904051 67.757603 
0.940552 75.354741 
0.976814 75.354741 
1.012842 90.549019 
1.048620 82.951880 
1.084139 88.649734 
1.119390 90.549019 
1.154362 81.052595 
1.189056 98.146157 
1.223454 101.944727 
1.257545 101.944727 
1.291327 109.541865 
1.324790 111.441150 
1.357926 107.642581 
1.390730 113.340435 
1.423192 122.836858 
1.455299 130.433997 
1.487046 128.534712 
1.518431 120.937573 
1.549440 132.333281 
1.580067 136.131851 
1.610304 145.628274 
1.640144 147.527558 
1.669576 141.829705 
1.698600 157.023982 
1.727204 153.225412 
1.755379 166.520405 
1.783118 164.621120 
1.810420 168.419690 
1.837275 176.016828 
1.863680 177.916113 
1.889625 181.714682 
1.915101 185.513252 
1.940105 195.009675 
1.964633 195.009675 
1.988675 198.808244 
2.012227 176.016828 
2.035280 210.203952 
2.057831 198.808244 
2.079875 206.405383 
2.101405 212.103237 
2.122417 215.901806 
2.142905 189.311821 
2.162865 223.498945 
2.182290 227.297514 
2.201180 200.707529 
2.219526 232.995368 
2.237325 229.196799 
2.254570 225.398230 
2.271258 231.096084 
2.287386 231.096084 
2.302950 236.793938 
2.317948 250.088930 
2.332373 244.391076 
2.346221 253.887500 
2.359491 250.088930 
2.372178 244.391076 
2.384282 253.887500 
2.395796 242.491792 
2.406720 263.383923 
2.417049 257.686069 
2.426781 259.585354 
2.435915 261.484638 
2.444449 253.887500 
2.452379 259.585354 
2.459704 255.786784 
2.466423 267.182492 
2.472533 255.786784 
2.478032 270.981062 
2.482921 263.383923 
2.487197 265.283208 
2.490859 261.484638 
2.493906 265.283208 
2.496339 267.182492 
2.498155 267.182492 
2.499355 272.880346 
2.499939 267.182492 
2.499905 265.283208 
2.499255 269.081777 
2.497988 267.182492 
2.496105 280.477485 
2.493606 265.283208 
2.490492 276.678916 
2.486763 274.779631 
2.482421 289.973908 
2.477467 274.779631 
2.471901 272.880346 
2.465726 284.276054 
2.458942 282.376770 
2.451551 272.880346 
2.443556 289.973908 
2.434956 291.873193 
2.425756 278.578200 
2.415957 288.074624 
2.405562 284.276054 
2.394576 284.276054 
2.382998 282.376770 
2.370833 286.175339 
2.358082 289.973908 
2.344748 284.276054 
2.330837 284.276054 
2.316350 288.074624 
2.301293 282.376770 
2.285667 289.973908 
2.269478 286.175339 
2.252729 280.477485 
2.235426 272.880346 
2.217568 270.981062 
2.199165 284.276054 
2.180215 270.981062 
2.160739 280.477485 
2.140723 280.477485 
2.120180 282.376770 
2.099112 267.182492 
2.077524 274.779631 
2.055424 274.779631 
2.032818 288.074624 
2.009711 276.678916 
1.986106 274.779631 
1.962013 274.779631 
1.937436 265.283208 
1.912358 263.383923 
1.886831 274.779631 
1.860836 265.283208 
1.834384 261.484638 
1.807480 257.686069 
1.780130 250.088930 
1.752338 259.585354 
1.724116 244.391076 
1.695466 250.088930 
1.666398 248.189646 
1.636918 242.491792 
1.607038 255.786784 
1.576758 238.693222 
1.546089 232.995368 
1.515038 229.196799 
1.483614 221.599660 
1.451827 232.995368 
1.419681 227.297514 
1.387182 227.297514 
1.354341 221.599660 
1.321169 214.002522 
1.287671 212.103237 
1.253855 214.002522 
1.219727 202.606814 
1.185297 204.506098 
1.150575 210.203952 
1.115573 198.808244 
1.080295 202.606814 
1.044751 210.203952 
1.008946 195.009675 
0.972892 193.110390 
0.936597 187.412536 
0.900075 181.714682 
0.863331 174.117544 
0.826371 174.117544 
0.789210 168.419690 
0.751854 162.721836 
0.714313 160.822551 
0.676596 166.520405 
0.638712 157.023982 
0.600670 149.426843 
0.562477 160.822551 
0.524148 134.232566 
0.485686 143.728989 
0.447108 145.628274 
0.408416 141.829705 
0.369627 138.031135 
0.330747 130.433997 
0.291786 115.239719 
0.252748 130.433997 
0.213644 122.836858 
0.174495 115.239719 
0.135299 113.340435 
0.096070 107.642581 
0.056821 101.944727 
0.017558 109.541865 
-0.021713 103.844011 
-0.060979 107.642581 
-0.100242 98.146157 
-0.139464 92.448303 
-0.178651 88.649734 
-0.217795 84.851165 
-0.256885 37.369048 
-0.295911 -6.314499 
-0.334865 -4.415215 
-0.373740 -19.609492 
-0.412518 -29.105915 
-0.451199 -40.501623 
-0.489765 -31.005200 
-0.528209 -38.602339 
-0.566528 -36.703054 
-0.604710 -44.300193 
-0.642740 -32.904485 
-0.680606 -46.199477 
-0.718309 -49.998047 
-0.755835 -38.602339 
-0.793174 -61.393755 
-0.830313 -51.897331 
-0.867252 -59.494470 
-0.903976 -65.192324 
-0.940478 -68.990893 
-0.976747 -72.789462 
-1.012772 -67.091609 
-1.048550 -82.285886 
-1.084070 -78.487316 
-1.119322 -76.588032 
-1.154294 -87.983740 
-1.188985 -86.084455 
-1.223380 -89.883024 
-1.257476 -101.278732 
-1.291258 -97.480163 
-1.324721 -103.178017 
-1.357858 -118.372294 
-1.390663 -114.573725 
-1.423125 -116.473010 
-1.455236 -127.868718 
-1.486988 -112.674440 
-1.518373 -127.868718 
-1.549380 -127.868718 
-1.580008 -133.566572 
-1.610246 -135.465856 
-1.640083 -135.465856 
-1.669519 -150.660134 
-1.698543 -150.660134 
-1.727145 -144.962280 
-1.755324 -150.660134 
-1.783067 -152.559418 
-1.810373 -162.055842 
-1.837232 -154.458703 
-1.863637 -160.156557 
-1.889580 -173.451550 
-1.915060 -181.048688 
-1.940064 -171.552265 
-1.964593 -182.947973 
-1.988634 -179.149404 
-2.012187 -181.048688 
-2.035241 -182.947973 
-2.057795 -190.545112 
-2.079841 -188.645827 
-2.101372 -188.645827 
-2.122387 -201.940820 
-2.142878 -200.041535 
-2.162840 -190.545112 
-2.182269 -205.739389 
-2.201159 -213.336528 
-2.219506 -209.537958 
-2.237305 -211.437243 
-2.254550 -220.933666 
-2.271240 -219.034382 
-2.287370 -217.135097 
-2.302935 -219.034382 
-2.317932 -224.732236 
-2.332357 -232.329374 
-2.346207 -219.034382 
-2.359480 -226.631520 
-2.372168 -228.530805 
-2.384271 -228.530805 
-2.395786 -241.825798 
-2.406710 -239.926513 
-2.417039 -239.926513 
-2.426773 -245.624367 
-2.435907 -249.422936 
-2.444441 -251.322221 
-2.452372 -257.020075 
-2.459698 -257.020075 
-2.466417 -249.422936 
-2.472527 -255.120790 
-2.478028 -245.624367 
-2.482916 -253.221506 
-2.487193 -266.516498 
-2.490855 -258.919360 
-2.493903 -255.120790 
-2.496336 -266.516498 
-2.498154 -268.415783 
-2.499354 -272.214352 
-2.499938 -272.214352 
-2.499906 -264.617214 
-2.499256 -268.415783 
-2.497989 -274.113637 
-2.496107 -272.214352 
-2.493608 -272.214352 
-2.490494 -281.710775 
-2.486766 -291.207199 
-2.482424 -281.710775 
-2.477468 -289.307914 
-2.471901 -283.610060 
-2.465725 -291.207199 
-2.458941 -302.602907 
-2.451549 -295.005768 
-2.443553 -300.703622 
-2.434955 -304.502191 
-2.425755 -295.005768 
-2.415957 -298.804337 
-2.405562 -289.307914 
-2.394575 -291.207199 
-2.382996 -289.307914 
-2.370829 -289.307914 
-2.358077 -289.307914 
-2.344744 -295.005768 
-2.330832 -295.005768 
-2.316345 -296.905053 
-2.301288 -296.905053 
-2.285662 -300.703622 
-2.269471 -291.207199 
-2.252722 -281.710775 
-2.235417 -295.005768 
-2.217559 -298.804337 
-2.199155 -289.307914 
-2.180207 -287.408629 
-2.160721 -287.408629 
-2.140702 -291.207199 
-2.120156 -276.012922 
-2.099088 -272.214352 
-2.077497 -268.415783 
-2.055396 -268.415783 
-2.032790 -258.919360 
-2.009680 -260.818644 
-1.986077 -258.919360 
-1.961981 -258.919360 
-1.937401 -257.020075 
-1.912345 -264.617214 
-1.886815 -264.617214 
-1.860820 -258.919360 
-1.834269 -251.322221 
-1.807363 -253.221506 
-1.780011 -247.523652 
-1.752220 -251.322221 
-1.723996 -241.825798 
-1.695344 -236.127944 
-1.666274 -245.624367 
-1.636796 -243.725082 
-1.606911 -232.329374 
-1.576629 -236.127944 
-1.545962 -238.027228 
-1.514913 -230.430090 
-1.483490 -222.832951 
-1.451698 -232.329374 
-1.419548 -226.631520 
-1.387051 -224.732236 
-1.354212 -215.235812 
-1.321035 -215.235812 
-1.287532 -205.739389 
-1.253715 -211.437243 
-1.219586 -215.235812 
-1.185155 -203.840104 
-1.150432 -192.444396 
-1.115425 -200.041535 
-1.080146 -192.444396 
-1.044597 -188.645827 
-1.008791 -181.048688 
-0.972735 -184.847258 
-0.936444 -179.149404 
-0.899917 -182.947973 
-0.863172 -179.149404 
-0.826214 -169.652980 
-0.789049 -171.552265 
-0.751693 -169.652980 
-0.714151 -160.156557 
-0.676429 -162.055842 
-0.638540 -148.760849 
-0.600494 -150.660134 
-0.562304 -146.861564 
-0.523974 -139.264426 
-0.485512 -143.062995 
-0.446934 -135.465856 
-0.408245 -133.566572 
-0.369456 -133.566572 
-0.330571 -124.070148 
-0.291605 -120.271579 
-0.252567 -122.170864 
-0.213467 -118.372294 
-0.174314 -106.976586 
-0.135122 -116.473010 
-0.095897 -108.875871 
-0.056644 -105.077302 
-0.017377 -91.782309 
0.021890 -99.379448 
0.061156 -91.782309 
0.100403 -82.285886 
0.139625 -74.688747 
0.178816 -70.890178 
0.217968 -59.494470 
0.257057 -55.695901 
0.296084 -38.602339 
0.335041 3.181924 
0.373915 18.376201 
0.412697 24.074055 
0.451378 31.671194 
0.489943 37.369048 
0.528391 35.469763 
0.566709 41.167617 
0.604887 46.865471 
0.642915 43.066902 
0.680781 56.361895 
0.718483 50.664041 
0.756008 60.160464 
0.793342 54.462610 
0.830481 60.160464 
0.867415 62.059749 
0.904134 62.059749 
0.940631 71.556172 
0.976899 75.354741 
1.012927 77.254026 
1.048704 82.951880 
1.084222 94.347588 
1.119470 88.649734 
1.154441 98.146157 
1.189131 100.045442 
1.223524 105.743296 
1.257615 105.743296 
1.291396 107.642581 
1.324858 107.642581 
1.357997 119.038289 
1.390804 115.239719 
1.423261 134.232566 
1.455368 128.534712 
1.487115 130.433997 
1.518495 139.930420 
1.549503 145.628274 
1.580127 149.426843 
1.610363 160.822551 
1.640199 153.225412 
1.669634 164.621120 
1.698656 153.225412 
1.727256 162.721836 
1.755433 177.916113 
1.783177 174.117544 
1.810478 181.714682 
1.837336 179.815398 
1.863740 181.714682 
1.889683 191.211106 
1.915161 191.211106 
1.940164 189.311821 
1.964688 189.311821 
1.988727 204.506098 
2.012275 212.103237 
2.035327 208.304668 
2.057880 214.002522 
2.079922 217.801091 
2.101451 221.599660 
2.122464 221.599660 
2.142953 227.297514 
2.162913 215.901806 
2.182340 219.700376 
2.201228 227.297514 
2.219573 223.498945 
2.237368 231.096084 
2.254611 242.491792 
2.271300 246.290361 
2.287429 244.391076 
2.302991 246.290361 
2.317985 244.391076 
2.332408 251.988215 
2.346255 251.988215 
2.359524 255.786784 
2.372211 261.484638 
2.384312 263.383923 
2.395824 250.088930 
2.406747 253.887500 
2.417075 257.686069 
2.426807 251.988215 
2.435939 261.484638 
2.444471 261.484638 
2.452400 261.484638 
2.459723 261.484638 
2.466440 265.283208 
2.472550 267.182492 
2.478047 259.585354 
2.482934 270.981062 
2.487209 261.484638 
2.490869 269.081777 
2.493915 267.182492 
2.496345 265.283208 
2.498160 265.283208 
2.499358 267.182492 
2.499940 267.182492 
2.499904 265.283208 
2.499252 274.779631 
2.497983 274.779631 
2.496098 288.074624 
2.493597 274.779631 
2.490481 284.276054 
2.486751 278.578200 
2.482406 282.376770 
2.477449 284.276054 
2.471881 280.477485 
2.465704 288.074624 
2.458917 289.973908 
2.451524 276.678916 
2.443526 286.175339 
2.434924 282.376770 
2.425722 288.074624 
2.415923 291.873193 
2.405527 286.175339 
2.394536 293.772478 
2.382955 280.477485 
2.370785 284.276054 
2.358031 286.175339 
2.344697 286.175339 
2.330782 288.074624 
2.316292 282.376770 
2.301231 274.779631 
2.285602 280.477485 
2.269411 284.276054 
2.252659 274.779631 
2.235350 286.175339 
2.217492 282.376770 
2.199086 286.175339 
2.180138 278.578200 
2.160652 272.880346 
2.140633 286.175339 
2.120086 289.973908 
2.099013 286.175339 
2.077423 284.276054 
2.055322 272.880346 
2.032712 276.678916 
2.009603 240.592507 
1.985996 282.376770 
1.961898 276.678916 
1.937319 261.484638 
1.912259 270.981062 
1.886728 270.981062 
1.860733 259.585354 
1.834280 257.686069 
1.807374 259.585354 
1.780022 255.786784 
1.752228 257.686069 
1.724002 257.686069 
1.695350 246.290361 
1.666277 248.189646 
1.636796 231.096084 
1.606911 240.592507 
1.576632 236.793938 
1.545962 236.793938 
1.514910 236.793938 
1.483484 229.196799 
1.451689 229.196799 
1.419542 223.498945 
1.387041 221.599660 
1.354202 225.398230 
1.321025 215.901806 
1.287519 214.002522 
1.253695 225.398230 
1.219565 208.304668 
1.185134 212.103237 
1.150410 200.707529 
1.115407 200.707529 
1.080128 191.211106 
1.044579 200.707529 
1.008772 189.311821 
0.972720 185.513252 
0.936440 183.613967 
0.899917 174.117544 
0.863168 174.117544 
0.826211 176.016828 
0.789049 177.916113 
0.751689 174.117544 
0.714143 168.419690 
0.676425 166.520405 
0.638536 172.218259 
0.600494 160.822551 
0.562304 162.721836 
0.523970 153.225412 
0.485512 149.426843 
0.446934 145.628274 
0.408237 151.326128 
0.369452 136.131851 
0.330567 141.829705 
0.291605 130.433997 
0.252567 124.736143 
0.213467 122.836858 
0.174314 126.635427 
0.135118 115.239719 
0.095889 117.139004 
0.056636 107.642581 
0.017373 92.448303 
-0.021899 100.045442 
-0.061164 79.153311 
-0.100415 33.570479 
-0.139641 62.059749 
-0.178829 43.066902 
-0.217976 12.678347 
-0.257070 14.577632 
-0.296100 1.282639 
-0.335053 -15.810923 
-0.373923 -0.616645 
-0.412701 3.181924 
-0.451382 -0.616645 
-0.489947 -12.012353 
-0.528395 -27.206631 
-0.566709 -38.602339 
-0.604887 -44.300193 
-0.642911 -38.602339 
-0.680781 -42.400908 
-0.718479 -38.602339 
-0.756004 -46.199477 
-0.793338 -46.199477 
-0.830481 -57.595185 
-0.867418 -55.695901 
-0.904138 -61.393755 
-0.940638 -59.494470 
-0.976903 -53.796616 
-1.012927 -65.192324 
-1.048700 -63.293039 
-1.084222 -80.386601 
-1.119470 -72.789462 
-1.154441 -80.386601 
-1.189127 -86.084455 
-1.223520 -89.883024 
-1.257619 -89.883024 
-1.291406 -99.379448 
-1.324872 -105.077302 
-1.358011 -114.573725 
-1.390818 -112.674440 
-1.423275 -116.473010 
-1.455384 -114.573725 
-1.487131 -118.372294 
-1.518514 -125.969433 
-1.549522 -131.667287 
-1.580149 -127.868718 
-1.610388 -135.465856 
-1.640224 -152.559418 
-1.669658 -143.062995 
-1.698680 -152.559418 
-1.727280 -146.861564 
-1.755456 -160.156557 
-1.783197 -152.559418 
-1.810501 -160.156557 
-1.837355 -163.955126 
-1.863758 -171.552265 
-1.889699 -181.048688 
-1.915174 -179.149404 
-1.940176 -169.652980 
-1.964700 -181.048688 
-1.988741 -184.847258 
-2.012290 -184.847258 
-2.035341 -188.645827 
-2.057893 -194.343681 
-2.079938 -196.242966 
-2.101466 -203.840104 
-2.122479 -207.638674 
-2.142967 -200.041535 
-2.162927 -213.336528 
-2.182351 -207.638674 
-2.201237 -213.336528 
-2.219582 -220.933666 
-2.237379 -215.235812 
-2.254622 -215.235812 
-2.271310 -219.034382 
-2.287440 -222.832951 
-2.303007 -226.631520 
-2.318005 -222.832951 
-2.332427 -232.329374 
-2.346273 -234.228659 
-2.359540 -228.530805 
-2.372227 -232.329374 
-2.384327 -236.127944 
-2.395838 -243.725082 
-2.406760 -230.430090 
-2.417087 -239.926513 
-2.426818 -234.228659 
-2.435951 -241.825798 
-2.444482 -251.322221 
-2.452411 -264.617214 
-2.459733 -251.322221 
-2.466450 -255.120790 
-2.472557 -251.322221 
-2.478055 -258.919360 
-2.482941 -251.322221 
-2.487214 -258.919360 
-2.490874 -255.120790 
-2.493919 -264.617214 
-2.496348 -257.020075 
-2.498162 -270.315068 
-2.499359 -268.415783 
-2.499940 -264.617214 
-2.499904 -270.315068 
-2.499251 -272.214352 
-2.497981 -272.214352 
-2.496095 -276.012922 
-2.493593 -276.012922 
-2.490476 -272.214352 
-2.486745 -274.113637 
-2.482399 -287.408629 
-2.477441 -276.012922 
-2.471872 -291.207199 
-2.465693 -285.509345 
-2.458906 -283.610060 
-2.451510 -285.509345 
-2.443511 -296.905053 
-2.434910 -289.307914 
-2.425707 -302.602907 
-2.415906 -295.005768 
-2.405510 -295.005768 
-2.394519 -304.502191 
-2.382939 -295.005768 
-2.370770 -295.005768 
-2.358015 -291.207199 
-2.344678 -295.005768 
-2.330764 -291.207199 
-2.316276 -293.106483 
-2.301214 -291.207199 
-2.285584 -304.502191 
-2.269392 -291.207199 
-2.252638 -302.602907 
-2.235338 -293.106483 
-2.217477 -304.502191 
-2.199071 -298.804337 
-2.180122 -295.005768 
-2.160634 -295.005768 
-2.140612 -289.307914 
-2.120064 -295.005768 
-2.098992 -283.610060 
-2.077403 -287.408629 
-2.055302 -272.214352 
-2.032691 -274.113637 
-2.009582 -276.012922 
-1.985976 -262.717929 
-1.961878 -268.415783 
-1.937299 -257.020075 
-1.912241 -255.120790 
-1.886709 -255.120790 
-1.860715 -257.020075 
-1.834261 -260.818644 
-1.807354 -264.617214 
-1.779999 -264.617214 
-1.752205 -249.422936 
-1.723984 -257.020075 
-1.695332 -241.825798 
-1.666265 -243.725082 
-1.636784 -239.926513 
-1.606899 -230.430090 
-1.576620 -230.430090 
-1.545952 -228.530805 
-1.514900 -230.430090 
-1.483474 -232.329374 
-1.451682 -226.631520 
-1.419532 -220.933666 
-1.387028 -217.135097 
-1.354185 -215.235812 
-1.321011 -215.235812 
-1.287505 -211.437243 
-1.253688 -203.840104 
-1.219554 -205.739389 
-1.185123 -200.041535 
-1.150400 -196.242966 
-1.115396 -196.242966 
-1.080113 -182.947973 
-1.044102 -192.444396 
-1.008292 -190.545112 
-0.972229 -184.847258 
-0.935931 -179.149404 
-0.899401 -181.048688 
-0.862649 -177.250119 
-0.825689 -167.753696 
-0.788524 -158.257272 
-0.751161 -165.854411 
-0.713613 -165.854411 
-0.675889 -152.559418 
-0.638002 -163.955126 
-0.599953 -160.156557 
-0.561757 -144.962280 
-0.523422 -150.660134 
-0.484961 -139.264426 
-0.446381 -135.465856 
-0.407687 -137.365141 
-0.368897 -129.768002 
-0.330015 -124.070148 
-0.291052 -133.566572 
-0.252013 -120.271579 
-0.212916 -112.674440 
-0.173762 -112.674440 
-0.134566 -114.573725 
-0.095340 -97.480163 
-0.056083 -99.379448 
-0.016820 -89.883024 
0.022448 -78.487316 
0.061709 -82.285886 
0.100956 -72.789462 
0.140181 -61.393755 
0.179368 -49.998047 
0.218515 -36.703054 
0.257608 -38.602339 
0.296637 -21.508777 
0.335589 -21.508777 
0.374458 -0.616645 
0.413239 12.678347 
0.451918 37.369048 
0.490485 39.268333 
0.528928 46.865471 
0.567243 50.664041 
0.605419 48.764756 
0.643442 62.059749 
0.681306 56.361895 
0.719005 60.160464 
0.756524 62.059749 
0.793855 69.656887 
0.830995 60.160464 
0.867930 75.354741 
0.904654 77.254026 
0.941151 77.254026 
0.977416 82.951880 
1.013436 69.656887 
1.049210 84.851165 
1.084721 96.246873 
1.119968 67.757603 
1.154939 105.743296 
1.189625 111.441150 
1.224017 107.642581 
1.258104 113.340435 
1.291883 109.541865 
1.325341 120.937573 
1.358472 134.232566 
1.391271 126.635427 
1.423726 132.333281 
1.455830 143.728989 
1.487575 143.728989 
1.518950 143.728989 
1.549953 155.124697 
1.580571 151.326128 
1.610802 160.822551 
1.640635 166.520405 
1.670063 164.621120 
1.699080 172.218259 
1.727677 166.520405 
1.755844 168.419690 
1.783579 183.613967 
1.810874 177.916113 
1.837722 181.714682 
1.864119 183.613967 
1.890056 183.613967 
1.915527 187.412536 
1.940528 191.211106 
1.965047 191.211106 
1.989081 210.203952 
2.012623 196.908960 
2.035667 206.405383 
2.058214 206.405383 
2.080251 214.002522 
2.101775 208.304668 
2.122779 219.700376 
2.143258 221.599660 
2.163251 225.398230 
2.182668 234.894653 
2.201545 221.599660 
2.219885 227.297514 
2.237672 231.096084 
2.254910 231.096084 
2.271589 234.894653 
2.287707 246.290361 
2.303261 246.290361 
2.318248 244.391076 
2.332662 236.793938 
2.346500 250.088930 
2.359759 234.894653 
2.372434 238.693222 
2.384526 248.189646 
2.396027 236.793938 
2.406939 255.786784 
2.417256 248.189646 
2.426977 250.088930 
2.436100 255.786784 
2.444621 250.088930 
2.452538 259.585354 
2.459851 257.686069 
2.466557 259.585354 
2.472654 253.887500 
2.478141 259.585354 
2.483017 259.585354 
2.487280 257.686069 
2.490929 269.081777 
2.493964 261.484638 
2.496383 259.585354 
2.498187 263.383923 
2.499374 270.981062 
2.499944 280.477485 
2.499898 265.283208 
2.499235 265.283208 
2.497955 269.081777 
2.496059 282.376770 
2.493547 274.779631 
2.490419 286.175339 
2.486678 272.880346 
2.482323 278.578200 
2.477355 289.973908 
2.471776 282.376770 
2.465588 274.779631 
2.458790 267.182492 
2.451387 276.678916 
2.443379 282.376770 
2.434768 289.973908 
2.425555 267.182492 
2.415745 286.175339 
2.405338 257.686069 
2.394337 280.477485 
2.382747 274.779631 
2.370567 274.779631 
2.357804 269.081777 
2.344460 276.678916 
2.330535 267.182492 
2.316037 265.283208 
2.300967 269.081777 
2.285330 265.283208 
2.269128 270.981062 
2.252367 265.283208 
2.235047 261.484638 
2.217177 257.686069 
2.198762 270.981062 
2.179800 265.283208 
2.160303 253.887500 
2.140270 265.283208 
2.119713 255.786784 
2.098634 257.686069 
2.077034 242.491792 
2.054922 263.383923 
2.032303 251.988215 
2.009185 250.088930 
1.985569 263.383923 
1.961463 236.793938 
1.936872 257.686069 
1.911804 236.793938 
1.886267 234.894653 
1.860264 242.491792 
1.833803 227.297514 
1.806889 246.290361 
1.779529 225.398230 
1.751727 210.203952 
1.723493 232.995368 
1.694837 214.002522 
1.665760 227.297514 
1.636271 215.901806 
1.606379 198.808244 
1.576087 219.700376 
1.545410 191.211106 
1.514351 196.908960 
1.482922 210.203952 
1.451126 176.016828 
1.418973 198.808244 
1.386467 196.908960 
1.353618 172.218259 
1.320435 187.412536 
1.286930 172.218259 
1.253104 176.016828 
1.218965 174.117544 
1.184529 151.326128 
1.149804 177.916113 
1.114792 153.225412 
1.079505 153.225412 
1.043952 164.621120 
1.008144 143.728989 
0.972084 153.225412 
0.935785 138.031135 
0.899254 139.930420 
0.862501 139.930420 
0.825540 134.232566 
0.788375 147.527558 
0.751011 126.635427 
0.713462 143.728989 
0.675737 126.635427 
0.637849 115.239719 
0.599804 119.038289 
0.561611 124.736143 
0.523279 115.239719 
0.484815 111.441150 
0.446234 113.340435 
0.407540 98.146157 
0.368745 96.246873 
0.329863 100.045442 
0.290895 100.045442 
0.251860 82.951880 
0.212763 90.549019 
0.173613 75.354741 
0.134416 81.052595 
0.095187 77.254026 
0.055933 69.656887 
0.016666 65.858318 
-0.022605 56.361895 
-0.061871 48.764756 
-0.101117 20.275486 
-0.140342 -0.616645 
-0.179533 -12.012353 
-0.218680 -8.213784 
-0.257772 -15.810923 
-0.296801 -17.710207 
-0.335757 -21.508777 
-0.374630 -29.105915 
-0.413410 -40.501623 
-0.452085 -46.199477 
-0.490652 -38.602339 
-0.529093 -46.199477 
-0.567409 -51.897331 
-0.605580 -53.796616 
-0.643602 -59.494470 
-0.681465 -48.098762 
-0.719164 -65.192324 
-0.756685 -49.998047 
-0.794020 -68.990893 
-0.831159 -67.091609 
-0.868089 -74.688747 
-0.904804 -74.688747 
-0.941301 -89.883024 
-0.977564 -93.681594 
-1.013584 -105.077302 
-1.049356 -103.178017 
-1.084870 -105.077302 
-1.120109 -118.372294 
-1.155075 -108.875871 
-1.189756 -112.674440 
-1.224147 -114.573725 
-1.258240 -122.170864 
-1.292018 -114.573725 
-1.325478 -122.170864 
-1.358607 -125.969433 
-1.391405 -133.566572 
-1.423856 -133.566572 
-1.455955 -135.465856 
-1.487695 -141.163710 
-1.519072 -146.861564 
-1.550074 -150.660134 
-1.580690 -152.559418 
-1.610916 -150.660134 
-1.640748 -158.257272 
-1.670171 -160.156557 
-1.699186 -160.156557 
-1.727779 -165.854411 
-1.755948 -163.955126 
-1.783681 -173.451550 
-1.810974 -171.552265 
-1.837820 -181.048688 
-1.864213 -179.149404 
-1.890149 -182.947973 
-1.915615 -190.545112 
-1.940609 -188.645827 
-1.965124 -190.545112 
-1.989155 -190.545112 
-2.012697 -200.041535 
-2.035740 -200.041535 
-2.058281 -203.840104 
-2.080314 -196.242966 
-2.101834 -211.437243 
-2.122835 -203.840104 
-2.143315 -213.336528 
-2.163265 -211.437243 
-2.182680 -211.437243 
-2.201559 -219.034382 
-2.219892 -211.437243 
-2.237680 -219.034382 
-2.254915 -219.034382 
-2.271592 -211.437243 
-2.287710 -224.732236 
-2.303263 -224.732236 
-2.318250 -215.235812 
-2.332663 -220.933666 
-2.346500 -226.631520 
-2.359759 -239.926513 
-2.372436 -234.228659 
-2.384527 -245.624367 
-2.396030 -241.825798 
-2.406941 -249.422936 
-2.417260 -257.020075 
-2.426981 -249.422936 
-2.436102 -253.221506 
-2.444623 -255.120790 
-2.452540 -260.818644 
-2.459853 -255.120790 
-2.466559 -260.818644 
-2.472656 -260.818644 
-2.478143 -258.919360 
-2.483018 -268.415783 
-2.487281 -258.919360 
-2.490930 -266.516498 
-2.493965 -272.214352 
-2.496384 -264.617214 
-2.498187 -266.516498 
-2.499374 -276.012922 
-2.499944 -277.912206 
-2.499898 -281.710775 
-2.499234 -287.408629 
-2.497954 -289.307914 
-2.496057 -293.106483 
-2.493545 -287.408629 
-2.490417 -296.905053 
-2.486675 -295.005768 
-2.482320 -289.307914 
-2.477352 -291.207199 
-2.471773 -295.005768 
-2.465583 -291.207199 
-2.458785 -289.307914 
-2.451381 -291.207199 
-2.443373 -291.207199 
-2.434760 -293.106483 
-2.425546 -298.804337 
-2.415736 -295.005768 
-2.405329 -302.602907 
-2.394329 -302.602907 
-2.382737 -304.502191 
-2.370557 -295.005768 
-2.357794 -289.307914 
-2.344448 -296.905053 
-2.330525 -293.106483 
-2.316025 -295.005768 
-2.300955 -295.005768 
-2.285316 -289.307914 
-2.269112 -276.012922 
-2.252349 -279.811491 
-2.235032 -274.113637 
-2.217162 -270.315068 
-2.198746 -276.012922 
-2.179788 -277.912206 
-2.160290 -268.415783 
-2.140260 -264.617214 
-2.119701 -268.415783 
-2.098621 -268.415783 
-2.077021 -270.315068 
-2.054911 -258.919360 
-2.032294 -260.818644 
-2.009176 -249.422936 
-1.985559 -253.221506 
-1.961455 -243.725082 
-1.936865 -247.523652 
-1.911796 -249.422936 
-1.886256 -249.422936 
-1.860251 -239.926513 
-1.833786 -253.221506 
-1.806869 -239.926513 
-1.779509 -234.228659 
-1.751710 -239.926513 
-1.723476 -222.832951 
-1.694813 -220.933666 
-1.665735 -228.530805 
-1.636250 -220.933666 
-1.606360 -226.631520 
-1.576072 -220.933666 
-1.545397 -213.336528 
-1.514341 -222.832951 
-1.482912 -211.437243 
-1.451117 -213.336528 
-1.418960 -211.437243 
-1.386453 -215.235812 
-1.353608 -209.537958 
-1.320425 -201.940820 
-1.286916 -203.840104 
-1.253090 -196.242966 
-1.218958 -196.242966 
-1.184526 -184.847258 
-1.149801 -192.444396 
-1.114792 -182.947973 
-1.079509 -175.350834 
-1.043959 -181.048688 
-1.008152 -181.048688 
-0.972096 -173.451550 
-0.935796 -179.149404 
-0.899269 -167.753696 
-0.862520 -165.854411 
-0.825559 -158.257272 
-0.788394 -154.458703 
-0.751034 -146.861564 
-0.713485 -152.559418 
-0.675764 -143.062995 
-0.637877 -133.566572 
-0.599828 -137.365141 
-0.561627 -127.868718 
-0.523295 -127.868718 
-0.484835 -127.868718 
-0.446254 -129.768002 
-0.407564 -120.271579 
-0.368773 -118.372294 
-0.329891 -112.674440 
-0.290928 -110.775156 
-0.251888 -99.379448 
-0.212791 -106.976586 
-0.173641 -105.077302 
-0.134441 -95.580878 
-0.095211 -89.883024 
-0.055962 -93.681594 
-0.016699 -82.285886 
0.022569 -87.983740 
0.061830 -78.487316 
0.101077 -65.192324 
0.140298 -51.897331 
0.179485 -46.199477 
0.218632 -29.105915 
0.257724 -21.508777 
0.296749 -2.515930 
0.335705 6.980493 
0.374574 5.081209 
0.413351 10.779063 
0.452025 25.973340 
0.490592 18.376201 
0.529038 31.671194 
0.567354 44.966187 
0.605533 50.664041 
0.643555 52.563325 
0.681422 60.160464 
0.719117 62.059749 
0.756639 62.059749 
0.793974 60.160464 
0.831109 69.656887 
0.868039 69.656887 
0.904759 71.556172 
0.941259 58.261179 
0.977527 81.052595 
1.013550 86.750449 
1.049323 92.448303 
1.084841 94.347588 
1.120087 98.146157 
1.155053 98.146157 
1.189735 101.944727 
1.224126 107.642581 
1.258219 105.743296 
1.291998 113.340435 
1.325457 119.038289 
1.358594 113.340435 
1.391388 124.736143 
1.423839 132.333281 
1.455939 134.232566 
1.487679 130.433997 
1.519053 134.232566 
1.550055 153.225412 
1.580671 145.628274 
1.610900 157.023982 
1.640729 158.923266 
1.670156 153.225412 
1.699171 160.822551 
1.727764 166.520405 
1.755931 168.419690 
1.783667 176.016828 
1.810963 185.513252 
1.837809 187.412536 
1.864202 189.311821 
1.890135 191.211106 
1.915602 202.606814 
1.940596 196.908960 
1.965112 200.707529 
1.989145 204.506098 
2.012687 210.203952 
2.035731 206.405383 
2.058274 212.103237 
2.080307 215.901806 
2.101829 215.901806 
2.122833 214.002522 
2.143310 229.196799 
2.163261 221.599660 
2.182676 227.297514 
2.201553 231.096084 
2.219894 227.297514 
2.237665 227.297514 
2.254901 227.297514 
2.271579 231.096084 
2.287697 242.491792 
2.303250 244.391076 
2.318235 251.988215 
2.332650 251.988215 
2.346489 242.491792 
2.359747 250.088930 
2.372424 251.988215 
2.384515 253.887500 
2.396017 255.786784 
2.406928 263.383923 
2.417246 257.686069 
2.426968 250.088930 
2.436090 259.585354 
2.444611 267.182492 
2.452531 259.585354 
2.459844 263.383923 
2.466550 278.578200 
2.472648 267.182492 
2.478135 257.686069 
2.483011 274.779631 
2.487276 263.383923 
2.490926 261.484638 
2.493961 269.081777 
2.496381 274.779631 
2.498185 274.779631 
2.499373 269.081777 
2.499944 274.779631 
2.499898 261.484638 
2.499236 274.779631 
2.497957 274.779631 
2.496061 274.779631 
2.493550 270.981062 
2.490423 291.873193 
2.486682 289.973908 
2.482328 274.779631 
2.477361 282.376770 
2.471782 291.873193 
2.465593 288.074624 
2.458795 280.477485 
2.451392 289.973908 
2.443384 280.477485 
2.434771 291.873193 
2.425559 288.074624 
2.415748 295.671762 
2.405342 276.678916 
2.394343 288.074624 
2.382753 286.175339 
2.370574 293.772478 
2.357811 284.276054 
2.344464 280.477485 
2.330540 289.973908 
2.316039 288.074624 
2.300967 289.973908 
2.285329 282.376770 
2.269126 280.477485 
2.252365 272.880346 
2.235047 286.175339 
2.217179 270.981062 
2.198760 274.779631 
2.179802 282.376770 
2.160307 289.973908 
2.140276 267.182492 
2.119718 272.880346 
2.098636 272.880346 
2.077037 272.880346 
2.054925 269.081777 
2.032306 272.880346 
2.009183 276.678916 
1.985569 261.484638 
1.961463 259.585354 
1.936875 265.283208 
1.911807 267.182492 
1.886269 255.786784 
1.860267 255.786784 
1.833805 259.585354 
1.806889 250.088930 
1.779529 255.786784 
1.751727 242.491792 
1.723496 242.491792 
1.694837 242.491792 
1.665760 248.189646 
1.636274 244.391076 
1.606382 227.297514 
1.576093 227.297514 
1.545419 214.002522 
1.514364 223.498945 
1.482931 229.196799 
1.451133 206.405383 
1.418977 210.203952 
1.386470 221.599660 
1.353621 200.707529 
1.320432 198.808244 
1.286923 196.908960 
1.253101 195.009675 
1.218962 204.506098 
1.184529 195.009675 
1.149801 191.211106 
1.114782 191.211106 
1.079498 176.016828 
1.043944 172.218259 
1.008137 160.822551 
0.972077 166.520405 
0.935781 166.520405 
0.899250 153.225412 
0.862494 170.318974 
0.825521 153.225412 
0.788356 145.628274 
0.750996 147.527558 
0.713447 145.628274 
0.675726 141.829705 
0.637838 134.232566 
0.599793 128.534712 
0.561599 120.937573 
0.523268 126.635427 
0.484799 111.441150 
0.446214 103.844011 
0.407524 105.743296 
0.368729 111.441150 
0.329847 109.541865 
0.290883 92.448303 
0.251844 101.944727 
0.212747 88.649734 
0.173593 81.052595 
0.134396 75.354741 
0.095162 84.851165 
0.055913 63.959033 
0.016650 58.261179 
-0.022617 58.261179 
-0.061879 43.066902 
-0.101129 18.376201 
-0.140351 10.779063 
-0.179541 -10.113069 
-0.218688 -21.508777 
-0.257776 -2.515930 
-0.296801 -19.609492 
-0.335757 -31.005200 
-0.374630 -38.602339 
-0.413406 -32.904485 
-0.452081 -46.199477 
-0.490648 -46.199477 
-0.529093 -40.501623 
-0.567405 -51.897331 
-0.605580 -53.796616 
-0.643602 -55.695901 
-0.681469 -74.688747 
-0.719164 -65.192324 
-0.756681 -80.386601 
-0.794012 -105.077302 
-0.831147 -87.983740 
-0.868077 -87.983740 
-0.904797 -87.983740 
-0.941289 -82.285886 
-0.977553 -89.883024 
-1.013572 -95.580878 
-1.049342 -103.178017 
-1.084855 -97.480163 
-1.120098 -103.178017 
-1.155068 -97.480163 
-1.189756 -108.875871 
-1.224144 -120.271579 
-1.258233 -118.372294 
-1.292011 -122.170864 
-1.325471 -120.271579 
-1.358597 -131.667287 
-1.391395 -127.868718 
-1.423846 -135.465856 
-1.455945 -133.566572 
-1.487689 -137.365141 
-1.519062 -148.760849 
-1.550064 -146.861564 
-1.580680 -150.660134 
-1.610907 -148.760849 
-1.640738 -158.257272 
-1.670162 -152.559418 
-1.699174 -154.458703 
-1.727770 -154.458703 
-1.755939 -167.753696 
-1.783672 -158.257272 
-1.810968 -162.055842 
-1.837839 -165.854411 
-1.864235 -169.652980 
-1.890170 -169.652980 
-1.915636 -179.149404 
-1.940630 -173.451550 
-1.965144 -182.947973 
-1.989177 -179.149404 
-2.012716 -179.149404 
-2.035766 -182.947973 
-2.058306 -177.250119 
-2.080338 -182.947973 
-2.101860 -181.048688 
-2.122863 -188.645827 
-2.143342 -200.041535 
-2.163292 -200.041535 
-2.182706 -196.242966 
-2.201582 -205.739389 
-2.219914 -207.638674 
-2.237699 -211.437243 
-2.254932 -203.840104 
-2.271611 -215.235812 
-2.287728 -215.235812 
-2.303283 -215.235812 
-2.318267 -220.933666 
-2.332678 -226.631520 
-2.346514 -220.933666 
-2.359771 -222.832951 
-2.372447 -230.430090 
-2.384536 -234.228659 
-2.396039 -228.530805 
-2.406949 -232.329374 
-2.417266 -241.825798 
-2.426987 -241.825798 
-2.436110 -251.322221 
-2.444630 -249.422936 
-2.452548 -258.919360 
-2.459860 -249.422936 
-2.466565 -258.919360 
-2.472662 -264.617214 
-2.478148 -262.717929 
-2.483023 -270.315068 
-2.487285 -270.315068 
-2.490934 -260.818644 
-2.493968 -274.113637 
-2.496387 -272.214352 
-2.498189 -279.811491 
-2.499375 -274.113637 
-2.499945 -285.509345 
-2.499897 -279.811491 
-2.499233 -281.710775 
-2.497953 -281.710775 
-2.496056 -291.207199 
-2.493542 -310.200045 
-2.490414 -291.207199 
-2.486672 -291.207199 
-2.482315 -291.207199 
-2.477347 -295.005768 
-2.471767 -287.408629 
-2.465576 -287.408629 
-2.458777 -289.307914 
-2.451372 -279.811491 
-2.443363 -287.408629 
-2.434749 -293.106483 
-2.425536 -289.307914 
-2.415724 -295.005768 
-2.405316 -295.005768 
-2.394314 -298.804337 
-2.382722 -298.804337 
-2.370543 -293.106483 
-2.357779 -291.207199 
-2.344430 -295.005768 
-2.330506 -289.307914 
-2.316005 -296.905053 
-2.300934 -293.106483 
-2.285294 -293.106483 
-2.269092 -279.811491 
-2.252330 -276.012922 
-2.235010 -274.113637 
-2.217139 -277.912206 
-2.198723 -272.214352 
-2.179763 -270.315068 
-2.160264 -274.113637 
-2.140235 -279.811491 
-2.119677 -276.012922 
-2.098594 -274.113637 
-2.076994 -272.214352 
-2.054883 -262.717929 
-2.032261 -260.818644 
-2.009142 -257.020075 
-1.985527 -251.322221 
-1.961420 -257.020075 
-1.936831 -249.422936 
-1.911765 -258.919360 
-1.886224 -253.221506 
-1.860221 -257.020075 
-1.833756 -258.919360 
-1.806838 -245.624367 
-1.779478 -247.523652 
-1.751678 -239.926513 
-1.723443 -232.329374 
-1.694786 -243.725082 
-1.665711 -232.329374 
-1.636222 -234.228659 
-1.606333 -230.430090 
-1.576043 -226.631520 
-1.545365 -234.228659 
-1.514309 -224.732236 
-1.482879 -226.631520 
-1.451084 -219.034382 
-1.418930 -219.034382 
-1.386423 -215.235812 
-1.353574 -219.034382 
-1.320394 -201.940820 
-1.286885 -200.041535 
-1.253062 -196.242966 
-1.218927 -201.940820 
-1.184490 -192.444396 
-1.149761 -196.242966 
-1.114749 -196.242966 
-1.079465 -188.645827 
-1.043911 -190.545112 
-1.008104 -175.350834 
-0.972044 -175.350834 
-0.935747 -173.451550 
-0.899216 -169.652980 
-0.862464 -169.652980 
-0.825502 -160.156557 
-0.788336 -163.955126 
-0.750976 -160.156557 
-0.713427 -152.559418 
-0.675706 -148.760849 
-0.637814 -144.962280 
-0.599769 -150.660134 
-0.561572 -139.264426 
-0.523240 -139.264426 
-0.484779 -129.768002 
-0.446199 -124.070148 
-0.407508 -129.768002 
-0.368713 -124.070148 
-0.329827 -124.070148 
-0.290863 -112.674440 
-0.251720 -120.271579 
-0.212622 -112.674440 
-0.173468 -112.674440 
-0.134275 -97.480163 
-0.095062 -95.580878 
-0.055812 -87.983740 
-0.016549 -89.883024 
0.022722 -80.386601 
0.061984 -84.185170 
0.101234 -72.789462 
0.140455 -51.897331 
0.179642 -38.602339 
0.218784 -23.408061 
0.257881 -10.113069 
0.296910 6.980493 
0.335865 5.081209 
0.374734 24.074055 
0.413510 10.779063 
0.452188 16.476917 
0.490758 31.671194 
0.529200 24.074055 
0.567515 29.771909 
0.605686 43.066902 
0.643711 44.966187 
0.681578 50.664041 
0.719276 54.462610 
0.756797 67.757603 
0.794131 56.361895 
0.831265 60.160464 
0.868195 77.254026 
0.904910 63.959033 
0.941405 73.455457 
0.977665 82.951880 
1.013683 88.649734 
1.049455 92.448303 
1.084964 84.851165 
1.120210 98.146157 
1.155179 92.448303 
1.189863 100.045442 
1.224249 107.642581 
1.258337 109.541865 
1.292115 117.139004 
1.325574 113.340435 
1.358709 115.239719 
1.391502 126.635427 
1.423952 126.635427 
1.456050 126.635427 
1.487790 139.930420 
1.519168 134.232566 
1.550169 141.829705 
1.580784 143.728989 
1.611012 136.131851 
1.640839 151.326128 
1.670265 160.822551 
1.699278 158.923266 
1.727872 164.621120 
1.756037 174.117544 
1.783766 168.419690 
1.811060 172.218259 
1.837905 172.218259 
1.864299 191.211106 
1.890233 185.513252 
1.915698 195.009675 
1.940693 204.506098 
1.965207 202.606814 
1.989235 202.606814 
2.012773 214.002522 
2.035815 212.103237 
2.058354 214.002522 
2.080388 215.901806 
2.101908 193.110390 
2.122910 212.103237 
2.143387 219.700376 
2.163334 223.498945 
2.182749 227.297514 
2.201626 240.592507 
2.219957 234.894653 
2.237743 242.491792 
2.254974 236.793938 
2.271649 229.196799 
2.287764 240.592507 
2.303318 244.391076 
2.318307 246.290361 
2.332719 248.189646 
2.346553 251.988215 
2.359807 263.383923 
2.372480 255.786784 
2.384568 250.088930 
2.396069 251.988215 
2.406978 255.786784 
2.417293 270.981062 
2.427012 270.981062 
2.436132 261.484638 
2.444651 259.585354 
2.452567 265.283208 
2.459877 259.585354 
2.466581 263.383923 
2.472675 274.779631 
2.478160 269.081777 
2.483034 276.678916 
2.487294 269.081777 
2.490941 272.880346 
2.493974 270.981062 
2.496391 265.283208 
2.498192 278.578200 
2.499377 267.182492 
2.499945 274.779631 
2.499897 270.981062 
2.499231 278.578200 
2.497949 270.981062 
2.496051 263.383923 
2.493536 274.779631 
2.490407 267.182492 
2.486663 274.779631 
2.482306 284.276054 
2.477336 284.276054 
2.471755 280.477485 
2.465564 286.175339 
2.458765 282.376770 
2.451358 280.477485 
2.443346 270.981062 
2.434732 291.873193 
2.425517 282.376770 
2.415705 288.074624 
2.405295 286.175339 
2.394292 295.671762 
2.382699 280.477485 
2.370517 286.175339 
2.357752 291.873193 
2.344404 289.973908 
2.330478 286.175339 
2.315978 280.477485 
2.300904 288.074624 
2.285265 284.276054 
2.269061 289.973908 
2.252298 272.880346 
2.234980 280.477485 
2.217110 270.981062 
2.198690 278.578200 
2.179729 278.578200 
2.160232 276.678916 
2.140201 272.880346 
2.119641 288.074624 
2.098557 274.779631 
2.076956 274.779631 
2.054844 272.880346 
2.032226 280.477485 
2.009106 274.779631 
1.985488 274.779631 
1.961380 274.779631 
1.936788 263.383923 
1.911721 267.182492 
1.886182 259.585354 
1.860175 265.283208 
1.833712 255.786784 
1.806794 246.290361 
1.779430 259.585354 
1.751618 250.088930 
1.723385 251.988215 
1.694724 251.988215 
1.665645 244.391076 
1.636155 242.491792 
1.606261 244.391076 
1.575971 240.592507 
1.545295 225.398230 
1.514238 221.599660 
1.482805 229.196799 
1.451008 223.498945 
1.418854 219.700376 
1.386349 206.405383 
1.353499 208.304668 
1.320542 214.002522 
1.287038 195.009675 
1.253216 210.203952 
1.219082 195.009675 
1.184647 191.211106 
1.149923 196.908960 
1.114912 183.613967 
1.079625 191.211106 
1.044069 183.613967 
1.008259 187.412536 
0.972203 179.815398 
0.935908 168.419690 
0.899378 166.520405 
0.862627 170.318974 
0.825662 149.426843 
0.788493 164.621120 
0.751130 160.822551 
0.713582 139.930420 
0.675858 141.829705 
0.637967 138.031135 
0.599918 141.829705 
0.561721 122.836858 
0.523386 132.333281 
0.484926 117.139004 
0.446346 120.937573 
0.407655 105.743296 
0.368865 109.541865 
0.329983 94.347588 
0.291016 101.944727 
0.251977 100.045442 
0.212876 94.347588 
0.173726 86.750449 
0.134533 88.649734 
0.095304 52.563325 
0.056054 69.656887 
0.016791 67.757603 
-0.022480 69.656887 
-0.061742 48.764756 
-0.100988 31.671194 
-0.140213 -4.415215 
-0.179400 -8.213784 
-0.218543 -2.515930 
-0.257632 -13.911638 
-0.296661 -12.012353 
-0.335613 -23.408061 
-0.374486 -31.005200 
-0.413267 -36.703054 
-0.451946 -38.602339 
-0.490509 -42.400908 
-0.528955 -42.400908 
-0.567271 -48.098762 
-0.605443 -57.595185 
-0.643469 -51.897331 
-0.681341 -65.192324 
-0.719036 -63.293039 
-0.756554 -65.192324 
-0.793890 -72.789462 
-0.831025 -68.990893 
-0.867960 -82.285886 
-0.904676 -80.386601 
-0.941170 -72.789462 
-0.977431 -93.681594 
-1.013451 -82.285886 
-1.049221 -89.883024 
-1.084732 -91.782309 
-1.119975 -97.480163 
-1.154942 -99.379448 
-1.189628 -101.278732 
-1.224017 -103.178017 
-1.258107 -116.473010 
-1.291887 -135.465856 
-1.325348 -120.271579 
-1.358479 -122.170864 
-1.391277 -146.861564 
-1.423729 -112.674440 
-1.455837 -133.566572 
-1.487579 -125.969433 
-1.518953 -129.768002 
-1.549953 -133.566572 
-1.580574 -139.264426 
-1.610802 -135.465856 
-1.640635 -127.868718 
-1.670063 -135.465856 
-1.699080 -137.365141 
-1.727674 -135.465856 
-1.755842 -143.062995 
-1.783579 -143.062995 
-1.810877 -144.962280 
-1.837724 -143.062995 
-1.864119 -148.760849 
-1.890056 -158.257272 
-1.915527 -152.559418 
-1.940523 -160.156557 
-1.965042 -165.854411 
-1.989077 -165.854411 
-2.012618 -184.847258 
-2.035665 -184.847258 
-2.058207 -188.645827 
-2.080242 -196.242966 
-2.101764 -196.242966 
-2.122769 -196.242966 
-2.143250 -209.537958 
-2.163203 -205.739389 
-2.182621 -203.840104 
-2.201501 -209.537958 
-2.219838 -219.034382 
-2.237627 -211.437243 
-2.254863 -215.235812 
-2.271541 -203.840104 
-2.287662 -219.034382 
-2.303217 -224.732236 
-2.318205 -219.034382 
-2.332620 -234.228659 
-2.346458 -228.530805 
-2.359718 -236.127944 
-2.372395 -234.228659 
-2.384488 -234.228659 
-2.395993 -234.228659 
-2.406906 -243.725082 
-2.417225 -243.725082 
-2.426947 -249.422936 
-2.436072 -239.926513 
-2.444595 -253.221506 
-2.452515 -257.020075 
-2.459831 -253.221506 
-2.466539 -258.919360 
-2.472638 -260.818644 
-2.478126 -266.516498 
-2.483004 -264.617214 
-2.487269 -262.717929 
-2.490920 -272.214352 
-2.493956 -260.818644 
-2.496377 -277.912206 
-2.498183 -272.214352 
-2.499372 -270.315068 
-2.499944 -283.610060 
-2.499899 -279.811491 
-2.499237 -285.509345 
-2.497959 -285.509345 
-2.496064 -283.610060 
-2.493554 -289.307914 
-2.490428 -289.307914 
-2.486675 -291.207199 
-2.482319 -293.106483 
-2.477351 -296.905053 
-2.471771 -323.495038 
-2.465582 -293.106483 
-2.458783 -289.307914 
-2.451379 -293.106483 
-2.443370 -283.610060 
-2.434759 -295.005768 
-2.425544 -293.106483 
-2.415734 -295.005768 
-2.405327 -302.602907 
-2.394327 -302.602907 
-2.382736 -298.804337 
-2.370557 -298.804337 
-2.357792 -296.905053 
-2.344446 -296.905053 
-2.330521 -291.207199 
-2.316020 -295.005768 
-2.300949 -298.804337 
-2.285311 -287.408629 
-2.269109 -298.804337 
-2.252349 -285.509345 
-2.235030 -283.610060 
-2.217162 -272.214352 
-2.198637 -276.012922 
-2.179674 -285.509345 
-2.160173 -277.912206 
-2.140141 -279.811491 
-2.119579 -276.012922 
-2.098496 -276.012922 
-2.076893 -276.012922 
-2.054778 -272.214352 
-2.032155 -272.214352 
-2.009031 -258.919360 
-1.985414 -266.516498 
-1.961307 -260.818644 
-1.936711 -258.919360 
-1.911640 -258.919360 
-1.886097 -258.919360 
-1.860092 -262.717929 
-1.833624 -257.020075 
-1.806704 -247.523652 
-1.779342 -247.523652 
-1.751537 -236.127944 
-1.723300 -238.027228 
-1.694641 -234.228659 
-1.665561 -239.926513 
-1.636070 -236.127944 
-1.606178 -236.127944 
-1.575890 -230.430090 
-1.545207 -232.329374 
-1.514152 -222.832951 
-1.482717 -226.631520 
-1.450916 -226.631520 
-1.418761 -219.034382 
-1.386255 -220.933666 
-1.353404 -209.537958 
-1.320223 -205.739389 
-1.286709 -203.840104 
-1.252881 -203.840104 
-1.218747 -198.142250 
-1.184312 -201.940820 
-1.149582 -200.041535 
-1.114572 -200.041535 
-1.079283 -194.343681 
-1.043728 -188.645827 
-1.007919 -184.847258 
-0.971813 -184.847258 
-0.935515 -173.451550 
-0.898983 -173.451550 
-0.862225 -177.250119 
-0.825254 -162.055842 
-0.788087 -160.156557 
-0.750726 -154.458703 
-0.713180 -154.458703 
-0.675453 -144.962280 
-0.637561 -144.962280 
-0.599514 -150.660134 
-0.561320 -139.264426 
-0.522987 -131.667287 
-0.484526 -133.566572 
-0.445944 -122.170864 
-0.407249 -131.667287 
-0.368453 -125.969433 
-0.329571 -124.070148 
-0.290607 -112.674440 
-0.251567 -124.070148 
-0.212469 -112.674440 
-0.173319 -99.379448 
-0.134122 -95.580878 
-0.094896 -99.379448 
-0.055647 -89.883024 
-0.016384 -87.983740 
0.022884 -87.983740 
