0.000024 -125.969433 
0.117796 -116.473010 
0.235305 -110.775156 
0.352281 -78.487316 
0.468474 -25.307346 
0.583627 -6.314499 
0.697485 16.476917 
0.809794 33.570479 
0.920306 41.167617 
1.028785 43.066902 
1.134980 44.966187 
1.238644 62.059749 
1.339569 60.160464 
1.437510 71.556172 
1.532268 88.649734 
1.623625 98.146157 
1.711367 107.642581 
1.795319 117.139004 
1.875276 109.541865 
1.951078 126.635427 
2.022540 130.433997 
2.089519 141.829705 
2.151859 158.923266 
2.209414 149.426843 
2.262070 172.218259 
2.309698 174.117544 
2.352203 177.916113 
2.389482 187.412536 
2.421458 196.908960 
2.448059 191.211106 
2.469221 196.908960 
2.484903 204.506098 
2.495067 215.901806 
2.499692 212.103237 
2.498766 223.498945 
2.492293 223.498945 
2.480287 232.995368 
2.462773 227.297514 
2.439791 234.894653 
2.411394 234.894653 
2.377640 251.988215 
2.338607 240.592507 
2.294380 250.088930 
2.245065 244.391076 
2.190766 244.391076 
2.131597 253.887500 
2.067695 240.592507 
1.999201 261.484638 
1.926269 246.290361 
1.849059 250.088930 
1.767752 255.786784 
1.682512 242.491792 
1.593536 244.391076 
1.501031 244.391076 
1.405194 248.189646 
1.306237 248.189646 
1.204359 236.793938 
1.099818 227.297514 
0.992845 227.297514 
0.883668 225.398230 
0.772518 223.498945 
0.659653 210.203952 
0.545335 214.002522 
0.429806 202.606814 
0.313311 204.506098 
0.196120 187.412536 
0.078494 181.714682 
-0.039294 185.513252 
-0.157007 170.318974 
-0.274360 166.520405 
-0.391115 158.923266 
-0.506991 147.527558 
-0.621740 120.937573 
-0.735121 44.966187 
-0.846858 -2.515930 
-0.956716 -21.508777 
-1.064449 -31.005200 
-1.169830 -44.300193 
-1.272613 -61.393755 
-1.372561 -67.091609 
-1.469471 -95.580878 
-1.563118 -103.178017 
-1.653286 -103.178017 
-1.739792 -108.875871 
-1.822426 -112.674440 
-1.901023 -124.070148 
-1.975398 -120.271579 
-2.045387 -131.667287 
-2.110828 -143.062995 
-2.171589 -154.458703 
-2.227523 -160.156557 
-2.278511 -167.753696 
-2.324441 -173.451550 
-2.365211 -179.149404 
-2.400734 -181.048688 
-2.430926 -190.545112 
-2.455720 -209.537958 
-2.475059 -220.933666 
-2.488904 -215.235812 
-2.497224 -226.631520 
-2.500000 -217.135097 
-2.497226 -228.530805 
-2.488908 -241.825798 
-2.475063 -238.027228 
-2.455720 -234.228659 
-2.430926 -241.825798 
-2.400737 -239.926513 
-2.365219 -249.422936 
-2.324450 -247.523652 
-2.278516 -262.717929 
-2.227528 -253.221506 
-2.171589 -251.322221 
-2.110828 -257.020075 
-2.045380 -249.422936 
-1.975391 -245.624367 
-1.901023 -236.127944 
-1.822434 -255.120790 
-1.739792 -239.926513 
-1.653295 -241.825798 
-1.563118 -241.825798 
-1.469481 -230.430090 
-1.372571 -243.725082 
-1.272613 -228.530805 
-1.169841 -232.329374 
-1.064460 -230.430090 
-0.956727 -220.933666 
-0.846870 -219.034382 
-0.735133 -224.732236 
-0.621752 -203.840104 
-0.506991 -205.739389 
-0.391104 -198.142250 
-0.274348 -186.746542 
-0.156983 -184.847258 
-0.039270 -179.149404 
0.078530 -165.854411 
0.196156 -165.854411 
0.313335 -160.156557 
0.429818 -150.660134 
0.545347 -122.170864 
0.659676 -38.602339 
0.772541 -2.515930 
0.883680 18.376201 
0.992856 33.570479 
1.099828 62.059749 
1.204359 52.563325 
1.306216 62.059749 
1.405184 67.757603 
1.501031 82.951880 
1.592994 82.951880 
1.681992 100.045442 
1.767255 103.844011 
1.848586 105.743296 
1.925821 117.139004 
1.998779 139.930420 
2.067300 153.225412 
2.131230 143.728989 
2.190422 151.326128 
2.244751 158.923266 
2.294097 168.419690 
2.338350 166.520405 
2.377411 185.513252 
2.411195 189.311821 
2.439629 193.110390 
2.462644 162.721836 
2.480193 208.304668 
2.492234 212.103237 
2.498743 183.613967 
2.499703 229.196799 
2.495114 214.002522 
2.484985 225.398230 
2.469340 242.491792 
2.448213 229.196799 
2.421648 242.491792 
2.389709 259.585354 
2.352462 236.793938 
2.309990 255.786784 
2.262395 244.391076 
2.209771 255.786784 
2.152241 257.686069 
2.089931 244.391076 
2.022989 259.585354 
1.951547 251.988215 
1.875773 251.988215 
1.795842 255.786784 
1.711924 248.189646 
1.624196 250.088930 
1.532862 259.585354 
1.438124 259.585354 
1.340203 251.988215 
1.239307 244.391076 
1.135638 232.995368 
1.029458 234.894653 
0.921004 227.297514 
0.810493 227.297514 
0.698159 214.002522 
0.584310 212.103237 
0.469164 204.506098 
0.352964 204.506098 
0.235993 195.009675 
0.118485 185.513252 
0.000727 191.211106 
-0.117033 187.412536 
-0.234534 168.419690 
-0.351513 172.218259 
-0.467713 153.225412 
-0.582885 143.728989 
-0.696822 111.441150 
-0.809152 35.469763 
-0.919675 -12.012353 
-1.028156 -19.609492 
-1.134354 -84.185170 
-1.238045 -65.192324 
-1.338976 -59.494470 
-1.436935 -74.688747 
-1.531713 -103.178017 
-1.623081 -95.580878 
-1.710855 -97.480163 
-1.794830 -99.379448 
-1.874820 -110.775156 
-1.950646 -118.372294 
-2.022134 -135.465856 
-2.089140 -148.760849 
-2.151507 -156.357988 
-2.209097 -163.955126 
-2.261781 -162.055842 
-2.309439 -179.149404 
-2.351969 -182.947973 
-2.389279 -177.250119 
-2.421284 -179.149404 
-2.447914 -184.847258 
-2.469109 -205.739389 
-2.484823 -211.437243 
-2.495022 -220.933666 
-2.499680 -226.631520 
-2.498789 -234.228659 
-2.492350 -224.732236 
-2.480378 -245.624367 
-2.462900 -239.926513 
-2.439954 -236.127944 
-2.411592 -243.725082 
-2.377875 -247.523652 
-2.338880 -245.624367 
-2.294693 -245.624367 
-2.245411 -249.422936 
-2.191145 -249.422936 
-2.132014 -251.322221 
-2.068151 -247.523652 
-1.999696 -243.725082 
-1.926801 -243.725082 
-1.849629 -241.825798 
-1.768351 -236.127944 
-1.683139 -249.422936 
-1.594198 -247.523652 
-1.501718 -238.027228 
-1.405905 -230.430090 
-1.306960 -228.530805 
-1.205113 -220.933666 
-1.100590 -207.638674 
-0.993623 -207.638674 
-0.884450 -211.437243 
-0.773313 -234.228659 
-0.660459 -219.034382 
-0.546150 -217.135097 
-0.430629 -226.631520 
-0.314140 -219.034382 
-0.196953 -209.537958 
-0.079342 -198.142250 
0.038447 -184.847258 
0.156149 -188.645827 
0.273517 -181.048688 
0.390266 -165.854411 
0.506148 -129.768002 
0.620895 -78.487316 
0.734276 -27.206631 
0.846038 6.980493 
0.955921 18.376201 
1.063682 39.268333 
1.169070 52.563325 
1.271863 67.757603 
1.371832 82.951880 
1.468775 92.448303 
1.562438 96.246873 
1.652641 101.944727 
1.739165 103.844011 
1.821829 117.139004 
1.900456 107.642581 
1.974856 109.541865 
2.044872 109.541865 
2.110348 120.937573 
2.171145 126.635427 
2.227121 153.225412 
2.278147 174.117544 
2.324116 183.613967 
2.364929 195.009675 
2.400487 183.613967 
2.430716 187.412536 
2.455549 191.211106 
2.474931 191.211106 
2.488819 185.513252 
2.497181 208.304668 
2.500000 215.901806 
2.497268 214.002522 
2.488992 227.297514 
2.475189 234.894653 
2.455892 236.793938 
2.431143 248.189646 
2.400990 244.391076 
2.365513 229.196799 
2.324784 251.988215 
2.278895 242.491792 
2.227940 244.391076 
2.172033 246.290361 
2.111315 251.988215 
2.045909 250.088930 
1.975962 248.189646 
1.901628 255.786784 
1.823073 253.887500 
1.740470 246.290361 
1.653994 244.391076 
1.563846 238.693222 
1.470225 250.088930 
1.373340 244.391076 
1.273416 244.391076 
1.170654 236.793938 
1.065304 242.491792 
0.957588 238.693222 
0.847736 234.894653 
0.736001 229.196799 
0.622643 225.398230 
0.507892 214.002522 
0.392025 208.304668 
0.275287 202.606814 
0.157926 187.412536 
0.040227 174.117544 
-0.077574 174.117544 
-0.195190 166.520405 
-0.312386 160.822551 
-0.428887 145.628274 
-0.544425 138.031135 
-0.658753 109.541865 
-0.771631 48.764756 
-0.882784 -6.314499 
-0.991978 -32.904485 
-1.098980 -42.400908 
-1.203542 -44.300193 
-1.305431 -78.487316 
-1.404412 -72.789462 
-1.500285 -76.588032 
-1.592817 -82.285886 
-1.681822 -82.285886 
-1.767084 -95.580878 
-1.848431 -93.681594 
-1.925674 -116.473010 
-1.998641 -131.667287 
-2.067163 -144.962280 
-2.131097 -152.559418 
-2.190311 -169.652980 
-2.244655 -177.250119 
-2.294015 -182.947973 
-2.338277 -181.048688 
-2.377348 -182.947973 
-2.411141 -186.746542 
-2.439584 -184.847258 
-2.462611 -188.645827 
-2.480167 -201.940820 
-2.492218 -207.638674 
-2.498736 -219.034382 
-2.499707 -224.732236 
-2.495128 -220.933666 
-2.485009 -224.732236 
-2.469374 -232.329374 
-2.448255 -238.027228 
-2.421699 -234.228659 
-2.389770 -245.624367 
-2.352535 -249.422936 
-2.310074 -258.919360 
-2.262482 -257.020075 
-2.209867 -260.818644 
-2.152352 -257.020075 
-2.090051 -251.322221 
-2.023110 -249.422936 
-1.951684 -245.624367 
-1.875917 -234.228659 
-1.795976 -239.926513 
-1.712065 -234.228659 
-1.624352 -234.228659 
-1.533024 -228.530805 
-1.438302 -234.228659 
-1.340377 -228.530805 
-1.239486 -228.530805 
-1.135843 -220.933666 
-1.029679 -220.933666 
-0.921229 -217.135097 
-0.810722 -219.034382 
-0.698415 -211.437243 
-0.584569 -203.840104 
-0.469426 -213.336528 
-0.353228 -203.840104 
-0.236258 -196.242966 
-0.118751 -188.645827 
-0.000981 -179.149404 
0.116779 -177.250119 
0.234280 -171.552265 
0.351273 -165.854411 
0.467486 -150.660134 
0.582650 -114.573725 
0.696519 -44.300193 
0.808843 1.282639 
0.919382 20.275486 
1.027880 48.764756 
1.134095 62.059749 
1.237782 54.462610 
1.338720 54.462610 
1.436687 73.455457 
1.531464 82.951880 
1.622842 98.146157 
1.710626 100.045442 
1.794602 103.844011 
1.874595 113.340435 
1.950427 128.534712 
2.021928 128.534712 
2.088941 143.728989 
2.151322 151.326128 
2.208921 145.628274 
2.261621 143.728989 
2.309295 160.822551 
2.351846 160.822551 
2.389172 170.318974 
2.421193 189.311821 
2.447840 214.002522 
2.469052 212.103237 
2.484783 210.203952 
2.494999 227.297514 
2.499674 206.405383 
2.498800 214.002522 
2.492377 229.196799 
2.480421 234.894653 
2.462956 234.894653 
2.440023 251.988215 
2.411675 244.391076 
2.377973 251.988215 
2.338987 257.686069 
2.294813 242.491792 
2.245379 250.088930 
2.191110 244.391076 
2.131976 227.297514 
2.068110 248.189646 
1.999652 246.290361 
1.926747 263.383923 
1.849572 257.686069 
1.768291 255.786784 
1.683076 246.290361 
1.594133 253.887500 
1.501641 255.786784 
1.405815 244.391076 
1.306877 240.592507 
1.205038 234.894653 
1.100524 238.693222 
0.993556 238.693222 
0.884382 227.297514 
0.773255 227.297514 
0.660401 214.002522 
0.546079 212.103237 
0.430546 208.304668 
0.314068 204.506098 
0.196893 198.808244 
0.079281 195.009675 
-0.038519 183.613967 
-0.156222 181.714682 
-0.273590 168.419690 
-0.390350 155.124697 
-0.506232 149.426843 
-0.620989 124.736143 
-0.734380 58.261179 
-0.846140 -2.515930 
-0.956022 -13.911638 
-1.063780 -27.206631 
-1.169166 -51.897331 
-1.271956 -59.494470 
-1.371933 -68.990893 
-1.468863 -78.487316 
-1.562523 -82.285886 
-1.652713 -87.983740 
-1.739235 -105.077302 
-1.821904 -99.379448 
-1.900519 -114.573725 
-1.974915 -127.868718 
-2.044934 -141.163710 
-2.110413 -154.458703 
-2.171199 -160.156557 
-2.227171 -167.753696 
-2.278197 -181.048688 
-2.324169 -184.847258 
-2.364976 -190.545112 
-2.400531 -192.444396 
-2.430753 -198.142250 
-2.455579 -205.739389 
-2.474954 -198.142250 
-2.488834 -203.840104 
-2.497189 -211.437243 
-2.500000 -211.437243 
-2.497259 -226.631520 
-2.488974 -236.127944 
-2.475163 -236.127944 
-2.455860 -241.825798 
-2.431104 -249.422936 
-2.400950 -245.624367 
-2.365462 -241.825798 
-2.324722 -247.523652 
-2.278820 -258.919360 
-2.227863 -262.717929 
-2.171955 -260.818644 
-2.111230 -258.919360 
-2.045819 -257.020075 
-1.975858 -257.020075 
-1.901518 -251.322221 
-1.822940 -239.926513 
-1.740322 -241.825798 
-1.653840 -232.329374 
-1.563685 -234.228659 
-1.470069 -236.127944 
-1.373188 -230.430090 
-1.273260 -232.329374 
-1.170504 -234.228659 
-1.065139 -224.732236 
-0.957409 -219.034382 
-0.847565 -224.732236 
-0.735816 -220.933666 
-0.622444 -211.437243 
-0.507690 -200.041535 
-0.391797 -203.840104 
-0.275058 -184.847258 
-0.157709 -182.947973 
-0.040009 -177.250119 
0.077792 -173.451550 
0.195420 -169.652980 
0.312614 -158.257272 
0.429114 -141.163710 
0.544649 -135.465856 
0.658987 -72.789462 
0.771850 -4.415215 
0.883011 12.678347 
0.992211 22.174771 
1.099208 54.462610 
1.203765 62.059749 
1.305638 63.959033 
1.404622 63.959033 
1.500479 79.153311 
1.593003 92.448303 
1.682001 98.146157 
1.767272 105.743296 
1.848610 119.038289 
1.925836 115.239719 
1.998787 120.937573 
2.067300 132.333281 
2.131230 139.930420 
2.190422 143.728989 
2.244756 120.937573 
2.294101 162.721836 
2.338358 170.318974 
2.377423 176.016828 
2.411205 189.311821 
2.439640 196.908960 
2.462656 198.808244 
2.480204 212.103237 
2.492241 225.398230 
2.498745 217.801091 
2.499702 225.398230 
2.495109 236.793938 
2.484977 225.398230 
2.469327 225.398230 
2.448196 232.995368 
2.421627 229.196799 
2.389681 244.391076 
2.352425 242.491792 
2.309953 246.290361 
2.262343 257.686069 
2.209720 246.290361 
2.152191 261.484638 
2.089878 253.887500 
2.022925 253.887500 
1.951487 265.283208 
1.875717 255.786784 
1.795774 255.786784 
1.711853 255.786784 
1.624131 255.786784 
1.532795 255.786784 
1.438065 238.693222 
1.340132 242.491792 
1.239213 234.894653 
1.135552 231.096084 
1.029370 234.894653 
0.920914 229.196799 
0.810424 231.096084 
0.698125 227.297514 
0.584275 217.801091 
0.469128 214.002522 
0.352940 206.405383 
0.235957 198.808244 
0.118461 198.808244 
0.000690 187.412536 
-0.117082 176.016828 
-0.234582 174.117544 
-0.351561 164.621120 
-0.467784 151.326128 
-0.582944 138.031135 
-0.696810 115.239719 
-0.809141 56.361895 
-0.919675 -2.515930 
-1.028178 -23.408061 
-1.134376 -31.005200 
-1.238055 -65.192324 
-1.338996 -70.890178 
-1.436975 -76.588032 
-1.531761 -95.580878 
-1.623137 -101.278732 
-1.710899 -106.976586 
-1.794898 -106.976586 
-1.874884 -106.976586 
-1.950699 -131.667287 
-2.022191 -129.768002 
-2.089187 -133.566572 
-2.151556 -148.760849 
-2.209136 -165.854411 
-2.261812 -167.753696 
-2.309466 -175.350834 
-2.351998 -182.947973 
-2.389307 -182.947973 
-2.421311 -188.645827 
-2.447938 -200.041535 
-2.469128 -203.840104 
-2.484837 -209.537958 
-2.495029 -207.638674 
-2.499682 -220.933666 
-2.498785 -230.430090 
-2.492341 -234.228659 
-2.480362 -232.329374 
-2.462875 -228.530805 
-2.439923 -230.430090 
-2.411547 -241.825798 
-2.377819 -243.725082 
-2.338812 -243.725082 
-2.294611 -241.825798 
-2.245316 -255.120790 
-2.191034 -249.422936 
-2.131888 -253.221506 
-2.068008 -257.020075 
-1.999543 -253.221506 
-1.926647 -247.523652 
-1.849466 -241.825798 
-1.768180 -243.725082 
-1.682960 -232.329374 
-1.594002 -228.530805 
-1.501515 -224.732236 
-1.405674 -226.631520 
-1.306733 -228.530805 
-1.204890 -219.034382 
-1.100361 -220.933666 
-0.993378 -219.034382 
-0.884212 -203.840104 
-0.773083 -203.840104 
-0.660214 -211.437243 
-0.545902 -200.041535 
-0.430379 -196.242966 
-0.313888 -186.746542 
-0.196712 -184.847258 
-0.079099 -173.451550 
0.038701 -165.854411 
0.156415 -163.955126 
0.273770 -148.760849 
0.390529 -150.660134 
0.506433 -141.163710 
0.621201 -124.070148 
0.734589 -42.400908 
0.846334 5.081209 
0.956212 20.275486 
1.063956 48.764756 
1.169337 62.059749 
1.272123 60.160464 
1.372095 77.254026 
1.469020 69.656887 
1.562683 79.153311 
1.652868 88.649734 
1.739391 98.146157 
1.822045 105.743296 
1.900661 120.937573 
1.975049 120.937573 
2.045053 134.232566 
2.110530 147.527558 
2.171313 155.124697 
2.227281 155.124697 
2.278297 158.923266 
2.324250 158.923266 
2.365046 177.916113 
2.400592 185.513252 
2.430804 176.016828 
2.455622 210.203952 
2.474988 200.707529 
2.488857 210.203952 
2.497200 225.398230 
2.500000 225.398230 
2.497249 215.901806 
2.488952 234.894653 
2.475131 234.894653 
2.455815 231.096084 
2.431044 244.391076 
2.400879 240.592507 
2.365384 240.592507 
2.324637 240.592507 
2.278725 251.988215 
2.227754 259.585354 
2.171841 250.088930 
2.111107 259.585354 
2.045687 263.383923 
1.975717 246.290361 
1.901369 251.988215 
1.822799 251.988215 
1.740174 265.283208 
1.653685 250.088930 
1.563534 246.290361 
1.469912 251.988215 
1.373026 236.793938 
1.273072 246.290361 
1.170311 236.793938 
1.064942 234.894653 
0.957208 227.297514 
0.847360 217.801091 
0.735619 223.498945 
0.622256 215.901806 
0.507512 214.002522 
0.391630 204.506098 
0.274878 206.405383 
0.157515 196.908960 
0.039791 189.311821 
-0.078010 187.412536 
-0.195637 177.916113 
-0.312830 176.016828 
-0.429317 162.721836 
-0.544850 147.527558 
-0.659174 120.937573 
-0.772034 54.462610 
-0.883204 -6.314499 
-0.992389 -15.810923 
-1.099372 -27.206631 
-1.203913 -55.695901 
-1.305782 -55.695901 
-1.404753 -70.890178 
-1.500614 -99.379448 
-1.593144 -106.976586 
-1.682135 -99.379448 
-1.767392 -105.077302 
-1.848725 -112.674440 
-1.925944 -124.070148 
-1.998888 -133.566572 
-2.067402 -143.062995 
-2.131325 -154.458703 
-2.190509 -156.357988 
-2.244836 -165.854411 
-2.294178 -177.250119 
-2.338422 -182.947973 
-2.377479 -190.545112 
-2.411253 -198.142250 
-2.439677 -198.142250 
-2.462684 -201.940820 
-2.480222 -205.739389 
-2.492253 -215.235812 
-2.498750 -215.235812 
-2.499700 -219.034382 
-2.495100 -226.631520 
-2.484961 -230.430090 
-2.469304 -241.825798 
-2.448162 -243.725082 
-2.421588 -239.926513 
-2.389631 -257.020075 
-2.352371 -247.523652 
-2.309888 -257.020075 
-2.262276 -251.322221 
-2.209635 -258.919360 
-2.152087 -258.919360 
-2.089772 -255.120790 
-2.022818 -258.919360 
-1.951373 -251.322221 
-1.875581 -255.120790 
-1.795631 -247.523652 
-1.711694 -238.027228 
-1.623956 -238.027228 
-1.532603 -236.127944 
-1.437847 -226.631520 
-1.339896 -234.228659 
-1.238981 -230.430090 
-1.135315 -226.631520 
-1.029127 -226.631520 
-0.920666 -224.732236 
-0.810149 -219.034382 
-0.697834 -209.537958 
-0.583957 -213.336528 
-0.468795 -209.537958 
-0.352592 -196.242966 
-0.235607 -198.142250 
-0.118098 -192.444396 
-0.000327 -175.350834 
0.117445 -173.451550 
0.234956 -163.955126 
0.351933 -163.955126 
0.468153 -146.861564 
0.583333 -141.163710 
0.697194 -65.192324 
0.809519 -2.515930 
0.920035 5.081209 
1.028520 43.066902 
1.134710 50.664041 
1.238392 60.160464 
1.339324 73.455457 
1.437282 69.656887 
1.532048 77.254026 
1.623404 90.549019 
1.711155 92.448303 
1.795117 109.541865 
1.875100 109.541865 
1.950911 126.635427 
2.022391 136.131851 
2.089386 145.628274 
2.151735 149.426843 
2.209312 151.326128 
2.261977 153.225412 
2.309615 158.923266 
2.352133 168.419690 
2.389421 181.714682 
2.421407 183.613967 
2.448014 208.304668 
2.469187 198.808244 
2.484878 206.405383 
2.495053 223.498945 
2.499688 217.801091 
2.498774 229.196799 
2.492312 229.196799 
2.480316 236.793938 
2.462813 232.995368 
2.439843 238.693222 
2.411461 242.491792 
2.377718 236.793938 
2.338701 251.988215 
2.294481 244.391076 
2.245172 253.887500 
2.190877 250.088930 
2.131717 251.988215 
2.067831 251.988215 
1.999354 248.189646 
1.926438 251.988215 
1.849238 251.988215 
1.767932 270.981062 
1.682700 259.585354 
1.593741 253.887500 
1.501244 250.088930 
1.405414 240.592507 
1.306443 251.988215 
1.204582 229.196799 
1.100057 229.196799 
0.993078 234.894653 
0.883906 221.599660 
0.772772 229.196799 
0.659922 214.002522 
0.545607 223.498945 
0.430068 206.405383 
0.313587 208.304668 
0.196398 198.808244 
0.078760 200.707529 
-0.039052 189.311821 
-0.156754 177.916113 
-0.274107 176.016828 
-0.390864 160.822551 
-0.506742 158.923266 
-0.621506 119.038289 
-0.735295 52.563325 
-0.847041 -12.012353 
-0.956906 -15.810923 
-1.064635 -38.602339 
-1.170023 -46.199477 
-1.272790 -48.098762 
-1.372733 -65.192324 
-1.469647 -95.580878 
-1.563279 -101.278732 
-1.653449 -105.077302 
-1.739948 -110.775156 
-1.822575 -112.674440 
-1.901164 -118.372294 
-1.975524 -120.271579 
-2.045506 -139.264426 
-2.110945 -150.660134 
-2.171691 -162.055842 
-2.227622 -163.955126 
-2.278601 -169.652980 
-2.324526 -186.746542 
-2.365286 -179.149404 
-2.400795 -184.847258 
-2.430974 -196.242966 
-2.455758 -209.537958 
-2.475090 -211.437243 
-2.488926 -205.739389 
-2.497236 -217.135097 
-2.500000 -220.933666 
-2.497213 -224.732236 
-2.488882 -236.127944 
-2.475022 -234.228659 
-2.455668 -241.825798 
-2.430861 -245.624367 
-2.400659 -249.422936 
-2.365125 -251.322221 
-2.324339 -251.322221 
-2.278396 -247.523652 
-2.227396 -255.120790 
-2.171445 -258.919360 
-2.110679 -253.221506 
-2.045227 -262.717929 
-1.975227 -255.120790 
-1.900850 -247.523652 
-1.822252 -249.422936 
-1.739600 -239.926513 
-1.653086 -232.329374 
-1.562901 -234.228659 
-1.469236 -230.430090 
-1.372328 -239.926513 
-1.272363 -226.631520 
-1.169584 -224.732236 
-1.064208 -228.530805 
-0.956469 -226.631520 
-0.846596 -220.933666 
-0.734855 -209.537958 
-0.621482 -207.638674 
-0.506718 -201.940820 
-0.390828 -203.840104 
-0.274071 -194.343681 
-0.156693 -186.746542 
-0.038992 -181.048688 
0.078797 -181.048688 
0.196410 -167.753696 
0.313599 -163.955126 
0.430092 -163.955126 
0.545619 -143.062995 
0.659933 -120.271579 
0.772783 -15.810923 
0.883929 12.678347 
0.993101 37.369048 
1.100068 54.462610 
1.204593 58.261179 
1.306443 62.059749 
1.405394 84.851165 
1.501234 77.254026 
1.593741 79.153311 
1.682709 94.347588 
1.767932 107.642581 
1.849230 111.441150 
1.926423 120.937573 
1.999347 134.232566 
2.067831 138.031135 
2.131717 143.728989 
2.190871 153.225412 
2.245166 158.923266 
2.294472 157.023982 
2.338684 176.016828 
2.377707 191.211106 
2.411454 198.808244 
2.439843 208.304668 
2.462815 204.506098 
2.480316 196.908960 
2.492311 219.700376 
2.498774 219.700376 
2.499688 219.700376 
2.495052 229.196799 
2.484878 234.894653 
2.469187 229.196799 
2.448012 246.290361 
2.421404 231.096084 
2.389421 251.988215 
2.352129 251.988215 
2.309619 240.592507 
2.261977 259.585354 
2.209312 242.491792 
2.151735 255.786784 
2.089386 248.189646 
2.022391 250.088930 
1.950919 246.290361 
1.875108 246.290361 
1.795142 265.283208 
1.711182 248.189646 
1.623422 253.887500 
1.532048 227.297514 
1.437272 255.786784 
1.339314 246.290361 
1.238381 236.793938 
1.134699 236.793938 
1.028509 236.793938 
0.920024 219.700376 
0.809508 221.599660 
0.697194 214.002522 
0.583333 219.700376 
0.468177 208.304668 
0.351969 200.707529 
0.234992 198.808244 
0.117493 200.707529 
-0.000279 191.211106 
-0.118038 189.311821 
-0.235547 176.016828 
-0.352533 166.520405 
-0.468736 162.721836 
-0.583898 124.736143 
-0.697752 60.160464 
-0.810058 12.678347 
-0.920565 -21.508777 
-1.029039 -25.307346 
-1.135228 -55.695901 
-1.238897 -55.695901 
-1.339815 -70.890178 
-1.437757 -84.185170 
-1.532498 -95.580878 
-1.623837 -97.480163 
-1.711579 -103.178017 
-1.795513 -106.976586 
-1.875469 -124.070148 
-1.951260 -133.566572 
-2.022718 -139.264426 
-2.089686 -156.357988 
-2.152013 -165.854411 
-2.209556 -158.257272 
-2.262194 -175.350834 
-2.309809 -169.652980 
-2.352298 -184.847258 
-2.389567 -181.048688 
-2.421528 -194.343681 
-2.448113 -203.840104 
-2.469263 -239.926513 
-2.484931 -215.235812 
-2.495083 -211.437243 
-2.499696 -217.135097 
-2.498758 -211.437243 
-2.492273 -232.329374 
-2.480254 -228.530805 
-2.462727 -234.228659 
-2.439735 -251.322221 
-2.411327 -249.422936 
-2.377565 -255.120790 
-2.338525 -245.624367 
-2.294294 -257.020075 
-2.244964 -257.020075 
-2.190497 -255.120790 
-2.131312 -258.919360 
-2.067395 -253.221506 
-1.998874 -257.020075 
-1.925929 -241.825798 
-1.848692 -253.221506 
-1.767358 -238.027228 
-1.682109 -228.530805 
-1.593125 -239.926513 
-1.500595 -236.127944 
-1.404733 -230.430090 
-1.305762 -262.717929 
-1.203881 -230.430090 
-1.099328 -226.631520 
-0.992345 -219.034382 
-0.883147 -215.235812 
-0.772000 -215.235812 
-0.659127 -207.638674 
-0.544803 -211.437243 
-0.429257 -194.343681 
-0.312770 -211.437243 
-0.195565 -196.242966 
-0.077937 -181.048688 
0.039851 -182.947973 
0.157564 -171.552265 
0.274914 -163.955126 
0.391654 -152.559418 
0.507548 -154.458703 
0.622292 -135.465856 
0.735654 -48.098762 
0.847405 1.282639 
0.957264 20.275486 
1.064986 43.066902 
1.170365 63.959033 
1.273134 60.160464 
1.373067 69.656887 
1.469961 73.455457 
1.563581 82.951880 
1.653731 90.549019 
1.740209 100.045442 
1.822832 98.146157 
1.901408 120.937573 
1.975769 126.635427 
2.045728 136.131851 
2.111153 149.426843 
2.171889 145.628274 
2.227808 145.628274 
2.278775 157.023982 
2.324682 164.621120 
2.365423 177.916113 
2.400916 179.815398 
2.431078 198.808244 
2.455840 204.506098 
2.475150 196.908960 
2.488966 208.304668 
2.497255 221.599660 
2.500000 219.700376 
2.497194 223.498945 
2.488845 251.988215 
2.474969 227.297514 
2.455597 231.096084 
2.430776 242.491792 
2.400558 234.894653 
2.365007 250.088930 
2.324205 240.592507 
2.278247 250.088930 
2.227226 255.786784 
2.171253 242.491792 
2.110465 261.484638 
2.044997 250.088930 
1.974990 248.189646 
1.900598 257.686069 
1.821978 265.283208 
1.739313 259.585354 
1.652804 250.088930 
1.562598 244.391076 
1.468942 244.391076 
1.372024 240.592507 
1.272050 242.491792 
1.169262 231.096084 
1.063868 232.995368 
0.956100 227.297514 
0.846232 225.398230 
0.734484 217.801091 
0.621095 212.103237 
0.506315 206.405383 
0.390446 204.506098 
0.273686 200.707529 
0.156318 191.211106 
0.038604 191.211106 
-0.079196 183.613967 
-0.196796 174.117544 
-0.313984 168.419690 
-0.430474 151.326128 
-0.546009 145.628274 
-0.660331 119.038289 
-0.773186 54.462610 
-0.884325 -8.213784 
-0.993490 -8.213784 
-1.100459 -34.803769 
-1.204975 -57.595185 
-1.306825 -57.595185 
-1.405774 -74.688747 
-1.501592 -91.782309 
-1.594077 -91.782309 
-1.683031 -110.775156 
-1.768249 -110.775156 
-1.849532 -114.573725 
-1.926716 -125.969433 
-1.999616 -133.566572 
-2.068083 -143.062995 
-2.131957 -154.458703 
-2.191098 -156.357988 
-2.245369 -167.753696 
-2.294659 -165.854411 
-2.338855 -182.947973 
-2.377857 -186.746542 
-2.411579 -188.645827 
-2.439946 -203.840104 
-2.462894 -200.041535 
-2.480375 -211.437243 
-2.492348 -213.336528 
-2.498788 -211.437243 
-2.499681 -219.034382 
-2.495023 -226.631520 
-2.484807 -230.430090 
-2.469086 -226.631520 
-2.447884 -238.027228 
-2.421244 -243.725082 
-2.389229 -247.523652 
-2.351908 -257.020075 
-2.309364 -245.624367 
-2.261693 -253.221506 
-2.208995 -249.422936 
-2.151402 -260.818644 
-2.089027 -255.120790 
-2.022021 -266.516498 
-1.950525 -255.120790 
-1.874699 -243.725082 
-1.794704 -258.919360 
-1.710732 -245.624367 
-1.622953 -239.926513 
-1.531570 -243.725082 
-1.436796 -226.631520 
-1.338823 -234.228659 
-1.237876 -239.926513 
-1.134192 -228.530805 
-1.027990 -220.933666 
-0.919506 -226.631520 
-0.808969 -211.437243 
-0.696636 -205.739389 
-0.582756 -203.840104 
-0.467594 -200.041535 
-0.351381 -194.343681 
-0.234401 -186.746542 
-0.116900 -184.847258 
0.000872 -175.350834 
0.118642 -169.652980 
0.236149 -160.156557 
0.353180 -150.660134 
0.469378 -143.062995 
0.584534 -137.365141 
0.698392 -57.595185 
0.810699 6.980493 
0.921195 3.181924 
1.029646 41.167617 
1.135811 63.959033 
1.239454 52.563325 
1.340346 62.059749 
1.438263 77.254026 
1.532986 90.549019 
1.624316 92.448303 
1.712038 100.045442 
1.795951 105.743296 
1.875893 115.239719 
1.951661 124.736143 
2.023088 138.031135 
2.090031 153.225412 
2.152333 138.031135 
2.209862 153.225412 
2.262472 160.822551 
2.310060 170.318974 
2.352519 174.117544 
2.389759 181.714682 
2.421690 198.808244 
2.448247 196.908960 
2.469367 200.707529 
2.485004 210.203952 
2.495125 215.901806 
2.499706 195.009675 
2.498737 227.297514 
2.492220 231.096084 
2.480169 215.901806 
2.462613 234.894653 
2.439590 231.096084 
2.411147 234.894653 
2.377351 246.290361 
2.338277 242.491792 
2.294010 246.290361 
2.244649 248.189646 
2.190299 244.391076 
2.131090 251.988215 
2.067150 250.088930 
1.998612 257.686069 
1.925643 255.786784 
1.848407 267.182492 
1.767067 253.887500 
1.681831 246.290361 
1.592835 244.391076 
1.500294 246.290361 
1.404422 248.189646 
1.305431 236.793938 
1.203542 229.196799 
1.098991 242.491792 
0.991989 221.599660 
0.882796 232.995368 
0.771631 229.196799 
0.658753 212.103237 
0.544425 221.599660 
0.428875 214.002522 
0.312374 196.908960 
0.195190 196.908960 
0.077574 191.211106 
-0.040215 181.714682 
-0.157926 176.016828 
-0.275287 168.419690 
-0.392037 162.721836 
-0.507904 149.426843 
-0.622655 111.441150 
-0.736036 52.563325 
-0.847759 -51.897331 
-0.957611 -17.710207 
-1.065326 -27.206631 
-1.170675 -53.796616 
-1.273426 -55.695901 
-1.373350 -80.386601 
-1.470225 -89.883024 
-1.563846 -95.580878 
-1.653994 -97.480163 
-1.740470 -103.178017 
-1.823081 -112.674440 
-1.901636 -120.271579 
-1.975977 -139.264426 
-2.045930 -137.365141 
-2.111341 -150.660134 
-2.172063 -160.156557 
-2.227962 -171.552265 
-2.278910 -167.753696 
-2.324802 -167.753696 
-2.365529 -182.947973 
-2.401007 -179.149404 
-2.431152 -200.041535 
-2.455901 -196.242966 
-2.475198 -209.537958 
-2.488997 -220.933666 
-2.497271 -211.437243 
-2.500000 -220.933666 
-2.497178 -220.933666 
-2.488812 -222.832951 
-2.474919 -238.027228 
-2.455531 -228.530805 
-2.430694 -249.422936 
-2.400457 -251.322221 
-2.364889 -251.322221 
-2.324071 -253.221506 
-2.278092 -255.120790 
-2.227055 -249.422936 
-2.171079 -253.221506 
-2.110283 -264.617214 
-2.044802 -255.120790 
-1.974782 -249.422936 
-1.900377 -249.422936 
-1.821746 -245.624367 
-1.739070 -241.825798 
-1.652541 -238.027228 
-1.562343 -234.228659 
-1.468667 -228.530805 
-1.371741 -228.530805 
-1.271758 -224.732236 
-1.168963 -224.732236 
-1.063561 -220.933666 
-0.955798 -211.437243 
-0.845912 -211.437243 
-0.734149 -203.840104 
-0.620743 -209.537958 
-0.505971 -196.242966 
-0.390087 -194.343681 
-0.273325 -192.444396 
-0.155968 -175.350834 
-0.038253 -173.451550 
0.079535 -175.350834 
0.197159 -160.156557 
0.314332 -152.559418 
0.430820 -150.660134 
0.546351 -143.062995 
0.660669 -68.990893 
0.773947 -15.810923 
0.885084 8.879778 
0.994234 31.671194 
1.101177 58.261179 
1.205686 62.059749 
1.307507 62.059749 
1.406435 52.563325 
1.502241 75.354741 
1.594720 88.649734 
1.683640 100.045442 
1.768822 94.347588 
1.850086 113.340435 
1.927233 126.635427 
2.000110 138.031135 
2.068545 141.829705 
2.132381 143.728989 
2.191489 149.426843 
2.245731 158.923266 
2.294986 155.124697 
2.339150 166.520405 
2.378111 195.009675 
2.411796 189.311821 
2.440123 185.513252 
2.463031 202.606814 
2.480474 206.405383 
2.492411 204.506098 
2.498812 214.002522 
2.499668 229.196799 
2.494970 231.096084 
2.484732 221.599660 
2.468978 231.096084 
2.447744 227.297514 
2.421075 244.391076 
2.389029 244.391076 
2.351678 244.391076 
2.309105 253.887500 
2.261409 242.491792 
2.208694 251.988215 
2.151063 250.088930 
2.088668 242.491792 
2.021636 257.686069 
1.950108 253.887500 
1.874259 267.182492 
1.794240 255.786784 
1.710237 246.290361 
1.622437 244.391076 
1.531043 246.290361 
1.436241 240.592507 
1.338250 236.793938 
1.237287 242.491792 
1.133577 236.793938 
1.027350 240.592507 
0.918853 234.894653 
0.808316 227.297514 
0.695984 215.901806 
0.582096 215.901806 
0.466892 214.002522 
0.350686 200.707529 
0.233690 196.908960 
0.116174 195.009675 
-0.001599 191.211106 
-0.119356 181.714682 
-0.236849 172.218259 
-0.353828 168.419690 
-0.470009 157.023982 
-0.585146 119.038289 
-0.698985 62.059749 
-0.811284 10.779063 
-0.921803 -42.400908 
-1.030253 -31.005200 
-1.136404 -49.998047 
-1.240033 -57.595185 
-1.340929 -76.588032 
-1.438817 -89.883024 
-1.533531 -93.681594 
-1.624840 -97.480163 
-1.712533 -99.379448 
-1.796431 -112.674440 
-1.876333 -122.170864 
-1.952085 -133.566572 
-2.023494 -143.062995 
-2.090403 -154.458703 
-2.152684 -152.559418 
-2.210179 -163.955126 
-2.262771 -173.451550 
-2.310333 -175.350834 
-2.352765 -182.947973 
-2.389969 -184.847258 
-2.421868 -184.847258 
-2.448392 -196.242966 
-2.469480 -207.638674 
-2.485085 -220.933666 
-2.495170 -217.135097 
-2.499717 -215.235812 
-2.498713 -220.933666 
-2.492161 -224.732236 
-2.480077 -232.329374 
-2.462485 -228.530805 
-2.439428 -234.228659 
-2.410955 -251.322221 
-2.377126 -257.020075 
-2.338015 -255.120790 
-2.293716 -258.919360 
-2.244329 -255.120790 
-2.189960 -258.919360 
-2.130729 -258.919360 
-2.066761 -253.221506 
-1.998204 -255.120790 
-1.925218 -257.020075 
-1.847950 -243.725082 
-1.766587 -249.422936 
-1.681284 -239.926513 
-1.592257 -236.127944 
-1.499684 -238.027228 
-1.403791 -226.631520 
-1.304780 -220.933666 
-1.202884 -220.933666 
-1.098305 -224.732236 
-0.991288 -222.832951 
-0.882070 -213.336528 
-0.770905 -209.537958 
-0.658006 -211.437243 
-0.543656 -198.142250 
-0.428112 -200.041535 
-0.311605 -196.242966 
-0.194381 -182.947973 
-0.076763 -177.250119 
0.041050 -165.854411 
0.158748 -165.854411 
0.276106 -158.257272 
0.392850 -154.458703 
0.509007 -150.660134 
0.623734 -129.768002 
0.737077 -53.796616 
0.848784 -6.314499 
0.958618 12.678347 
1.066377 46.865471 
1.171713 63.959033 
1.274437 63.959033 
1.374352 81.052595 
1.471195 77.254026 
1.564772 82.951880 
1.654884 98.146157 
1.741322 92.448303 
1.823893 107.642581 
1.902414 122.836858 
1.976711 124.736143 
2.046619 134.232566 
2.111976 134.232566 
2.172656 145.628274 
2.228501 166.520405 
2.279397 155.124697 
2.325243 162.721836 
2.365924 174.117544 
2.401348 193.110390 
2.431437 185.513252 
2.456132 195.009675 
2.475371 206.405383 
2.489113 208.304668 
2.497329 212.103237 
2.499999 221.599660 
2.497119 227.297514 
2.488694 223.498945 
2.474743 234.894653 
2.455299 229.196799 
2.430404 236.793938 
2.400111 242.491792 
2.364488 229.196799 
2.323620 240.592507 
2.277593 250.088930 
2.226504 248.189646 
2.170478 255.786784 
2.109633 246.290361 
2.044098 251.988215 
1.974024 253.887500 
1.899567 265.283208 
1.820900 255.786784 
1.738190 250.088930 
1.651622 251.988215 
1.561388 250.088930 
1.467677 246.290361 
1.370708 238.693222 
1.270694 236.793938 
1.167860 232.995368 
1.062443 223.498945 
0.954656 227.297514 
0.844750 225.398230 
0.732968 214.002522 
0.619558 215.901806 
0.504784 191.211106 
0.388890 202.606814 
0.272121 200.707529 
0.154759 195.009675 
0.037042 189.311821 
-0.080746 181.714682 
-0.198354 174.117544 
-0.315522 166.520405 
-0.432001 153.225412 
-0.547521 153.225412 
-0.661814 117.139004 
-0.774649 46.865471 
-0.885753 -6.314499 
-0.994901 -19.609492 
-1.101840 -21.508777 
-1.206333 -53.796616 
-1.308137 -63.293039 
-1.407046 -76.588032 
-1.502832 -91.782309 
-1.595280 -99.379448 
-1.684195 -101.278732 
-1.769353 -105.077302 
-1.850591 -120.271579 
-1.927727 -120.271579 
-2.000575 -131.667287 
-2.068974 -150.660134 
-2.132786 -154.458703 
-2.191856 -162.055842 
-2.246066 -167.753696 
-2.295289 -175.350834 
-2.339415 -181.048688 
-2.378342 -175.350834 
-2.411990 -188.645827 
-2.440289 -194.343681 
-2.463164 -198.142250 
-2.480572 -213.336528 
-2.492471 -222.832951 
-2.498837 -220.933666 
-2.499655 -220.933666 
-2.494923 -224.732236 
-2.484652 -230.430090 
-2.468866 -238.027228 
-2.447598 -241.825798 
-2.420891 -251.322221 
-2.388811 -247.523652 
-2.351427 -257.020075 
-2.308826 -258.919360 
-2.261094 -260.818644 
-2.208348 -255.120790 
-2.150692 -260.818644 
-2.088262 -266.516498 
-2.021201 -255.120790 
-1.949646 -257.020075 
-1.873770 -253.221506 
-1.793725 -245.624367 
-1.709698 -243.725082 
-1.621874 -241.825798 
-1.530449 -241.825798 
-1.435626 -224.732236 
-1.337615 -228.530805 
-1.236645 -234.228659 
-1.132929 -226.631520 
-1.026687 -224.732236 
-0.918177 -219.034382 
-0.807616 -219.034382 
-0.695275 -213.336528 
-0.581377 -203.840104 
-0.466189 -194.343681 
-0.349966 -196.242966 
-0.232978 -186.746542 
-0.115473 -182.947973 
0.002289 -177.250119 
0.120046 -167.753696 
0.237548 -160.156557 
0.354523 -158.257272 
0.470711 -146.861564 
0.585841 -131.667287 
0.699671 -59.494470 
0.811948 8.879778 
0.922422 12.678347 
1.030860 39.268333 
1.136998 63.959033 
1.240622 43.066902 
1.341491 73.455457 
1.439471 75.354741 
1.534469 75.354741 
1.625742 94.347588 
1.713397 94.347588 
1.797248 100.045442 
1.877117 124.736143 
1.952811 126.635427 
2.024177 132.333281 
2.091054 141.829705 
2.153275 138.031135 
2.210711 153.225412 
2.263249 151.326128 
2.310758 160.822551 
2.353137 166.520405 
2.390292 189.311821 
2.422141 181.714682 
2.448617 189.311821 
2.469651 200.707529 
2.485203 204.506098 
2.495238 212.103237 
2.499733 219.700376 
2.498679 229.196799 
2.492076 229.196799 
2.479941 221.599660 
2.462301 231.096084 
2.439195 229.196799 
2.410670 242.491792 
2.376796 234.894653 
2.337642 246.290361 
2.293297 246.290361 
2.243860 242.491792 
2.189446 255.786784 
2.130153 248.189646 
2.066141 248.189646 
1.997549 251.988215 
1.924523 257.686069 
1.847224 259.585354 
1.765824 251.988215 
1.680504 250.088930 
1.591444 248.189646 
1.498850 248.189646 
1.402939 242.491792 
1.303912 210.203952 
1.201992 242.491792 
1.097391 234.894653 
0.990354 227.297514 
0.881141 225.398230 
0.769961 227.297514 
0.657071 221.599660 
0.542722 210.203952 
0.427157 198.808244 
0.310655 196.908960 
0.193464 195.009675 
0.075843 193.110390 
-0.041946 183.613967 
-0.159643 176.016828 
-0.276984 174.117544 
-0.393711 164.621120 
-0.509564 149.426843 
-0.624286 111.441150 
-0.737633 46.865471 
-0.849331 -2.515930 
-0.959154 -17.710207 
-1.066837 -23.408061 
-1.172163 -53.796616 
-1.274875 -59.494470 
-1.374767 -78.487316 
-1.471606 -89.883024 
-1.565178 -97.480163 
-1.655275 -95.580878 
-1.741687 -101.278732 
-1.824233 -105.077302 
-1.902736 -120.271579 
-1.977015 -135.465856 
-2.046904 -137.365141 
-2.112242 -154.458703 
-2.172890 -162.055842 
-2.228720 -171.552265 
-2.279601 -173.451550 
-2.325416 -167.753696 
-2.366073 -177.250119 
-2.401476 -190.545112 
-2.431546 -190.545112 
-2.456216 -200.041535 
-2.475432 -209.537958 
-2.489154 -217.135097 
-2.497349 -220.933666 
-2.499999 -220.933666 
-2.497098 -226.631520 
-2.488651 -226.631520 
-2.474681 -238.027228 
-2.455215 -243.725082 
-2.430294 -247.523652 
-2.399979 -249.422936 
-2.364339 -264.617214 
-2.323446 -258.919360 
-2.277398 -251.322221 
-2.226295 -260.818644 
-2.170244 -255.120790 
-2.109373 -257.020075 
-2.043826 -257.020075 
-1.973741 -262.717929 
-1.899275 -251.322221 
-1.820593 -253.221506 
-1.737860 -245.624367 
-1.651268 -236.127944 
-1.561009 -232.329374 
-1.467295 -238.027228 
-1.370323 -230.430090 
-1.270256 -224.732236 
-1.167410 -226.631520 
-1.061982 -226.631520 
-0.954186 -219.034382 
-0.844271 -211.437243 
-0.732481 -211.437243 
-0.619077 -203.840104 
-0.504298 -198.142250 
-0.388388 -198.142250 
-0.271615 -188.645827 
-0.154227 -184.847258 
-0.036509 -169.652980 
0.081278 -175.350834 
0.198897 -169.652980 
0.316075 -162.055842 
0.432550 -148.760849 
0.548065 -135.465856 
0.662351 -76.588032 
0.775179 -6.314499 
0.886274 14.577632 
0.995423 29.771909 
1.102351 60.160464 
1.206831 62.059749 
1.308622 62.059749 
1.407507 69.656887 
1.503277 84.851165 
1.595709 82.951880 
1.684598 105.743296 
1.769738 94.347588 
1.850949 107.642581 
1.928051 130.433997 
2.000873 136.131851 
2.069252 130.433997 
2.133038 138.031135 
2.192089 155.124697 
2.246273 155.124697 
2.295476 166.520405 
2.339581 164.621120 
2.378492 185.513252 
2.412130 191.211106 
2.440402 191.211106 
2.463255 206.405383 
2.480638 212.103237 
2.492512 212.103237 
2.498853 227.297514 
2.499646 232.995368 
2.494890 227.297514 
2.484596 231.096084 
2.468784 234.894653 
2.447490 223.498945 
2.420764 246.290361 
2.388665 240.592507 
2.351262 244.391076 
2.308635 251.988215 
2.260888 251.988215 
2.208121 250.088930 
2.150445 255.786784 
2.088002 251.988215 
2.020923 255.786784 
1.949358 251.988215 
1.873465 263.383923 
1.793405 259.585354 
1.709371 246.290361 
1.621533 244.391076 
1.530095 242.491792 
1.435269 246.290361 
1.337247 240.592507 
1.236266 240.592507 
1.132540 231.096084 
1.026290 236.793938 
0.917760 227.297514 
0.807192 204.506098 
0.694833 221.599660 
0.580930 219.700376 
0.465749 189.311821 
0.349534 206.405383 
0.232544 202.606814 
0.115025 189.311821 
-0.002737 187.412536 
-0.120506 176.016828 
-0.237994 172.218259 
-0.354967 162.721836 
-0.471139 168.419690 
-0.586277 120.937573 
-0.700113 52.563325 
-0.812395 10.779063 
-0.922873 -12.012353 
-1.031290 -29.105915 
-1.137429 -46.199477 
-1.241042 -49.998047 
-1.341900 -72.789462 
-1.439788 -86.084455 
-1.534469 -87.983740 
-1.625972 -89.883024 
-1.713618 -95.580878 
-1.797476 -99.379448 
-1.877333 -120.271579 
-1.953023 -137.365141 
-2.024376 -144.962280 
-2.091227 -148.760849 
-2.153454 -154.458703 
-2.210886 -163.955126 
-2.263404 -175.350834 
-2.310902 -169.652980 
-2.353268 -175.350834 
-2.390409 -186.746542 
-2.422240 -194.343681 
-2.448693 -198.142250 
-2.469712 -207.638674 
-2.485247 -219.034382 
-2.495263 -219.034382 
-2.499739 -224.732236 
-2.498666 -220.933666 
-2.492045 -222.832951 
-2.479891 -228.530805 
-2.462232 -238.027228 
-2.439104 -236.127944 
-2.410564 -241.825798 
-2.376669 -257.020075 
-2.337500 -253.221506 
-2.293142 -258.919360 
-2.243689 -257.020075 
-2.189259 -255.120790 
-2.129962 -260.818644 
-2.065936 -255.120790 
-1.997323 -260.818644 
-1.924283 -260.818644 
-1.846971 -245.624367 
-1.765549 -245.624367 
-1.680208 -243.725082 
-1.591145 -239.926513 
-1.498531 -238.027228 
-1.402608 -226.631520 
-1.303571 -230.430090 
-1.201641 -224.732236 
-1.097043 -222.832951 
-0.990010 -215.235812 
-0.880767 -215.235812 
-0.769569 -215.235812 
-0.656662 -205.739389 
-0.542297 -196.242966 
-0.426739 -200.041535 
-0.310222 -186.746542 
-0.193029 -181.048688 
-0.075395 -179.149404 
0.042395 -175.350834 
0.160090 -162.055842 
0.277430 -167.753696 
0.394166 -148.760849 
0.510026 -143.062995 
0.624743 -127.868718 
0.738073 -46.199477 
0.849764 12.678347 
0.959580 12.678347 
1.067265 43.066902 
1.172569 60.160464 
1.275281 60.160464 
1.375151 69.656887 
1.471978 75.354741 
1.565528 84.851165 
1.655601 100.045442 
1.742000 98.146157 
1.824539 107.642581 
1.903019 120.937573 
1.977282 126.635427 
2.047148 136.131851 
2.112475 141.829705 
2.173106 147.527558 
2.228918 160.822551 
2.279775 158.923266 
2.325572 166.520405 
2.366210 174.117544 
2.401594 189.311821 
2.431642 181.714682 
2.456292 187.412536 
2.475489 206.405383 
2.489191 208.304668 
2.497367 210.203952 
2.499998 223.498945 
2.497079 234.894653 
2.488615 227.297514 
2.474626 225.398230 
2.455144 236.793938 
2.430209 229.196799 
2.399880 236.793938 
2.364221 234.894653 
2.323307 250.088930 
2.277238 242.491792 
2.226119 240.592507 
2.170057 259.585354 
2.109172 251.988215 
2.043610 244.391076 
1.973503 255.786784 
1.899015 259.585354 
1.820319 257.686069 
1.737572 244.391076 
1.650968 244.391076 
1.560697 246.290361 
1.466971 240.592507 
1.369988 236.793938 
1.269964 231.096084 
1.167110 234.894653 
1.061675 227.297514 
0.953873 225.398230 
0.843952 227.297514 
0.732169 212.103237 
0.618760 210.203952 
0.503966 208.304668 
0.388065 200.707529 
0.271290 195.009675 
0.153913 195.009675 
0.036206 193.110390 
-0.081581 181.714682 
-0.199187 166.520405 
-0.316351 158.923266 
-0.432812 153.225412 
-0.548325 145.628274 
-0.662632 117.139004 
-0.775467 52.563325 
-0.886557 -2.515930 
-0.995690 -19.609492 
-1.102612 -31.005200 
-1.207086 -51.897331 
-1.308880 -49.998047 
-1.407757 -80.386601 
-1.503509 -101.278732 
-1.595923 -93.681594 
-1.684795 -99.379448 
-1.769935 -103.178017 
-1.851136 -116.473010 
-1.928228 -118.372294 
-2.001047 -135.465856 
-2.069415 -143.062995 
-2.133196 -156.357988 
-2.192241 -160.156557 
-2.246412 -173.451550 
-2.295596 -179.149404 
-2.339684 -182.947973 
-2.378577 -186.746542 
-2.412191 -182.947973 
-2.440452 -184.847258 
-2.463294 -201.940820 
-2.480665 -211.437243 
-2.492529 -213.336528 
-2.498859 -226.631520 
-2.499642 -220.933666 
-2.494876 -219.034382 
-2.484569 -234.228659 
-2.468745 -234.228659 
-2.447440 -236.127944 
-2.420704 -230.430090 
-2.388593 -243.725082 
-2.351176 -245.624367 
-2.308542 -251.322221 
-2.260784 -255.120790 
-2.207996 -255.120790 
-2.150309 -253.221506 
-2.087849 -266.516498 
-2.020759 -258.919360 
-1.949176 -255.120790 
-1.873272 -255.120790 
-1.793202 -251.322221 
-1.709150 -241.825798 
-1.621312 -236.127944 
-1.529865 -232.329374 
-1.435021 -222.832951 
-1.337001 -220.933666 
-1.236013 -213.336528 
-1.132270 -224.732236 
-1.026024 -220.933666 
-0.917489 -213.336528 
-0.806906 -211.437243 
-0.694553 -211.437243 
-0.580659 -200.041535 
-0.465475 -188.645827 
-0.349259 -186.746542 
-0.232254 -184.847258 
-0.114747 -177.250119 
