0.000014 -89.883024 
0.133460 -80.386601 
0.266526 -76.588032 
0.398832 -53.796616 
0.530001 -23.408061 
0.659658 1.282639 
0.787448 16.476917 
0.912979 22.174771 
1.035920 37.369048 
1.155894 48.764756 
1.272584 44.966187 
1.385633 63.959033 
1.494743 69.656887 
1.599579 84.851165 
1.699854 94.347588 
1.795292 100.045442 
1.885601 120.937573 
1.970534 117.139004 
2.049848 132.333281 
2.123324 132.333281 
2.190745 143.728989 
2.251918 162.721836 
2.306664 160.822551 
2.354837 176.016828 
2.396294 176.016828 
2.430918 196.908960 
2.458609 202.606814 
2.479286 202.606814 
2.492894 214.002522 
2.499394 195.009675 
2.498768 214.002522 
2.491016 231.096084 
2.476161 221.599660 
2.454244 229.196799 
2.425331 236.793938 
2.389502 229.196799 
2.346860 240.592507 
2.297526 251.988215 
2.241642 244.391076 
2.179359 242.491792 
2.110868 240.592507 
2.036359 257.686069 
1.956035 259.585354 
1.870141 251.988215 
1.778876 240.592507 
1.682566 238.693222 
1.581457 250.088930 
1.475838 238.693222 
1.366010 244.391076 
1.252298 246.290361 
1.135004 227.297514 
1.014485 238.693222 
0.891073 221.599660 
0.765108 227.297514 
0.636960 214.002522 
0.506996 206.405383 
0.375600 212.103237 
0.243092 202.606814 
0.109876 198.808244 
-0.023598 195.009675 
-0.157005 187.412536 
-0.289978 176.016828 
-0.422124 174.117544 
-0.553052 160.822551 
-0.682404 122.836858 
-0.809823 54.462610 
-0.934945 -10.113069 
-1.057376 -21.508777 
-1.176803 -31.005200 
-1.292875 -68.990893 
-1.405248 -63.293039 
-1.513625 -82.285886 
-1.617685 -105.077302 
-1.717122 -99.379448 
-1.811672 -106.976586 
-1.901056 -114.573725 
-1.985018 -114.573725 
-2.063311 -131.667287 
-2.135722 -152.559418 
-2.202042 -160.156557 
-2.262084 -167.753696 
-2.315681 -184.847258 
-2.362674 -190.545112 
-2.402933 -188.645827 
-2.436331 -200.041535 
-2.462785 -190.545112 
-2.482214 -203.840104 
-2.494565 -209.537958 
-2.499803 -211.437243 
-2.497914 -211.437243 
-2.488901 -220.933666 
-2.472790 -222.832951 
-2.449629 -228.530805 
-2.419484 -224.732236 
-2.382440 -238.027228 
-2.338599 -234.228659 
-2.288093 -234.228659 
-2.231064 -251.322221 
-2.167659 -249.422936 
-2.098071 -258.919360 
-2.022514 -245.624367 
-1.941191 -251.322221 
-1.854323 -257.020075 
-1.762177 -257.020075 
-1.664996 -243.725082 
-1.563078 -245.624367 
-1.456703 -234.228659 
-1.346174 -224.732236 
-1.231795 -234.228659 
-1.113903 -224.732236 
-0.992846 -219.034382 
-0.868946 -213.336528 
-0.742581 -207.638674 
-0.614086 -203.840104 
-0.483852 -198.142250 
-0.352226 -194.343681 
-0.219608 -188.645827 
-0.086351 -179.149404 
0.047139 -171.552265 
0.180495 -167.753696 
0.313349 -169.652980 
0.445297 -148.760849 
0.575975 -143.062995 
0.705010 -97.480163 
0.832048 -23.408061 
0.956713 8.879778 
1.078638 27.872625 
1.197499 44.966187 
1.312945 63.959033 
1.424646 67.757603 
1.532274 71.556172 
1.635543 79.153311 
1.734147 88.649734 
1.827797 103.844011 
1.916235 113.340435 
1.999209 115.239719 
2.076491 130.433997 
2.147851 147.527558 
2.213085 160.822551 
2.272002 158.923266 
2.324441 166.520405 
2.370256 158.923266 
2.409308 189.311821 
2.441491 189.311821 
2.466712 195.009675 
2.484899 215.901806 
2.496002 210.203952 
2.499988 215.901806 
2.496844 227.297514 
2.486582 227.297514 
2.469227 208.304668 
2.444830 240.592507 
2.413461 229.196799 
2.375213 229.196799 
2.330188 240.592507 
2.278523 242.491792 
2.220361 240.592507 
2.155868 246.290361 
2.085228 263.383923 
2.008635 250.088930 
1.926313 251.988215 
1.838497 253.887500 
1.745448 242.491792 
1.647412 248.189646 
1.544689 244.391076 
1.437561 242.491792 
1.326334 242.491792 
1.211325 231.096084 
1.092863 236.793938 
0.971271 231.096084 
0.846923 225.398230 
0.720160 225.398230 
0.591343 210.203952 
0.460841 215.901806 
0.329024 210.203952 
0.196269 208.304668 
0.062955 202.606814 
-0.070553 189.311821 
-0.203846 189.311821 
-0.336557 174.117544 
-0.468322 166.520405 
-0.598739 158.923266 
-0.727448 115.239719 
-0.854096 46.865471 
-0.978308 -10.113069 
-1.099718 -21.508777 
-1.218004 -36.703054 
-1.332817 -53.796616 
-1.443817 -63.293039 
-1.550701 -97.480163 
-1.653163 -89.883024 
-1.750921 -106.976586 
-1.843686 -103.178017 
-1.931192 -112.674440 
-2.013183 -124.070148 
-2.089442 -141.163710 
-2.159741 -148.760849 
-2.223875 -165.854411 
-2.281674 -169.652980 
-2.332960 -173.451550 
-2.377599 -182.947973 
-2.415453 -192.444396 
-2.446455 -196.242966 
-2.470438 -200.041535 
-2.487377 -209.537958 
-2.497224 -213.336528 
-2.499951 -219.034382 
-2.495548 -241.825798 
-2.484031 -230.430090 
-2.465430 -236.127944 
-2.439800 -230.430090 
-2.407213 -239.926513 
-2.367758 -241.825798 
-2.321556 -234.228659 
-2.268734 -247.523652 
-2.209436 -245.624367 
-2.143845 -255.120790 
-2.072134 -257.020075 
-1.994504 -251.322221 
-1.911212 -253.221506 
-1.822462 -255.120790 
-1.728516 -257.020075 
-1.629641 -255.120790 
-1.526119 -241.825798 
-1.418247 -241.825798 
-1.306330 -236.127944 
-1.190676 -234.228659 
-1.071627 -230.430090 
-0.949534 -220.933666 
-0.824721 -215.235812 
-0.697556 -211.437243 
-0.568415 -207.638674 
-0.437640 -200.041535 
-0.305630 -196.242966 
-0.172735 -188.645827 
-0.039361 -182.947973 
0.094152 -182.947973 
0.227370 -173.451550 
0.359939 -163.955126 
0.491482 -160.156557 
0.621637 -112.674440 
0.750006 -25.307346 
0.876262 5.081209 
1.000006 20.275486 
1.120886 44.966187 
1.238570 29.771909 
1.352722 52.563325 
1.463018 73.455457 
1.569142 77.254026 
1.670802 84.851165 
1.767697 96.246873 
1.859550 107.642581 
1.946101 120.937573 
2.027085 132.333281 
2.102306 145.628274 
2.171531 145.628274 
2.234557 157.023982 
2.291216 149.426843 
2.341337 168.419690 
2.384786 174.117544 
2.421434 176.016828 
2.451174 204.506098 
2.473926 204.506098 
2.489622 206.405383 
2.498220 210.203952 
2.499693 225.398230 
2.494039 221.599660 
2.481274 240.592507 
2.461431 234.894653 
2.434572 229.196799 
2.400767 231.096084 
2.360115 244.391076 
2.312738 231.096084 
2.258767 240.592507 
2.198355 242.491792 
2.131675 251.988215 
2.058917 255.786784 
1.980280 248.189646 
1.895995 253.887500 
1.806313 248.189646 
1.711480 259.585354 
1.611767 246.290361 
1.507448 251.988215 
1.398841 246.290361 
1.286234 238.693222 
1.169958 242.491792 
1.050359 227.297514 
0.927751 231.096084 
0.802511 223.498945 
0.674983 217.801091 
0.545530 219.700376 
0.414522 215.901806 
0.282318 204.506098 
0.149309 204.506098 
0.015888 195.009675 
-0.117592 189.311821 
-0.250737 181.714682 
-0.383167 172.218259 
-0.514490 166.520405 
-0.644360 157.023982 
-0.772405 107.642581 
-0.898235 31.671194 
-1.021502 -23.408061 
-1.141856 -21.508777 
-1.258954 -82.285886 
-1.372450 -57.595185 
-1.482044 -68.990893 
-1.587411 -108.875871 
-1.688241 -80.386601 
-1.784266 -106.976586 
-1.875195 -105.077302 
-1.960776 -112.674440 
-2.040767 -125.969433 
-2.114946 -137.365141 
-2.183087 -148.760849 
-2.245009 -160.156557 
-2.300523 -173.451550 
-2.349478 -184.847258 
-2.391737 -186.746542 
-2.427176 -194.343681 
-2.455693 -200.041535 
-2.477206 -198.142250 
-2.491655 -198.142250 
-2.498997 -217.135097 
-2.499214 -222.832951 
-2.492304 -226.631520 
-2.478286 -232.329374 
-2.457200 -234.228659 
-2.429110 -228.530805 
-2.394093 -239.926513 
-2.352246 -236.127944 
-2.303690 -236.127944 
-2.248565 -243.725082 
-2.187026 -241.825798 
-2.119258 -257.020075 
-2.045440 -255.120790 
-1.965788 -255.120790 
-1.880529 -262.717929 
-1.789918 -258.919360 
-1.694202 -249.422936 
-1.593646 -255.120790 
-1.488544 -243.725082 
-1.379209 -249.422936 
-1.265941 -241.825798 
-1.149052 -234.228659 
-1.028898 -226.631520 
-0.905810 -220.933666 
-0.780139 -215.235812 
-0.652244 -209.537958 
-0.522490 -207.638674 
-0.391232 -203.840104 
-0.258858 -196.242966 
-0.125760 -198.142250 
0.007697 -184.847258 
0.141159 -181.048688 
0.274205 -173.451550 
0.406456 -165.854411 
0.537560 -150.660134 
0.667119 -78.487316 
0.794789 -23.408061 
0.920191 22.174771 
1.042957 29.771909 
1.162762 46.865471 
1.279250 56.361895 
1.392102 65.858318 
1.500971 69.656887 
1.605550 75.354741 
1.705560 88.649734 
1.800697 92.448303 
1.890709 101.944727 
1.975320 130.433997 
2.054306 130.433997 
2.127427 138.031135 
2.194482 145.628274 
2.255280 151.326128 
2.309647 174.117544 
2.357433 157.023982 
2.398492 176.016828 
2.432716 195.009675 
2.460002 195.009675 
2.480272 202.606814 
2.493467 204.506098 
2.499553 215.901806 
2.498512 212.103237 
2.490347 231.096084 
2.475079 231.096084 
2.452756 225.398230 
2.423435 236.793938 
2.387203 238.693222 
2.344168 238.693222 
2.294448 246.290361 
2.238181 248.189646 
2.175530 248.189646 
2.106683 257.686069 
2.031828 242.491792 
1.951181 257.686069 
1.864960 251.988215 
1.773421 248.189646 
1.676825 246.290361 
1.575435 250.088930 
1.469574 248.189646 
1.359523 240.592507 
1.245595 240.592507 
1.128116 236.793938 
1.007420 234.894653 
0.883839 223.498945 
0.757737 227.297514 
0.629474 223.498945 
0.499416 217.801091 
0.367934 223.498945 
0.235403 206.405383 
0.102200 198.808244 
-0.031295 198.808244 
-0.164700 183.613967 
-0.297621 174.117544 
-0.429695 183.613967 
-0.560543 153.225412 
-0.689805 130.433997 
-0.817101 54.462610 
-0.942194 -8.213784 
-1.064469 -19.609492 
-1.183697 -29.105915 
-1.299550 -55.695901 
-1.411709 -68.990893 
-1.519841 -82.285886 
-1.623640 -99.379448 
-1.722807 -89.883024 
-1.817071 -106.976586 
-1.906143 -103.178017 
-1.989771 -112.674440 
-2.067733 -125.969433 
-2.139798 -144.962280 
-2.205753 -144.962280 
-2.265420 -150.660134 
-2.318627 -177.250119 
-2.365228 -182.947973 
-2.405079 -182.947973 
-2.438073 -192.444396 
-2.464117 -196.242966 
-2.483134 -196.242966 
-2.495070 -209.537958 
-2.499889 -213.336528 
-2.497580 -220.933666 
-2.488149 -228.530805 
-2.471621 -228.530805 
-2.448044 -234.228659 
-2.417490 -234.228659 
-2.380042 -232.329374 
-2.335803 -241.825798 
-2.284909 -241.825798 
-2.227493 -243.725082 
-2.163725 -243.725082 
-2.093785 -257.020075 
-2.017875 -258.919360 
-1.936219 -257.020075 
-1.849041 -258.919360 
-1.756592 -255.120790 
-1.659124 -255.120790 
-1.556935 -255.120790 
-1.450306 -241.825798 
-1.339531 -249.422936 
-1.224936 -236.127944 
-1.106847 -239.926513 
-0.985601 -222.832951 
-0.861558 -228.530805 
-0.735058 -215.235812 
-0.606435 -217.135097 
-0.476110 -207.638674 
-0.344427 -201.940820 
-0.211748 -196.242966 
-0.078480 -188.645827 
0.055013 -184.847258 
0.188349 -177.250119 
0.321147 -177.250119 
0.453030 -160.156557 
0.583635 -97.480163 
0.712562 -21.508777 
0.839457 8.879778 
0.963972 22.174771 
1.085737 48.764756 
1.204394 50.664041 
1.319628 56.361895 
1.431088 67.757603 
1.538467 79.153311 
1.641460 88.649734 
1.739772 101.944727 
1.833124 101.944727 
1.921248 79.153311 
2.003903 136.131851 
2.080843 130.433997 
2.151842 153.225412 
2.216705 153.225412 
2.275248 145.628274 
2.327303 160.822551 
2.372723 174.117544 
2.411380 181.714682 
2.443158 191.211106 
2.467972 189.311821 
2.485747 206.405383 
2.496433 212.103237 
2.500000 219.700376 
2.496437 221.599660 
2.485754 217.801091 
2.467985 227.297514 
2.443175 234.894653 
2.411402 225.398230 
2.372749 236.793938 
2.327328 236.793938 
2.275276 240.592507 
2.216737 259.585354 
2.151877 251.988215 
2.080881 246.290361 
2.003944 248.189646 
1.921301 251.988215 
1.833180 251.988215 
1.739821 250.088930 
1.641501 253.887500 
1.538510 240.592507 
1.431133 244.391076 
1.319651 242.491792 
1.204430 234.894653 
1.085774 232.995368 
0.964022 234.894653 
0.839509 227.297514 
0.712602 227.297514 
0.583662 221.599660 
0.453057 221.599660 
0.321161 210.203952 
0.188349 204.506098 
0.054999 202.606814 
-0.078507 185.513252 
-0.211776 183.613967 
-0.344454 168.419690 
-0.476150 155.124697 
-0.606489 158.923266 
-0.735097 113.340435 
-0.861609 46.865471 
-0.985664 -23.408061 
-1.106908 -23.408061 
-1.224995 -29.105915 
-1.339589 -59.494470 
-1.450362 -59.494470 
-1.556999 -89.883024 
-1.659185 -93.681594 
-1.756641 -99.379448 
-1.849097 -105.077302 
-1.936271 -105.077302 
-2.017932 -120.271579 
-2.093830 -137.365141 
-2.163759 -148.760849 
-2.227518 -150.660134 
-2.284931 -167.753696 
-2.335823 -177.250119 
-2.380055 -188.645827 
-2.417500 -192.444396 
-2.448053 -196.242966 
-2.471627 -196.242966 
-2.488153 -209.537958 
-2.497582 -200.041535 
-2.499889 -215.235812 
-2.495068 -219.034382 
-2.483131 -230.430090 
-2.464113 -241.825798 
-2.438064 -239.926513 
-2.405083 -241.825798 
-2.365228 -232.329374 
-2.318632 -238.027228 
-2.265420 -234.228659 
-2.205740 -239.926513 
-2.139783 -239.926513 
-2.067717 -245.624367 
-1.989754 -255.120790 
-1.906126 -262.717929 
-1.817053 -257.020075 
-1.722798 -253.221506 
-1.623640 -255.120790 
-1.519831 -251.322221 
-1.411709 -243.725082 
-1.299562 -243.725082 
-1.183709 -236.127944 
-1.064482 -232.329374 
-0.942181 -228.530805 
-0.817231 -224.732236 
-0.689924 -217.135097 
-0.560676 -211.437243 
-0.429830 -192.444396 
-0.297703 -194.343681 
-0.164727 -194.343681 
-0.031336 -194.343681 
0.102159 -188.645827 
0.235348 -182.947973 
0.367866 -169.652980 
0.499349 -160.156557 
0.629395 -87.983740 
0.757659 -23.408061 
0.883762 5.081209 
1.007345 24.074055 
1.128055 52.563325 
1.245548 58.261179 
1.359488 58.261179 
1.469552 73.455457 
1.575414 81.052595 
1.676784 90.549019 
1.773373 105.743296 
1.864914 107.642581 
1.951129 119.038289 
2.031788 134.232566 
2.106646 145.628274 
2.175503 145.628274 
2.238150 153.225412 
2.294421 162.721836 
2.344149 170.318974 
2.387187 174.117544 
2.423422 181.714682 
2.452742 191.211106 
2.475070 198.808244 
2.490341 204.506098 
2.498510 215.901806 
2.499554 227.297514 
2.493470 215.901806 
2.480277 231.096084 
2.460012 236.793938 
2.432729 223.498945 
2.398512 229.196799 
2.357451 236.793938 
2.309673 246.290361 
2.255309 255.786784 
2.194508 244.391076 
2.127449 242.491792 
2.054330 251.988215 
1.975345 255.786784 
1.890736 259.585354 
1.800745 242.491792 
1.705610 248.189646 
1.605613 251.988215 
1.501037 244.391076 
1.392182 244.391076 
1.279345 240.592507 
1.162859 231.096084 
1.043057 223.498945 
0.920268 231.096084 
0.794867 223.498945 
0.667212 204.506098 
0.537654 212.103237 
0.406550 212.103237 
0.274287 204.506098 
0.141255 204.506098 
0.007807 191.211106 
-0.125664 191.211106 
-0.258776 176.016828 
-0.391151 172.218259 
-0.522396 155.124697 
-0.652152 151.326128 
-0.780061 107.642581 
-0.905733 31.671194 
-1.028822 -17.710207 
-1.148978 -19.609492 
-1.265870 -36.703054 
-1.379140 -61.393755 
-1.488489 -61.393755 
-1.593582 -89.883024 
-1.694142 -91.782309 
-1.789870 -103.178017 
-1.880493 -93.681594 
-1.965754 -118.372294 
-2.045408 -125.969433 
-2.119229 -131.667287 
-2.187013 -144.962280 
-2.248547 -158.257272 
-2.303669 -162.055842 
-2.352227 -184.847258 
-2.394077 -181.048688 
-2.429100 -190.545112 
-2.457195 -192.444396 
-2.478284 -196.242966 
-2.492303 -207.638674 
-2.499213 -207.638674 
-2.498998 -219.034382 
-2.491657 -226.631520 
-2.477212 -232.329374 
-2.455701 -226.631520 
-2.427186 -238.027228 
-2.391753 -234.228659 
-2.349497 -241.825798 
-2.300534 -234.228659 
-2.245015 -239.926513 
-2.183093 -234.228659 
-2.114946 -249.422936 
-2.040775 -253.221506 
-1.960776 -247.523652 
-1.875176 -253.221506 
-1.784238 -264.617214 
-1.688220 -253.221506 
-1.587390 -249.422936 
-1.482022 -255.120790 
-1.372439 -241.825798 
-1.258942 -245.624367 
-1.141832 -234.228659 
-1.021490 -234.228659 
-0.898247 -230.430090 
-0.772418 -224.732236 
-0.644387 -215.235812 
-0.514531 -219.034382 
-0.383208 -205.739389 
-0.250778 -200.041535 
-0.117633 -194.343681 
0.015833 -184.847258 
0.149254 -188.645827 
0.282277 -173.451550 
0.414495 -169.652980 
0.545503 -150.660134 
0.674957 -80.386601 
0.802472 -17.710207 
0.927726 16.476917 
1.050346 31.671194 
1.169958 52.563325 
1.286222 56.361895 
1.398830 52.563325 
1.507437 60.160464 
1.611757 81.052595 
1.711490 92.448303 
1.807147 92.448303 
1.896800 130.433997 
1.981025 113.340435 
2.059617 128.534712 
2.132320 153.225412 
2.198956 143.728989 
2.259314 166.520405 
2.313228 166.520405 
2.360541 162.721836 
2.401127 172.218259 
2.434862 189.311821 
2.461657 196.908960 
2.481429 198.808244 
2.494128 215.901806 
2.499713 212.103237 
2.498171 219.700376 
2.489506 227.297514 
2.473742 236.793938 
2.450920 232.995368 
2.421110 242.491792 
2.384399 231.096084 
2.340885 248.189646 
2.290694 253.887500 
2.233978 242.491792 
2.170891 244.391076 
2.101615 250.088930 
2.026338 251.988215 
1.945291 246.290361 
1.858697 246.290361 
1.766794 257.686069 
1.669852 240.592507 
1.568148 225.398230 
1.461971 248.189646 
1.351221 242.491792 
1.237020 234.894653 
1.119291 231.096084 
0.998370 232.995368 
0.874591 234.894653 
0.748330 229.196799 
0.619935 215.901806 
0.489759 214.002522 
0.358200 214.002522 
0.225606 200.707529 
0.092369 200.707529 
-0.041118 191.211106 
-0.174515 183.613967 
-0.307401 174.117544 
-0.439410 170.318974 
-0.570166 155.124697 
-0.699296 113.340435 
-0.826419 44.966187 
-0.951185 -12.012353 
-1.073251 -23.408061 
-1.192257 -29.105915 
-1.307851 -48.098762 
-1.419716 -63.293039 
-1.527522 -78.487316 
-1.630983 -99.379448 
-1.729804 -95.580878 
-1.823683 -97.480163 
-1.912371 -97.480163 
-1.995596 -116.473010 
-2.073139 -131.667287 
-2.144777 -148.760849 
-2.210290 -141.163710 
-2.269494 -169.652980 
-2.322232 -175.350834 
-2.368348 -179.149404 
-2.407713 -184.847258 
-2.440206 -188.645827 
-2.465739 -188.645827 
-2.484271 -205.739389 
-2.495674 -215.235812 
-2.499963 -224.732236 
-2.496947 -226.631520 
-2.486791 -222.832951 
-2.448523 -228.530805 
-2.416237 -239.926513 
-2.337810 -243.725082 
-2.286922 -241.825798 
-2.219538 -239.926513 
-2.075521 -249.422936 
-1.998163 -251.322221 
-1.915107 -258.919360 
-1.826590 -266.516498 
-1.732873 -260.818644 
-1.634225 -257.020075 
-1.528432 -260.818644 
-1.420640 -251.322221 
-1.308796 -243.725082 
-1.182676 -239.926513 
-1.063408 -236.127944 
-0.941107 -230.430090 
-0.816122 -226.631520 
-0.688810 -222.832951 
-0.559533 -217.135097 
-0.428660 -211.437243 
-0.296566 -203.840104 
-0.163639 -194.343681 
-0.030217 -198.142250 
0.103276 -184.847258 
0.236475 -182.947973 
0.369000 -173.451550 
0.500472 -160.156557 
0.630517 -91.782309 
0.758751 -38.602339 
0.884834 6.980493 
1.008393 25.973340 
1.129089 46.865471 
1.246553 58.261179 
1.360461 56.361895 
1.470479 69.656887 
1.576325 73.455457 
1.677664 88.649734 
1.774219 92.448303 
1.865705 117.139004 
1.951888 113.340435 
2.032488 128.534712 
2.107307 149.426843 
2.176101 143.728989 
2.238703 160.822551 
2.294909 164.621120 
2.344575 160.822551 
2.387665 164.621120 
2.423817 185.513252 
2.453057 198.808244 
2.475298 189.311821 
2.490485 212.103237 
2.498566 217.801091 
2.499523 206.405383 
2.493350 221.599660 
2.480067 231.096084 
2.459716 229.196799 
2.432350 236.793938 
2.398049 238.693222 
2.356910 240.592507 
2.309024 246.290361 
2.254572 242.491792 
2.193696 238.693222 
2.126565 244.391076 
2.053371 248.189646 
1.974323 251.988215 
1.889635 250.088930 
1.799521 246.290361 
1.704321 251.988215 
1.604261 244.391076 
1.499615 244.391076 
1.390705 238.693222 
1.277817 240.592507 
1.161298 229.196799 
1.041454 232.995368 
0.918641 229.196799 
0.793220 227.297514 
0.665538 219.700376 
0.535945 221.599660 
0.404837 212.103237 
0.272575 210.203952 
0.139535 200.707529 
0.006084 191.211106 
-0.127370 185.513252 
-0.260476 181.714682 
-0.392838 166.520405 
-0.524067 157.023982 
-0.653814 151.326128 
-0.781697 101.944727 
-0.907364 35.469763 
-1.030417 -13.911638 
-1.150544 -25.307346 
-1.267379 -44.300193 
-1.380599 -61.393755 
-1.489894 -76.588032 
-1.594930 -89.883024 
-1.695418 -87.983740 
-1.791081 -99.379448 
-1.881628 -105.077302 
-1.966809 -112.674440 
-2.046398 -118.372294 
-2.120142 -143.062995 
-2.187840 -148.760849 
-2.249293 -154.458703 
-2.304337 -171.552265 
-2.352805 -182.947973 
-2.394569 -182.947973 
-2.429503 -182.947973 
-2.457509 -190.545112 
-2.478504 -201.940820 
-2.492434 -196.242966 
-2.499255 -219.034382 
-2.498949 -226.631520 
-2.491517 -226.631520 
-2.476979 -236.127944 
-2.455377 -238.027228 
-2.426776 -236.127944 
-2.391252 -239.926513 
-2.348907 -239.926513 
-2.299870 -234.228659 
-2.244268 -243.725082 
-2.182273 -239.926513 
-2.114056 -239.926513 
-2.039803 -247.523652 
-1.959741 -251.322221 
-1.874082 -255.120790 
-1.783088 -257.020075 
-1.687011 -251.322221 
-1.586122 -255.120790 
-1.480712 -251.322221 
-1.371079 -241.825798 
-1.257525 -245.624367 
-1.140348 -238.027228 
-1.019955 -228.530805 
-0.896665 -236.127944 
-0.770793 -220.933666 
-0.642736 -226.631520 
-0.512858 -217.135097 
-0.377557 -211.437243 
-0.245103 -203.840104 
-0.111936 -194.343681 
0.021536 -190.545112 
0.154947 -190.545112 
0.287929 -182.947973 
0.420091 -175.350834 
0.551054 -144.962280 
0.680446 -61.393755 
0.807898 -17.710207 
0.933032 16.476917 
1.055506 29.771909 
1.174971 48.764756 
1.291097 54.462610 
1.403530 63.959033 
1.511983 41.167617 
1.616102 84.851165 
1.715613 90.549019 
1.810232 113.340435 
1.899689 107.642581 
1.983722 122.836858 
2.062107 138.031135 
2.134613 139.930420 
2.201045 160.822551 
2.261193 157.023982 
2.314893 158.923266 
2.361990 168.419690 
2.402352 172.218259 
2.435859 195.009675 
2.462423 193.110390 
2.481964 217.801091 
2.494426 214.002522 
2.499776 206.405383 
2.497998 212.103237 
2.489094 236.793938 
2.473090 225.398230 
2.450038 223.498945 
2.419992 234.894653 
2.383044 234.894653 
2.339303 255.786784 
2.288890 242.491792 
2.231950 236.793938 
2.168651 250.088930 
2.099162 250.088930 
2.023694 251.988215 
1.942455 248.189646 
1.855678 248.189646 
1.763601 250.088930 
1.666493 248.189646 
1.564633 244.391076 
1.458311 248.189646 
1.347842 242.491792 
1.233517 236.793938 
1.115687 234.894653 
0.994676 240.592507 
0.870828 234.894653 
0.744485 221.599660 
0.616018 223.498945 
0.485795 212.103237 
0.354199 198.808244 
0.221580 206.405383 
0.088343 198.808244 
-0.045146 183.613967 
-0.178520 181.714682 
-0.311385 166.520405 
-0.443348 153.225412 
-0.574061 153.225412 
-0.703136 111.441150 
-0.830207 44.966187 
-0.954909 -13.911638 
-1.076888 -17.710207 
-1.195784 -38.602339 
-1.311271 -53.796616 
-1.423007 -63.293039 
-1.530698 -84.185170 
-1.634024 -101.278732 
-1.732691 -93.681594 
-1.826427 -106.976586 
-1.914954 -112.674440 
-1.998028 -108.875871 
-2.075395 -139.264426 
-2.146844 -146.861564 
-2.212170 -150.660134 
-2.271181 -150.660134 
-2.323716 -182.947973 
-2.369630 -177.250119 
-2.408786 -188.645827 
-2.441070 -188.645827 
-2.466394 -196.242966 
-2.484686 -205.739389 
-2.495892 -211.437243 
-2.499981 -226.631520 
-2.496941 -232.329374 
-2.486781 -226.631520 
-2.469531 -241.825798 
-2.445237 -241.825798 
-2.413214 -241.825798 
-2.374914 -239.926513 
-2.329846 -243.725082 
-2.278134 -243.725082 
-2.219921 -241.825798 
-2.155383 -245.624367 
-2.084700 -247.523652 
-2.008065 -253.221506 
-1.925702 -268.415783 
-1.837857 -251.322221 
-1.744762 -264.617214 
-1.646702 -258.919360 
-1.543946 -251.322221 
-1.436777 -257.020075 
-1.325522 -241.825798 
-1.210487 -245.624367 
-1.092001 -234.228659 
-0.970389 -232.329374 
-0.846009 -226.631520 
-0.719230 -219.034382 
-0.590399 -213.336528 
-0.459859 -207.638674 
-0.328034 -211.437243 
-0.195260 -196.242966 
-0.061929 -196.242966 
0.071579 -188.645827 
0.204882 -182.947973 
0.337588 -182.947973 
0.469358 -163.955126 
0.599762 -93.681594 
0.728469 -36.703054 
0.855086 -2.515930 
0.979265 20.275486 
1.100664 46.865471 
1.218924 48.764756 
1.333697 52.563325 
1.444677 73.455457 
1.551549 67.757603 
1.653994 88.649734 
1.751702 105.743296 
1.844425 107.642581 
1.931879 113.340435 
2.013840 134.232566 
2.090058 141.829705 
2.160313 141.829705 
2.224400 153.225412 
2.282143 160.822551 
2.333368 155.124697 
2.377954 166.520405 
2.415753 189.311821 
2.446663 187.412536 
2.470595 196.908960 
2.487481 212.103237 
2.497273 200.707529 
2.499944 208.304668 
2.495486 225.398230 
2.483911 234.894653 
2.465253 225.398230 
2.439564 234.894653 
2.406921 231.096084 
2.367415 240.592507 
2.321159 246.290361 
2.268285 240.592507 
2.208943 244.391076 
2.143296 246.290361 
2.071544 246.290361 
1.993877 251.988215 
1.910532 244.391076 
1.821740 246.290361 
1.727744 246.290361 
1.628831 246.290361 
1.525263 250.088930 
1.417333 240.592507 
1.305373 242.491792 
1.189677 229.196799 
1.070588 229.196799 
0.948471 231.096084 
0.823649 227.297514 
0.696465 225.398230 
0.567295 212.103237 
0.436521 206.405383 
0.304502 210.203952 
0.171615 202.606814 
0.038225 196.908960 
-0.095274 185.513252 
-0.228515 177.916113 
-0.361090 170.318974 
-0.492636 160.822551 
-0.622791 149.426843 
-0.751155 107.642581 
-0.877365 35.469763 
-1.001085 -15.810923 
-1.121963 -21.508777 
-1.239628 -40.501623 
-1.353747 -57.595185 
-1.464017 -61.393755 
-1.570111 -87.983740 
-1.671718 -99.379448 
-1.768558 -101.278732 
-1.860355 -106.976586 
-1.946857 -112.674440 
-2.027798 -118.372294 
-2.102965 -135.465856 
-2.172141 -150.660134 
-2.235115 -163.955126 
-2.291715 -162.055842 
-2.341779 -182.947973 
-2.385164 -188.645827 
-2.421747 -190.545112 
-2.451421 -196.242966 
-2.474108 -200.041535 
-2.489738 -209.537958 
-2.498267 -215.235812 
-2.499673 -228.530805 
-2.493951 -228.530805 
-2.481118 -236.127944 
-2.461208 -239.926513 
-2.434279 -241.825798 
-2.400408 -249.422936 
-2.359691 -241.825798 
-2.312244 -243.725082 
-2.258209 -241.825798 
-2.197735 -241.825798 
-2.130988 -243.725082 
-2.058163 -249.422936 
-1.979469 -251.322221 
-1.895138 -251.322221 
-1.805403 -257.020075 
-1.710511 -264.617214 
-1.610741 -258.919360 
-1.506377 -255.120790 
-1.397728 -251.322221 
-1.285095 -245.624367 
-1.168796 -245.624367 
-1.049166 -234.228659 
-0.926543 -236.127944 
-0.801279 -224.732236 
-0.673730 -226.631520 
-0.544261 -222.832951 
-0.413239 -207.638674 
-0.281025 -201.940820 
-0.148024 -201.940820 
-0.014601 -198.142250 
0.118864 -186.746542 
0.251990 -173.451550 
0.384398 -173.451550 
0.515710 -162.055842 
0.645551 -74.688747 
0.773577 -27.206631 
0.899384 3.181924 
1.022627 27.872625 
1.142952 46.865471 
1.260019 56.361895 
1.373480 63.959033 
1.483025 71.556172 
1.588352 79.153311 
1.689139 84.851165 
1.785110 100.045442 
1.875982 105.743296 
1.961523 119.038289 
2.041462 141.829705 
2.115581 138.031135 
2.183673 160.822551 
2.245532 160.822551 
2.300994 151.326128 
2.349894 162.721836 
2.392088 168.419690 
2.427461 147.527558 
2.455916 187.412536 
2.477365 196.908960 
2.491750 206.405383 
2.499031 214.002522 
2.499184 208.304668 
2.492210 232.995368 
2.478129 234.894653 
2.456980 221.599660 
2.428828 240.592507 
2.393746 231.096084 
2.351838 250.088930 
2.303227 240.592507 
2.248044 240.592507 
2.186456 246.290361 
2.118634 248.189646 
2.044770 253.887500 
1.965068 240.592507 
1.879762 240.592507 
1.789095 251.988215 
1.693326 244.391076 
1.592728 244.391076 
1.487587 242.491792 
1.377803 244.391076 
1.264488 232.995368 
1.147555 234.894653 
1.027361 232.995368 
0.904226 225.398230 
0.778512 232.995368 
0.650578 217.801091 
0.520788 217.801091 
0.389527 202.606814 
0.257141 206.405383 
0.124036 200.707529 
-0.009437 185.513252 
-0.142883 189.311821 
-0.275907 177.916113 
-0.408159 170.318974 
-0.539233 149.426843 
-0.668783 120.937573 
-0.796438 50.664041 
-0.921809 -8.213784 
-1.044539 -21.508777 
-1.164290 -29.105915 
-1.280721 -57.595185 
-1.393501 -63.293039 
-1.502308 -89.883024 
-1.606831 -87.983740 
-1.706772 -89.883024 
-1.801866 -103.178017 
-1.891811 -103.178017 
-1.976361 -118.372294 
-2.055266 -133.566572 
-2.128319 -143.062995 
-2.195302 -152.559418 
-2.256018 -160.156557 
-2.310302 -179.149404 
-2.357998 -182.947973 
-2.398971 -182.947973 
-2.433104 -188.645827 
-2.460301 -196.242966 
-2.480483 -200.041535 
-2.493589 -205.739389 
-2.499585 -211.437243 
-2.498453 -226.631520 
-2.490198 -238.027228 
-2.474842 -228.530805 
-2.452429 -243.725082 
-2.423017 -238.027228 
-2.386698 -234.228659 
-2.343572 -234.228659 
-2.293762 -243.725082 
-2.237411 -234.228659 
-2.174672 -249.422936 
-2.105738 -249.422936 
-2.030798 -249.422936 
-1.950066 -257.020075 
-1.863773 -257.020075 
-1.772175 -260.818644 
-1.675503 -257.020075 
-1.574062 -257.020075 
-1.468144 -257.020075 
-1.358016 -243.725082 
-1.244027 -241.825798 
-1.126502 -239.926513 
-1.005752 -226.631520 
-0.882147 -234.228659 
-0.756013 -228.530805 
-0.627737 -220.933666 
-0.497657 -211.437243 
-0.366159 -211.437243 
-0.233616 -196.242966 
-0.100461 -196.242966 
0.033021 -188.645827 
0.166436 -184.847258 
0.299363 -186.746542 
0.431436 -169.652980 
0.562278 -144.962280 
0.691517 -72.789462 
0.818771 -15.810923 
0.943703 10.779063 
1.065932 33.570479 
1.185133 48.764756 
1.300954 62.059749 
1.413088 62.059749 
1.521168 69.656887 
1.624910 84.851165 
1.724028 84.851165 
1.818219 96.246873 
1.907216 126.635427 
1.990782 117.139004 
2.068672 136.131851 
2.140661 147.527558 
2.206546 145.628274 
2.266132 166.520405 
2.319257 160.822551 
2.365773 166.520405 
2.405539 174.117544 
2.438448 191.211106 
2.464401 193.110390 
2.483331 204.506098 
2.495176 215.901806 
2.499905 214.002522 
2.497506 214.002522 
2.487987 227.297514 
2.471373 232.995368 
2.447710 229.196799 
2.417070 236.793938 
2.379538 227.297514 
2.335217 248.189646 
2.284236 242.491792 
2.226746 238.693222 
2.162907 248.189646 
2.092902 246.290361 
2.016928 255.786784 
1.935196 255.786784 
1.847953 242.491792 
1.755432 255.786784 
1.657904 244.391076 
1.555659 246.290361 
1.448978 251.988215 
1.338166 244.391076 
1.223526 234.894653 
1.105409 236.793938 
0.984141 236.793938 
0.860053 229.196799 
0.733513 223.498945 
0.604894 221.599660 
0.474550 212.103237 
0.342839 204.506098 
0.210151 198.808244 
0.076877 193.110390 
-0.056615 189.311821 
-0.189933 183.613967 
-0.322737 172.218259 
-0.454620 158.923266 
-0.585207 151.326128 
-0.714111 115.239719 
-0.840980 43.066902 
-0.965463 -8.213784 
-1.087181 -25.307346 
-1.205798 -36.703054 
-1.320978 -61.393755 
-1.432391 -68.990893 
-1.539730 -93.681594 
-1.642679 -97.480163 
-1.740942 -99.379448 
-1.834232 -112.674440 
-1.922291 -116.473010 
-2.004869 -114.573725 
-2.081739 -120.271579 
-2.152665 -137.365141 
-2.217459 -143.062995 
-2.275934 -190.545112 
-2.327918 -173.451550 
-2.373253 -173.451550 
-2.411821 -192.444396 
-2.443515 -192.444396 
-2.468240 -196.242966 
-2.485926 -211.437243 
-2.496522 -211.437243 
-2.499999 -226.631520 
-2.496347 -232.329374 
-2.485577 -236.127944 
-2.467718 -238.027228 
-2.442818 -245.624367 
-2.410953 -243.725082 
-2.372213 -239.926513 
-2.326712 -236.127944 
-2.274572 -236.127944 
-2.215945 -241.825798 
-2.150998 -245.624367 
-2.079924 -241.825798 
-2.002920 -251.322221 
-1.920205 -260.818644 
-1.832005 -255.120790 
-1.738591 -258.919360 
-1.640209 -260.818644 
-1.537160 -257.020075 
-1.429728 -257.020075 
-1.318208 -243.725082 
-1.202941 -238.027228 
-1.084231 -241.825798 
-0.962417 -232.329374 
-0.837883 -226.631520 
-0.710960 -217.135097 
-0.581996 -207.638674 
-0.451387 -211.437243 
-0.319490 -201.940820 
-0.186668 -196.242966 
-0.053328 -196.242966 
0.080178 -188.645827 
0.213441 -182.947973 
0.346110 -184.847258 
0.477791 -169.652980 
0.608097 -99.379448 
0.736682 -36.703054 
0.863165 8.879778 
0.987175 27.872625 
1.108382 39.268333 
1.226416 62.059749 
1.340954 58.261179 
1.451667 63.959033 
1.558242 82.951880 
1.660384 92.448303 
1.757781 90.549019 
1.850166 111.441150 
1.937284 124.736143 
2.018869 126.635427 
2.094698 143.728989 
2.164582 149.426843 
2.228270 162.721836 
2.285603 164.621120 
2.336418 158.923266 
2.380566 160.822551 
2.417929 179.815398 
2.448394 191.211106 
2.471878 191.211106 
2.488313 215.901806 
2.497655 206.405383 
2.499873 206.405383 
2.494962 225.398230 
2.482937 225.398230 
2.463830 229.196799 
2.437697 229.196799 
2.404615 232.995368 
2.364672 234.894653 
2.317991 255.786784 
2.264695 246.290361 
2.204947 246.290361 
2.138904 242.491792 
2.066754 251.988215 
1.988717 244.391076 
1.905017 246.290361 
1.815876 248.189646 
1.721556 246.290361 
1.622327 242.491792 
1.518481 250.088930 
1.410295 238.693222 
1.298098 238.693222 
1.182188 236.793938 
1.062919 238.693222 
0.940620 234.894653 
0.815638 229.196799 
0.688318 231.096084 
0.559047 214.002522 
0.428183 208.304668 
0.296098 204.506098 
0.163155 200.707529 
0.029747 191.211106 
-0.103746 183.613967 
-0.236944 181.714682 
-0.369452 166.520405 
-0.500906 158.923266 
-0.630933 155.124697 
-0.759160 103.844011 
-0.885235 43.066902 
-1.008774 -15.810923 
-1.129448 -21.508777 
-1.246890 -40.501623 
-1.360776 -59.494470 
-1.470782 -67.091609 
-1.576594 -93.681594 
-1.677922 -93.681594 
-1.774454 -141.163710 
-1.865936 -101.278732 
-1.952088 -116.473010 
-2.032674 -127.868718 
-2.107464 -133.566572 
-2.176225 -152.559418 
-2.238797 -146.861564 
-2.294992 -167.753696 
-2.344648 -182.947973 
-2.387613 -192.444396 
-2.423771 -196.242966 
-2.453023 -194.343681 
-2.475274 -203.840104 
-2.490468 -213.336528 
-2.498560 -209.537958 
-2.499526 -226.631520 
-2.493365 -228.530805 
-2.480095 -236.127944 
-2.459748 -238.027228 
-2.432391 -245.624367 
-2.398098 -238.027228 
-2.356963 -243.725082 
-2.309107 -238.027228 
-2.254665 -243.725082 
-2.193793 -238.027228 
-2.126672 -241.825798 
-2.053487 -241.825798 
-1.974446 -249.422936 
-1.889759 -260.818644 
-1.799699 -270.315068 
-1.704498 -260.818644 
-1.604437 -266.516498 
-1.499810 -260.818644 
-1.390896 -255.120790 
-1.278014 -249.422936 
-1.161501 -239.926513 
-1.041650 -236.127944 
-0.918854 -228.530805 
-0.793438 -226.631520 
-0.665759 -215.235812 
-0.536183 -215.235812 
-0.405064 -211.437243 
-0.272789 -207.638674 
-0.139751 -196.242966 
-0.006314 -184.847258 
0.127169 -188.645827 
0.260261 -179.149404 
0.392612 -167.753696 
0.523869 -152.559418 
0.653619 -70.890178 
0.781506 -21.508777 
0.907163 10.779063 
1.030221 20.275486 
1.150329 46.865471 
1.267181 62.059749 
1.380420 63.959033 
1.489710 62.059749 
1.594764 79.153311 
1.695259 90.549019 
1.790921 92.448303 
1.881477 117.139004 
1.966684 128.534712 
2.046266 130.433997 
2.120028 149.426843 
2.187736 151.326128 
2.249205 160.822551 
2.304264 160.822551 
2.352742 157.023982 
2.394515 168.419690 
2.429459 187.412536 
2.457472 193.110390 
2.478480 191.211106 
2.492419 210.203952 
2.499251 217.801091 
2.498954 214.002522 
2.491532 223.498945 
2.477006 229.196799 
2.455418 225.398230 
2.426821 236.793938 
2.391310 231.096084 
2.348977 236.793938 
2.299938 251.988215 
2.244351 240.592507 
2.182359 242.491792 
2.114135 248.189646 
2.039896 250.088930 
1.959832 248.189646 
1.874189 248.189646 
1.783191 250.088930 
1.687119 248.189646 
1.586225 240.592507 
1.480808 242.491792 
1.371190 240.592507 
1.257652 232.995368 
1.140528 236.793938 
1.020152 232.995368 
0.896867 231.096084 
0.771024 225.398230 
0.642971 214.002522 
0.513083 210.203952 
0.381732 212.103237 
0.249306 206.405383 
0.116156 196.908960 
-0.017312 185.513252 
-0.150731 183.613967 
-0.283733 166.520405 
-0.415913 168.419690 
-0.546920 155.124697 
-0.676354 115.239719 
-0.803860 50.664041 
-0.929074 -17.710207 
-1.051651 -17.710207 
-1.171229 -27.206631 
-1.287467 -59.494470 
-1.400021 -67.091609 
-1.508584 -82.285886 
-1.612856 -91.782309 
-1.712518 -101.278732 
-1.807306 -101.278732 
-1.896932 -105.077302 
-1.981149 -122.170864 
-2.059732 -131.667287 
-2.132426 -139.264426 
-2.199046 -146.861564 
-2.259395 -167.753696 
-2.313300 -175.350834 
-2.360612 -182.947973 
-2.401187 -182.947973 
-2.434911 -190.545112 
-2.461692 -194.343681 
-2.481454 -203.840104 
-2.494142 -211.437243 
-2.499716 -213.336528 
-2.498163 -230.430090 
-2.489487 -226.631520 
-2.473713 -241.825798 
-2.450883 -243.725082 
-2.421063 -234.228659 
-2.384338 -251.322221 
-2.340813 -234.228659 
-2.290619 -241.825798 
-2.233893 -238.027228 
-2.170790 -245.624367 
-2.101497 -243.725082 
-2.026219 -251.322221 
-1.945155 -257.020075 
-1.858543 -266.516498 
-1.766640 -257.020075 
-1.669701 -253.221506 
-1.567990 -260.818644 
-1.461807 -258.919360 
-1.351455 -241.825798 
-1.237249 -245.624367 
-1.119515 -239.926513 
-0.998600 -234.228659 
-0.874825 -230.430090 
-0.748582 -222.832951 
-0.620191 -219.034382 
-0.490005 -219.034382 
-0.358448 -200.041535 
-0.225869 -200.041535 
-0.092647 -194.343681 
0.040840 -184.847258 
0.174211 -188.645827 
0.307085 -175.350834 
0.439096 -171.552265 
0.569856 -144.962280 
0.698990 -55.695901 
0.826118 -13.911638 
0.950890 -15.810923 
1.072963 31.671194 
1.191977 54.462610 
1.307579 58.261179 
1.419476 63.959033 
1.527313 75.354741 
1.630804 75.354741 
1.729634 94.347588 
1.823531 105.743296 
1.912218 107.642581 
1.995453 139.930420 
2.073007 136.131851 
2.144648 143.728989 
2.210173 153.225412 
2.269389 157.023982 
2.322140 166.520405 
2.368263 160.822551 
2.407638 176.016828 
2.440146 189.311821 
2.465693 198.808244 
2.484208 193.110390 
2.495643 225.398230 
2.499960 214.002522 
2.497149 215.901806 
2.487217 229.196799 
2.470192 234.894653 
2.446124 231.096084 
2.415082 236.793938 
2.377150 231.096084 
2.332443 242.491792 
2.281085 250.088930 
2.223218 246.290361 
2.159010 238.693222 
2.088652 244.391076 
2.012322 244.391076 
1.930261 257.686069 
1.842705 240.592507 
1.749875 255.786784 
1.652073 250.088930 
1.549562 236.793938 
1.442632 250.088930 
1.331577 231.096084 
1.216736 236.793938 
1.098426 236.793938 
0.976972 231.096084 
0.852732 229.196799 
0.726072 225.398230 
0.597329 221.599660 
0.466896 214.002522 
0.335118 204.506098 
0.202385 196.908960 
0.069074 200.707529 
-0.064434 183.613967 
-0.197758 172.218259 
-0.330504 168.419690 
-0.462321 162.721836 
-0.592820 153.225412 
-0.721616 109.541865 
-0.848379 35.469763 
-0.972710 -15.810923 
-1.094254 -17.710207 
-1.212679 -29.105915 
-1.327646 -57.595185 
-1.438827 -63.293039 
-1.545916 -76.588032 
-1.648597 -95.580878 
-1.746566 -97.480163 
-1.839564 -95.580878 
-1.927308 -110.775156 
-2.009564 -124.070148 
-2.086082 -133.566572 
-2.156665 -135.465856 
-2.221097 -160.156557 
-2.279182 -171.552265 
-2.330768 -167.753696 
-2.375708 -179.149404 
-2.413882 -192.444396 
-2.445167 -196.242966 
-2.469479 -194.343681 
-2.486748 -203.840104 
-2.496925 -209.537958 
-2.499982 -215.235812 
-2.495910 -224.732236 
-2.484722 -232.329374 
-2.466457 -232.329374 
-2.441154 -239.926513 
-2.408887 -239.926513 
-2.369750 -234.228659 
-2.323860 -236.127944 
-2.271338 -239.926513 
-2.212345 -245.624367 
-2.147044 -239.926513 
-2.075621 -243.725082 
-1.998280 -279.811491 
-1.915232 -251.322221 
-1.826722 -266.516498 
-1.733002 -262.717929 
-1.634340 -257.020075 
-1.531007 -255.120790 
-1.423329 -253.221506 
-1.311171 -251.322221 
-1.195670 -245.624367 
-1.076770 -234.228659 
-0.954788 -230.430090 
-0.830096 -226.631520 
-0.703011 -220.933666 
-0.573934 -217.135097 
-0.443233 -207.638674 
-0.311255 -196.242966 
-0.178390 -203.840104 
-0.045029 -188.645827 
0.088474 -188.645827 
0.221724 -182.947973 
0.354329 -175.350834 
0.485936 -160.156557 
0.616158 -89.883024 
0.744623 -34.803769 
0.870964 5.081209 
0.994821 31.671194 
1.115829 37.369048 
1.233667 54.462610 
1.347975 54.462610 
1.458451 77.254026 
1.564768 75.354741 
1.666611 88.649734 
1.763703 94.347588 
1.855766 105.743296 
1.942555 126.635427 
2.023786 128.534712 
2.099248 139.930420 
2.168730 147.527558 
2.232027 153.225412 
2.288959 166.520405 
2.339359 164.621120 
2.383088 168.419690 
2.420025 177.916113 
2.450061 200.707529 
2.473110 196.908960 
2.489105 204.506098 
2.498002 215.901806 
2.499775 217.801091 
2.494418 215.901806 
2.481948 238.693222 
2.462402 225.398230 
2.435829 231.096084 
2.402315 238.693222 
2.361952 229.196799 
2.314843 250.088930 
2.261132 236.793938 
2.200983 246.290361 
2.134552 248.189646 
2.062034 242.491792 
1.983634 259.585354 
1.899587 246.290361 
1.810113 250.088930 
1.715488 250.088930 
1.615971 240.592507 
1.511846 246.290361 
1.403399 242.491792 
1.290962 242.491792 
1.174844 231.096084 
1.055375 231.096084 
0.932898 236.793938 
0.807761 225.398230 
0.680307 223.498945 
0.550927 215.901806 
0.419962 200.707529 
0.287813 214.002522 
0.154844 202.606814 
0.021419 187.412536 
-0.112053 191.211106 
-0.245220 172.218259 
-0.377673 166.520405 
-0.509049 164.621120 
-0.638974 147.527558 
-0.767091 103.844011 
-0.893019 31.671194 
-1.016401 -17.710207 
-1.136884 -27.206631 
-1.254113 -48.098762 
-1.367766 -53.796616 
-1.477530 -68.990893 
-1.583070 -93.681594 
-1.684116 -91.782309 
-1.780340 -99.379448 
-1.871496 -105.077302 
-1.957306 -105.077302 
-2.037543 -120.271579 
-2.111962 -135.465856 
-2.180366 -150.660134 
-2.242545 -150.660134 
-2.298331 -173.451550 
-2.347568 -173.451550 
-2.390105 -182.947973 
-2.425832 -194.343681 
-2.454640 -188.645827 
-2.476451 -196.242966 
-2.491196 -209.537958 
-2.498834 -217.135097 
-2.499347 -217.135097 
-2.492732 -224.732236 
-2.479011 -232.329374 
-2.458218 -239.926513 
-2.430411 -232.329374 
-2.395676 -241.825798 
-2.354109 -239.926513 
-2.305833 -234.228659 
-2.250983 -243.725082 
-2.189707 -249.422936 
-2.122194 -245.624367 
-2.048623 -253.221506 
-1.969217 -257.020075 
-1.884178 -251.322221 
-1.793784 -264.617214 
-1.698266 -258.919360 
-1.597914 -251.322221 
-1.492995 -258.919360 
-1.383819 -245.624367 
-1.270684 -243.725082 
-1.153937 -243.725082 
-1.033899 -234.228659 
-0.910912 -238.027228 
-0.785327 -226.631520 
-0.657503 -222.832951 
-0.527804 -211.437243 
-0.396613 -215.235812 
-0.264291 -200.041535 
-0.131215 -203.840104 
0.002234 -198.142250 
0.135691 -188.645827 
0.268761 -181.048688 
0.401065 -173.451550 
0.532224 -152.559418 
0.661866 -68.990893 
0.789621 -29.105915 
0.915123 16.476917 
1.038003 29.771909 
1.157935 52.563325 
1.274566 52.563325 
1.387561 60.160464 
1.496599 63.959033 
1.601369 84.851165 
1.701582 82.951880 
1.796923 98.146157 
1.887139 117.139004 
1.971975 120.937573 
2.051204 130.433997 
2.124575 149.426843 
2.191880 151.326128 
2.252935 160.822551 
2.307567 158.923266 
2.355628 164.621120 
2.396962 170.318974 
2.431461 195.009675 
2.459028 193.110390 
2.479584 198.808244 
2.493070 217.801091 
2.499445 221.599660 
2.498693 221.599660 
2.490816 227.297514 
2.475837 242.491792 
2.453796 219.700376 
2.424761 229.196799 
2.388812 210.203952 
2.346051 246.290361 
2.296596 242.491792 
2.240591 244.391076 
2.178196 238.693222 
2.109597 246.290361 
2.034982 244.391076 
1.954565 257.686069 
1.868566 242.491792 
1.777238 251.988215 
1.680842 255.786784 
1.579652 242.491792 
1.473957 246.290361 
1.364058 236.793938 
1.250269 236.793938 
1.132927 234.894653 
1.012342 232.995368 
0.888883 227.297514 
0.762889 229.196799 
0.634720 221.599660 
0.504727 208.304668 
0.373296 204.506098 
0.240813 206.405383 
0.107630 196.908960 
-0.025860 198.808244 
-0.159262 177.916113 
-0.292224 177.916113 
-0.424339 172.218259 
-0.555258 147.527558 
-0.684580 113.340435 
-0.811950 46.865471 
-0.937004 -17.710207 
-1.059400 -17.710207 
-1.178762 -31.005200 
-1.294775 -53.796616 
-1.407084 -63.293039 
-1.515381 -89.883024 
-1.619367 -87.983740 
-1.718735 -82.285886 
-1.813202 -95.580878 
-1.902497 -112.674440 
-1.986367 -112.674440 
-2.064565 -131.667287 
-2.136875 -143.062995 
-2.203093 -154.458703 
-2.263029 -165.854411 
-2.316517 -182.947973 
-2.363404 -182.947973 
-2.403541 -182.947973 
-2.436825 -182.947973 
-2.463163 -198.142250 
-2.482477 -198.142250 
-2.494711 -215.235812 
-2.499830 -232.329374 
-2.497821 -228.530805 
-2.488690 -228.530805 
-2.472460 -234.228659 
-2.449182 -234.228659 
-2.418921 -239.926513 
-2.381758 -238.027228 
-2.337803 -241.825798 
-2.287187 -236.127944 
-2.230048 -243.725082 
-2.166552 -249.422936 
-2.096870 -243.725082 
-2.021208 -247.523652 
-1.939782 -255.120790 
-1.852833 -264.617214 
-1.760602 -257.020075 
-1.663339 -258.919360 
-1.561344 -257.020075 
-1.454886 -249.422936 
-1.344279 -245.624367 
-1.229838 -241.825798 
-1.111890 -230.430090 
-0.990783 -238.027228 
-0.866838 -234.228659 
-0.740435 -226.631520 
-0.611906 -220.933666 
-0.481633 -213.336528 
-0.349986 -211.437243 
-0.217355 -201.940820 
-0.084090 -192.444396 
0.049401 -186.746542 
0.000000 0.000000 
0.000000 0.000000 
