0.000005 1.282639 
0.023567 -2.515930 
0.047128 1.282639 
0.070684 6.980493 
0.094235 3.181924 
0.117774 -0.616645 
0.141303 6.980493 
0.164819 1.282639 
0.188323 1.282639 
0.211808 1.282639 
0.235279 3.181924 
0.258724 -0.616645 
0.282146 -2.515930 
0.305543 1.282639 
0.328914 1.282639 
0.352257 8.879778 
0.375569 24.074055 
0.398845 20.275486 
0.422090 29.771909 
0.445296 35.469763 
0.468460 35.469763 
0.491584 31.671194 
0.514663 43.066902 
0.537698 44.966187 
0.560685 44.966187 
0.583623 54.462610 
0.606506 52.563325 
0.629335 52.563325 
0.652111 63.959033 
0.674827 56.361895 
0.697485 54.462610 
0.720079 62.059749 
0.742611 27.872625 
0.765075 73.455457 
0.787473 77.254026 
0.809801 73.455457 
0.832055 73.455457 
0.854237 82.951880 
0.876342 81.052595 
0.898370 82.951880 
0.920319 82.951880 
0.942186 86.750449 
0.963967 94.347588 
0.985663 92.448303 
1.007271 98.146157 
1.028789 96.246873 
1.050217 100.045442 
1.071550 100.045442 
1.092791 98.146157 
1.113935 107.642581 
1.134980 100.045442 
1.155924 101.944727 
1.176765 109.541865 
1.197502 111.441150 
1.218133 117.139004 
1.238655 120.937573 
1.259065 117.139004 
1.279363 124.736143 
1.299550 120.937573 
1.319621 128.534712 
1.339575 124.736143 
1.359410 122.836858 
1.379123 130.433997 
1.398714 128.534712 
1.418182 138.031135 
1.437522 138.031135 
1.456734 139.930420 
1.475818 143.728989 
1.494771 145.628274 
1.513592 143.728989 
1.532276 145.628274 
1.550826 157.023982 
1.569238 134.232566 
1.587509 160.822551 
1.605641 158.923266 
1.623630 162.721836 
1.641474 176.016828 
1.659173 176.016828 
1.676726 166.520405 
1.694129 174.117544 
1.711380 191.211106 
1.728478 181.714682 
1.745425 179.815398 
1.762215 181.714682 
1.778849 185.513252 
1.795326 183.613967 
1.811642 191.211106 
1.827799 195.009675 
1.843793 191.211106 
1.859622 191.211106 
1.875288 204.506098 
1.890786 196.908960 
1.906117 196.908960 
1.921277 200.707529 
1.936267 198.808244 
1.951086 196.908960 
1.965730 221.599660 
1.980201 212.103237 
1.994496 210.203952 
2.008612 223.498945 
2.022552 214.002522 
2.036312 210.203952 
2.049890 229.196799 
2.063286 217.801091 
2.076498 225.398230 
2.089526 232.995368 
2.102368 193.110390 
2.115025 227.297514 
2.127493 240.592507 
2.139772 234.894653 
2.151862 232.995368 
2.163760 234.894653 
2.175465 244.391076 
2.186977 244.391076 
2.198296 246.290361 
2.209420 244.391076 
2.220347 242.491792 
2.231076 259.585354 
2.241607 255.786784 
2.251939 244.391076 
2.262071 255.786784 
2.272003 251.988215 
2.281732 259.585354 
2.291259 257.686069 
2.300583 259.585354 
2.309703 259.585354 
2.318617 261.484638 
2.327326 269.081777 
2.335826 251.988215 
2.344121 263.383923 
2.352206 270.981062 
2.360083 265.283208 
2.367749 272.880346 
2.375205 278.578200 
2.382452 274.779631 
2.389486 270.981062 
2.396307 280.477485 
2.402917 267.182492 
2.409312 276.678916 
2.415493 278.578200 
2.421460 270.981062 
2.427212 270.981062 
2.432748 274.779631 
2.438068 265.283208 
2.443172 274.779631 
2.448059 274.779631 
2.452727 272.880346 
2.457179 282.376770 
2.461411 272.880346 
2.465426 280.477485 
2.469221 269.081777 
2.472797 280.477485 
2.476154 274.779631 
2.479291 272.880346 
2.482207 272.880346 
2.484903 269.081777 
2.487378 280.477485 
2.489632 267.182492 
2.491665 274.779631 
2.493477 272.880346 
2.495067 274.779631 
2.496436 276.678916 
2.497583 286.175339 
2.498508 280.477485 
2.499211 272.880346 
2.499692 280.477485 
2.499951 282.376770 
2.499988 286.175339 
2.499802 284.276054 
2.499395 288.074624 
2.498766 274.779631 
2.497914 289.973908 
2.496841 278.578200 
2.495546 289.973908 
2.494030 280.477485 
2.492292 291.873193 
2.490332 293.772478 
2.488151 295.671762 
2.485750 288.074624 
2.483127 288.074624 
2.480284 291.873193 
2.477220 293.772478 
2.473937 297.571047 
2.470434 288.074624 
2.466712 288.074624 
2.462770 289.973908 
2.458609 291.873193 
2.454230 289.973908 
2.449633 288.074624 
2.444819 293.772478 
2.439787 299.470332 
2.434539 291.873193 
2.429074 289.973908 
2.423394 289.973908 
2.417499 303.268901 
2.411389 288.074624 
2.405064 289.973908 
2.398526 291.873193 
2.391775 286.175339 
2.384811 289.973908 
2.377635 301.369616 
2.370248 291.873193 
2.362651 284.276054 
2.354843 282.376770 
2.346827 289.973908 
2.338603 276.678916 
2.330170 278.578200 
2.321530 291.873193 
2.312684 289.973908 
2.303633 282.376770 
2.294378 272.880346 
2.284918 269.081777 
2.275255 278.578200 
2.265390 288.074624 
2.255323 274.779631 
2.245058 280.477485 
2.234592 280.477485 
2.223927 272.880346 
2.213065 270.981062 
2.202006 276.678916 
2.190752 274.779631 
2.179303 276.678916 
2.167662 282.376770 
2.155828 272.880346 
2.143802 272.880346 
2.131585 265.283208 
2.119179 270.981062 
2.106584 270.981062 
2.093803 267.182492 
2.080836 259.585354 
2.067684 263.383923 
2.054347 257.686069 
2.040829 255.786784 
2.027129 267.182492 
2.013243 261.484638 
1.999184 261.484638 
1.984947 261.484638 
1.970534 261.484638 
1.955948 251.988215 
1.941187 257.686069 
1.926253 259.585354 
1.911148 261.484638 
1.895873 250.088930 
1.880431 250.088930 
1.864820 240.592507 
1.849046 240.592507 
1.833105 238.693222 
1.817002 244.391076 
1.800737 229.196799 
1.784313 227.297514 
1.767733 227.297514 
1.750995 219.700376 
1.734101 227.297514 
1.717051 219.700376 
1.699851 221.599660 
1.682497 231.096084 
1.664995 221.599660 
1.647346 217.801091 
1.629551 214.002522 
1.611609 210.203952 
1.593524 217.801091 
1.575298 208.304668 
1.556933 206.405383 
1.538429 214.002522 
1.519788 196.908960 
1.501013 196.908960 
1.482104 210.203952 
1.463062 200.707529 
1.443891 191.211106 
1.424594 191.211106 
1.405169 195.009675 
1.385619 189.311821 
1.365945 196.908960 
1.346151 185.513252 
1.326239 181.714682 
1.306208 179.815398 
1.286059 191.211106 
1.265798 179.815398 
1.245423 187.412536 
1.224939 187.412536 
1.204344 181.714682 
1.183642 174.117544 
1.162836 183.613967 
1.141925 181.714682 
1.120914 181.714682 
1.099804 185.513252 
1.078596 176.016828 
1.057291 166.520405 
1.035894 179.815398 
1.014406 174.117544 
0.992825 164.621120 
0.971158 160.822551 
0.949405 158.923266 
0.927568 166.520405 
0.905648 160.822551 
0.883648 155.124697 
0.861569 155.124697 
0.839414 153.225412 
0.817182 157.023982 
0.794877 151.326128 
0.772502 149.426843 
0.750061 147.527558 
0.727552 139.930420 
0.704980 141.829705 
0.682344 143.728989 
0.659646 136.131851 
0.636889 134.232566 
0.614078 136.131851 
0.591212 128.534712 
0.568294 128.534712 
0.545323 139.930420 
0.522306 130.433997 
0.499242 130.433997 
0.476132 134.232566 
0.452980 126.635427 
0.429787 115.239719 
0.406558 119.038289 
0.383291 109.541865 
0.359993 117.139004 
0.336664 107.642581 
0.313301 111.441150 
0.289911 107.642581 
0.266494 100.045442 
0.243054 101.944727 
0.219594 90.549019 
0.196115 84.851165 
0.172619 100.045442 
0.149115 88.649734 
0.125583 84.851165 
0.102044 82.951880 
0.078497 71.556172 
0.054944 82.951880 
0.031387 79.153311 
0.007828 71.556172 
-0.015735 69.656887 
-0.039294 60.160464 
-0.062850 39.268333 
-0.086402 29.771909 
-0.109947 22.174771 
-0.133482 6.980493 
-0.157003 1.282639 
-0.180512 3.181924 
-0.204005 3.181924 
-0.227480 5.081209 
-0.250932 -4.415215 
-0.274362 -2.515930 
-0.297771 -0.616645 
-0.321152 1.282639 
-0.344505 -4.415215 
-0.367828 -0.616645 
-0.391118 -12.012353 
-0.414371 -17.710207 
-0.437587 -21.508777 
-0.460766 -23.408061 
-0.483905 -25.307346 
-0.507000 -32.904485 
-0.530051 -34.803769 
-0.553052 -27.206631 
-0.576006 -29.105915 
-0.598907 -29.105915 
-0.621754 -32.904485 
-0.644549 -40.501623 
-0.667284 -38.602339 
-0.689962 -17.710207 
-0.712579 -38.602339 
-0.735130 -36.703054 
-0.757619 -25.307346 
-0.780040 -36.703054 
-0.802391 -40.501623 
-0.824669 -38.602339 
-0.846877 -36.703054 
-0.869009 -55.695901 
-0.891061 -51.897331 
-0.913034 -53.796616 
-0.934929 -59.494470 
-0.956738 -63.293039 
-0.978462 -59.494470 
-1.000099 -61.393755 
-1.021650 -72.789462 
-1.043110 -76.588032 
-1.064475 -72.789462 
-1.085746 -82.285886 
-1.106922 -89.883024 
-1.127998 -87.983740 
-1.148976 -89.883024 
-1.169851 -84.185170 
-1.190621 -89.883024 
-1.211287 -105.077302 
-1.231845 -101.278732 
-1.252292 -103.178017 
-1.272630 -112.674440 
-1.292855 -99.379448 
-1.312962 -106.976586 
-1.332956 -122.170864 
-1.352828 -114.573725 
-1.372583 -120.271579 
-1.392216 -120.271579 
-1.411725 -124.070148 
-1.431108 -129.768002 
-1.450365 -135.465856 
-1.469491 -135.465856 
-1.488488 -129.768002 
-1.507351 -143.062995 
-1.526080 -139.264426 
-1.544675 -139.264426 
-1.563132 -139.264426 
-1.581451 -146.861564 
-1.599630 -146.861564 
-1.617665 -148.760849 
-1.635556 -150.660134 
-1.653302 -152.559418 
-1.670903 -160.156557 
-1.688356 -150.660134 
-1.705658 -150.660134 
-1.722809 -169.652980 
-1.739807 -173.451550 
-1.756649 -167.753696 
-1.773336 -160.156557 
-1.789865 -179.149404 
-1.806235 -173.451550 
-1.822444 -169.652980 
-1.838493 -182.947973 
-1.854376 -184.847258 
-1.870095 -182.947973 
-1.885648 -186.746542 
-1.901034 -184.847258 
-1.916250 -188.645827 
-1.931296 -181.048688 
-1.946171 -201.940820 
-1.960875 -201.940820 
-1.975402 -196.242966 
-1.989755 -194.343681 
-2.003932 -207.638674 
-2.017929 -198.142250 
-2.031748 -211.437243 
-2.045386 -220.933666 
-2.058843 -200.041535 
-2.072118 -211.437243 
-2.085207 -228.530805 
-2.098113 -220.933666 
-2.110832 -222.832951 
-2.123365 -211.437243 
-2.135707 -213.336528 
-2.147860 -226.631520 
-2.159822 -224.732236 
-2.171593 -228.530805 
-2.183170 -234.228659 
-2.194553 -228.530805 
-2.205740 -239.926513 
-2.216733 -232.329374 
-2.227528 -230.430090 
-2.238126 -232.329374 
-2.248524 -238.027228 
-2.258724 -232.329374 
-2.268722 -243.725082 
-2.278518 -241.825798 
-2.288112 -241.825798 
-2.297503 -236.127944 
-2.306690 -236.127944 
-2.315672 -257.020075 
-2.324448 -239.926513 
-2.333019 -245.624367 
-2.341381 -255.120790 
-2.349536 -249.422936 
-2.357483 -258.919360 
-2.365220 -249.422936 
-2.372746 -257.020075 
-2.380062 -249.422936 
-2.387167 -257.020075 
-2.394060 -249.422936 
-2.400739 -257.020075 
-2.407206 -270.315068 
-2.413459 -258.919360 
-2.419497 -255.120790 
-2.425321 -260.818644 
-2.430929 -260.818644 
-2.436321 -257.020075 
-2.441497 -257.020075 
-2.446455 -260.818644 
-2.451197 -266.516498 
-2.455720 -268.415783 
-2.460026 -264.617214 
-2.464113 -264.617214 
-2.467989 -272.214352 
-2.471637 -272.214352 
-2.475066 -274.113637 
-2.478276 -266.516498 
-2.481265 -277.912206 
-2.484034 -264.617214 
-2.486582 -266.516498 
-2.488910 -272.214352 
-2.491016 -279.811491 
-2.492901 -272.214352 
-2.494565 -281.710775 
-2.496007 -279.811491 
-2.497227 -272.214352 
-2.498226 -279.811491 
-2.499002 -274.113637 
-2.499557 -268.415783 
-2.499889 -272.214352 
-2.500000 -281.710775 
-2.499888 -276.012922 
-2.499555 -276.012922 
-2.498999 -285.509345 
-2.498222 -276.012922 
-2.497222 -281.710775 
-2.496001 -281.710775 
-2.494558 -283.610060 
-2.492893 -281.710775 
-2.491007 -281.710775 
-2.488900 -281.710775 
-2.486571 -281.710775 
-2.484021 -281.710775 
-2.481251 -281.710775 
-2.478261 -289.307914 
-2.475050 -287.408629 
-2.471619 -281.710775 
-2.467969 -289.307914 
-2.464100 -289.307914 
-2.460012 -291.207199 
-2.455705 -287.408629 
-2.451180 -289.307914 
-2.446438 -283.610060 
-2.441478 -298.804337 
-2.436301 -300.703622 
-2.430908 -298.804337 
-2.425300 -298.804337 
-2.419476 -304.502191 
-2.413437 -302.602907 
-2.407183 -302.602907 
-2.400716 -306.401476 
-2.394035 -298.804337 
-2.387141 -304.502191 
-2.380034 -293.106483 
-2.372717 -296.905053 
-2.365189 -295.005768 
-2.357451 -296.905053 
-2.349504 -300.703622 
-2.341347 -295.005768 
-2.332983 -298.804337 
-2.324412 -302.602907 
-2.315633 -298.804337 
-2.306648 -295.005768 
-2.297460 -298.804337 
-2.288068 -296.905053 
-2.278472 -298.804337 
-2.268675 -291.207199 
-2.258675 -300.703622 
-2.248475 -289.307914 
-2.238073 -289.307914 
-2.227475 -283.610060 
-2.216678 -291.207199 
-2.205686 -283.610060 
-2.194496 -277.912206 
-2.183111 -281.710775 
-2.171533 -272.214352 
-2.159762 -272.214352 
-2.147798 -266.516498 
-2.135644 -266.516498 
-2.123298 -266.516498 
-2.110767 -258.919360 
-2.098046 -270.315068 
-2.085141 -266.516498 
-2.072050 -258.919360 
-2.058775 -258.919360 
-2.045317 -264.617214 
-2.031677 -266.516498 
-2.017857 -266.516498 
-2.003858 -255.120790 
-1.989680 -264.617214 
-1.975325 -266.516498 
-1.960795 -258.919360 
-1.946091 -272.214352 
-1.931213 -253.221506 
-1.893381 -245.624367 
-1.866628 -245.624367 
-1.850871 -245.624367 
-1.834951 -245.624367 
-1.818867 -234.228659 
-1.802619 -243.725082 
-1.786214 -239.926513 
-1.769649 -230.430090 
-1.752926 -243.725082 
-1.736049 -238.027228 
-1.719017 -236.127944 
-1.701834 -238.027228 
-1.684500 -230.430090 
-1.667016 -222.832951 
-1.649383 -222.832951 
-1.631603 -226.631520 
-1.613676 -222.832951 
-1.595609 -222.832951 
-1.577399 -226.631520 
-1.559048 -220.933666 
-1.540560 -220.933666 
-1.521934 -220.933666 
-1.503173 -217.135097 
-1.484281 -219.034382 
-1.465254 -211.437243 
-1.446098 -215.235812 
-1.426815 -215.235812 
-1.407405 -213.336528 
-1.387869 -219.034382 
-1.368207 -213.336528 
-1.348425 -213.336528 
-1.328524 -198.142250 
-1.308505 -209.537958 
-1.288369 -207.638674 
-1.268119 -211.437243 
-1.247754 -203.840104 
-1.227281 -200.041535 
-1.206701 -198.142250 
-1.186009 -201.940820 
-1.165212 -190.545112 
-1.144315 -181.048688 
-1.123315 -182.947973 
-1.102215 -181.048688 
-1.081017 -179.149404 
-1.059725 -175.350834 
-1.038326 -169.652980 
-1.016848 -165.854411 
-0.995277 -167.753696 
-0.973618 -148.760849 
-0.951873 -163.955126 
-0.930045 -165.854411 
-0.908134 -144.962280 
-0.886143 -154.458703 
-0.864071 -158.257272 
-0.841924 -137.365141 
-0.819698 -146.861564 
-0.797402 -152.559418 
-0.775037 -152.559418 
-0.752603 -139.264426 
-0.730100 -143.062995 
-0.707532 -139.264426 
-0.684904 -133.566572 
-0.662212 -137.365141 
-0.639462 -137.365141 
-0.616657 -143.062995 
-0.593795 -129.768002 
-0.570882 -137.365141 
-0.547917 -124.070148 
-0.524900 -127.868718 
-0.501840 -125.969433 
-0.478734 -120.271579 
-0.455589 -144.962280 
-0.432403 -110.775156 
-0.409176 -112.674440 
-0.385915 -108.875871 
-0.362618 -106.976586 
-0.339289 -93.681594 
-0.315931 -91.782309 
-0.292546 -87.983740 
-0.269132 -89.883024 
-0.245697 -82.285886 
-0.222237 -89.883024 
-0.198761 -74.688747 
-0.175266 -76.588032 
-0.151756 -91.782309 
-0.128230 -68.990893 
-0.104693 -59.494470 
-0.081149 -63.293039 
-0.057592 -51.897331 
-0.034036 -53.796616 
-0.010474 -48.098762 
0.013087 -44.300193 
0.036648 -44.300193 
0.060205 -27.206631 
0.083758 -23.408061 
0.107303 -10.113069 
0.130840 6.980493 
0.154367 5.081209 
0.177875 3.181924 
0.201370 6.980493 
0.224845 -0.616645 
0.248302 -2.515930 
0.271756 5.081209 
0.295165 5.081209 
0.318550 -0.616645 
0.341904 10.779063 
0.365227 8.879778 
0.388521 14.577632 
0.411778 27.872625 
0.435000 37.369048 
0.458184 37.369048 
0.481325 44.966187 
0.504423 48.764756 
0.527481 44.966187 
0.550490 54.462610 
0.573450 56.361895 
0.596356 48.764756 
0.619212 58.261179 
0.642013 62.059749 
0.664757 69.656887 
0.687442 58.261179 
0.710066 58.261179 
0.732626 63.959033 
0.755122 62.059749 
0.777548 62.059749 
0.799908 67.757603 
0.822194 71.556172 
0.844409 71.556172 
0.866547 79.153311 
0.888609 79.153311 
0.910593 84.851165 
0.932497 81.052595 
0.954317 82.951880 
0.976051 94.347588 
0.997700 90.549019 
1.019261 88.649734 
1.040729 100.045442 
1.062107 92.448303 
1.083388 90.549019 
1.104575 98.146157 
1.125664 98.146157 
1.146651 109.541865 
1.167538 107.642581 
1.188319 113.340435 
1.208997 119.038289 
1.229567 119.038289 
1.250029 113.340435 
1.270377 138.031135 
1.290614 130.433997 
1.310735 130.433997 
1.330741 128.534712 
1.350627 136.131851 
1.370397 143.728989 
1.390041 143.728989 
1.409564 139.930420 
1.428960 143.728989 
1.448230 149.426843 
1.467373 143.728989 
1.486382 153.225412 
1.505262 160.822551 
1.524010 162.721836 
1.542620 172.218259 
1.561092 164.621120 
1.579427 166.520405 
1.597623 176.016828 
1.615676 166.520405 
1.633585 176.016828 
1.651349 172.218259 
1.668966 176.016828 
1.686434 181.714682 
1.703753 172.218259 
1.720919 185.513252 
1.737932 179.815398 
1.754793 177.916113 
1.771499 177.916113 
1.788047 179.815398 
1.804435 191.211106 
1.820662 183.613967 
1.836727 204.506098 
1.852628 198.808244 
1.868369 193.110390 
1.883940 212.103237 
1.899346 196.908960 
1.914582 196.908960 
1.929649 215.901806 
1.944543 208.304668 
1.959264 215.901806 
1.973812 221.599660 
1.988184 219.700376 
2.002381 206.405383 
2.016398 227.297514 
2.030236 219.700376 
2.043895 221.599660 
2.057371 227.297514 
2.070666 223.498945 
2.083776 234.894653 
2.096701 234.894653 
2.109440 234.894653 
2.121993 240.592507 
2.134355 238.693222 
2.146529 238.693222 
2.158513 242.491792 
2.170303 248.189646 
2.181901 238.693222 
2.193306 236.793938 
2.204515 246.290361 
2.215530 251.988215 
2.226347 251.988215 
2.236965 250.088930 
2.247386 251.988215 
2.257606 261.484638 
2.267626 253.887500 
2.277446 251.988215 
2.287063 255.786784 
2.296476 261.484638 
2.305686 265.283208 
2.314690 269.081777 
2.323490 265.283208 
2.332083 267.182492 
2.340469 265.283208 
2.348646 259.585354 
2.356616 259.585354 
2.364376 274.779631 
2.371926 261.484638 
2.379266 267.182492 
2.386394 255.786784 
2.393310 269.081777 
2.400014 259.585354 
2.406504 263.383923 
2.412781 259.585354 
2.418844 259.585354 
2.424690 265.283208 
2.430323 265.283208 
2.435738 274.779631 
2.440938 257.686069 
2.445921 274.779631 
2.450686 261.484638 
2.455235 274.779631 
2.459564 270.981062 
2.463676 261.484638 
2.467568 274.779631 
2.471242 259.585354 
2.474696 272.880346 
2.477930 274.779631 
2.480944 265.283208 
2.483737 270.981062 
2.486310 288.074624 
2.488662 274.779631 
2.490793 270.981062 
2.492703 274.779631 
2.494391 278.578200 
2.495858 280.477485 
2.497103 274.779631 
2.498126 289.973908 
2.498927 276.678916 
2.499506 278.578200 
2.499864 280.477485 
2.499999 282.376770 
2.499912 286.175339 
2.499603 282.376770 
2.499072 295.671762 
2.498316 289.973908 
2.497341 291.873193 
2.496144 282.376770 
2.494725 286.175339 
2.493084 286.175339 
2.491222 289.973908 
2.489139 289.973908 
2.486834 288.074624 
2.484309 280.477485 
2.481563 295.671762 
2.478596 288.074624 
2.475410 288.074624 
2.472004 289.973908 
2.468377 307.067470 
2.464532 289.973908 
2.460468 280.477485 
2.456185 289.973908 
2.451684 295.671762 
2.446965 299.470332 
2.442029 303.268901 
2.436876 295.671762 
2.431506 295.671762 
2.425921 295.671762 
2.420120 301.369616 
2.414104 293.772478 
2.407874 297.571047 
2.401430 293.772478 
2.394772 295.671762 
2.387902 289.973908 
2.380820 284.276054 
2.373526 293.772478 
2.366021 297.571047 
2.358307 295.671762 
2.350383 291.873193 
2.342249 278.578200 
2.333909 286.175339 
2.325361 291.873193 
2.316606 278.578200 
2.307646 291.873193 
2.298481 276.678916 
2.289111 286.175339 
2.279537 280.477485 
2.269761 278.578200 
2.259784 286.175339 
2.249606 295.671762 
2.239227 286.175339 
2.228651 282.376770 
2.217876 270.981062 
2.206904 270.981062 
2.195737 284.276054 
2.184342 276.678916 
2.172041 274.779631 
2.160279 274.779631 
2.148325 272.880346 
2.136179 267.182492 
2.123845 282.376770 
2.111322 270.981062 
2.098611 274.779631 
2.085712 267.182492 
2.072628 236.793938 
2.059360 274.779631 
2.045911 274.779631 
2.032277 270.981062 
2.018463 270.981062 
2.004471 274.779631 
1.990301 253.887500 
1.975954 263.383923 
1.961431 251.988215 
1.946736 251.988215 
1.931868 259.585354 
1.916826 250.088930 
1.901615 251.988215 
1.886234 240.592507 
1.870686 240.592507 
1.854972 238.693222 
1.839094 244.391076 
1.823053 244.391076 
1.806851 231.096084 
1.790486 236.793938 
1.773962 234.894653 
1.757282 231.096084 
1.740446 234.894653 
1.723454 227.297514 
1.706309 227.297514 
1.689012 231.096084 
1.671565 214.002522 
1.653971 221.599660 
1.636229 221.599660 
1.618343 206.405383 
1.600314 217.801091 
1.582138 210.203952 
1.563826 210.203952 
1.545373 219.700376 
1.526783 202.606814 
1.508059 198.808244 
1.489199 204.506098 
1.470206 200.707529 
1.451086 204.506098 
1.431836 204.506098 
1.412457 202.606814 
1.392953 191.211106 
1.373325 202.606814 
1.353577 206.405383 
1.333708 204.506098 
1.313720 198.808244 
1.293614 196.908960 
1.273394 166.520405 
1.253062 191.211106 
1.232620 191.211106 
1.212065 195.009675 
1.191397 191.211106 
1.170631 183.613967 
1.149761 185.513252 
1.128788 185.513252 
1.107713 179.815398 
1.086541 181.714682 
1.065272 181.714682 
1.043908 174.117544 
1.022451 166.520405 
1.000904 172.218259 
0.979265 168.419690 
0.957542 168.419690 
0.935734 172.218259 
0.913849 158.923266 
0.891876 176.016828 
0.869825 168.419690 
0.847698 166.520405 
0.825493 166.520405 
0.803218 158.923266 
0.780871 153.225412 
0.758453 153.225412 
0.735967 153.225412 
0.713418 145.628274 
0.690801 139.930420 
0.668128 143.728989 
0.645392 138.031135 
0.622600 139.930420 
0.599754 138.031135 
0.576855 124.736143 
0.553905 134.232566 
0.530904 136.131851 
0.507855 126.635427 
0.484761 122.836858 
0.461624 122.836858 
0.438448 113.340435 
0.415234 115.239719 
0.391978 113.340435 
0.368691 111.441150 
0.345372 105.743296 
0.322023 100.045442 
0.298644 109.541865 
0.275240 96.246873 
0.251808 100.045442 
0.228356 67.757603 
0.204882 86.750449 
0.181390 86.750449 
0.157883 92.448303 
0.134361 88.649734 
0.110829 82.951880 
0.087284 82.951880 
0.063735 73.455457 
0.040179 69.656887 
0.016618 77.254026 
-0.006943 69.656887 
-0.030503 58.261179 
-0.054060 54.462610 
-0.077614 44.966187 
-0.101160 27.872625 
-0.124696 18.376201 
-0.148222 3.181924 
-0.171734 -8.213784 
-0.195233 3.181924 
-0.218715 1.282639 
-0.242178 1.282639 
-0.265616 -4.415215 
-0.289034 1.282639 
-0.312423 -6.314499 
-0.335785 -6.314499 
-0.359119 -8.213784 
-0.382419 -17.710207 
-0.405688 -17.710207 
-0.428917 -23.408061 
-0.452109 -25.307346 
-0.475263 -27.206631 
-0.498375 -19.609492 
-0.521443 -38.602339 
-0.544462 -32.904485 
-0.567435 -38.602339 
-0.590357 -29.105915 
-0.613227 -46.199477 
-0.636040 -32.904485 
-0.658799 -40.501623 
-0.681502 -46.199477 
-0.704140 -36.703054 
-0.726717 -44.300193 
-0.749228 -44.300193 
-0.771674 -51.897331 
-0.794052 -44.300193 
-0.816506 -53.796616 
-0.838740 -46.199477 
-0.860900 -48.098762 
-0.885097 -55.695901 
-0.907090 -59.494470 
-0.929007 -59.494470 
-0.950843 -65.192324 
-0.972590 -61.393755 
-0.994254 -82.285886 
-1.015826 -76.588032 
-1.037311 -70.890178 
-1.058706 -78.487316 
-1.080004 -78.487316 
-1.101205 -89.883024 
-1.122307 -82.285886 
-1.143312 -89.883024 
-1.164213 -87.983740 
-1.185014 -89.883024 
-1.205708 -99.379448 
-1.226294 -89.883024 
-1.246773 -99.379448 
-1.267143 -105.077302 
-1.287398 -112.674440 
-1.307541 -112.674440 
-1.327566 -106.976586 
-1.347471 -103.178017 
-1.367258 -106.976586 
-1.386922 -118.372294 
-1.406463 -112.674440 
-1.425881 -122.170864 
-1.445174 -120.271579 
-1.464336 -122.170864 
-1.483369 -127.868718 
-1.502270 -129.768002 
-1.521037 -133.566572 
-1.539669 -129.768002 
-1.558166 -135.465856 
-1.576522 -143.062995 
-1.594739 -144.962280 
-1.612812 -148.760849 
-1.630744 -139.264426 
-1.648529 -158.257272 
-1.666172 -182.947973 
-1.683665 -156.357988 
-1.701006 -163.955126 
-1.718198 -162.055842 
-1.735238 -165.854411 
-1.752121 -165.854411 
-1.768849 -173.451550 
-1.785422 -169.652980 
-1.801836 -160.156557 
-1.818089 -163.955126 
-1.834180 -175.350834 
-1.850108 -173.451550 
-1.865871 -175.350834 
-1.881469 -179.149404 
-1.896903 -181.048688 
-1.912165 -182.947973 
-1.927259 -179.149404 
-1.942180 -198.142250 
-1.956930 -198.142250 
-1.971505 -188.645827 
-1.985906 -196.242966 
-2.000131 -196.242966 
-2.014177 -190.545112 
-2.028045 -211.437243 
-2.041732 -217.135097 
-2.055238 -196.242966 
-2.068562 -209.537958 
-2.081703 -220.933666 
-2.094657 -203.840104 
-2.107425 -226.631520 
-2.120006 -215.235812 
-2.132401 -219.034382 
-2.144604 -219.034382 
-2.156618 -217.135097 
-2.168439 -228.530805 
-2.180070 -232.329374 
-2.191505 -219.034382 
-2.202746 -236.127944 
-2.213794 -239.926513 
-2.224643 -226.631520 
-2.235295 -238.027228 
-2.245746 -239.926513 
-2.256000 -226.631520 
-2.266053 -241.825798 
-2.275904 -245.624367 
-2.285554 -247.523652 
-2.294999 -241.825798 
-2.304242 -245.624367 
-2.313279 -245.624367 
-2.322110 -245.624367 
-2.330736 -245.624367 
-2.339155 -243.725082 
-2.347368 -249.422936 
-2.355370 -260.818644 
-2.363164 -251.322221 
-2.370748 -245.624367 
-2.378121 -251.322221 
-2.385283 -255.120790 
-2.392232 -249.422936 
-2.398969 -253.221506 
-2.405493 -264.617214 
-2.411804 -255.120790 
-2.417900 -264.617214 
-2.423781 -258.919360 
-2.429447 -260.818644 
-2.434898 -266.516498 
-2.440131 -260.818644 
-2.445148 -260.818644 
-2.449948 -266.516498 
-2.454530 -260.818644 
-2.458895 -268.415783 
-2.463041 -264.617214 
-2.466968 -262.717929 
-2.470675 -274.113637 
-2.474164 -266.516498 
-2.477432 -264.617214 
-2.480481 -274.113637 
-2.483309 -274.113637 
-2.485917 -276.012922 
-2.488304 -266.516498 
-2.490470 -272.214352 
-2.492415 -281.710775 
-2.494138 -272.214352 
-2.495640 -276.012922 
-2.496920 -281.710775 
-2.497978 -276.012922 
-2.498815 -276.012922 
-2.499429 -279.811491 
-2.499822 -279.811491 
-2.499992 -281.710775 
-2.499940 -276.012922 
-2.499667 -274.113637 
-2.499171 -276.012922 
-2.498453 -279.811491 
-2.497514 -277.912206 
-2.496352 -270.315068 
-2.494969 -272.214352 
-2.493364 -276.012922 
-2.491537 -281.710775 
-2.489490 -283.610060 
-2.487221 -272.214352 
-2.484731 -287.408629 
-2.482021 -283.610060 
-2.479090 -277.912206 
-2.475939 -281.710775 
-2.472568 -285.509345 
-2.468978 -279.811491 
-2.465168 -274.113637 
-2.461138 -281.710775 
-2.456891 -276.012922 
-2.452426 -283.610060 
-2.447741 -289.307914 
-2.442841 -283.610060 
-2.437722 -291.207199 
-2.432388 -281.710775 
-2.426836 -285.509345 
-2.421070 -274.113637 
-2.415089 -285.509345 
-2.408893 -281.710775 
-2.402484 -289.307914 
-2.395861 -283.610060 
-2.389026 -302.602907 
-2.381978 -291.207199 
-2.374719 -302.602907 
-2.367248 -295.005768 
-2.359566 -293.106483 
-2.351676 -298.804337 
-2.343576 -295.005768 
-2.335269 -296.905053 
-2.326755 -296.905053 
-2.318033 -295.005768 
-2.309105 -293.106483 
-2.299972 -291.207199 
-2.290634 -291.207199 
-2.281092 -289.307914 
-2.271349 -293.106483 
-2.261405 -291.207199 
-2.251259 -289.307914 
-2.240914 -289.307914 
-2.230369 -291.207199 
-2.219627 -296.905053 
-2.208685 -295.005768 
-2.197548 -310.200045 
-2.186217 -291.207199 
-2.174689 -289.307914 
-2.162970 -289.307914 
-2.151060 -291.207199 
-2.138957 -279.811491 
-2.126666 -287.408629 
-2.114185 -279.811491 
-2.101517 -272.214352 
-2.088662 -274.113637 
-2.075620 -266.516498 
-2.062394 -268.415783 
-2.048985 -270.315068 
-2.035395 -262.717929 
-2.021623 -257.020075 
-2.007672 -260.818644 
-1.993542 -253.221506 
-1.979237 -245.624367 
-1.964754 -245.624367 
-1.950097 -241.825798 
-1.935268 -243.725082 
-1.920265 -249.422936 
-1.905094 -253.221506 
-1.889752 -257.020075 
-1.874242 -251.322221 
-1.858567 -258.919360 
-1.842725 -245.624367 
-1.826721 -255.120790 
-1.810555 -239.926513 
-1.794227 -249.422936 
-1.777741 -234.228659 
-1.761097 -238.027228 
-1.744293 -236.127944 
-1.727336 -239.926513 
-1.710227 -232.329374 
-1.692964 -238.027228 
-1.675550 -226.631520 
-1.657990 -234.228659 
-1.640281 -226.631520 
-1.622428 -226.631520 
-1.604431 -219.034382 
-1.586290 -219.034382 
-1.568007 -219.034382 
-1.549586 -228.530805 
-1.531028 -213.336528 
-1.512335 -220.933666 
-1.493508 -213.336528 
-1.474545 -217.135097 
-1.455454 -211.437243 
-1.436234 -203.840104 
-1.416884 -211.437243 
-1.397406 -230.430090 
-1.377808 -201.940820 
-1.358085 -203.840104 
-1.338242 -194.343681 
-1.318280 -200.041535 
-1.298203 -196.242966 
-1.278011 -203.840104 
-1.257703 -190.545112 
-1.237286 -196.242966 
-1.216756 -186.746542 
-1.196116 -190.545112 
-1.175351 -188.645827 
-1.154505 -188.645827 
-1.133556 -188.645827 
-1.112504 -181.048688 
-1.091356 -182.947973 
-1.070106 -171.552265 
-1.048766 -169.652980 
-1.027331 -184.847258 
-1.005699 -182.947973 
-0.984083 -184.847258 
-0.962376 -179.149404 
-0.940585 -190.545112 
-0.918714 -169.652980 
-0.896757 -171.552265 
-0.874718 -173.451550 
-0.852606 -169.652980 
-0.830415 -156.357988 
-0.808154 -163.955126 
-0.785818 -148.760849 
-0.763417 -148.760849 
-0.740948 -144.962280 
-0.718414 -143.062995 
-0.695815 -144.962280 
-0.673155 -135.465856 
-0.650430 -129.768002 
-0.627648 -112.674440 
-0.604812 -124.070148 
-0.581920 -122.170864 
-0.558979 -122.170864 
-0.535988 -112.674440 
-0.512952 -118.372294 
-0.489865 -114.573725 
-0.466738 -110.775156 
-0.443569 -108.875871 
-0.420362 -103.178017 
-0.397117 -112.674440 
-0.373835 -105.077302 
-0.350521 -106.976586 
-0.327178 -101.278732 
-0.303801 -99.379448 
-0.280400 -97.480163 
-0.256973 -93.681594 
-0.233524 -89.883024 
-0.210054 -87.983740 
-0.186565 -91.782309 
-0.163062 -76.588032 
-0.139545 -82.285886 
-0.116013 -80.386601 
-0.092471 -80.386601 
-0.068922 -76.588032 
-0.045366 -76.588032 
-0.021807 -68.990893 
0.001753 -78.487316 
0.025316 -70.890178 
0.048876 -61.393755 
0.072429 -51.897331 
0.095977 -44.300193 
0.119518 -32.904485 
0.143048 -21.508777 
0.166563 -13.911638 
0.190066 -0.616645 
0.213550 8.879778 
0.237017 -0.616645 
0.260460 1.282639 
0.283881 1.282639 
0.307276 3.181924 
0.330646 3.181924 
0.353985 3.181924 
0.377292 18.376201 
0.400568 18.376201 
0.423809 31.671194 
0.447011 35.469763 
0.470172 31.671194 
0.493296 39.268333 
0.516373 43.066902 
0.539402 50.664041 
0.562386 46.865471 
0.585320 48.764756 
0.608202 48.764756 
0.631029 63.959033 
0.653801 58.261179 
0.676512 58.261179 
0.699168 69.656887 
0.721759 63.959033 
0.744284 60.160464 
0.766743 75.354741 
0.789136 65.858318 
0.811459 75.354741 
0.833710 81.052595 
0.855887 84.851165 
0.877988 75.354741 
0.900008 82.951880 
0.921949 81.052595 
0.943807 86.750449 
0.965585 88.649734 
0.987278 103.844011 
1.008882 100.045442 
1.030393 98.146157 
1.051816 101.944727 
1.073143 103.844011 
1.094376 100.045442 
1.115513 113.340435 
1.136548 105.743296 
1.157487 113.340435 
1.178320 103.844011 
1.199047 122.836858 
1.219667 120.937573 
1.240182 124.736143 
1.260583 124.736143 
1.280873 117.139004 
1.301051 132.333281 
1.321112 130.433997 
1.341055 145.628274 
1.360879 138.031135 
1.380583 134.232566 
1.400165 141.829705 
1.419623 143.728989 
1.438955 141.829705 
1.458160 138.031135 
1.477235 155.124697 
1.496178 143.728989 
1.514991 151.326128 
1.533665 153.225412 
1.552205 157.023982 
1.570606 157.023982 
1.588867 162.721836 
1.606988 160.822551 
1.624965 174.117544 
1.642797 174.117544 
1.660484 162.721836 
1.678023 174.117544 
1.695414 179.815398 
1.712655 176.016828 
1.729744 179.815398 
1.746678 181.714682 
1.763458 191.211106 
1.780080 187.412536 
1.796544 191.211106 
1.812849 191.211106 
1.828994 183.613967 
1.844975 195.009675 
1.860792 196.908960 
1.876443 200.707529 
1.891930 204.506098 
1.907246 198.808244 
1.922395 202.606814 
1.937372 210.203952 
1.952178 210.203952 
1.966811 214.002522 
1.981269 229.196799 
1.995551 219.700376 
2.009654 221.599660 
2.023580 232.995368 
2.037325 229.196799 
2.050889 229.196799 
2.064271 227.297514 
2.077470 229.196799 
2.090485 227.297514 
2.103315 240.592507 
2.115958 229.196799 
2.128413 242.491792 
2.140680 236.793938 
2.152755 244.391076 
2.164639 246.290361 
2.176331 234.894653 
2.187828 236.793938 
2.199132 244.391076 
2.210241 244.391076 
2.221153 251.988215 
2.231868 257.686069 
2.242384 259.585354 
2.252701 253.887500 
2.262818 251.988215 
2.272734 261.484638 
2.282448 251.988215 
2.291961 261.484638 
2.301269 257.686069 
2.310374 259.585354 
2.319272 251.988215 
2.327965 259.585354 
2.336451 257.686069 
2.344730 257.686069 
2.352800 257.686069 
2.360660 257.686069 
2.368311 261.484638 
2.375753 244.391076 
2.382983 263.383923 
2.390002 267.182492 
2.396808 261.484638 
2.403401 269.081777 
2.409781 263.383923 
2.415946 265.283208 
2.421898 257.686069 
2.427634 265.283208 
2.433155 259.585354 
2.438459 259.585354 
2.443546 272.880346 
2.448416 259.585354 
2.453069 267.182492 
2.457504 261.484638 
2.461721 278.578200 
2.465719 272.880346 
2.469498 263.383923 
2.473058 274.779631 
2.476398 278.578200 
2.479518 276.678916 
2.482418 269.081777 
2.485097 284.276054 
2.487556 274.779631 
2.489794 276.678916 
2.491811 280.477485 
2.493605 284.276054 
2.495179 278.578200 
2.496531 288.074624 
2.497661 286.175339 
2.498569 288.074624 
2.499255 284.276054 
2.499719 284.276054 
2.499961 291.873193 
2.499981 288.074624 
2.499779 289.973908 
2.499355 289.973908 
2.498709 282.376770 
2.497841 286.175339 
2.496751 288.074624 
2.495440 289.973908 
2.493906 289.973908 
2.492151 291.873193 
2.490175 303.268901 
2.487977 289.973908 
2.485559 295.671762 
2.482920 297.571047 
2.480060 295.671762 
2.476980 301.369616 
2.473680 305.168186 
2.470160 295.671762 
2.466421 299.470332 
2.462462 303.268901 
2.458285 308.966755 
2.453889 301.369616 
2.449276 297.571047 
2.444445 303.268901 
2.439397 297.571047 
2.434132 291.873193 
2.428651 297.571047 
2.422954 295.671762 
2.417042 303.268901 
2.410915 289.973908 
2.404575 284.276054 
2.398020 289.973908 
2.391252 291.873193 
2.384272 288.074624 
2.377080 289.973908 
2.369678 282.376770 
2.362064 289.973908 
2.354241 289.973908 
2.346209 286.175339 
2.337968 291.873193 
2.329519 293.772478 
2.320863 289.973908 
2.312001 286.175339 
2.302935 282.376770 
2.293664 278.578200 
2.284190 286.175339 
2.274513 286.175339 
2.264632 284.276054 
2.254552 282.376770 
2.244269 282.376770 
2.233789 280.477485 
2.223109 280.477485 
2.212232 282.376770 
2.201158 282.376770 
2.189890 278.578200 
2.178427 289.973908 
2.166770 286.175339 
2.154921 280.477485 
2.142880 278.578200 
2.130650 274.779631 
2.118229 270.981062 
2.105620 270.981062 
2.092826 272.880346 
2.079845 259.585354 
2.066679 261.484638 
2.053329 261.484638 
2.039797 253.887500 
2.026084 261.484638 
2.012191 251.988215 
1.998120 251.988215 
1.983872 240.592507 
1.969446 261.484638 
1.954845 248.189646 
1.940071 255.786784 
1.925124 255.786784 
1.910006 251.988215 
1.894720 251.988215 
1.879264 242.491792 
1.863643 242.491792 
1.847854 244.391076 
1.831903 234.894653 
1.815789 236.793938 
1.799514 234.894653 
1.783079 232.995368 
1.766486 227.297514 
1.749736 221.599660 
1.732829 221.599660 
1.715769 231.096084 
1.698556 215.901806 
1.681191 229.196799 
1.663678 221.599660 
1.646018 221.599660 
1.628210 232.995368 
1.610257 231.096084 
1.592164 221.599660 
1.573929 223.498945 
1.555554 221.599660 
1.537039 227.297514 
1.518388 227.297514 
1.499603 212.103237 
1.480686 221.599660 
1.461635 206.405383 
1.442456 212.103237 
1.423149 219.700376 
1.403713 210.203952 
1.384155 206.405383 
1.364474 210.203952 
1.344670 210.203952 
1.324748 202.606814 
1.304709 200.707529 
1.284551 198.808244 
1.264282 198.808244 
1.243898 202.606814 
1.223404 198.808244 
1.202804 196.908960 
1.182094 200.707529 
1.161281 195.009675 
1.140363 198.808244 
1.119344 193.110390 
1.098228 181.714682 
1.077012 195.009675 
1.055700 187.412536 
1.034294 189.311821 
1.012799 181.714682 
0.991211 183.613967 
0.969536 183.613967 
0.947774 176.016828 
0.925928 179.815398 
0.904003 176.016828 
0.881994 168.419690 
0.859907 145.628274 
0.837747 160.822551 
0.815509 155.124697 
0.793201 155.124697 
0.770821 155.124697 
0.748372 158.923266 
0.725857 151.326128 
0.703274 145.628274 
0.680632 143.728989 
0.657932 143.728989 
0.635173 145.628274 
0.612355 138.031135 
0.589485 138.031135 
0.566563 138.031135 
0.543591 128.534712 
0.520568 124.736143 
0.497498 119.038289 
0.474383 122.836858 
0.451229 115.239719 
0.428036 115.239719 
0.404805 107.642581 
0.381533 111.441150 
0.358227 101.944727 
0.334894 109.541865 
0.311526 101.944727 
0.288136 94.347588 
0.264720 94.347588 
0.241278 90.549019 
0.217819 86.750449 
0.194334 84.851165 
0.170836 75.354741 
0.147326 84.851165 
0.123800 77.254026 
0.100261 69.656887 
0.076715 81.052595 
0.053163 65.858318 
0.029603 75.354741 
0.006041 65.858318 
-0.017522 58.261179 
-0.041081 60.160464 
-0.064641 46.865471 
-0.088191 43.066902 
-0.111735 27.872625 
-0.135269 14.577632 
-0.158788 6.980493 
-0.182294 1.282639 
-0.205783 -0.616645 
-0.229255 -6.314499 
-0.252705 -0.616645 
-0.276136 -4.415215 
-0.299542 5.081209 
-0.322922 -12.012353 
-0.346270 -15.810923 
-0.369591 -15.810923 
-0.392876 -12.012353 
-0.416128 -23.408061 
-0.439343 -21.508777 
-0.462520 -23.408061 
-0.485655 -29.105915 
-0.508747 -23.408061 
-0.531794 -25.307346 
-0.554794 -29.105915 
-0.577745 -21.508777 
-0.600644 -25.307346 
-0.623487 -36.703054 
-0.646278 -38.602339 
-0.669011 -38.602339 
-0.691682 -29.105915 
-0.714292 -34.803769 
-0.736838 -38.602339 
-0.759319 -44.300193 
-0.781733 -34.803769 
-0.804077 -51.897331 
-0.826349 -51.897331 
-0.848549 -46.199477 
-0.870672 -57.595185 
-0.892719 -57.595185 
-0.914686 -61.393755 
-0.936575 -67.091609 
-0.958377 -65.192324 
-0.980095 -82.285886 
-1.001726 -70.890178 
-1.023270 -78.487316 
-1.044723 -72.789462 
-1.066081 -72.789462 
-1.087344 -82.285886 
-1.108511 -82.285886 
-1.129581 -86.084455 
-1.150549 -91.782309 
-1.171415 -89.883024 
-1.192177 -91.782309 
-1.212835 -89.883024 
-1.233383 -97.480163 
-1.253824 -99.379448 
-1.274153 -99.379448 
-1.294369 -112.674440 
-1.314470 -106.976586 
-1.334453 -114.573725 
-1.354319 -120.271579 
-1.374062 -114.573725 
-1.393683 -127.868718 
-1.413183 -120.271579 
-1.432557 -118.372294 
-1.451804 -122.170864 
-1.470920 -114.573725 
-1.489907 -133.566572 
-1.508762 -129.768002 
-1.527483 -133.566572 
-1.546067 -143.062995 
-1.564512 -129.768002 
-1.582820 -143.062995 
-1.600988 -135.465856 
-1.619012 -137.365141 
-1.636892 -141.163710 
-1.654628 -152.559418 
-1.672216 -135.465856 
-1.689655 -148.760849 
-1.706945 -150.660134 
-1.724084 -143.062995 
-1.741071 -158.257272 
-1.757901 -144.962280 
-1.774575 -156.357988 
-1.791091 -173.451550 
-1.807449 -163.955126 
-1.823647 -163.955126 
-1.839684 -171.552265 
-1.855557 -179.149404 
-1.871265 -177.250119 
-1.886807 -184.847258 
-1.902181 -182.947973 
-1.917385 -194.343681 
-1.932420 -177.250119 
-1.947282 -192.444396 
-1.961972 -196.242966 
-1.976488 -194.343681 
-1.990829 -201.940820 
-2.004992 -201.940820 
-2.018978 -194.343681 
-2.032786 -190.545112 
-2.046410 -203.840104 
-2.059852 -203.840104 
-2.073112 -207.638674 
-2.086187 -230.430090 
-2.099079 -205.739389 
-2.111784 -207.638674 
-2.124301 -217.135097 
-2.136629 -222.832951 
-2.148767 -217.135097 
-2.160715 -220.933666 
-2.172471 -213.336528 
-2.184035 -224.732236 
-2.195404 -234.228659 
-2.206576 -230.430090 
-2.217553 -234.228659 
-2.228334 -241.825798 
-2.238918 -226.631520 
-2.249302 -253.221506 
-2.259485 -260.818644 
-2.269469 -241.825798 
-2.279251 -238.027228 
-2.288830 -241.825798 
-2.298207 -253.221506 
-2.307379 -251.322221 
-2.316346 -247.523652 
-2.325107 -260.818644 
-2.333661 -251.322221 
-2.342010 -255.120790 
-2.350148 -257.020075 
-2.358078 -255.120790 
-2.365800 -262.717929 
-2.373312 -260.818644 
-2.380612 -270.315068 
-2.387701 -264.617214 
-2.394577 -272.214352 
-2.401241 -258.919360 
-2.407691 -260.818644 
-2.413927 -258.919360 
-2.419949 -260.818644 
-2.425757 -274.113637 
-2.431348 -260.818644 
-2.436724 -272.214352 
-2.441883 -260.818644 
-2.446826 -266.516498 
-2.451551 -268.415783 
-2.456058 -266.516498 
-2.460347 -268.415783 
-2.464418 -272.214352 
-2.468270 -270.315068 
-2.471902 -266.516498 
-2.475315 -277.912206 
-2.478508 -274.113637 
-2.481481 -274.113637 
-2.484233 -281.710775 
-2.486765 -272.214352 
-2.489076 -277.912206 
-2.491165 -289.307914 
-2.493034 -274.113637 
-2.494681 -276.012922 
-2.496106 -281.710775 
-2.497310 -272.214352 
-2.498292 -279.811491 
-2.499052 -277.912206 
-2.499590 -279.811491 
-2.499905 -279.811491 
-2.499999 -281.710775 
-2.499871 -281.710775 
-2.499521 -281.710775 
-2.498949 -285.509345 
-2.498154 -285.509345 
-2.497138 -276.012922 
-2.495900 -283.610060 
-2.494440 -279.811491 
-2.492759 -277.912206 
-2.490857 -279.811491 
-2.488733 -281.710775 
-2.486388 -281.710775 
-2.483822 -279.811491 
-2.481036 -279.811491 
-2.478030 -279.811491 
-2.474803 -274.113637 
-2.471356 -272.214352 
-2.467689 -274.113637 
-2.463804 -277.912206 
-2.459699 -274.113637 
-2.455377 -281.710775 
-2.450836 -281.710775 
-2.446077 -289.307914 
-2.441101 -281.710775 
-2.435908 -277.912206 
-2.430499 -279.811491 
-2.424874 -281.710775 
-2.419034 -279.811491 
-2.412978 -281.710775 
-2.406708 -274.113637 
-2.400225 -283.610060 
-2.393528 -283.610060 
-2.386620 -289.307914 
-2.379498 -285.509345 
-2.372165 -279.811491 
-2.364622 -283.610060 
-2.356869 -277.912206 
-2.348907 -287.408629 
-2.340735 -279.811491 
-2.332355 -285.509345 
-2.323769 -281.710775 
-2.314977 -295.005768 
-2.305978 -287.408629 
-2.296755 -291.207199 
-2.287348 -289.307914 
-2.277737 -291.207199 
-2.267916 -285.509345 
-2.257902 -285.509345 
-2.247687 -289.307914 
-2.237271 -295.005768 
-2.226658 -289.307914 
-2.215847 -287.408629 
-2.204837 -289.307914 
-2.193634 -283.610060 
-2.182235 -283.610060 
-2.170643 -285.509345 
-2.158857 -291.207199 
-2.146879 -274.113637 
-2.134712 -285.509345 
-2.122355 -281.710775 
-2.109809 -285.509345 
-2.097075 -285.509345 
-2.084156 -287.408629 
-2.071050 -281.710775 
-2.057762 -276.012922 
-2.044289 -285.509345 
-2.030634 -277.912206 
-2.016801 -276.012922 
-2.002788 -270.315068 
-1.988596 -276.012922 
-1.974226 -264.617214 
-1.959683 -260.818644 
-1.944965 -264.617214 
-1.930077 -255.120790 
-1.915015 -251.322221 
-1.899781 -253.221506 
-1.884382 -251.322221 
-1.868816 -251.322221 
-1.853083 -245.624367 
-1.837185 -241.825798 
-1.821124 -239.926513 
-1.804902 -243.725082 
-1.788520 -238.027228 
-1.771976 -236.127944 
-1.755277 -239.926513 
-1.738421 -232.329374 
-1.721412 -243.725082 
-1.704250 -230.430090 
-1.686935 -239.926513 
-1.669471 -230.430090 
-1.651859 -238.027228 
-1.634102 -230.430090 
-1.616198 -236.127944 
-1.598152 -226.631520 
-1.579961 -215.235812 
-1.561631 -222.832951 
-1.543161 -220.933666 
-1.524556 -222.832951 
-1.505814 -211.437243 
-1.486941 -219.034382 
-1.467935 -205.739389 
-1.448796 -213.336528 
-1.429530 -207.638674 
-1.410138 -203.840104 
-1.390620 -205.739389 
-1.370980 -203.840104 
-1.351213 -203.840104 
-1.331329 -201.940820 
-1.311326 -201.940820 
-1.291207 -201.940820 
-1.270975 -194.343681 
-1.250630 -190.545112 
-1.230174 -186.746542 
-1.209607 -188.645827 
-1.188932 -182.947973 
-1.168154 -188.645827 
-1.147272 -179.149404 
-1.126284 -181.048688 
-1.105200 -175.350834 
-1.084016 -175.350834 
-1.062737 -179.149404 
-1.041365 -165.854411 
-1.019897 -169.652980 
-0.998342 -173.451550 
-0.976697 -163.955126 
-0.954964 -163.955126 
-0.933145 -154.458703 
-0.911246 -154.458703 
-0.889267 -152.559418 
-0.867206 -152.559418 
-0.845070 -160.156557 
-0.822856 -150.660134 
-0.800572 -156.357988 
-0.778215 -150.660134 
-0.755789 -144.962280 
-0.733295 -143.062995 
-0.710738 -150.660134 
-0.688119 -139.264426 
-0.665438 -143.062995 
-0.642698 -144.962280 
-0.619899 -143.062995 
-0.597047 -141.163710 
-0.574140 -129.768002 
-0.551181 -137.365141 
-0.528174 -125.969433 
-0.505122 -120.271579 
-0.482023 -124.070148 
-0.458881 -116.473010 
-0.435698 -122.170864 
-0.412479 -118.372294 
-0.389224 -108.875871 
-0.365931 -105.077302 
-0.342606 -101.278732 
-0.319253 -105.077302 
-0.295871 -91.782309 
-0.272461 -93.681594 
-0.249029 -89.883024 
-0.225572 -78.487316 
-0.202096 -91.782309 
-0.178601 -82.285886 
-0.155091 -80.386601 
-0.131569 -78.487316 
-0.108033 -72.789462 
-0.084488 -70.890178 
-0.060935 -68.990893 
-0.037377 -61.393755 
-0.013805 -63.293039 
0.009758 -53.796616 
0.000000 0.000000 
