0.000013 -135.465856 
0.125629 -125.969433 
0.250928 -114.573725 
0.375581 -101.278732 
0.499284 -46.199477 
0.621739 1.282639 
0.742611 16.476917 
0.861620 27.872625 
0.978452 46.865471 
1.092800 44.966187 
1.204399 58.261179 
1.312945 69.656887 
1.418185 69.656887 
1.519832 73.455457 
1.617651 82.951880 
1.711382 92.448303 
1.800790 107.642581 
1.885640 124.736143 
1.965736 117.139004 
2.040865 130.433997 
2.110839 134.232566 
2.175473 153.225412 
2.234618 153.225412 
2.288113 157.023982 
2.335834 162.721836 
2.377653 179.815398 
2.413465 189.311821 
2.443181 193.110390 
2.466722 202.606814 
2.484032 206.405383 
2.495069 206.405383 
2.499803 204.506098 
2.498222 217.801091 
2.490330 221.599660 
2.476147 223.498945 
2.455710 234.894653 
2.429068 229.196799 
2.396289 229.196799 
2.357457 248.189646 
2.312669 240.592507 
2.262038 244.391076 
2.205699 246.290361 
2.143782 248.189646 
2.076449 251.988215 
2.003870 246.290361 
1.926237 251.988215 
1.843739 240.592507 
1.756575 246.290361 
1.664973 251.988215 
1.569165 257.686069 
1.469393 242.491792 
1.365919 240.592507 
1.258984 236.793938 
1.148869 232.995368 
1.035863 238.693222 
0.920240 234.894653 
0.802293 221.599660 
0.682320 215.901806 
0.560611 208.304668 
0.437498 212.103237 
0.313281 196.908960 
0.188271 193.110390 
0.062774 191.211106 
-0.062869 183.613967 
-0.188354 179.815398 
-0.313362 174.117544 
-0.437579 164.621120 
-0.560691 143.728989 
-0.682399 107.642581 
-0.802371 46.865471 
-0.920329 -21.508777 
-1.035949 -34.803769 
-1.148953 -34.803769 
-1.259055 -48.098762 
-1.365988 -84.185170 
-1.469470 -72.789462 
-1.569239 -101.278732 
-1.665044 -105.077302 
-1.756643 -112.674440 
-1.843795 -105.077302 
-1.926290 -116.473010 
-2.003927 -122.170864 
-2.076495 -127.868718 
-2.143817 -139.264426 
-2.205725 -146.861564 
-2.262062 -162.055842 
-2.312685 -171.552265 
-2.357471 -184.847258 
-2.396298 -182.947973 
-2.429072 -190.545112 
-2.455711 -188.645827 
-2.476147 -196.242966 
-2.490331 -207.638674 
-2.498222 -211.437243 
-2.499803 -226.631520 
-2.495070 -219.034382 
-2.484034 -234.228659 
-2.466725 -234.228659 
-2.443185 -234.228659 
-2.413474 -234.228659 
-2.377667 -245.624367 
-2.335850 -243.725082 
-2.288137 -241.825798 
-2.234639 -249.422936 
-2.175502 -255.120790 
-2.110871 -257.020075 
-2.040907 -257.020075 
-1.965789 -255.120790 
-1.885696 -247.523652 
-1.800841 -243.725082 
-1.711445 -241.825798 
-1.617716 -241.825798 
-1.519900 -230.430090 
-1.418256 -228.530805 
-1.313029 -226.631520 
-1.204474 -230.430090 
-1.092877 -224.732236 
-0.978531 -215.235812 
-0.861700 -211.437243 
-0.742706 -203.840104 
-0.621822 -209.537958 
-0.499381 -203.840104 
-0.375678 -200.041535 
-0.251026 -194.343681 
-0.125741 -192.444396 
-0.000124 -184.847258 
0.125492 -175.350834 
0.250792 -167.753696 
0.375445 -165.854411 
0.499162 -160.156557 
0.621606 -139.264426 
0.742480 -72.789462 
0.861479 -0.616645 
0.978314 16.476917 
1.092665 37.369048 
1.204257 58.261179 
1.312817 52.563325 
1.418062 65.858318 
1.519713 73.455457 
1.617526 62.059749 
1.711244 98.146157 
1.800659 101.944727 
1.885533 107.642581 
1.965627 122.836858 
2.040763 120.937573 
2.110744 143.728989 
2.175386 147.527558 
2.234534 147.527558 
2.288037 160.822551 
2.335762 160.822551 
2.377586 172.218259 
2.413409 174.117544 
2.443132 187.412536 
2.466685 212.103237 
2.484008 196.908960 
2.495056 210.203952 
2.499800 219.700376 
2.498231 232.995368 
2.490350 215.901806 
2.476077 236.793938 
2.455613 236.793938 
2.428945 238.693222 
2.396137 244.391076 
2.357283 234.894653 
2.312480 240.592507 
2.261827 244.391076 
2.205465 250.088930 
2.143533 251.988215 
2.076187 248.189646 
2.003589 251.988215 
1.925938 253.887500 
1.843413 250.088930 
1.756231 250.088930 
1.664622 248.189646 
1.568799 257.686069 
1.469023 250.088930 
1.365536 240.592507 
1.258600 238.693222 
1.148417 231.096084 
1.035400 231.096084 
0.919767 223.498945 
0.801799 221.599660 
0.681818 221.599660 
0.560103 214.002522 
0.436972 214.002522 
0.312737 198.808244 
0.187713 196.908960 
0.062227 196.908960 
-0.063417 187.412536 
-0.188912 177.916113 
-0.313918 170.318974 
-0.438131 162.721836 
-0.561237 149.426843 
-0.682926 117.139004 
-0.802902 48.764756 
-0.920850 -13.911638 
-1.036459 -21.508777 
-1.149451 -32.904485 
-1.259539 -34.803769 
-1.366446 -63.293039 
-1.469913 -86.084455 
-1.569655 -93.681594 
-1.665443 -99.379448 
-1.757014 -105.077302 
-1.844147 -105.077302 
-1.926622 -112.674440 
-2.004231 -118.372294 
-2.076778 -129.768002 
-2.144079 -158.257272 
-2.205965 -150.660134 
-2.262279 -171.552265 
-2.312878 -181.048688 
-2.357641 -192.444396 
-2.396443 -190.545112 
-2.429183 -194.343681 
-2.455799 -184.847258 
-2.476214 -200.041535 
-2.490373 -205.739389 
-2.498240 -209.537958 
-2.499797 -222.832951 
-2.495040 -230.430090 
-2.483981 -236.127944 
-2.466648 -232.329374 
-2.443083 -239.926513 
-2.413348 -241.825798 
-2.377514 -236.127944 
-2.335678 -243.725082 
-2.287938 -249.422936 
-2.234423 -245.624367 
-2.175264 -257.020075 
-2.110598 -257.020075 
-2.040613 -255.120790 
-1.965474 -255.120790 
-1.885371 -249.422936 
-1.800497 -245.624367 
-1.711083 -238.027228 
-1.617348 -238.027228 
-1.519527 -226.631520 
-1.417869 -234.228659 
-1.312618 -230.430090 
-1.204051 -226.631520 
-1.092454 -219.034382 
-0.978098 -219.034382 
-0.861259 -213.336528 
-0.742244 -207.638674 
-0.621367 -203.840104 
-0.498920 -205.739389 
-0.375213 -196.242966 
-0.250546 -190.545112 
-0.125245 -184.847258 
0.000359 -188.645827 
0.125974 -173.451550 
0.251259 -167.753696 
0.375910 -158.257272 
0.499610 -162.055842 
0.622062 -122.170864 
0.742954 -53.796616 
0.861957 3.181924 
0.978782 8.879778 
1.093134 46.865471 
1.204725 69.656887 
1.313272 60.160464 
1.418502 73.455457 
1.520138 75.354741 
1.617934 81.052595 
1.711643 94.347588 
1.801030 101.944727 
1.885876 109.541865 
1.965957 113.340435 
2.041065 138.031135 
2.111017 149.426843 
2.175637 139.930420 
2.234762 153.225412 
2.288247 157.023982 
2.335957 174.117544 
2.377760 170.318974 
2.413552 183.613967 
2.443248 195.009675 
2.466776 204.506098 
2.484071 204.506098 
2.495090 204.506098 
2.499807 221.599660 
2.498209 217.801091 
2.490299 229.196799 
2.476099 234.894653 
2.455643 229.196799 
2.428980 240.592507 
2.396187 236.793938 
2.357338 231.096084 
2.312537 244.391076 
2.261896 244.391076 
2.205536 250.088930 
2.143604 248.189646 
2.076256 250.088930 
2.003671 251.988215 
1.926017 250.088930 
1.843506 248.189646 
1.756329 246.290361 
1.664715 259.585354 
1.568906 251.988215 
1.469123 242.491792 
1.365640 244.391076 
1.258697 236.793938 
1.148585 232.995368 
1.035560 232.995368 
0.919931 221.599660 
0.801978 227.297514 
0.682000 223.498945 
0.560299 210.203952 
0.437183 212.103237 
0.312950 198.808244 
0.187940 196.908960 
0.062454 193.110390 
-0.063202 187.412536 
-0.188698 181.714682 
-0.313705 174.117544 
-0.437920 158.923266 
-0.561053 155.124697 
-0.682744 130.433997 
-0.802723 46.865471 
-0.920674 1.282639 
-1.036299 -25.307346 
-1.149295 -21.508777 
-1.259387 -51.897331 
-1.366310 -61.393755 
-1.469791 -124.070148 
-1.569538 -86.084455 
-1.665331 -95.580878 
-1.756907 -105.077302 
-1.844046 -105.077302 
-1.926543 -118.372294 
-2.004165 -120.271579 
-2.076716 -125.969433 
-2.144022 -144.962280 
-2.205918 -162.055842 
-2.262237 -167.753696 
-2.312841 -177.250119 
-2.357604 -190.545112 
-2.396415 -188.645827 
-2.429172 -186.746542 
-2.455793 -190.545112 
-2.476208 -198.142250 
-2.490368 -200.041535 
-2.498238 -207.638674 
-2.499798 -219.034382 
-2.495043 -230.430090 
-2.483987 -230.430090 
-2.466656 -232.329374 
-2.443095 -236.127944 
-2.413364 -243.725082 
-2.377536 -241.825798 
-2.335699 -241.825798 
-2.287967 -241.825798 
-2.234456 -245.624367 
-2.175294 -257.020075 
-2.110644 -258.919360 
-2.040663 -260.818644 
-1.965527 -255.120790 
-1.885427 -247.523652 
-1.800556 -251.322221 
-1.711145 -238.027228 
-1.617403 -243.725082 
-1.519585 -230.430090 
-1.417929 -234.228659 
-1.312691 -222.832951 
-1.204138 -226.631520 
-1.092543 -220.933666 
-0.977344 -219.034382 
-0.860503 -205.739389 
-0.741475 -207.638674 
-0.620587 -203.840104 
-0.498131 -198.142250 
-0.374417 -196.242966 
-0.249757 -196.242966 
-0.124466 -182.947973 
0.001139 -181.048688 
0.126754 -173.451550 
0.252035 -167.753696 
0.376681 -156.357988 
0.500387 -154.458703 
0.622817 -133.566572 
0.743674 -61.393755 
0.862652 -2.515930 
0.979464 16.476917 
1.093789 43.066902 
1.205352 44.966187 
1.313870 62.059749 
1.419080 65.858318 
1.520706 79.153311 
1.618489 81.052595 
1.712174 98.146157 
1.801553 81.052595 
1.886362 107.642581 
1.966407 128.534712 
2.041493 86.750449 
2.111421 138.031135 
2.176015 145.628274 
2.235106 149.426843 
2.288556 160.822551 
2.336221 166.520405 
2.377984 160.822551 
2.413745 177.916113 
2.443405 196.908960 
2.466896 185.513252 
2.484154 206.405383 
2.495137 212.103237 
2.499817 225.398230 
2.498181 208.304668 
2.490236 227.297514 
2.476000 236.793938 
2.455509 223.498945 
2.428811 240.592507 
2.395983 227.297514 
2.357099 242.491792 
2.312265 231.096084 
2.261591 214.002522 
2.205205 244.391076 
2.143242 240.592507 
2.075872 242.491792 
2.003259 251.988215 
1.925577 244.391076 
1.843040 251.988215 
1.755847 248.189646 
1.664210 259.585354 
1.568369 244.391076 
1.468565 244.391076 
1.364987 244.391076 
1.258034 232.995368 
1.147892 231.096084 
1.034850 234.894653 
0.919206 219.700376 
0.801240 225.398230 
0.681250 229.196799 
0.559539 214.002522 
0.436403 210.203952 
0.312177 206.405383 
0.187149 196.908960 
0.061662 187.412536 
-0.063994 185.513252 
-0.189476 179.815398 
-0.314479 162.721836 
-0.438700 166.520405 
-0.561813 157.023982 
-0.683507 115.239719 
-0.803462 52.563325 
-0.921399 -0.616645 
-1.036997 -19.609492 
-1.149987 -34.803769 
-1.260061 -53.796616 
-1.366952 -53.796616 
-1.470391 -76.588032 
-1.570115 -99.379448 
-1.665874 -101.278732 
-1.757434 -103.178017 
-1.844555 -106.976586 
-1.927007 -110.775156 
-2.004600 -110.775156 
-2.077128 -129.768002 
-2.144403 -148.760849 
-2.206261 -160.156557 
-2.262547 -163.955126 
-2.313117 -167.753696 
-2.357846 -186.746542 
-2.396619 -196.242966 
-2.429341 -190.545112 
-2.455924 -198.142250 
-2.476304 -190.545112 
-2.490432 -205.739389 
-2.498265 -207.638674 
-2.499789 -234.228659 
-2.494998 -236.127944 
-2.483906 -226.631520 
-2.466537 -230.430090 
-2.442941 -236.127944 
-2.413174 -243.725082 
-2.377311 -249.422936 
-2.335440 -239.926513 
-2.287663 -230.430090 
-2.234117 -243.725082 
-2.174922 -258.919360 
-2.110212 -255.120790 
-2.040197 -260.818644 
-1.965021 -251.322221 
-1.884881 -253.221506 
-1.799988 -247.523652 
-1.710539 -243.725082 
-1.616779 -234.228659 
-1.518935 -234.228659 
-1.417254 -228.530805 
-1.311994 -220.933666 
-1.203409 -224.732236 
-1.091795 -224.732236 
-0.977423 -209.537958 
-0.860571 -217.135097 
-0.741544 -209.537958 
-0.620657 -200.041535 
-0.498189 -201.940820 
-0.374463 -198.142250 
-0.249791 -196.242966 
-0.124500 -184.847258 
0.001118 -179.149404 
0.126720 -177.250119 
0.252014 -163.955126 
0.376660 -160.156557 
0.500379 -152.559418 
0.622809 -127.868718 
0.743679 -49.998047 
0.862657 1.282639 
0.979468 20.275486 
1.093793 43.066902 
1.205367 62.059749 
1.313885 63.959033 
1.419095 69.656887 
1.520709 81.052595 
1.618493 88.649734 
1.712187 94.347588 
1.801547 98.146157 
1.886365 113.340435 
1.966418 113.340435 
2.041503 138.031135 
2.111430 138.031135 
2.176023 145.628274 
2.235119 157.023982 
2.288563 158.923266 
2.336227 170.318974 
2.377994 168.419690 
2.413750 187.412536 
2.443409 191.211106 
2.466897 196.908960 
2.484155 214.002522 
2.495137 217.801091 
2.499816 204.506098 
2.498181 225.398230 
2.490235 234.894653 
2.475998 225.398230 
2.455506 242.491792 
2.428810 236.793938 
2.395982 227.297514 
2.357102 244.391076 
2.312269 236.793938 
2.261595 251.988215 
2.205203 253.887500 
2.143246 244.391076 
2.075869 251.988215 
2.003248 246.290361 
1.925566 246.290361 
1.843019 248.189646 
1.755825 255.786784 
1.664197 251.988215 
1.568355 251.988215 
1.468551 244.391076 
1.365037 244.391076 
1.258085 232.995368 
1.147945 242.491792 
1.034892 221.599660 
0.919237 231.096084 
0.801272 217.801091 
0.681270 217.801091 
0.559560 212.103237 
0.436436 212.103237 
0.312197 196.908960 
0.187170 200.707529 
0.061683 185.513252 
-0.063973 183.613967 
-0.189455 181.714682 
-0.314471 164.621120 
-0.438692 168.419690 
-0.561793 149.426843 
-0.683475 117.139004 
-0.803442 46.865471 
-0.921368 -15.810923 
-1.036966 -27.206631 
-1.149957 -32.904485 
-1.260032 -55.695901 
-1.366924 -57.595185 
-1.470489 -80.386601 
-1.570230 -103.178017 
-1.665983 -97.480163 
-1.757548 -105.077302 
-1.844663 -108.875871 
-1.927117 -116.473010 
-2.004726 -122.170864 
-2.077246 -133.566572 
-2.144518 -146.861564 
-2.206367 -150.660134 
-2.262648 -173.451550 
-2.313212 -177.250119 
-2.357929 -177.250119 
-2.396690 -192.444396 
-2.429400 -186.746542 
-2.455971 -190.545112 
-2.476340 -196.242966 
-2.490452 -207.638674 
-2.498274 -203.840104 
-2.499785 -219.034382 
-2.494980 -226.631520 
-2.483873 -234.228659 
-2.466492 -270.315068 
-2.442879 -230.430090 
-2.413098 -238.027228 
-2.377222 -243.725082 
-2.335337 -247.523652 
-2.287551 -243.725082 
-2.233993 -251.322221 
-2.174786 -253.221506 
-2.110084 -258.919360 
-2.040052 -258.919360 
-1.964866 -262.717929 
-1.884716 -247.523652 
-1.799805 -249.422936 
-1.710356 -251.322221 
-1.616578 -230.430090 
-1.518726 -239.926513 
-1.417037 -230.430090 
-1.311759 -226.631520 
-1.203178 -220.933666 
-1.091558 -220.933666 
-0.977169 -211.437243 
-0.860312 -209.537958 
-0.741281 -200.041535 
-0.620389 -205.739389 
-0.497931 -190.545112 
-0.374215 -207.638674 
-0.249542 -188.645827 
-0.124250 -182.947973 
0.001368 -181.048688 
0.126983 -169.652980 
0.252264 -169.652980 
0.376920 -179.149404 
0.500625 -150.660134 
0.623064 -139.264426 
0.743917 -57.595185 
0.862904 -0.616645 
0.979710 22.174771 
1.094053 37.369048 
1.205621 62.059749 
1.314142 60.160464 
1.419333 69.656887 
1.520949 75.354741 
1.618713 82.951880 
1.712398 92.448303 
1.801757 107.642581 
1.886555 111.441150 
1.966596 113.340435 
2.041670 132.333281 
2.111578 130.433997 
2.176159 143.728989 
2.235243 158.923266 
2.288675 153.225412 
2.336330 160.822551 
2.378083 172.218259 
2.413825 179.815398 
2.443473 183.613967 
2.466948 191.211106 
2.484189 212.103237 
2.495156 200.707529 
2.499820 214.002522 
2.498170 221.599660 
2.490210 221.599660 
2.475953 217.801091 
2.455441 232.995368 
2.428732 221.599660 
2.395884 227.297514 
2.356988 236.793938 
2.312134 234.894653 
2.261444 231.096084 
2.205042 240.592507 
2.143058 242.491792 
2.075665 248.189646 
2.003029 248.189646 
1.925324 251.988215 
1.842771 236.793938 
1.755555 255.786784 
1.663904 255.786784 
1.568049 244.391076 
1.468244 240.592507 
1.364730 242.491792 
1.257758 240.592507 
1.147608 219.700376 
1.034571 231.096084 
0.918908 227.297514 
0.800937 200.707529 
0.680930 215.901806 
0.559215 225.398230 
0.436075 210.203952 
0.311821 200.707529 
0.186804 196.908960 
0.061316 183.613967 
-0.064340 189.311821 
-0.189833 172.218259 
-0.314835 166.520405 
-0.439053 160.822551 
-0.562163 162.721836 
-0.683840 119.038289 
-0.803801 54.462610 
-0.921721 3.181924 
-1.037335 -21.508777 
-1.150317 -31.005200 
-1.260393 -55.695901 
-1.367285 -59.494470 
-1.470712 -84.185170 
-1.570434 -99.379448 
-1.666180 -103.178017 
-1.757717 -99.379448 
-1.844814 -105.077302 
-1.927268 -120.271579 
-2.004837 -120.271579 
-2.077342 -135.465856 
-2.144600 -144.962280 
-2.206448 -148.760849 
-2.262721 -169.652980 
-2.313273 -179.149404 
-2.357986 -175.350834 
-2.396739 -190.545112 
-2.429438 -190.545112 
-2.456003 -196.242966 
-2.476364 -198.142250 
-2.490468 -207.638674 
-2.498281 -207.638674 
-2.499783 -215.235812 
-2.494970 -220.933666 
-2.483855 -234.228659 
-2.466466 -234.228659 
-2.442843 -239.926513 
-2.413053 -230.430090 
-2.377160 -243.725082 
-2.335261 -243.725082 
-2.287471 -241.825798 
-2.233904 -249.422936 
-2.174694 -247.523652 
-2.109992 -257.020075 
-2.039952 -249.422936 
-1.964767 -247.523652 
-1.884611 -251.322221 
-1.799703 -243.725082 
-1.710240 -243.725082 
-1.616466 -234.228659 
-1.518609 -226.631520 
-1.416916 -226.631520 
-1.311645 -213.336528 
-1.203049 -224.732236 
-1.091414 -219.034382 
-0.977022 -217.135097 
-0.860161 -205.739389 
-0.741140 -207.638674 
-0.620247 -196.242966 
-0.497762 -196.242966 
-0.374032 -186.746542 
-0.249357 -190.545112 
-0.124052 -177.250119 
0.001554 -173.451550 
0.127168 -163.955126 
0.252448 -190.545112 
0.377091 -154.458703 
0.500781 -154.458703 
0.623219 -135.465856 
0.744082 -61.393755 
0.863066 -8.213784 
0.979869 18.376201 
1.094209 29.771909 
1.205772 58.261179 
1.314278 65.858318 
1.419465 63.959033 
1.521066 75.354741 
1.618835 88.649734 
1.712505 92.448303 
1.801850 98.146157 
1.886643 115.239719 
1.966679 115.239719 
2.041740 126.635427 
2.111650 147.527558 
2.176225 141.829705 
2.235297 153.225412 
2.288723 155.124697 
2.336373 166.520405 
2.378116 168.419690 
2.413857 176.016828 
2.443496 185.513252 
2.466963 204.506098 
2.484201 200.707529 
2.495162 195.009675 
2.499822 219.700376 
2.498165 221.599660 
2.490199 221.599660 
2.475943 238.693222 
2.455431 229.196799 
2.428719 227.297514 
2.395868 238.693222 
2.356961 232.995368 
2.312108 242.491792 
2.261409 240.592507 
2.205003 242.491792 
2.143022 259.585354 
2.075626 244.391076 
2.002995 259.585354 
1.925304 255.786784 
1.842751 261.484638 
1.755515 255.786784 
1.663862 253.887500 
1.568005 240.592507 
1.468188 248.189646 
1.364672 242.491792 
1.257686 242.491792 
1.147535 232.995368 
1.034484 232.995368 
0.918820 227.297514 
0.800834 217.801091 
0.680826 227.297514 
0.559097 212.103237 
0.435969 210.203952 
0.311726 198.808244 
0.186709 198.808244 
0.061221 185.513252 
-0.064435 189.311821 
-0.189916 185.513252 
-0.314929 174.117544 
-0.439134 162.721836 
-0.562243 160.822551 
-0.683931 117.139004 
-0.803879 44.966187 
-0.921797 1.282639 
-1.037398 -23.408061 
-1.150367 -42.400908 
-1.260431 -57.595185 
-1.367332 -65.192324 
-1.470758 -82.285886 
-1.570498 -95.580878 
-1.666241 -97.480163 
-1.757775 -105.077302 
-1.844878 -108.875871 
-1.927329 -120.271579 
-2.004894 -124.070148 
-2.077410 -143.062995 
-2.144676 -150.660134 
-2.206517 -152.559418 
-2.262778 -156.357988 
-2.313324 -177.250119 
-2.358031 -188.645827 
-2.396781 -184.847258 
-2.429473 -196.242966 
-2.456031 -190.545112 
-2.476382 -205.739389 
-2.490479 -200.041535 
-2.498285 -207.638674 
-2.499781 -211.437243 
-2.494962 -220.933666 
-2.483840 -222.832951 
-2.466442 -234.228659 
-2.442817 -226.631520 
-2.413021 -239.926513 
-2.377127 -260.818644 
-2.335232 -243.725082 
-2.287433 -243.725082 
-2.233861 -245.624367 
-2.174647 -249.422936 
-2.109934 -245.624367 
-2.039897 -258.919360 
-1.964709 -253.221506 
-1.884549 -251.322221 
-1.799637 -245.624367 
-1.710170 -243.725082 
-1.616383 -234.228659 
-1.518523 -234.228659 
-1.416817 -230.430090 
-1.311531 -219.034382 
-1.202932 -224.732236 
-1.091294 -211.437243 
-0.976910 -217.135097 
-0.860060 -200.041535 
-0.741025 -211.437243 
-0.620130 -201.940820 
-0.497669 -192.444396 
-0.373938 -186.746542 
-0.249262 -186.746542 
-0.123970 -179.149404 
0.001649 -173.451550 
0.127250 -169.652980 
0.252530 -167.753696 
0.377172 -150.660134 
0.500862 -150.660134 
0.623286 -129.768002 
0.744136 -82.285886 
0.863119 -2.515930 
0.979921 8.879778 
1.094248 29.771909 
1.205799 62.059749 
1.314315 65.858318 
1.419500 73.455457 
1.521111 43.066902 
1.618878 84.851165 
1.712555 96.246873 
1.801907 100.045442 
1.886714 113.340435 
1.966746 115.239719 
2.041809 138.031135 
2.111715 138.031135 
2.176279 143.728989 
2.235351 157.023982 
2.288777 162.721836 
2.336421 174.117544 
2.378162 166.520405 
2.413891 185.513252 
2.443524 193.110390 
2.466985 195.009675 
2.484215 200.707529 
2.495170 215.901806 
2.499823 225.398230 
2.498161 227.297514 
2.490187 240.592507 
2.475924 229.196799 
2.455411 225.398230 
2.428678 236.793938 
2.395819 227.297514 
2.356908 240.592507 
2.312047 242.491792 
2.261341 242.491792 
2.204922 257.686069 
2.142940 242.491792 
2.075544 253.887500 
2.002899 251.988215 
1.925202 251.988215 
1.842634 267.182492 
1.755410 246.290361 
1.663762 251.988215 
1.567911 242.491792 
1.468100 250.088930 
1.364570 246.290361 
1.257593 238.693222 
1.147438 240.592507 
1.034385 225.398230 
0.918731 231.096084 
0.800744 223.498945 
0.680734 217.801091 
0.559004 215.901806 
0.435875 208.304668 
0.311632 206.405383 
0.186601 200.707529 
0.061113 191.211106 
-0.064530 185.513252 
-0.190011 187.412536 
-0.315011 170.318974 
-0.439228 136.131851 
-0.562323 155.124697 
-0.684023 113.340435 
-0.803970 52.563325 
-0.921898 -6.314499 
-1.037497 -12.012353 
-1.150475 -34.803769 
-1.260546 -46.199477 
-1.367433 -55.695901 
-1.470856 -87.983740 
-1.570563 -99.379448 
-1.666303 -89.883024 
-1.757843 -108.875871 
-1.844943 -110.775156 
-1.927373 -114.573725 
-2.004943 -122.170864 
-2.077441 -144.962280 
-2.144698 -150.660134 
-2.206537 -154.458703 
-2.262802 -175.350834 
-2.313350 -175.350834 
-2.358054 -182.947973 
-2.396804 -188.645827 
-2.429492 -186.746542 
-2.456046 -196.242966 
-2.476395 -200.041535 
-2.490487 -213.336528 
-2.498289 -209.537958 
-2.499780 -222.832951 
-2.494957 -219.034382 
-2.483832 -226.631520 
-2.466431 -228.530805 
-2.442796 -228.530805 
-2.412996 -241.825798 
-2.377101 -241.825798 
-2.335202 -238.027228 
-2.287394 -258.919360 
-2.233813 -253.221506 
-2.174594 -258.919360 
-2.109883 -251.322221 
-2.039835 -251.322221 
-1.964634 -258.919360 
-1.884435 -253.221506 
-1.799517 -251.322221 
-1.710044 -243.725082 
-1.616261 -264.617214 
-1.518386 -230.430090 
-1.416632 -239.926513 
-1.311340 -226.631520 
-1.202724 -226.631520 
-1.091092 -220.933666 
-0.976704 -236.127944 
-0.859837 -215.235812 
-0.740798 -207.638674 
-0.619875 -200.041535 
-0.497411 -196.242966 
-0.373677 -186.746542 
-0.249000 -181.048688 
-0.123694 -182.947973 
0.001925 -163.955126 
0.127539 -165.854411 
0.252818 -162.055842 
0.377471 -144.962280 
0.501158 -146.861564 
0.623579 -129.768002 
0.744437 -57.595185 
0.863403 -4.415215 
0.980199 20.275486 
1.094519 43.066902 
1.206063 60.160464 
1.314572 63.959033 
1.419749 62.059749 
1.521350 77.254026 
1.619098 79.153311 
1.712775 77.254026 
1.802107 101.944727 
1.886887 113.340435 
1.966909 115.239719 
2.041954 138.031135 
2.111842 138.031135 
2.176402 151.326128 
2.235464 168.419690 
2.288878 149.426843 
2.336510 160.822551 
2.378235 170.318974 
2.413960 191.211106 
2.443582 185.513252 
2.467030 196.908960 
2.484249 214.002522 
2.495189 214.002522 
2.499826 212.103237 
2.498149 231.096084 
2.490163 200.707529 
2.475884 227.297514 
2.455349 234.894653 
2.428615 229.196799 
2.395744 238.693222 
2.356824 240.592507 
2.311952 238.693222 
2.261240 250.088930 
2.204810 250.088930 
2.142804 246.290361 
2.075390 257.686069 
2.002734 257.686069 
1.925010 261.484638 
1.842430 253.887500 
1.755195 248.189646 
1.663517 251.988215 
1.567656 255.786784 
1.467824 250.088930 
1.364295 234.894653 
1.257309 244.391076 
1.147159 238.693222 
1.034110 232.995368 
0.918426 223.498945 
0.800446 221.599660 
0.680431 227.297514 
0.558697 206.405383 
0.435565 214.002522 
0.311332 214.002522 
0.186287 196.908960 
0.060798 200.707529 
-0.064858 191.211106 
-0.190350 183.613967 
-0.315375 174.117544 
-0.439576 170.318974 
-0.562680 160.822551 
-0.684413 119.038289 
-0.804366 58.261179 
-0.922274 -12.012353 
-1.037877 -12.012353 
-1.150846 -36.703054 
-1.260919 -51.897331 
-1.367805 -53.796616 
-1.471215 -82.285886 
-1.570928 -93.681594 
-1.666663 -101.278732 
-1.758186 -108.875871 
-1.845277 -108.875871 
-1.927689 -116.473010 
-2.005232 -124.070148 
-2.077710 -141.163710 
-2.144966 -160.156557 
-2.206776 -167.753696 
-2.263013 -165.854411 
-2.313538 -184.847258 
-2.358219 -182.947973 
-2.396942 -188.645827 
-2.429609 -188.645827 
-2.456139 -198.142250 
-2.476463 -196.242966 
-2.490531 -215.235812 
-2.498307 -213.336528 
-2.499774 -230.430090 
-2.494924 -228.530805 
-2.483774 -230.430090 
-2.466348 -226.631520 
-2.442694 -232.329374 
-2.412870 -232.329374 
-2.376952 -243.725082 
-2.335030 -243.725082 
-2.287205 -255.120790 
-2.233607 -260.818644 
-2.174362 -257.020075 
-2.109631 -262.717929 
-2.039571 -251.322221 
-1.964359 -257.020075 
-1.884169 -245.624367 
-1.799236 -245.624367 
-1.709749 -247.523652 
-1.615952 -236.127944 
-1.518074 -245.624367 
-1.416340 -234.228659 
-1.311039 -228.530805 
-1.202425 -220.933666 
-1.090773 -220.933666 
-0.976366 -211.437243 
-0.859493 -203.840104 
-0.740435 -213.336528 
-0.619507 -203.840104 
-0.497039 -190.545112 
-0.373302 -186.746542 
-0.248622 -186.746542 
-0.123315 -175.350834 
0.002305 -179.149404 
0.127905 -169.652980 
0.253195 -163.955126 
0.377846 -152.559418 
0.501555 -152.559418 
0.623984 -141.163710 
0.744849 -63.293039 
0.863819 -6.314499 
0.980608 14.577632 
1.094919 31.671194 
1.206475 65.858318 
1.314972 67.757603 
1.420136 63.959033 
1.521723 75.354741 
1.619456 90.549019 
1.713108 90.549019 
1.802433 101.944727 
1.887203 132.333281 
1.967207 122.836858 
2.042232 128.534712 
2.112107 155.124697 
2.176639 151.326128 
2.235674 151.326128 
2.289067 164.621120 
2.336681 166.520405 
2.378388 181.714682 
2.414085 179.815398 
2.443684 189.311821 
2.467110 214.002522 
2.484303 210.203952 
2.495219 215.901806 
2.499832 221.599660 
2.498131 221.599660 
2.490120 227.297514 
2.475817 234.894653 
2.455260 236.793938 
2.428504 236.793938 
2.395609 238.693222 
2.356663 229.196799 
2.311768 250.088930 
2.261034 244.391076 
2.204582 250.088930 
2.142562 257.686069 
2.075136 259.585354 
2.002460 259.585354 
1.924726 255.786784 
1.842138 250.088930 
1.754898 248.189646 
1.663224 255.786784 
1.567340 250.088930 
1.467486 240.592507 
1.363945 242.491792 
1.256959 236.793938 
1.146787 234.894653 
1.033718 229.196799 
0.918037 229.196799 
0.800049 219.700376 
0.680090 215.901806 
0.558365 214.002522 
0.435229 214.002522 
0.310981 212.103237 
0.185961 198.808244 
0.060457 200.707529 
-0.065186 185.513252 
-0.190664 183.613967 
-0.315674 166.520405 
-0.439886 168.419690 
-0.563000 149.426843 
-0.684666 115.239719 
-0.804603 46.865471 
-0.922519 -12.012353 
-1.038117 -23.408061 
-1.151034 -29.105915 
-1.261090 -59.494470 
-1.367961 -55.695901 
-1.471365 -84.185170 
-1.571063 -97.480163 
-1.666791 -89.883024 
-1.758309 -101.278732 
-1.845385 -108.875871 
-1.927799 -118.372294 
-2.005343 -124.070148 
-2.077820 -143.062995 
-2.145042 -150.660134 
-2.206852 -165.854411 
-2.263081 -175.350834 
-2.313594 -177.250119 
-2.358267 -182.947973 
-2.396983 -196.242966 
-2.429641 -190.545112 
-2.456164 -192.444396 
-2.476480 -209.537958 
-2.490542 -205.739389 
-2.498312 -226.631520 
-2.499772 -234.228659 
-2.494917 -224.732236 
-2.483760 -230.430090 
-2.466330 -226.631520 
-2.442665 -232.329374 
-2.412831 -234.228659 
-2.376906 -234.228659 
-2.334973 -238.027228 
-2.287140 -255.120790 
-2.233536 -249.422936 
-2.173588 -258.919360 
-2.108782 -255.120790 
-2.038656 -257.020075 
-1.963373 -258.919360 
-1.883138 -264.617214 
-1.798147 -253.221506 
-1.708614 -255.120790 
-1.614765 -241.825798 
-1.516838 -239.926513 
-1.415058 -234.228659 
-1.309703 -226.631520 
-1.201050 -226.631520 
-1.089362 -220.933666 
-0.974934 -219.034382 
-0.858032 -213.336528 
-0.738962 -209.537958 
-0.618038 -207.638674 
-0.495552 -203.840104 
-0.371803 -188.645827 
-0.247113 -188.645827 
-0.121813 -177.250119 
0.003795 -179.149404 
0.129394 -162.055842 
0.254678 -167.753696 
0.379307 -154.458703 
0.502977 -152.559418 
0.625377 -133.566572 
0.746210 -44.300193 
0.865145 3.181924 
0.981896 16.476917 
1.096166 41.167617 
1.207679 60.160464 
1.316140 67.757603 
1.421267 81.052595 
1.522803 75.354741 
1.620493 92.448303 
1.714100 86.750449 
1.803367 107.642581 
1.888088 113.340435 
1.968030 124.736143 
2.043010 139.930420 
2.112828 139.930420 
2.177309 151.326128 
2.236289 155.124697 
2.289614 168.419690 
2.337161 170.318974 
2.378799 176.016828 
2.414429 183.613967 
2.443966 200.707529 
2.467325 206.405383 
2.484450 206.405383 
2.495301 221.599660 
2.499847 212.103237 
2.498078 223.498945 
2.490000 231.096084 
2.475630 229.196799 
2.455006 232.995368 
2.428180 244.391076 
2.395223 231.096084 
2.356213 238.693222 
2.311249 246.290361 
2.260452 242.491792 
2.203940 253.887500 
2.141867 246.290361 
2.074383 263.383923 
2.001660 248.189646 
1.923882 255.786784 
1.841226 250.088930 
1.753937 242.491792 
1.662208 255.786784 
1.566279 244.391076 
1.466394 250.088930 
1.362804 236.793938 
1.255771 242.491792 
1.145577 238.693222 
1.032502 225.398230 
0.916807 227.297514 
0.798796 225.398230 
0.678768 221.599660 
0.557025 214.002522 
0.433863 212.103237 
0.309605 214.002522 
0.184577 202.606814 
0.059083 193.110390 
-0.066560 185.513252 
-0.192086 179.815398 
-0.317089 168.419690 
-0.441290 166.520405 
-0.564364 145.628274 
-0.686025 122.836858 
-0.805953 56.361895 
-0.923844 -0.616645 
-1.039390 -25.307346 
-1.152323 -29.105915 
-1.262344 -51.897331 
-1.369176 -59.494470 
-1.472549 -89.883024 
-1.572192 -91.782309 
-1.667873 -93.681594 
-1.759341 -101.278732 
-1.846364 -106.976586 
-1.928723 -116.473010 
-2.006209 -129.768002 
-2.078627 -135.465856 
-2.145787 -150.660134 
-2.207527 -165.854411 
-2.263692 -169.652980 
-2.314139 -175.350834 
-2.358740 -184.847258 
-2.397384 -181.048688 
-2.429973 -194.343681 
-2.456429 -188.645827 
-2.476676 -203.840104 
-2.490667 -209.537958 
-2.498365 -217.135097 
-2.499752 -230.430090 
-2.494825 -226.631520 
-2.483595 -230.430090 
-2.466090 -234.228659 
-2.442356 -238.027228 
-2.412454 -230.430090 
-2.376460 -243.725082 
-2.334458 -251.322221 
-2.286564 -247.523652 
-2.232895 -255.120790 
-2.173579 -257.020075 
-2.108772 -266.516498 
-2.038638 -255.120790 
-1.963354 -260.818644 
-1.883118 -255.120790 
-1.798125 -264.617214 
-1.708591 -255.120790 
-1.614742 -251.322221 
-1.516803 -243.725082 
-1.415044 -239.926513 
-1.309699 -236.127944 
-1.201057 -226.631520 
-1.089381 -230.430090 
-0.974954 -220.933666 
-0.858052 -215.235812 
-0.738982 -207.638674 
-0.618046 -203.840104 
-0.495548 -207.638674 
-0.371798 -190.545112 
-0.247109 -190.545112 
-0.121795 -186.746542 
0.003813 -177.250119 
0.129424 -175.350834 
0.254709 -167.753696 
0.379426 -158.257272 
0.503096 -150.660134 
0.625494 -125.969433 
0.746325 -46.199477 
0.865259 1.282639 
0.982019 16.476917 
1.096298 41.167617 
1.207796 60.160464 
1.316254 56.361895 
1.421377 69.656887 
1.522920 75.354741 
1.620605 88.649734 
1.714207 90.549019 
1.803469 103.844011 
1.888175 122.836858 
1.968121 130.433997 
2.043087 128.534712 
2.112893 138.031135 
2.177368 147.527558 
2.236337 158.923266 
2.289662 168.419690 
2.337204 164.621120 
2.378840 170.318974 
2.414467 181.714682 
2.443991 196.908960 
2.467343 198.808244 
2.484462 215.901806 
2.495307 210.203952 
2.499848 214.002522 
2.498075 227.297514 
2.489991 231.096084 
2.475617 232.995368 
2.454988 236.793938 
2.428160 234.894653 
2.395200 229.196799 
2.356185 246.290361 
2.311218 240.592507 
2.260417 234.894653 
2.203907 251.988215 
2.141831 251.988215 
2.074337 259.585354 
2.001603 257.686069 
1.923813 255.786784 
1.841162 248.189646 
1.753869 248.189646 
1.662136 246.290361 
1.566215 242.491792 
1.466337 248.189646 
1.362746 242.491792 
1.255722 242.491792 
1.145515 232.995368 
1.032415 231.096084 
0.916718 229.196799 
0.798694 219.700376 
0.678651 214.002522 
0.556907 214.002522 
0.433744 204.506098 
0.309497 210.203952 
0.184469 208.304668 
0.059014 195.009675 
-0.066642 185.513252 
-0.192104 179.815398 
-0.317093 168.419690 
-0.441282 164.621120 
-0.564356 155.124697 
-0.686005 120.937573 
-0.805945 44.966187 
-0.923825 -8.213784 
-1.039371 -15.810923 
-1.152293 -38.602339 
-1.262292 -53.796616 
-1.369115 -53.796616 
-1.472480 -82.285886 
-1.572125 -87.983740 
-1.667809 -89.883024 
-1.759280 -91.782309 
-1.846307 -101.278732 
-1.928669 -110.775156 
-2.006150 -127.868718 
-2.078565 -137.365141 
-2.145737 -144.962280 
-2.207493 -160.156557 
-2.263661 -165.854411 
-2.314111 -181.048688 
-2.358716 -194.343681 
-2.397367 -188.645827 
-2.429959 -196.242966 
-2.456413 -200.041535 
-2.476665 -200.041535 
-2.490658 -213.336528 
-2.498361 -215.235812 
-2.499753 -220.933666 
-2.494830 -224.732236 
-2.483604 -232.329374 
-2.466106 -234.228659 
-2.442379 -232.329374 
-2.412480 -236.127944 
-2.376490 -232.329374 
-2.334493 -243.725082 
-2.286604 -238.027228 
-2.232939 -249.422936 
-2.173634 -260.818644 
-2.108825 -258.919360 
-2.038703 -262.717929 
-1.963423 -264.617214 
-1.883191 -251.322221 
-1.798194 -268.415783 
-1.708663 -251.322221 
-1.614807 -245.624367 
-1.516871 -247.523652 
-1.415104 -241.825798 
-1.309761 -234.228659 
-1.201121 -234.228659 
-1.089435 -226.631520 
-0.975009 -219.034382 
-0.858120 -230.430090 
-0.739064 -215.235812 
-0.618129 -203.840104 
-0.495644 -200.041535 
-0.371908 -200.041535 
-0.247232 -190.545112 
-0.121932 -186.746542 
0.003689 -179.149404 
0.129287 -167.753696 
0.254559 -169.652980 
0.379201 -154.458703 
0.502873 -146.861564 
0.625286 -120.271579 
0.746120 -29.105915 
0.865069 -2.515930 
0.981833 16.476917 
1.096105 50.664041 
1.207619 56.361895 
1.316072 63.959033 
1.421211 71.556172 
1.522749 77.254026 
1.620442 75.354741 
1.714050 94.347588 
1.803320 109.541865 
1.888043 119.038289 
1.967997 130.433997 
2.042978 130.433997 
2.112799 138.031135 
2.177275 145.628274 
2.236253 162.721836 
2.289587 155.124697 
2.337132 170.318974 
2.378774 179.815398 
2.414411 195.009675 
2.443946 193.110390 
2.467308 204.506098 
2.484438 214.002522 
2.495293 206.405383 
2.499846 225.398230 
2.498083 227.297514 
2.490009 225.398230 
2.475645 234.894653 
2.455026 232.995368 
2.428205 229.196799 
2.395250 242.491792 
2.356244 242.491792 
2.311285 242.491792 
2.260487 251.988215 
2.203978 250.088930 
2.141908 257.686069 
2.074421 251.988215 
2.001701 244.391076 
1.923917 255.786784 
1.841272 251.988215 
1.753976 253.887500 
1.662249 244.391076 
1.566332 240.592507 
1.466459 244.391076 
1.362882 232.995368 
1.255863 236.793938 
1.145660 236.793938 
1.032563 223.498945 
0.916858 225.398230 
0.798848 227.297514 
0.678808 225.398230 
0.557054 217.801091 
0.433904 217.801091 
0.309646 204.506098 
0.184619 198.808244 
0.059112 191.211106 
-0.066544 185.513252 
-0.192019 181.714682 
-0.317021 162.721836 
-0.441223 164.621120 
-0.564310 141.829705 
-0.685960 120.937573 
-0.805888 50.664041 
-0.923781 -12.012353 
-1.039340 -6.314499 
-1.152274 -27.206631 
-1.262296 -51.897331 
-1.369119 -67.091609 
-1.472494 -78.487316 
-1.572159 -89.883024 
-1.667832 -97.480163 
-1.759302 -89.883024 
-1.846310 -105.077302 
-1.928672 -112.674440 
-2.006161 -122.170864 
-2.078582 -129.768002 
-2.145752 -148.760849 
-2.207508 -148.760849 
-2.263674 -165.854411 
-2.314123 -177.250119 
-2.358726 -181.048688 
-2.397373 -186.746542 
-2.429966 -190.545112 
-2.456419 -200.041535 
-2.476667 -201.940820 
-2.490660 -205.739389 
-2.498362 -226.631520 
-2.499753 -226.631520 
-2.494830 -230.430090 
-2.483605 -226.631520 
-2.466106 -234.228659 
-2.442376 -234.228659 
-2.412476 -232.329374 
-2.376477 -238.027228 
-2.334478 -243.725082 
-2.286586 -249.422936 
-2.232919 -245.624367 
-2.173613 -251.322221 
-2.108816 -258.919360 
-2.038685 -257.020075 
-1.963404 -258.919360 
-1.883162 -258.919360 
-1.798163 -258.919360 
-1.708631 -249.422936 
-1.614784 -251.322221 
-1.516857 -243.725082 
-1.415100 -241.825798 
-1.309757 -238.027228 
-1.201116 -236.127944 
-1.089442 -224.732236 
-0.975016 -220.933666 
-0.858116 -226.631520 
-0.739059 -215.235812 
-0.618124 -207.638674 
-0.495627 -209.537958 
-0.371890 -198.142250 
-0.247163 -190.545112 
-0.121850 -179.149404 
0.003758 -184.847258 
0.129357 -167.753696 
0.254629 -160.156557 
0.379257 -169.652980 
0.502928 -146.861564 
0.625341 -105.077302 
0.746174 -29.105915 
0.865135 1.282639 
0.981897 22.174771 
1.096190 37.369048 
1.207703 60.160464 
1.316153 54.462610 
1.421279 62.059749 
1.522815 73.455457 
1.620514 90.549019 
1.714110 92.448303 
1.803377 107.642581 
1.888089 117.139004 
1.968031 124.736143 
2.043003 141.829705 
2.112815 139.930420 
2.177297 149.426843 
2.236272 155.124697 
2.289609 157.023982 
2.337152 174.117544 
2.378795 187.412536 
2.414429 191.211106 
2.443961 200.707529 
2.467319 204.506098 
2.484446 206.405383 
2.495298 208.304668 
2.499847 231.096084 
2.498081 221.599660 
2.490005 227.297514 
2.475639 234.894653 
2.455018 221.599660 
2.428198 238.693222 
2.395245 242.491792 
2.356238 234.894653 
2.311278 251.988215 
2.260479 251.988215 
2.203970 253.887500 
2.141892 259.585354 
2.074411 248.189646 
2.001683 255.786784 
1.923897 248.189646 
1.841260 257.686069 
1.753963 250.088930 
1.662235 248.189646 
1.566308 251.988215 
1.466424 236.793938 
1.362835 248.189646 
1.255814 232.995368 
1.145610 232.995368 
1.032524 234.894653 
0.916817 221.599660 
0.798795 229.196799 
0.678766 223.498945 
0.557024 219.700376 
0.433861 214.002522 
0.309603 204.506098 
0.184563 193.110390 
0.059069 198.808244 
-0.066600 181.714682 
-0.192088 172.218259 
-0.317090 170.318974 
-0.441279 153.225412 
-0.564353 157.023982 
-0.686014 107.642581 
-0.805930 41.167617 
-0.923810 -10.113069 
-1.039357 -25.307346 
-1.152278 -32.904485 
-1.262289 -61.393755 
-1.369134 -110.775156 
-1.472498 -80.386601 
-1.572143 -93.681594 
-1.667826 -99.379448 
-1.759296 -99.379448 
-1.846313 -105.077302 
-1.928675 -163.955126 
-2.006164 -129.768002 
-2.078578 -137.365141 
-2.145748 -148.760849 
-2.207498 -162.055842 
-2.263670 -163.955126 
-2.314129 -179.149404 
-2.358737 -181.048688 
-2.397385 -184.847258 
-2.429977 -190.545112 
-2.456429 -200.041535 
-2.476677 -205.739389 
-2.490667 -213.336528 
-2.498365 -219.034382 
-2.499752 -226.631520 
-2.494824 -220.933666 
-2.483594 -230.430090 
-2.466092 -224.732236 
-2.442358 -226.631520 
-2.412454 -234.228659 
-2.376459 -236.127944 
-2.334458 -236.127944 
-2.286563 -241.825798 
-2.232894 -245.624367 
-2.173585 -251.322221 
-2.108785 -257.020075 
-2.038652 -262.717929 
-1.963369 -264.617214 
-1.883134 -251.322221 
-1.798142 -255.120790 
-1.708599 -253.221506 
-1.614750 -249.422936 
-1.516812 -249.422936 
-1.415053 -245.624367 
-1.309709 -241.825798 
-1.201067 -236.127944 
-1.089380 -230.430090 
-0.974940 -219.034382 
-0.858050 -226.631520 
-0.738981 -215.235812 
-0.618057 -205.739389 
-0.495571 -205.739389 
-0.371822 -200.041535 
-0.247133 -194.343681 
-0.121819 -184.847258 
0.003789 -186.746542 
0.129387 -173.451550 
0.254672 -167.753696 
0.379300 -165.854411 
0.502983 -143.062995 
0.625396 -76.588032 
0.746216 -17.710207 
0.865151 5.081209 
0.981913 27.872625 
1.096183 43.066902 
1.207695 75.354741 
1.316146 54.462610 
1.421283 69.656887 
1.522829 71.556172 
1.620518 84.851165 
1.714151 94.347588 
1.803416 107.642581 
1.888134 115.239719 
1.968074 122.836858 
2.043043 143.728989 
2.112852 134.232566 
2.177331 151.326128 
2.236309 143.728989 
2.289642 168.419690 
2.337186 172.218259 
2.378821 172.218259 
2.414447 195.009675 
2.443978 204.506098 
2.467335 195.009675 
2.484457 198.808244 
2.495304 219.700376 
2.499848 212.103237 
2.498077 225.398230 
2.489994 238.693222 
2.475624 229.196799 
2.455000 227.297514 
2.428172 244.391076 
2.395214 232.995368 
2.356202 242.491792 
2.311237 248.189646 
2.260433 240.592507 
2.203919 259.585354 
2.141843 244.391076 
2.074351 236.793938 
2.001618 251.988215 
1.923836 255.786784 
1.841187 253.887500 
1.753886 248.189646 
1.662164 250.088930 
1.566244 240.592507 
1.466357 242.491792 
1.362766 240.592507 
1.255743 234.894653 
1.145537 232.995368 
1.032449 231.096084 
0.916741 236.793938 
0.798729 231.096084 
0.678699 225.398230 
0.556956 217.801091 
0.433793 204.506098 
0.309534 208.304668 
0.184493 200.707529 
0.058999 193.110390 
-0.066644 185.513252 
-0.192118 179.815398 
-0.317134 164.621120 
-0.441335 153.225412 
-0.564421 155.124697 
-0.686068 105.743296 
-0.805995 31.671194 
-0.923898 -8.213784 
-1.039455 -15.810923 
-1.152386 -44.300193 
-1.262394 -49.998047 
-1.369214 -108.875871 
-1.472575 -80.386601 
-1.572227 -93.681594 
-1.667897 -137.365141 
-1.759364 -97.480163 
-1.846377 -103.178017 
-1.928727 -114.573725 
-2.006213 -133.566572 
-2.078631 -135.465856 
-2.145790 -150.660134 
-2.207530 -158.257272 
-2.263700 -171.552265 
-2.314156 -175.350834 
-2.358760 -182.947973 
-2.397405 -181.048688 
-2.429993 -192.444396 
-2.456445 -200.041535 
-2.476688 -201.940820 
-2.490674 -219.034382 
-2.498368 -220.933666 
-2.499751 -224.732236 
-2.494820 -234.228659 
-2.483588 -234.228659 
-2.466081 -228.530805 
-2.442340 -236.127944 
-2.412436 -232.329374 
-2.376434 -236.127944 
-2.334428 -243.725082 
-2.286405 -241.825798 
-2.232717 -249.422936 
-2.173391 -251.322221 
-2.108567 -251.322221 
-2.038417 -257.020075 
-1.963126 -260.818644 
-1.882867 -258.919360 
-1.797843 -251.322221 
-1.708285 -247.523652 
-1.614411 -247.523652 
-1.516459 -245.624367 
-1.414676 -247.523652 
-1.309308 -243.725082 
-1.200643 -234.228659 
-1.088957 -238.027228 
-0.974508 -226.631520 
-0.857597 -251.322221 
-0.738519 -211.437243 
-0.617576 -205.739389 
-0.495060 -205.739389 
-0.371306 -198.142250 
-0.246614 -194.343681 
-0.121298 -190.545112 
0.004323 -184.847258 
0.129921 -179.149404 
0.255191 -171.552265 
0.379829 -163.955126 
0.503494 -146.861564 
0.625913 -84.185170 
0.746751 -19.609492 
0.865677 8.879778 
0.982381 27.872625 
1.096640 54.462610 
1.208141 50.664041 
1.316589 65.858318 
1.421701 67.757603 
1.523232 73.455457 
1.620915 79.153311 
1.714503 96.246873 
1.803768 107.642581 
1.888459 122.836858 
1.968380 128.534712 
2.043337 136.131851 
2.113131 143.728989 
2.177587 145.628274 
2.236542 158.923266 
2.289847 164.621120 
2.337362 162.721836 
2.378973 185.513252 
2.414576 191.211106 
2.444083 198.808244 
2.467413 195.009675 
2.484510 208.304668 
2.495333 191.211106 
2.499853 221.599660 
2.498058 231.096084 
2.489954 229.196799 
2.475558 231.096084 
2.454909 234.894653 
2.428057 232.995368 
2.395072 232.995368 
2.356040 246.290361 
2.311048 242.491792 
2.260227 259.585354 
2.203697 250.088930 
2.141601 251.988215 
2.074088 246.290361 
2.001321 251.988215 
1.923520 255.786784 
1.840860 251.988215 
1.753542 257.686069 
1.661794 255.786784 
1.565847 246.290361 
1.465945 251.988215 
1.362339 240.592507 
1.255292 242.491792 
1.145073 232.995368 
1.031974 232.995368 
0.916267 231.096084 
0.798234 229.196799 
0.678185 225.398230 
0.556422 221.599660 
0.433254 215.901806 
0.308991 212.103237 
0.183947 202.606814 
0.058439 195.009675 
-0.067217 187.412536 
-0.192703 174.117544 
-0.317702 170.318974 
-0.441899 158.923266 
-0.564979 149.426843 
-0.686632 96.246873 
-0.806538 37.369048 
-0.924407 -13.911638 
-1.039941 -15.810923 
-1.152860 -44.300193 
-1.262866 -51.897331 
-1.369672 -67.091609 
-1.473017 -74.688747 
-1.572652 -87.983740 
-1.668315 -93.681594 
-1.759762 -93.681594 
-1.846755 -99.379448 
-1.929084 -114.573725 
-2.006547 -122.170864 
-2.078949 -148.760849 
-2.146058 -146.861564 
-2.207775 -160.156557 
-2.263921 -160.156557 
-2.314348 -169.652980 
-2.358928 -181.048688 
-2.397549 -188.645827 
-2.430109 -190.545112 
-2.456532 -205.739389 
-2.476754 -219.034382 
-2.490715 -215.235812 
-2.498385 -222.832951 
-2.499744 -224.732236 
-2.494788 -234.228659 
-2.483530 -234.228659 
-2.465999 -230.430090 
-2.442240 -234.228659 
-2.412306 -234.228659 
-2.376284 -243.725082 
-2.334251 -241.825798 
-2.286324 -251.322221 
-2.232616 -251.322221 
-2.173280 -255.120790 
-2.108447 -253.221506 
-2.038280 -258.919360 
-1.962971 -255.120790 
-1.882711 -260.818644 
-1.797695 -260.818644 
-1.708140 -251.322221 
-1.614250 -249.422936 
-1.516291 -258.919360 
-1.414512 -255.120790 
-1.309150 -245.624367 
-1.200480 -241.825798 
-1.088789 -234.228659 
-0.974348 -232.329374 
-0.857447 -228.530805 
-0.738367 -211.437243 
-0.617434 -213.336528 
-0.494929 -203.840104 
-0.371186 -196.242966 
-0.246506 -201.940820 
-0.121203 -188.645827 
