0.000010 -108.875871 
0.102088 -106.976586 
0.203986 -76.588032 
0.305543 -80.386601 
0.406601 -48.098762 
0.506970 1.282639 
0.606494 18.376201 
0.705007 18.376201 
0.802344 39.268333 
0.898892 50.664041 
0.993393 43.066902 
1.086238 50.664041 
1.177271 58.261179 
1.266332 65.858318 
1.353289 75.354741 
1.437990 75.354741 
1.520292 90.549019 
1.600059 98.146157 
1.677149 103.844011 
1.751442 111.441150 
1.822822 120.937573 
1.891161 130.433997 
1.956340 139.930420 
2.018257 145.628274 
2.076808 160.822551 
2.131896 149.426843 
2.183429 158.923266 
2.231325 174.117544 
2.275496 176.016828 
2.315876 177.916113 
2.352390 189.311821 
2.384982 185.513252 
2.413599 185.513252 
2.438188 212.103237 
2.458711 196.908960 
2.475136 198.808244 
2.487433 215.901806 
2.495581 219.700376 
2.499566 208.304668 
2.499383 229.196799 
2.495033 227.297514 
2.486521 227.297514 
2.473863 238.693222 
2.457080 240.592507 
2.436199 240.592507 
2.411253 250.088930 
2.382289 244.391076 
2.349352 251.988215 
2.312498 240.592507 
2.271788 244.391076 
2.227284 259.585354 
2.179060 240.592507 
2.127207 259.585354 
2.071812 255.786784 
2.012955 251.988215 
1.950748 255.786784 
1.885288 244.391076 
1.816684 246.290361 
1.745051 248.189646 
1.670500 259.585354 
1.593163 248.189646 
1.513168 242.491792 
1.430659 240.592507 
1.345755 234.894653 
1.258615 234.894653 
1.169377 229.196799 
1.078188 227.297514 
0.985202 231.096084 
0.890563 219.700376 
0.794449 219.700376 
0.697010 208.304668 
0.598398 206.405383 
0.498799 198.808244 
0.398367 204.506098 
0.297261 193.110390 
0.195670 185.513252 
0.093753 179.815398 
-0.008321 176.016828 
-0.110391 168.419690 
-0.212267 158.923266 
-0.313800 155.124697 
-0.414798 147.527558 
-0.515105 115.239719 
-0.614726 62.059749 
-0.713147 -0.616645 
-0.810389 -15.810923 
-0.906270 -23.408061 
-1.000649 -44.300193 
-1.093349 -51.897331 
-1.184226 -65.192324 
-1.273129 -70.890178 
-1.359908 -89.883024 
-1.444429 -89.883024 
-1.526540 -89.883024 
-1.606105 -108.875871 
-1.682992 -105.077302 
-1.757071 -122.170864 
-1.828220 -116.473010 
-1.896320 -133.566572 
-1.961250 -135.465856 
-2.022916 -139.264426 
-2.081208 -144.962280 
-2.136028 -148.760849 
-2.187281 -162.055842 
-2.234892 -163.955126 
-2.278770 -169.652980 
-2.318853 -184.847258 
-2.355064 -220.933666 
-2.387351 -200.041535 
-2.415654 -207.638674 
-2.439929 -205.739389 
-2.460135 -207.638674 
-2.476238 -211.437243 
-2.488215 -213.336528 
-2.496039 -220.933666 
-2.499701 -224.732236 
-2.499195 -236.127944 
-2.494521 -238.027228 
-2.485684 -251.322221 
-2.472705 -245.624367 
-2.455602 -257.020075 
-2.434404 -245.624367 
-2.409144 -258.919360 
-2.379869 -262.717929 
-2.346618 -257.020075 
-2.309456 -262.717929 
-2.268443 -260.818644 
-2.223641 -257.020075 
-2.175135 -255.120790 
-2.123007 -251.322221 
-2.067338 -247.523652 
-2.008216 -241.825798 
-1.945751 -249.422936 
-1.880041 -249.422936 
-1.811197 -249.422936 
-1.739324 -251.322221 
-1.664551 -245.624367 
-1.587009 -251.322221 
-1.506813 -247.523652 
-1.424112 -243.725082 
-1.339036 -239.926513 
-1.251727 -234.228659 
-1.162332 -232.329374 
-1.070997 -222.832951 
-0.977877 -224.732236 
-0.883127 -211.437243 
-0.786893 -211.437243 
-0.689358 -200.041535 
-0.590662 -203.840104 
-0.490992 -201.940820 
-0.390503 -190.545112 
-0.289352 -181.048688 
-0.187730 -177.250119 
-0.085783 -165.854411 
0.016306 -179.149404 
0.118358 -148.760849 
0.220223 -144.962280 
0.321710 -158.257272 
0.422660 -127.868718 
0.522906 -106.976586 
0.622290 -49.998047 
0.720636 6.980493 
0.817780 20.275486 
0.913560 39.268333 
1.007807 44.966187 
1.100383 44.966187 
1.191124 54.462610 
1.279868 63.959033 
1.366488 60.160464 
1.450828 75.354741 
1.532740 82.951880 
1.612104 92.448303 
1.688780 101.944727 
1.762631 119.038289 
1.833550 128.534712 
1.901411 120.937573 
1.966101 132.333281 
2.027505 147.527558 
2.085529 151.326128 
2.140080 153.225412 
2.191056 157.023982 
2.238384 176.016828 
2.281974 185.513252 
2.321759 179.815398 
2.357672 181.714682 
2.389657 200.707529 
2.417653 202.606814 
2.441620 206.405383 
2.461515 212.103237 
2.477303 198.808244 
2.488960 204.506098 
2.496467 221.599660 
2.499810 221.599660 
2.498984 223.498945 
2.493991 234.894653 
2.484839 227.297514 
2.471544 231.096084 
2.454127 242.491792 
2.432618 242.491792 
2.407049 250.088930 
2.377466 251.988215 
2.343921 246.290361 
2.306464 257.686069 
2.265168 248.189646 
2.220082 259.585354 
2.171302 246.290361 
2.118896 250.088930 
2.062974 253.887500 
2.003601 251.988215 
1.940886 257.686069 
1.874935 244.391076 
1.805850 255.786784 
1.733761 253.887500 
1.658781 251.988215 
1.581034 259.585354 
1.500652 246.290361 
1.417317 240.592507 
1.332055 244.391076 
1.244563 238.693222 
1.155005 234.894653 
1.063520 227.297514 
0.970253 234.894653 
0.875377 217.801091 
0.779041 221.599660 
0.681396 214.002522 
0.582625 200.707529 
0.482871 204.506098 
0.382323 204.506098 
0.281127 198.808244 
0.179462 181.714682 
0.077498 189.311821 
-0.024585 177.916113 
-0.126637 166.520405 
-0.228468 166.520405 
-0.329918 158.923266 
-0.430818 139.930420 
-0.531009 122.836858 
-0.630305 62.059749 
-0.728560 -2.515930 
-0.825589 1.282639 
-0.921252 -25.307346 
-1.015369 -46.199477 
-1.107802 -53.796616 
-1.198387 -68.990893 
-1.286973 -76.588032 
-1.373404 -82.285886 
-1.457545 -89.883024 
-1.539264 -91.782309 
-1.618407 -106.976586 
-1.694859 -108.875871 
-1.768478 -116.473010 
-1.839154 -129.768002 
-1.906756 -133.566572 
-1.971178 -139.264426 
-2.032313 -143.062995 
-2.090065 -148.760849 
-2.144326 -150.660134 
-2.195016 -158.257272 
-2.242040 -177.250119 
-2.285326 -171.552265 
-2.324805 -184.847258 
-2.360402 -190.545112 
-2.392064 -205.739389 
-2.419739 -211.437243 
-2.443377 -201.940820 
-2.462941 -211.437243 
-2.478397 -249.422936 
-2.489721 -211.437243 
-2.496892 -222.832951 
-2.499898 -228.530805 
-2.498735 -234.228659 
-2.493404 -243.725082 
-2.483916 -249.422936 
-2.470285 -245.624367 
-2.452535 -249.422936 
-2.430695 -249.422936 
-2.404802 -249.422936 
-2.374899 -258.919360 
-2.341033 -257.020075 
-2.303265 -255.120790 
-2.261657 -258.919360 
-2.216278 -251.322221 
-2.167197 -251.322221 
-2.114508 -241.825798 
-2.058286 -243.725082 
-1.998638 -241.825798 
-1.935657 -234.228659 
-1.869448 -239.926513 
-1.800137 -247.523652 
-1.727810 -241.825798 
-1.652601 -245.624367 
-1.574629 -249.422936 
-1.494030 -238.027228 
-1.410948 -239.926513 
-1.325514 -234.228659 
-1.237869 -236.127944 
-1.148159 -224.732236 
-1.056536 -224.732236 
-0.963140 -215.235812 
-0.868139 -207.638674 
-0.771699 -211.437243 
-0.673972 -196.242966 
-0.575112 -200.041535 
-0.475292 -192.444396 
-0.374690 -186.746542 
-0.273463 -173.451550 
-0.171769 -171.552265 
-0.069789 -165.854411 
0.032307 -160.156557 
0.134339 -152.559418 
0.236158 -143.062995 
0.337572 -129.768002 
0.438433 -124.070148 
0.538553 -103.178017 
0.637785 -46.199477 
0.735954 8.879778 
0.832885 10.779063 
0.928447 35.469763 
1.022450 50.664041 
1.114748 44.966187 
1.205177 63.959033 
1.293597 58.261179 
1.379868 71.556172 
1.463838 73.455457 
1.545358 82.951880 
1.624301 92.448303 
1.700536 98.146157 
1.773935 111.441150 
1.844383 122.836858 
1.911748 136.131851 
1.975925 149.426843 
2.036807 136.131851 
2.094293 147.527558 
2.148291 145.628274 
2.198702 158.923266 
2.245446 183.613967 
2.288446 176.016828 
2.327630 179.815398 
2.362932 198.808244 
2.394297 193.110390 
2.421666 196.908960 
2.444997 206.405383 
2.464251 202.606814 
2.479395 204.506098 
2.490405 219.700376 
2.497263 223.498945 
2.499956 212.103237 
2.498479 238.693222 
2.492836 221.599660 
2.483035 238.693222 
2.469092 234.894653 
2.451032 234.894653 
2.428885 242.491792 
2.402683 253.887500 
2.372479 246.290361 
2.338319 255.786784 
2.300260 246.290361 
2.258365 259.585354 
2.212699 251.988215 
2.163342 255.786784 
2.110383 265.283208 
2.053905 250.088930 
1.993989 259.585354 
1.930761 242.491792 
1.864305 251.988215 
1.794740 251.988215 
1.722189 255.786784 
1.646767 257.686069 
1.568590 255.786784 
1.487806 244.391076 
1.404540 244.391076 
1.318933 242.491792 
1.231126 238.693222 
1.141247 227.297514 
1.049484 234.894653 
0.955961 231.096084 
0.860853 227.297514 
0.764310 223.498945 
0.666492 210.203952 
0.567552 214.002522 
0.467667 204.506098 
0.367011 198.808244 
0.265743 198.808244 
0.164033 189.311821 
0.062038 187.412536 
-0.040060 179.815398 
-0.142102 170.318974 
-0.243886 160.822551 
-0.345264 153.225412 
-0.446065 145.628274 
-0.546123 119.038289 
-0.645280 56.361895 
-0.743351 -6.314499 
-0.840182 -13.911638 
-0.935612 -27.206631 
-1.029492 -53.796616 
-1.121645 -51.897331 
-1.211928 -59.494470 
-1.300190 -87.983740 
-1.386284 -89.883024 
-1.470066 -89.883024 
-1.551405 -95.580878 
-1.630148 -97.480163 
-1.706174 -112.674440 
-1.779354 -124.070148 
-1.849566 -135.465856 
-1.916695 -135.465856 
-1.980634 -143.062995 
-2.041263 -135.465856 
-2.099737 -156.357988 
-2.153384 -160.156557 
-2.203439 -163.955126 
-2.249825 -173.451550 
-2.292458 -182.947973 
-2.331336 -182.947973 
-2.366247 -196.242966 
-2.397212 -205.739389 
-2.424182 -205.739389 
-2.447107 -207.638674 
-2.465951 -217.135097 
-2.480683 -205.739389 
-2.491279 -217.135097 
-2.497720 -217.135097 
-2.499996 -220.933666 
-2.498102 -234.228659 
-2.492043 -239.926513 
-2.481828 -247.523652 
-2.467473 -249.422936 
-2.449004 -251.322221 
-2.426447 -247.523652 
-2.399851 -253.221506 
-2.369247 -257.020075 
-2.334695 -262.717929 
-2.296245 -249.422936 
-2.253971 -257.020075 
-2.207938 -251.322221 
-2.158223 -251.322221 
-2.104903 -255.120790 
-2.048079 -238.027228 
-1.987839 -247.523652 
-1.924278 -241.825798 
-1.857508 -245.624367 
-1.787647 -245.624367 
-1.714804 -241.825798 
-1.639103 -243.725082 
-1.560668 -239.926513 
-1.479630 -243.725082 
-1.396125 -230.430090 
-1.310292 -241.825798 
-1.222275 -228.530805 
-1.132209 -230.430090 
-1.040265 -222.832951 
-0.946576 -222.832951 
-0.851319 -211.437243 
-0.754642 -203.840104 
-0.656696 -203.840104 
-0.557665 -196.242966 
-0.457705 -194.343681 
-0.356970 -181.048688 
-0.255651 -181.048688 
-0.153895 -169.652980 
-0.051893 -173.451550 
0.050059 -160.156557 
0.152075 -141.163710 
0.253827 -139.264426 
0.355155 -143.062995 
0.455912 -120.271579 
0.555888 -51.897331 
0.654947 -0.616645 
0.752923 14.577632 
0.849624 22.174771 
0.944918 52.563325 
1.038626 44.966187 
1.130602 46.865471 
1.220702 63.959033 
1.308766 62.059749 
1.394647 73.455457 
1.478194 88.649734 
1.559292 84.851165 
1.637781 103.844011 
1.713538 107.642581 
1.786438 126.635427 
1.856350 120.937573 
1.923174 134.232566 
1.986790 136.131851 
2.047093 138.031135 
2.103987 147.527558 
2.157360 168.419690 
2.207141 168.419690 
2.253236 164.621120 
2.295578 195.009675 
2.334091 179.815398 
2.368708 181.714682 
2.399374 193.110390 
2.426043 200.707529 
2.448663 196.908960 
2.467201 206.405383 
2.481623 217.801091 
2.491908 204.506098 
2.498036 219.700376 
2.499998 232.995368 
2.497791 217.801091 
2.491418 234.894653 
2.480889 242.491792 
2.466224 229.196799 
2.447445 250.088930 
2.424586 244.391076 
2.397684 251.988215 
2.366784 248.189646 
2.331933 250.088930 
2.293197 257.686069 
2.250638 251.988215 
2.204325 257.686069 
2.154325 257.686069 
2.100743 251.988215 
2.043658 257.686069 
1.983159 255.786784 
1.919352 250.088930 
1.852337 253.887500 
1.782254 259.585354 
1.709184 259.585354 
1.633264 251.988215 
1.554504 250.088930 
1.473254 232.995368 
1.389555 242.491792 
1.303539 244.391076 
1.215349 240.592507 
1.125140 236.793938 
1.033046 234.894653 
0.939239 227.297514 
0.843846 221.599660 
0.747065 227.297514 
0.649028 221.599660 
0.549919 204.506098 
0.449893 204.506098 
0.349117 200.707529 
0.247748 195.009675 
0.145977 195.009675 
0.043951 187.412536 
-0.058169 170.318974 
-0.160160 172.218259 
-0.261905 157.023982 
-0.363203 157.023982 
-0.463885 141.829705 
-0.563803 128.534712 
-0.662781 44.966187 
-0.760644 -12.012353 
-0.857238 -8.213784 
-0.952412 -27.206631 
-1.045998 -44.300193 
-1.137830 -61.393755 
-1.227774 -63.293039 
-1.315670 -86.084455 
-1.401372 -89.883024 
-1.484736 -91.782309 
-1.565624 -93.681594 
-1.643893 -106.976586 
-1.719420 -108.875871 
-1.792088 -116.473010 
-1.861766 -129.768002 
-1.928333 -137.365141 
-1.991691 -144.962280 
-2.051720 -148.760849 
-2.108334 -154.458703 
-2.161432 -158.257272 
-2.210919 -173.451550 
-2.256720 -177.250119 
-2.298757 -188.645827 
-2.336966 -184.847258 
-2.371276 -200.041535 
-2.401631 -207.638674 
-2.427981 -211.437243 
-2.450281 -211.437243 
-2.468493 -220.933666 
-2.482589 -217.135097 
-2.492545 -213.336528 
-2.498343 -219.034382 
-2.499975 -226.631520 
-2.497438 -228.530805 
-2.490736 -243.725082 
-2.479795 -243.725082 
-2.464776 -255.120790 
-2.445647 -264.617214 
-2.422438 -264.617214 
-2.395191 -255.120790 
-2.363951 -264.617214 
-2.328764 -260.818644 
-2.289694 -260.818644 
-2.246809 -260.818644 
-2.200178 -260.818644 
-2.149877 -249.422936 
-2.095980 -251.322221 
-2.038599 -255.120790 
-1.977819 -251.322221 
-1.913740 -241.825798 
-1.846463 -249.422936 
-1.776106 -251.322221 
-1.702787 -251.322221 
-1.626636 -245.624367 
-1.547772 -243.725082 
-1.466328 -239.926513 
-1.382438 -230.430090 
-1.296243 -236.127944 
-1.207877 -236.127944 
-1.117506 -230.430090 
-1.025253 -224.732236 
-0.931299 -220.933666 
-0.835791 -213.336528 
-0.738890 -205.739389 
-0.640766 -201.940820 
-0.541563 -200.041535 
-0.441468 -188.645827 
-0.340626 -190.545112 
-0.239216 -181.048688 
-0.137407 -171.552265 
-0.035369 -167.753696 
0.066728 -163.955126 
0.168704 -154.458703 
0.270408 -143.062995 
0.371652 -135.465856 
0.472275 -120.271579 
0.572121 -48.098762 
0.671003 -2.515930 
0.768776 18.376201 
0.865266 31.671194 
0.960314 50.664041 
1.053750 54.462610 
1.145429 56.361895 
1.235207 60.160464 
1.322916 73.455457 
1.408428 79.153311 
1.491582 77.254026 
1.572266 94.347588 
1.650326 96.246873 
1.725618 119.038289 
1.798040 120.937573 
1.867470 126.635427 
1.933778 138.031135 
1.996854 130.433997 
2.056606 141.829705 
2.112934 164.621120 
2.165727 153.225412 
2.214913 162.721836 
2.260597 181.714682 
2.302302 185.513252 
2.340167 183.613967 
2.374125 191.211106 
2.404128 196.908960 
2.430120 195.009675 
2.452058 200.707529 
2.469906 208.304668 
2.483636 215.901806 
2.493224 212.103237 
2.498656 223.498945 
2.499919 225.398230 
2.497012 229.196799 
2.489942 236.793938 
2.478716 229.196799 
2.463359 229.196799 
2.443892 242.491792 
2.420350 244.391076 
2.392767 251.988215 
2.361199 244.391076 
2.325683 242.491792 
2.286294 255.786784 
2.243097 251.988215 
2.196154 257.686069 
2.145554 253.887500 
2.091376 259.585354 
2.033710 257.686069 
1.972654 259.585354 
1.908307 255.786784 
1.840772 263.383923 
1.770174 263.383923 
1.696623 251.988215 
1.620244 251.988215 
1.541155 246.290361 
1.459503 251.988215 
1.375418 242.491792 
1.289031 236.793938 
1.200493 238.693222 
1.109953 227.297514 
1.017552 231.096084 
0.923464 225.398230 
0.827845 223.498945 
0.730846 215.901806 
0.632618 214.002522 
0.533334 208.304668 
0.433162 217.801091 
0.332277 198.808244 
0.230806 193.110390 
0.128961 185.513252 
0.026922 181.714682 
-0.075162 172.218259 
-0.177141 168.419690 
-0.278804 157.023982 
-0.380023 155.124697 
-0.480598 141.829705 
-0.580371 103.844011 
-0.679177 37.369048 
-0.776859 -0.616645 
-0.873226 -23.408061 
-0.968156 -27.206631 
-1.061452 -55.695901 
-1.152987 -51.897331 
-1.242590 -72.789462 
-1.330139 -86.084455 
-1.415460 -89.883024 
-1.498420 -91.782309 
-1.578873 -93.681594 
-1.656701 -103.178017 
-1.731773 -105.077302 
-1.803942 -122.170864 
-1.873110 -120.271579 
-1.939147 -137.365141 
-2.001969 -143.062995 
-2.061439 -150.660134 
-2.117471 -152.559418 
-2.169965 -179.149404 
-2.218846 -171.552265 
-2.264018 -181.048688 
-2.305423 -188.645827 
-2.342983 -188.645827 
-2.376631 -196.242966 
-2.406317 -207.638674 
-2.431992 -211.437243 
-2.453610 -209.537958 
-2.471135 -219.034382 
-2.484541 -220.933666 
-2.493803 -220.933666 
-2.498906 -226.631520 
-2.499842 -224.732236 
-2.496609 -230.430090 
-2.489211 -232.329374 
-2.477664 -241.825798 
-2.461983 -249.422936 
-2.442196 -266.516498 
-2.418338 -257.020075 
-2.390444 -266.516498 
-2.358567 -264.617214 
-2.322753 -260.818644 
-2.283065 -270.315068 
-2.239569 -257.020075 
-2.192338 -257.020075 
-2.141450 -257.020075 
-2.086990 -253.221506 
-2.029056 -249.422936 
-1.967738 -247.523652 
-1.903139 -249.422936 
-1.835352 -277.912206 
-1.764511 -251.322221 
-1.690735 -243.725082 
-1.614131 -253.221506 
-1.534843 -249.422936 
-1.452979 -238.027228 
-1.368699 -241.825798 
-1.282146 -232.329374 
-1.193446 -234.228659 
-1.102764 -230.430090 
-1.010225 -224.732236 
-0.916010 -222.832951 
-0.820267 -209.537958 
-0.723156 -211.437243 
-0.624838 -198.142250 
-0.525469 -194.343681 
-0.425254 -188.645827 
-0.324309 -184.847258 
-0.222823 -179.149404 
-0.120976 -181.048688 
-0.018917 -167.753696 
0.083174 -163.955126 
0.185116 -158.257272 
0.286759 -143.062995 
0.387914 -135.465856 
0.488432 -120.271579 
0.588146 -40.501623 
0.686858 1.282639 
0.784425 20.275486 
0.880694 35.469763 
0.975494 52.563325 
1.068657 48.764756 
1.160048 50.664041 
1.249503 62.059749 
1.336866 75.354741 
1.422000 67.757603 
1.504762 84.851165 
1.585024 100.045442 
1.662633 94.347588 
1.737486 122.836858 
1.809432 126.635427 
1.878354 136.131851 
1.944150 130.433997 
2.006704 136.131851 
2.065905 143.728989 
2.121666 153.225412 
2.173889 157.023982 
2.222476 162.721836 
2.267366 181.714682 
2.308475 179.815398 
2.345731 179.815398 
2.379077 191.211106 
2.408456 193.110390 
2.433816 198.808244 
2.455116 200.707529 
2.472323 217.801091 
2.485409 217.801091 
2.494349 208.304668 
2.499128 229.196799 
2.499740 221.599660 
2.496183 232.995368 
2.488463 238.693222 
2.476593 234.894653 
2.460592 217.801091 
2.440487 236.793938 
2.416315 246.290361 
2.388109 250.088930 
2.355921 248.189646 
2.319807 257.686069 
2.279821 242.491792 
2.236032 259.585354 
2.188519 250.088930 
2.137351 255.786784 
2.082618 261.484638 
2.024412 250.088930 
1.962829 257.686069 
1.897972 253.887500 
1.829957 261.484638 
1.758875 259.585354 
1.684867 255.786784 
1.608057 250.088930 
1.528565 242.491792 
1.446516 246.290361 
1.362063 244.391076 
1.275321 236.793938 
1.186460 234.894653 
1.095630 229.196799 
1.002963 234.894653 
0.908624 223.498945 
0.812779 212.103237 
0.715579 215.901806 
0.617175 214.002522 
0.517752 200.707529 
0.417455 200.707529 
0.316473 198.808244 
0.214952 185.513252 
0.113073 187.412536 
0.011016 174.117544 
-0.091071 170.318974 
-0.192994 157.023982 
-0.294607 153.225412 
-0.395717 153.225412 
-0.496168 136.131851 
-0.595802 107.642581 
-0.694431 29.771909 
-0.791903 -8.213784 
-0.888064 -17.710207 
-0.982735 -34.803769 
-1.075776 -51.897331 
-1.167013 -51.897331 
-1.256304 -91.782309 
-1.343510 -89.883024 
-1.428474 -91.782309 
-1.511048 -93.681594 
-1.591118 -95.580878 
-1.668526 -101.278732 
-1.743143 -110.775156 
-1.814854 -122.170864 
-1.883538 -129.768002 
-1.949088 -137.365141 
-2.011381 -152.559418 
-2.070320 -150.660134 
-2.125807 -158.257272 
-2.177749 -165.854411 
-2.226064 -167.753696 
-2.270661 -181.048688 
-2.311473 -182.947973 
-2.348430 -188.645827 
-2.381471 -194.343681 
-2.410540 -205.739389 
-2.435593 -211.437243 
-2.456581 -220.933666 
-2.473473 -215.235812 
-2.486240 -220.933666 
-2.494862 -226.631520 
-2.499322 -224.732236 
-2.499615 -226.631520 
-2.495738 -222.832951 
-2.487697 -236.127944 
-2.475510 -245.624367 
-2.459192 -257.020075 
-2.438773 -255.120790 
-2.414289 -253.221506 
-2.385776 -260.818644 
-2.353287 -260.818644 
-2.316874 -270.315068 
-2.276594 -264.617214 
-2.232520 -268.415783 
-2.184719 -264.617214 
-2.133275 -251.322221 
-2.078272 -255.120790 
-2.019809 -251.322221 
-1.957978 -249.422936 
-1.892875 -249.422936 
-1.824622 -241.825798 
-1.753319 -245.624367 
-1.679099 -249.422936 
-1.602072 -249.422936 
-1.522380 -241.825798 
-1.440150 -251.322221 
-1.355519 -241.825798 
-1.268627 -230.430090 
-1.179620 -238.027228 
-1.088646 -228.530805 
-0.995856 -226.631520 
-0.901396 -228.530805 
-0.805432 -211.437243 
-0.708125 -211.437243 
-0.609647 -203.840104 
-0.510153 -201.940820 
-0.409797 -190.545112 
-0.308769 -192.444396 
-0.207215 -182.947973 
-0.105316 -175.350834 
-0.003251 -175.350834 
0.098830 -171.552265 
0.200735 -152.559418 
0.302316 -150.660134 
0.403393 -133.566572 
0.503797 -125.969433 
0.603360 -46.199477 
0.701907 -2.515930 
0.799294 14.577632 
0.895338 31.671194 
0.989889 52.563325 
1.082798 50.664041 
1.173893 54.462610 
1.263039 63.959033 
1.350087 73.455457 
1.434874 75.354741 
1.517268 90.549019 
1.597131 96.246873 
1.674323 100.045442 
1.748731 113.340435 
1.820221 122.836858 
1.888676 128.534712 
1.953987 138.031135 
2.016026 132.333281 
2.074710 147.527558 
2.129932 166.520405 
2.181603 151.326128 
2.229639 170.318974 
2.273952 187.412536 
2.314471 181.714682 
2.351127 183.613967 
2.383866 202.606814 
2.412626 195.009675 
2.437365 195.009675 
2.458037 198.808244 
2.474610 208.304668 
2.487056 214.002522 
2.495356 219.700376 
2.499494 223.498945 
2.499463 225.398230 
2.495265 227.297514 
2.486904 231.096084 
2.474397 234.894653 
2.457762 234.894653 
2.437030 240.592507 
2.412231 244.391076 
2.383412 248.189646 
2.350616 236.793938 
2.313902 251.988215 
2.273330 250.088930 
2.228968 251.988215 
2.180883 259.585354 
2.129161 248.189646 
2.073893 253.887500 
2.015167 257.686069 
1.953075 246.290361 
1.887731 246.290361 
1.819233 253.887500 
1.747708 263.383923 
1.673260 246.290361 
1.596022 251.988215 
1.516131 250.088930 
1.433702 244.391076 
1.348891 242.491792 
1.261831 234.894653 
1.172666 234.894653 
1.081546 232.995368 
0.988604 223.498945 
0.894012 227.297514 
0.797948 214.002522 
0.700544 212.103237 
0.601972 204.506098 
0.502405 200.707529 
0.401991 198.808244 
0.300906 195.009675 
0.199319 191.211106 
0.097410 176.016828 
-0.004661 179.815398 
-0.106756 172.218259 
-0.208651 160.822551 
-0.310199 153.225412 
-0.411219 145.628274 
-0.511564 113.340435 
-0.611055 52.563325 
-0.709517 5.081209 
-0.806796 -6.314499 
-0.902730 -25.307346 
-0.997149 -42.400908 
-1.089914 -46.199477 
-1.180863 -68.990893 
-1.269851 -82.285886 
-1.356721 -80.386601 
-1.441328 -84.185170 
-1.523532 -82.285886 
-1.603194 -99.379448 
-1.680182 -99.379448 
-1.754361 -108.875871 
-1.825614 -127.868718 
-1.893830 -137.365141 
-1.958887 -139.264426 
-2.020676 -152.559418 
-2.079090 -152.559418 
-2.134037 -158.257272 
-2.185425 -167.753696 
-2.233173 -169.652980 
-2.277197 -182.947973 
-2.317423 -181.048688 
-2.353784 -190.545112 
-2.386219 -203.840104 
-2.414674 -200.041535 
-2.439099 -209.537958 
-2.459459 -215.235812 
-2.475715 -213.336528 
-2.487843 -211.437243 
-2.495822 -213.336528 
-2.499639 -220.933666 
-2.499289 -228.530805 
-2.494770 -238.027228 
-2.486091 -241.825798 
-2.473261 -247.523652 
-2.456311 -249.422936 
-2.435263 -255.120790 
-2.410155 -257.020075 
-2.381029 -264.617214 
-2.347932 -270.315068 
-2.310915 -262.717929 
-2.270049 -257.020075 
-2.225398 -255.120790 
-2.177030 -251.322221 
-2.125031 -251.322221 
-2.069488 -251.322221 
-2.010500 -249.422936 
-1.948152 -249.422936 
-1.882563 -251.322221 
-1.813833 -249.422936 
-1.742080 -249.422936 
-1.667413 -253.221506 
-1.589965 -249.422936 
-1.509866 -241.825798 
-1.427248 -249.422936 
-1.342250 -236.127944 
-1.255013 -245.624367 
-1.165692 -257.020075 
-1.074427 -228.530805 
-0.981370 -224.732236 
-0.886678 -220.933666 
-0.790506 -209.537958 
-0.693006 -203.840104 
-0.594361 -203.840104 
-0.494725 -200.041535 
-0.394253 -190.545112 
-0.293123 -188.645827 
-0.191515 -179.149404 
-0.089588 -175.350834 
0.012488 -173.451550 
0.114555 -160.156557 
0.216419 -148.760849 
0.317923 -144.962280 
0.418897 -135.465856 
0.519182 -101.278732 
0.618592 -29.105915 
0.716970 6.980493 
0.814152 18.376201 
0.909976 29.771909 
1.004293 54.462610 
1.096935 52.563325 
1.187738 54.462610 
1.276560 60.160464 
1.363263 63.959033 
1.447691 86.750449 
1.529706 82.951880 
1.609160 86.750449 
1.685932 101.944727 
1.759899 113.340435 
1.830924 120.937573 
1.898903 134.232566 
1.963714 147.527558 
2.025245 138.031135 
2.083403 151.326128 
2.138082 166.520405 
2.189200 172.218259 
2.236662 168.419690 
2.280399 177.916113 
2.320337 187.412536 
2.356396 191.211106 
2.388526 185.513252 
2.416673 202.606814 
2.440795 204.506098 
2.460841 193.110390 
2.476784 204.506098 
2.488598 223.498945 
2.496263 214.002522 
2.499761 221.599660 
2.499088 236.793938 
2.494248 227.297514 
2.485248 232.995368 
2.472104 232.995368 
2.454838 242.491792 
2.433476 251.988215 
2.408058 244.391076 
2.378621 250.088930 
2.345221 251.988215 
2.307910 246.290361 
2.266750 255.786784 
2.221810 255.786784 
2.173161 261.484638 
2.120887 255.786784 
2.065081 250.088930 
2.005831 263.383923 
1.943237 244.391076 
1.877403 250.088930 
1.808430 246.290361 
1.736449 263.383923 
1.661557 259.585354 
1.583909 253.887500 
1.503619 246.290361 
1.420814 246.290361 
1.335639 246.290361 
1.248237 229.196799 
1.158752 236.793938 
1.067335 232.995368 
0.974147 221.599660 
0.879325 223.498945 
0.783046 215.901806 
0.685452 212.103237 
0.586714 204.506098 
0.487008 196.908960 
0.386480 191.211106 
0.285306 193.110390 
0.183647 183.613967 
0.081692 183.613967 
-0.020389 176.016828 
-0.122447 172.218259 
-0.224300 157.023982 
-0.325790 119.038289 
-0.426715 147.527558 
-0.526929 115.239719 
-0.626275 52.563325 
-0.724565 -6.314499 
-0.821658 -23.408061 
-0.917380 -27.206631 
-1.011572 -27.206631 
-1.104076 -49.998047 
-1.194731 -65.192324 
-1.283392 -72.789462 
-1.369923 -84.185170 
-1.454168 -97.480163 
-1.535989 -91.782309 
-1.615247 -99.379448 
-1.691811 -112.674440 
-1.765547 -120.271579 
-1.836345 -122.170864 
-1.904073 -137.365141 
-1.968633 -144.962280 
-2.029904 -148.760849 
-2.087795 -160.156557 
-2.142204 -160.156557 
-2.193040 -156.357988 
-2.240214 -167.753696 
-2.283652 -184.847258 
-2.323289 -186.746542 
-2.359048 -196.242966 
-2.390872 -211.437243 
-2.418705 -211.437243 
-2.442508 -209.537958 
-2.462236 -213.336528 
-2.477858 -215.235812 
-2.489348 -211.437243 
-2.496684 -220.933666 
-2.499858 -230.430090 
-2.498862 -230.430090 
-2.493699 -241.825798 
-2.484377 -247.523652 
-2.470912 -260.818644 
-2.453327 -253.221506 
-2.431651 -257.020075 
-2.405917 -258.919360 
-2.376174 -258.919360 
-2.342465 -260.818644 
-2.304853 -260.818644 
-2.263397 -260.818644 
-2.218167 -255.120790 
-2.169234 -255.120790 
-2.116682 -257.020075 
-2.060599 -243.725082 
-2.001080 -249.422936 
-1.938230 -247.523652 
-1.872148 -247.523652 
-1.802937 -247.523652 
-1.730726 -257.020075 
-1.655629 -249.422936 
-1.577763 -245.624367 
-1.497266 -247.523652 
-1.414271 -241.825798 
-1.328918 -245.624367 
-1.241348 -245.624367 
-1.151698 -230.430090 
-1.060127 -230.430090 
-0.966807 -220.933666 
-0.871875 -215.235812 
-0.775489 -209.537958 
-0.677799 -203.840104 
-0.578990 -201.940820 
-0.479204 -196.242966 
-0.378630 -196.242966 
-0.277424 -188.645827 
-0.175766 -175.350834 
-0.073794 -167.753696 
0.028290 -165.854411 
0.130338 -154.458703 
0.232158 -141.163710 
0.333591 -143.062995 
0.434478 -124.070148 
0.534630 -93.681594 
0.633890 -21.508777 
0.732104 1.282639 
0.829086 12.678347 
0.924686 37.369048 
1.018754 54.462610 
1.111113 50.664041 
1.201628 52.563325 
1.290131 60.160464 
1.376499 71.556172 
1.460554 75.354741 
1.542182 82.951880 
1.621230 98.146157 
1.697574 103.844011 
1.771087 117.139004 
1.841647 130.433997 
1.909143 128.534712 
1.973448 141.829705 
2.034463 138.031135 
2.092090 155.124697 
2.146223 145.628274 
2.196777 168.419690 
2.243677 183.613967 
2.286826 174.117544 
2.326161 181.714682 
2.361617 198.808244 
2.393138 191.211106 
2.420668 200.707529 
2.444158 204.506098 
2.463573 181.714682 
2.478879 198.808244 
2.490053 195.009675 
2.497073 227.297514 
2.499929 217.801091 
2.498616 231.096084 
2.493136 227.297514 
2.483498 231.096084 
2.469719 240.592507 
2.451820 234.894653 
2.429829 250.088930 
2.403784 250.088930 
2.373733 250.088930 
2.339726 250.088930 
2.301814 251.988215 
2.260062 259.585354 
2.214541 257.686069 
2.165327 259.585354 
2.112506 257.686069 
2.056163 251.988215 
1.996391 263.383923 
1.933283 257.686069 
1.866944 251.988215 
1.797505 246.290361 
1.725061 261.484638 
1.649748 259.585354 
1.571684 250.088930 
1.490982 242.491792 
1.407810 246.290361 
1.322281 242.491792 
1.234547 242.491792 
1.144755 236.793938 
1.053062 234.894653 
0.959603 219.700376 
0.864554 225.398230 
0.768054 214.002522 
0.670282 212.103237 
0.571393 214.002522 
0.471540 208.304668 
0.370901 193.110390 
0.269654 196.908960 
0.167936 160.822551 
0.065959 179.815398 
-0.036128 179.815398 
-0.138165 166.520405 
-0.239961 160.822551 
-0.341357 157.023982 
-0.442205 115.239719 
-0.542304 120.937573 
-0.641500 65.858318 
-0.739615 -0.616645 
-0.836506 1.282639 
-0.932003 -27.206631 
-1.025945 -48.098762 
-1.118176 -53.796616 
-1.208533 -59.494470 
-1.296883 -89.883024 
-1.383070 -89.883024 
-1.466951 -93.681594 
-1.548376 -95.580878 
-1.627220 -97.480163 
-1.703350 -106.976586 
-1.776640 -122.170864 
-1.846974 -127.868718 
-1.914228 -129.768002 
-1.978289 -148.760849 
-2.039051 -148.760849 
-2.096417 -150.660134 
-2.150281 -158.257272 
-2.200558 -165.854411 
-2.247160 -175.350834 
-2.290020 -179.149404 
-2.329059 -171.552265 
-2.364215 -201.940820 
-2.395427 -205.739389 
-2.422644 -211.437243 
-2.445820 -207.638674 
-2.464916 -209.537958 
-2.479901 -213.336528 
-2.490750 -222.832951 
-2.497446 -219.034382 
-2.499976 -228.530805 
-2.498337 -238.027228 
-2.492531 -241.825798 
-2.482568 -253.221506 
-2.468465 -258.919360 
-2.450247 -249.422936 
-2.427943 -257.020075 
-2.401584 -279.811491 
-2.371218 -264.617214 
-2.336905 -264.617214 
-2.298690 -251.322221 
-2.256642 -260.818644 
-2.210834 -253.221506 
-2.161340 -243.725082 
-2.108242 -255.120790 
-2.051622 -241.825798 
-1.991581 -243.725082 
-1.928224 -239.926513 
-1.861652 -249.422936 
-1.791976 -249.422936 
-1.719303 -253.221506 
-1.643764 -245.624367 
-1.565482 -241.825798 
-1.484598 -243.725082 
-1.401230 -232.329374 
-1.315533 -241.825798 
-1.227634 -236.127944 
-1.137678 -226.631520 
-1.045833 -222.832951 
-0.952244 -222.832951 
-0.857067 -217.135097 
-0.760451 -203.840104 
-0.662586 -203.840104 
-0.563616 -200.041535 
-0.463706 -184.847258 
-0.363002 -194.343681 
-0.261704 -182.947973 
-0.159979 -169.652980 
-0.057966 -169.652980 
0.044133 -167.753696 
0.146169 -148.760849 
0.247939 -146.861564 
0.349307 -131.667287 
0.450093 -133.566572 
0.550117 -101.278732 
0.649224 -36.703054 
0.747259 1.282639 
0.844047 16.476917 
0.939427 43.066902 
1.033241 58.261179 
1.125331 60.160464 
1.215535 54.462610 
1.303721 63.959033 
1.389724 75.354741 
1.473418 81.052595 
1.554646 94.347588 
1.633290 98.146157 
1.709202 103.844011 
1.782264 115.239719 
1.852361 124.736143 
1.919368 149.426843 
1.983168 134.232566 
2.043660 143.728989 
2.100751 149.426843 
2.154332 155.124697 
2.204326 176.016828 
2.250643 176.016828 
2.293207 134.232566 
2.331946 189.311821 
2.366792 196.908960 
2.397694 189.311821 
2.424597 204.506098 
2.447459 195.009675 
2.466235 196.908960 
2.480899 214.002522 
2.491423 223.498945 
2.497794 214.002522 
2.499998 221.599660 
2.498034 227.297514 
2.491902 231.096084 
2.481614 232.995368 
2.467189 232.995368 
2.448647 232.995368 
2.426022 248.189646 
2.399350 240.592507 
2.368676 251.988215 
2.334056 246.290361 
2.295535 251.988215 
2.253194 251.988215 
2.207090 250.088930 
2.157306 259.585354 
2.103928 251.988215 
2.047043 257.686069 
1.986737 259.585354 
1.923125 250.088930 
1.856299 232.995368 
1.786384 255.786784 
1.713482 259.585354 
1.637723 255.786784 
1.559240 251.988215 
1.478141 246.290361 
1.394592 242.491792 
1.308701 246.290361 
1.220635 236.793938 
1.130534 227.297514 
1.038537 232.995368 
0.944818 231.096084 
0.849532 219.700376 
0.752830 215.901806 
0.654862 210.203952 
0.555803 210.203952 
0.455816 208.304668 
0.355079 191.211106 
0.253740 196.908960 
0.151978 183.613967 
0.049972 185.513252 
-0.052116 181.714682 
-0.154118 164.621120 
-0.255863 164.621120 
-0.357181 147.527558 
-0.457914 138.031135 
-0.557873 122.836858 
-0.656902 60.160464 
-0.754845 -8.213784 
-0.851519 -13.911638 
-0.946774 -27.206631 
-1.040449 -48.098762 
-1.132390 -55.695901 
-1.222451 -61.393755 
-1.310465 -95.580878 
-1.396267 -91.782309 
-1.479768 -86.084455 
-1.560826 -97.480163 
-1.639264 -97.480163 
-1.714967 -112.674440 
-1.787810 -124.070148 
-1.857679 -129.768002 
-1.924441 -143.062995 
-1.987988 -137.365141 
-2.048219 -144.962280 
-2.105035 -160.156557 
-2.158346 -158.257272 
-2.208116 -163.955126 
-2.254136 -173.451550 
-2.296400 -186.746542 
-2.334835 -190.545112 
-2.369375 -201.940820 
-2.399960 -211.437243 
-2.426544 -209.537958 
-2.449085 -211.437243 
-2.467537 -215.235812 
-2.481876 -213.336528 
-2.492075 -217.135097 
-2.498118 -220.933666 
-2.499995 -232.329374 
-2.497703 -234.228659 
-2.491245 -245.624367 
-2.480632 -255.120790 
-2.465883 -257.020075 
-2.447022 -258.919360 
-2.424081 -255.120790 
-2.397095 -264.617214 
-2.366114 -255.120790 
-2.331183 -270.315068 
-2.292369 -257.020075 
-2.249727 -266.516498 
-2.203338 -251.322221 
-2.153270 -258.919360 
-2.099610 -260.818644 
-2.042449 -245.624367 
-1.981880 -251.322221 
-1.918006 -245.624367 
-1.850927 -257.020075 
-1.780774 -243.725082 
-1.707651 -245.624367 
-1.631673 -251.322221 
-1.552966 -241.825798 
-1.471676 -243.725082 
-1.387932 -247.523652 
-1.301873 -236.127944 
-1.213651 -238.027228 
-1.123406 -230.430090 
-1.031287 -219.034382 
-0.937439 -220.933666 
-0.842018 -219.034382 
-0.745212 -209.537958 
-0.647163 -196.242966 
-0.548035 -196.242966 
-0.447983 -198.142250 
-0.347184 -196.242966 
-0.245805 -182.947973 
-0.144007 -179.149404 
-0.041978 -173.451550 
0.060121 -158.257272 
0.162119 -146.861564 
0.263847 -144.962280 
0.365135 -137.365141 
0.465813 -108.875871 
0.565715 -36.703054 
0.664674 -0.616645 
0.762513 20.275486 
0.859092 29.771909 
0.954237 46.865471 
1.047790 52.563325 
1.139587 50.664041 
1.229493 62.059749 
1.317339 65.858318 
1.402988 67.757603 
1.486306 90.549019 
1.567137 92.448303 
1.645363 98.146157 
1.720837 107.642581 
1.793448 120.937573 
1.863069 136.131851 
1.929575 130.433997 
1.992864 130.433997 
2.052841 149.426843 
2.109388 151.326128 
2.162412 160.822551 
2.211830 176.016828 
2.257568 168.419690 
2.299533 170.318974 
2.337662 193.110390 
2.371897 191.211106 
2.402173 191.211106 
2.428445 202.606814 
2.450668 202.606814 
2.468804 206.405383 
2.482821 210.203952 
2.492697 219.700376 
2.498415 215.901806 
2.499966 227.297514 
2.497347 191.211106 
2.490564 232.995368 
2.479627 236.793938 
2.464554 242.491792 
2.445370 244.391076 
2.422111 250.088930 
2.394812 240.592507 
2.363520 250.088930 
2.328279 255.786784 
2.289158 250.088930 
2.246220 246.290361 
2.199539 251.988215 
2.149191 257.686069 
2.095259 255.786784 
2.037833 251.988215 
1.977009 251.988215 
1.912882 255.786784 
1.845564 248.189646 
1.775168 257.686069 
1.701818 265.283208 
1.625623 248.189646 
1.546717 255.786784 
1.465231 238.693222 
1.381301 236.793938 
1.295067 246.290361 
1.206673 227.297514 
1.116276 229.196799 
1.024018 229.196799 
0.930051 232.995368 
0.834534 214.002522 
0.737616 208.304668 
0.639477 219.700376 
0.540262 204.506098 
0.440156 206.405383 
0.339305 200.707529 
0.237899 198.808244 
0.136086 191.211106 
0.034046 176.016828 
-0.068051 174.117544 
-0.170024 166.520405 
-0.271713 153.225412 
-0.372960 153.225412 
-0.473584 143.728989 
-0.573409 107.642581 
-0.672277 50.664041 
-0.770034 -6.314499 
-0.866507 -17.710207 
-0.961525 -29.105915 
-1.054949 -57.595185 
-1.146605 -61.393755 
-1.236366 -67.091609 
-1.324047 -129.768002 
-1.409529 -89.883024 
-1.492669 -86.084455 
-1.573302 -87.983740 
-1.651311 -105.077302 
-1.726575 -112.674440 
-1.798959 -124.070148 
-1.868335 -135.465856 
-1.934609 -148.760849 
-1.997643 -148.760849 
-2.057346 -152.559418 
-2.113624 -154.458703 
-2.166372 -163.955126 
-2.215511 -171.552265 
-2.260960 -167.753696 
-2.302629 -184.847258 
-2.340459 -190.545112 
-2.374385 -203.840104 
-2.404352 -213.336528 
-2.430313 -196.242966 
-2.452217 -209.537958 
-2.470033 -217.135097 
-2.483743 -219.034382 
-2.493294 -226.631520 
-2.498686 -220.933666 
-2.499911 -230.430090 
-2.496967 -238.027228 
-2.489859 -239.926513 
-2.478598 -251.322221 
-2.463203 -262.717929 
-2.443678 -260.818644 
-2.420094 -258.919360 
-2.392475 -264.617214 
-2.360864 -264.617214 
-2.325313 -258.919360 
-2.285890 -257.020075 
-2.242652 -270.315068 
-2.195677 -279.811491 
-2.145042 -255.120790 
-2.090823 -257.020075 
-2.033118 -253.221506 
-1.972028 -249.422936 
-1.907649 -241.825798 
-1.840090 -253.221506 
-1.769462 -251.322221 
-1.695875 -251.322221 
-1.619469 -251.322221 
-1.540353 -251.322221 
-1.458668 -241.825798 
-1.374550 -249.422936 
-1.288140 -243.725082 
-1.199591 -234.228659 
-1.109041 -228.530805 
-1.016641 -228.530805 
-0.922537 -226.631520 
-0.826904 -209.537958 
-0.729892 -203.840104 
-0.631653 -205.739389 
-0.532360 -194.343681 
-0.432179 -192.444396 
-0.331278 -188.645827 
-0.229813 -181.048688 
-0.127976 -175.350834 
-0.025936 -167.753696 
0.076158 -163.955126 
0.178125 -143.062995 
0.279795 -141.163710 
0.380988 -135.465856 
0.481556 -103.178017 
0.581321 -36.703054 
0.680106 5.081209 
0.777757 22.174771 
0.874121 43.066902 
0.969027 46.865471 
1.062316 44.966187 
1.153834 54.462610 
1.243428 63.959033 
1.330947 60.160464 
1.416247 71.556172 
1.499176 100.045442 
1.579613 92.448303 
1.657416 101.944727 
1.732455 111.441150 
1.804596 119.038289 
1.873729 130.433997 
1.939743 138.031135 
2.002522 124.736143 
2.061967 149.426843 
2.117967 149.426843 
2.170434 158.923266 
2.219282 168.419690 
2.264427 174.117544 
2.305796 181.714682 
2.343319 196.908960 
2.376931 189.311821 
2.406579 196.908960 
2.432216 204.506098 
2.453797 196.908960 
2.471285 202.606814 
2.484651 214.002522 
2.493872 215.901806 
2.498935 219.700376 
2.499830 231.096084 
2.496557 231.096084 
2.489121 234.894653 
2.477533 232.995368 
2.461813 242.491792 
2.441987 240.592507 
2.418087 246.290361 
2.390158 251.988215 
2.358243 253.887500 
2.322392 251.988215 
2.282667 257.686069 
2.239139 246.290361 
2.191873 259.585354 
2.140951 251.988215 
2.086464 261.484638 
2.028492 259.585354 
1.967136 251.988215 
1.902506 251.988215 
1.834696 253.887500 
1.763834 259.585354 
1.690023 255.786784 
1.613393 246.290361 
1.534072 246.290361 
1.452201 244.391076 
1.367900 225.398230 
1.281317 240.592507 
1.192606 232.995368 
1.101897 219.700376 
1.009351 227.297514 
0.915130 229.196799 
0.819384 223.498945 
0.722261 208.304668 
0.623934 214.002522 
0.524576 206.405383 
0.424343 198.808244 
0.323403 191.211106 
0.221913 191.211106 
0.120064 185.513252 
0.017993 179.815398 
-0.084097 174.117544 
-0.186047 168.419690 
-0.287677 155.124697 
-0.388826 149.426843 
-0.489328 136.131851 
-0.589023 117.139004 
-0.687736 52.563325 
-0.785302 -10.113069 
-0.881558 -17.710207 
-0.976334 -21.508777 
-1.069492 -59.494470 
-1.160856 -63.293039 
-1.250294 -61.393755 
-1.337647 -86.084455 
-1.422768 -93.681594 
-1.505517 -91.782309 
-1.585754 -99.379448 
-1.663347 -97.480163 
-1.738165 -112.674440 
-1.810077 -112.674440 
-1.878978 -135.465856 
-1.944744 -148.760849 
-2.007267 -146.861564 
-2.066442 -158.257272 
-2.122171 -156.357988 
-2.174355 -169.652980 
-2.222918 -196.242966 
-2.267773 -169.652980 
-2.308846 -184.847258 
-2.346064 -182.947973 
-2.379374 -190.545112 
-2.408712 -203.840104 
-2.434017 -213.336528 
-2.455285 -213.336528 
-2.472456 -219.034382 
-2.485504 -236.127944 
-2.494408 -224.732236 
-2.499151 -220.933666 
-2.499727 -222.832951 
-2.496135 -230.430090 
-2.488380 -239.926513 
-2.476476 -249.422936 
-2.460442 -258.919360 
-2.440305 -258.919360 
-2.416096 -262.717929 
-2.387861 -260.818644 
-2.355640 -266.516498 
-2.319494 -266.516498 
-2.279476 -266.516498 
-2.235657 -258.919360 
-2.188108 -257.020075 
-2.136915 -251.322221 
-2.082153 -245.624367 
-2.023919 -249.422936 
-1.962308 -251.322221 
-1.897432 -247.523652 
-1.829392 -255.120790 
-1.758293 -251.322221 
-1.684262 -253.221506 
-1.607414 -243.725082 
-1.527901 -243.725082 
-1.445831 -238.027228 
-1.361350 -234.228659 
-1.274607 -239.926513 
-1.185730 -232.329374 
-1.094885 -226.631520 
-1.002204 -220.933666 
-0.907861 -222.832951 
-0.812005 -213.336528 
-0.714794 -209.537958 
-0.616381 -200.041535 
-0.516951 -200.041535 
-0.416658 -194.343681 
-0.315671 -188.645827 
-0.214157 -179.149404 
-0.112276 -165.854411 
-0.010218 -188.645827 
0.091847 -163.955126 
0.193769 -146.861564 
0.295368 -163.955126 
0.396474 -129.768002 
0.496919 -103.178017 
0.596536 -32.904485 
0.695168 1.282639 
0.792630 12.678347 
0.888771 37.369048 
0.983429 41.167617 
1.076458 46.865471 
1.167691 56.361895 
1.256967 62.059749 
1.344147 71.556172 
1.429094 71.556172 
1.511650 90.549019 
1.591693 98.146157 
1.669073 105.743296 
1.743670 117.139004 
1.815359 134.232566 
1.884028 126.635427 
1.949555 136.131851 
2.011830 139.930420 
2.070744 141.829705 
2.126204 157.023982 
2.178120 170.318974 
2.226403 170.318974 
2.270978 172.218259 
2.311761 183.613967 
2.348689 185.513252 
2.381701 181.714682 
2.410741 198.808244 
2.435761 196.908960 
2.456721 196.908960 
2.473582 214.002522 
2.486319 221.599660 
2.494910 212.103237 
2.499340 225.398230 
2.499601 229.196799 
2.495695 229.196799 
2.487624 227.297514 
2.475405 234.894653 
2.459056 234.894653 
2.438609 251.988215 
2.414095 242.491792 
2.385556 255.786784 
2.353035 238.693222 
2.316594 244.391076 
2.276285 251.988215 
2.232185 251.988215 
2.184362 259.585354 
2.132891 246.290361 
2.077863 255.786784 
2.019369 259.585354 
1.957514 251.988215 
1.892395 263.383923 
1.824119 251.988215 
1.752795 259.585354 
1.678555 251.988215 
1.601516 250.088930 
1.521806 250.088930 
1.439558 242.491792 
1.354901 242.491792 
1.267994 236.793938 
1.178972 242.491792 
1.087984 238.693222 
0.995182 236.793938 
0.900710 223.498945 
0.804736 217.801091 
0.707400 210.203952 
0.608884 208.304668 
0.509372 206.405383 
0.409021 200.707529 
0.307977 196.908960 
0.206430 187.412536 
0.104529 189.311821 
0.002464 191.211106 
-0.099616 172.218259 
-0.201530 158.923266 
-0.303097 157.023982 
-0.404159 147.527558 
-0.504557 138.031135 
-0.604104 103.844011 
-0.702653 39.268333 
-0.800030 -4.415215 
-0.896073 -17.710207 
-0.990621 -29.105915 
-1.083527 -53.796616 
-1.174615 -51.897331 
-1.263745 -72.789462 
-1.350758 -91.782309 
-1.435527 -93.681594 
-1.517902 -91.782309 
-1.597745 -93.681594 
-1.674916 -99.379448 
-1.749301 -108.875871 
-1.820768 -120.271579 
-1.889192 -131.667287 
-1.954465 -143.062995 
-2.016486 -143.062995 
-2.075143 -152.559418 
-2.130333 -158.257272 
-2.181972 -167.753696 
-2.229971 -179.149404 
-2.274252 -184.847258 
-2.314745 -184.847258 
-2.351377 -188.645827 
-2.384084 -194.343681 
-2.412821 -211.437243 
-2.437528 -220.933666 
-2.458171 -213.336528 
-2.474716 -222.832951 
-2.487133 -220.933666 
-2.495401 -219.034382 
-2.499509 -226.631520 
-2.499448 -234.228659 
-2.495219 -234.228659 
-2.486828 -249.422936 
-2.474290 -251.322221 
-2.457625 -262.717929 
-2.436859 -258.919360 
-2.412027 -264.617214 
-2.383178 -266.516498 
-2.350355 -264.617214 
-2.313612 -260.818644 
-2.273012 -260.818644 
-2.228616 -268.415783 
-2.180503 -257.020075 
-2.128759 -257.020075 
-2.073459 -260.818644 
-2.014701 -251.322221 
-1.952577 -245.624367 
-1.887208 -243.725082 
-1.818693 -247.523652 
-1.747137 -249.422936 
-1.672668 -251.322221 
-1.595416 -243.725082 
-1.515488 -241.825798 
-1.433040 -249.422936 
-1.348202 -245.624367 
-1.261124 -238.027228 
-1.171934 -241.825798 
-1.080789 -234.228659 
-0.987851 -228.530805 
-0.893267 -215.235812 
-0.797182 -220.933666 
-0.699778 -215.235812 
-0.601197 -200.041535 
-0.501613 -194.343681 
-0.401203 -190.545112 
-0.300114 -184.847258 
-0.198524 -188.645827 
-0.096613 -175.350834 
