0.000006 -21.508777 
0.031423 -17.710207 
0.062831 -6.314499 
0.094233 -4.415215 
0.125616 -0.616645 
0.156983 5.081209 
0.188322 -2.515930 
0.220095 -0.616645 
0.251369 1.282639 
0.282603 8.879778 
0.313792 -2.515930 
0.344936 -0.616645 
0.376024 -4.415215 
0.407054 10.779063 
0.438019 16.476917 
0.468912 41.167617 
0.499734 37.369048 
0.530477 48.764756 
0.561133 44.966187 
0.591703 10.779063 
0.622181 48.764756 
0.652559 46.865471 
0.682835 10.779063 
0.713000 56.361895 
0.743056 52.563325 
0.772994 52.563325 
0.802807 65.858318 
0.832493 69.656887 
0.862047 69.656887 
0.891466 67.757603 
0.920747 79.153311 
0.949879 79.153311 
0.978862 88.649734 
1.007690 81.052595 
1.036362 92.448303 
1.064867 92.448303 
1.093204 92.448303 
1.121371 107.642581 
1.149361 94.347588 
1.177170 107.642581 
1.204790 107.642581 
1.232220 117.139004 
1.259455 109.541865 
1.286491 115.239719 
1.313327 115.239719 
1.339953 130.433997 
1.366373 117.139004 
1.392574 128.534712 
1.418555 136.131851 
1.444310 132.333281 
1.469839 143.728989 
1.495136 145.628274 
1.520197 145.628274 
1.545015 143.728989 
1.569589 149.426843 
1.593918 160.822551 
1.617995 153.225412 
1.641815 155.124697 
1.665375 160.822551 
1.688674 166.520405 
1.711705 164.621120 
1.734467 170.318974 
1.756956 155.124697 
1.779167 177.916113 
1.801097 170.318974 
1.822741 166.520405 
1.844098 193.110390 
1.865163 189.311821 
1.885935 162.721836 
1.906407 196.908960 
1.926580 195.009675 
1.946449 198.808244 
1.966009 206.405383 
1.985258 204.506098 
2.004194 206.405383 
2.022813 221.599660 
2.041113 212.103237 
2.059091 215.901806 
2.076743 221.599660 
2.094068 223.498945 
2.111063 221.599660 
2.127724 227.297514 
2.144049 221.599660 
2.160036 231.096084 
2.175681 234.894653 
2.190984 229.196799 
2.205941 238.693222 
2.220549 238.693222 
2.234807 234.894653 
2.248710 244.391076 
2.262262 236.793938 
2.275453 240.592507 
2.288286 240.592507 
2.300758 246.290361 
2.312867 259.585354 
2.324609 253.887500 
2.335984 257.686069 
2.346995 251.988215 
2.357631 251.988215 
2.367894 251.988215 
2.377784 259.585354 
2.387298 267.182492 
2.396436 261.484638 
2.405196 259.585354 
2.413576 250.088930 
2.421574 261.484638 
2.429190 253.887500 
2.436422 261.484638 
2.443270 259.585354 
2.449731 259.585354 
2.455806 263.383923 
2.461493 259.585354 
2.466791 263.383923 
2.471700 267.182492 
2.476219 259.585354 
2.480346 272.880346 
2.484082 259.585354 
2.487425 274.779631 
2.490376 255.786784 
2.492933 274.779631 
2.495097 261.484638 
2.496867 276.678916 
2.498242 270.981062 
2.499223 265.283208 
2.499809 274.779631 
2.500000 265.283208 
2.499796 291.873193 
2.499198 265.283208 
2.498205 282.376770 
2.496817 280.477485 
2.495036 284.276054 
2.492860 278.578200 
2.490290 282.376770 
2.487328 293.772478 
2.483972 284.276054 
2.480224 284.276054 
2.476084 288.074624 
2.471554 286.175339 
2.466633 289.973908 
2.461323 289.973908 
2.455626 284.276054 
2.449539 293.772478 
2.443066 280.477485 
2.436208 282.376770 
2.428963 289.973908 
2.421336 291.873193 
2.413321 284.276054 
2.404931 282.376770 
2.396160 276.678916 
2.387010 284.276054 
2.377482 293.772478 
2.367581 276.678916 
2.357306 288.074624 
2.346658 288.074624 
2.335640 297.571047 
2.324254 280.477485 
2.312501 286.175339 
2.300381 291.873193 
2.287899 291.873193 
2.275055 286.175339 
2.261851 295.671762 
2.248291 280.477485 
2.234377 280.477485 
2.220114 282.376770 
2.205495 286.175339 
2.190527 276.678916 
2.175216 280.477485 
2.159559 282.376770 
2.143562 282.376770 
2.127227 270.981062 
2.110559 274.779631 
2.093555 272.880346 
2.076220 274.779631 
2.058558 276.678916 
2.040571 267.182492 
2.022248 261.484638 
2.003615 261.484638 
1.984668 267.182492 
1.965407 257.686069 
1.945836 261.484638 
1.925957 263.383923 
1.905777 250.088930 
1.885295 257.686069 
1.864514 244.391076 
1.843438 253.887500 
1.822073 257.686069 
1.800421 250.088930 
1.778482 259.585354 
1.756265 242.491792 
1.733770 246.290361 
1.710999 246.290361 
1.687958 236.793938 
1.664653 231.096084 
1.641084 238.693222 
1.617257 232.995368 
1.593175 236.793938 
1.568841 225.398230 
1.544256 231.096084 
1.519430 219.700376 
1.494365 234.894653 
1.469063 229.196799 
1.443530 227.297514 
1.417766 225.398230 
1.391778 221.599660 
1.365570 236.793938 
1.339149 225.398230 
1.312517 219.700376 
1.285675 215.901806 
1.258633 208.304668 
1.231386 198.808244 
1.203947 206.405383 
1.176322 195.009675 
1.148507 191.211106 
1.120512 198.808244 
1.092339 193.110390 
1.063997 183.613967 
1.035483 187.412536 
1.006807 181.714682 
0.977974 166.520405 
0.948984 168.419690 
0.919847 168.419690 
0.890562 160.822551 
0.861136 149.426843 
0.831574 162.721836 
0.801877 143.728989 
0.772058 145.628274 
0.742116 151.326128 
0.712060 155.124697 
0.681891 147.527558 
0.651612 139.930420 
0.621230 132.333281 
0.590753 130.433997 
0.560183 138.031135 
0.529521 134.232566 
0.498779 126.635427 
0.467958 132.333281 
0.437063 119.038289 
0.406095 115.239719 
0.375067 113.340435 
0.343977 107.642581 
0.312832 107.642581 
0.281638 107.642581 
0.250399 100.045442 
0.219124 94.347588 
0.187814 98.146157 
0.156472 81.052595 
0.125108 84.851165 
0.093721 86.750449 
0.062293 82.951880 
0.030881 82.951880 
-0.000535 69.656887 
-0.031949 69.656887 
-0.063360 48.764756 
-0.094758 44.966187 
-0.126145 31.671194 
-0.157511 14.577632 
-0.188850 5.081209 
-0.220158 1.282639 
-0.251432 5.081209 
-0.282669 -0.616645 
-0.313862 6.980493 
-0.345002 1.282639 
-0.376091 1.282639 
-0.407117 -6.314499 
-0.438079 -15.810923 
-0.468971 -23.408061 
-0.499793 -31.005200 
-0.530536 -23.408061 
-0.561192 -36.703054 
-0.591759 -36.703054 
-0.622233 -34.803769 
-0.652612 -44.300193 
-0.682884 -44.300193 
-0.713052 -44.300193 
-0.743107 -49.998047 
-0.773042 -46.199477 
-0.802858 -44.300193 
-0.832544 -51.897331 
-0.862101 -53.796616 
-0.891523 -59.494470 
-0.920800 -67.091609 
-0.949932 -53.796616 
-0.978915 -67.091609 
-1.007745 -72.789462 
-1.036417 -70.890178 
-1.064922 -76.588032 
-1.093258 -70.890178 
-1.121422 -80.386601 
-1.149412 -89.883024 
-1.177221 -93.681594 
-1.204843 -97.480163 
-1.232272 -101.278732 
-1.259510 -101.278732 
-1.286552 -97.480163 
-1.313384 -118.372294 
-1.340012 -112.674440 
-1.366429 -114.573725 
-1.392627 -120.271579 
-1.418608 -118.372294 
-1.444364 -127.868718 
-1.469893 -127.868718 
-1.495189 -131.667287 
-1.520247 -150.660134 
-1.545065 -135.465856 
-1.569641 -137.365141 
-1.593967 -144.962280 
-1.618042 -143.062995 
-1.641863 -143.062995 
-1.665422 -175.350834 
-1.688721 -146.861564 
-1.711754 -162.055842 
-1.734513 -163.955126 
-1.756992 -148.760849 
-1.779203 -162.055842 
-1.801132 -163.955126 
-1.822778 -169.652980 
-1.844135 -163.955126 
-1.865199 -179.149404 
-1.885968 -182.947973 
-1.906442 -173.451550 
-1.926613 -190.545112 
-1.946481 -190.545112 
-1.966042 -190.545112 
-1.985291 -201.940820 
-2.004228 -198.142250 
-2.022847 -192.444396 
-2.041146 -198.142250 
-2.059125 -203.840104 
-2.076777 -198.142250 
-2.094101 -203.840104 
-2.111096 -203.840104 
-2.127758 -207.638674 
-2.144083 -219.034382 
-2.160069 -215.235812 
-2.175714 -217.135097 
-2.191015 -209.537958 
-2.205972 -209.537958 
-2.220579 -220.933666 
-2.234837 -226.631520 
-2.248740 -234.228659 
-2.262289 -228.530805 
-2.275481 -230.430090 
-2.288312 -228.530805 
-2.300782 -224.732236 
-2.312885 -238.027228 
-2.324627 -236.127944 
-2.336001 -243.725082 
-2.347008 -243.725082 
-2.357643 -243.725082 
-2.367907 -241.825798 
-2.377797 -247.523652 
-2.387311 -243.725082 
-2.396448 -243.725082 
-2.405207 -243.725082 
-2.413586 -257.020075 
-2.421584 -249.422936 
-2.429198 -255.120790 
-2.436430 -249.422936 
-2.443276 -260.818644 
-2.449737 -257.020075 
-2.455811 -251.322221 
-2.461498 -266.516498 
-2.466796 -258.919360 
-2.471704 -257.020075 
-2.476222 -258.919360 
-2.480349 -257.020075 
-2.484084 -264.617214 
-2.487428 -258.919360 
-2.490378 -266.516498 
-2.492935 -270.315068 
-2.495098 -266.516498 
-2.496868 -268.415783 
-2.498242 -272.214352 
-2.499223 -272.214352 
-2.499809 -272.214352 
-2.500000 -268.415783 
-2.499796 -270.315068 
-2.499198 -276.012922 
-2.498205 -277.912206 
-2.496818 -270.315068 
-2.495036 -274.113637 
-2.492860 -281.710775 
-2.490291 -276.012922 
-2.487329 -279.811491 
-2.483974 -274.113637 
-2.480226 -277.912206 
-2.476087 -283.610060 
-2.471556 -289.307914 
-2.466636 -285.509345 
-2.461325 -295.005768 
-2.455627 -295.005768 
-2.449541 -295.005768 
-2.443067 -289.307914 
-2.436208 -296.905053 
-2.428964 -300.703622 
-2.421336 -298.804337 
-2.413327 -308.300761 
-2.404936 -308.300761 
-2.396166 -302.602907 
-2.387016 -296.905053 
-2.377490 -300.703622 
-2.367588 -295.005768 
-2.357313 -312.099330 
-2.346666 -291.207199 
-2.335648 -304.502191 
-2.324260 -304.502191 
-2.312506 -304.502191 
-2.300386 -306.401476 
-2.287903 -302.602907 
-2.275059 -298.804337 
-2.261857 -304.502191 
-2.248296 -296.905053 
-2.234382 -295.005768 
-2.220113 -296.905053 
-2.205495 -289.307914 
-2.190528 -293.106483 
-2.175216 -291.207199 
-2.159559 -289.307914 
-2.143561 -287.408629 
-2.127226 -287.408629 
-2.110554 -279.811491 
-2.093550 -276.012922 
-2.076213 -274.113637 
-2.058551 -276.012922 
-2.040562 -264.617214 
-2.022250 -272.214352 
-2.003621 -260.818644 
-1.984676 -272.214352 
-1.965415 -264.617214 
-1.945846 -260.818644 
-1.925970 -262.717929 
-1.905788 -260.818644 
-1.885304 -255.120790 
-1.864525 -264.617214 
-1.843449 -257.020075 
-1.822085 -262.717929 
-1.800433 -257.020075 
-1.778494 -260.818644 
-1.756277 -251.322221 
-1.733782 -243.725082 
-1.711014 -245.624367 
-1.687975 -247.523652 
-1.664668 -241.825798 
-1.641097 -243.725082 
-1.617268 -245.624367 
-1.593183 -236.127944 
-1.568846 -236.127944 
-1.544264 -236.127944 
-1.519436 -230.430090 
-1.494371 -224.732236 
-1.469067 -230.430090 
-1.443530 -228.530805 
-1.417766 -219.034382 
-1.391778 -226.631520 
-1.365571 -226.631520 
-1.339150 -213.336528 
-1.312518 -220.933666 
-1.285678 -209.537958 
-1.258633 -215.235812 
-1.231389 -203.840104 
-1.203951 -211.437243 
-1.176322 -201.940820 
-1.148508 -196.242966 
-1.120515 -194.343681 
-1.092342 -190.545112 
-1.064000 -198.142250 
-1.035490 -192.444396 
-1.006816 -181.048688 
-0.977981 -186.746542 
-0.948991 -179.149404 
-0.919851 -182.947973 
-0.890568 -177.250119 
-0.861142 -179.149404 
-0.831584 -173.451550 
-0.801893 -167.753696 
-0.772074 -169.652980 
-0.742135 -163.955126 
-0.712076 -163.955126 
-0.681905 -167.753696 
-0.651626 -167.753696 
-0.621240 -158.257272 
-0.590760 -160.156557 
-0.560190 -150.660134 
-0.529528 -150.660134 
-0.498783 -143.062995 
-0.467958 -137.365141 
-0.437060 -141.163710 
-0.406096 -135.465856 
-0.375065 -135.465856 
-0.343974 -114.573725 
-0.312833 -122.170864 
-0.281638 -120.271579 
-0.250403 -110.775156 
-0.219128 -101.278732 
-0.187815 -93.681594 
-0.156472 -99.379448 
-0.125108 -95.580878 
-0.093725 -89.883024 
-0.062326 -78.487316 
-0.030918 -82.285886 
0.000499 -76.588032 
0.031912 -63.293039 
0.063320 -70.890178 
0.094722 -112.674440 
0.126105 -67.091609 
0.157472 -63.293039 
0.188810 -49.998047 
0.220119 -42.400908 
0.251393 -36.703054 
0.282630 -19.609492 
0.313820 -15.810923 
0.344960 5.081209 
0.376045 27.872625 
0.407071 27.872625 
0.438037 39.268333 
0.468932 44.966187 
0.499751 39.268333 
0.530491 44.966187 
0.561147 43.066902 
0.591717 54.462610 
0.622195 48.764756 
0.652570 54.462610 
0.682846 54.462610 
0.713014 52.563325 
0.743069 60.160464 
0.773007 67.757603 
0.802820 69.656887 
0.832510 71.556172 
0.862064 75.354741 
0.891483 81.052595 
0.920760 75.354741 
0.949893 88.649734 
0.978875 84.851165 
1.007706 86.750449 
1.036378 100.045442 
1.064886 98.146157 
1.093226 103.844011 
1.121393 98.146157 
1.149380 105.743296 
1.177189 109.541865 
1.204808 113.340435 
1.232241 107.642581 
1.259476 113.340435 
1.286512 111.441150 
1.313345 126.635427 
1.339971 117.139004 
1.366388 124.736143 
1.392621 136.131851 
1.418602 130.433997 
1.444356 139.930420 
1.469884 145.628274 
1.495178 141.829705 
1.520236 143.728989 
1.545057 145.628274 
1.569633 155.124697 
1.593959 153.225412 
1.618034 157.023982 
1.641855 153.225412 
1.665417 158.923266 
1.688714 168.419690 
1.711746 168.419690 
1.734506 170.318974 
1.756994 170.318974 
1.779204 170.318974 
1.801134 176.016828 
1.822779 183.613967 
1.844139 185.513252 
1.865205 189.311821 
1.885976 196.908960 
1.906450 191.211106 
1.926621 200.707529 
1.946487 204.506098 
1.966048 204.506098 
1.985298 206.405383 
2.004235 214.002522 
2.022854 208.304668 
2.041155 210.203952 
2.059134 229.196799 
2.076785 219.700376 
2.094111 223.498945 
2.111104 225.398230 
2.127764 229.196799 
2.144088 229.196799 
2.160073 236.793938 
2.175719 231.096084 
2.191021 240.592507 
2.205976 236.793938 
2.220582 244.391076 
2.234838 242.491792 
2.248741 242.491792 
2.262289 234.894653 
2.275480 250.088930 
2.288312 242.491792 
2.300782 255.786784 
2.312890 259.585354 
2.324631 257.686069 
2.336007 257.686069 
2.347015 229.196799 
2.357649 255.786784 
2.367913 250.088930 
2.377803 255.786784 
2.387316 261.484638 
2.396453 265.283208 
2.405211 259.585354 
2.413589 267.182492 
2.421587 250.088930 
2.429202 263.383923 
2.436434 265.283208 
2.443280 259.585354 
2.449741 272.880346 
2.455815 263.383923 
2.461501 269.081777 
2.466798 270.981062 
2.471707 261.484638 
2.476224 274.779631 
2.480351 267.182492 
2.484087 272.880346 
2.487429 259.585354 
2.490379 274.779631 
2.492936 261.484638 
2.495099 272.880346 
2.496868 280.477485 
2.498243 267.182492 
2.499223 274.779631 
2.499809 280.477485 
2.500000 286.175339 
2.499796 270.981062 
2.499198 282.376770 
2.498204 274.779631 
2.496817 284.276054 
2.495035 274.779631 
2.492859 286.175339 
2.490289 280.477485 
2.487326 286.175339 
2.483970 282.376770 
2.480222 286.175339 
2.476082 282.376770 
2.471551 267.182492 
2.466630 286.175339 
2.461320 286.175339 
2.455621 286.175339 
2.449534 280.477485 
2.443061 288.074624 
2.436202 280.477485 
2.428958 280.477485 
2.421331 278.578200 
2.413322 286.175339 
2.404931 274.779631 
2.396160 280.477485 
2.387011 282.376770 
2.377486 280.477485 
2.367585 284.276054 
2.357309 289.973908 
2.346661 288.074624 
2.335643 270.981062 
2.324256 288.074624 
2.312502 276.678916 
2.300383 288.074624 
2.287900 288.074624 
2.275057 286.175339 
2.261853 276.678916 
2.248292 282.376770 
2.234378 274.779631 
2.220109 288.074624 
2.205490 272.880346 
2.190522 272.880346 
2.175208 282.376770 
2.159550 276.678916 
2.143553 272.880346 
2.127218 269.081777 
2.110546 270.981062 
2.093541 270.981062 
2.076205 284.276054 
2.058542 255.786784 
2.040555 255.786784 
2.022245 259.585354 
2.003614 267.182492 
1.984667 263.383923 
1.965408 253.887500 
1.945839 255.786784 
1.925962 251.988215 
1.905780 253.887500 
1.885298 250.088930 
1.864519 248.189646 
1.843446 259.585354 
1.822079 259.585354 
1.800427 250.088930 
1.778488 246.290361 
1.756268 246.290361 
1.733769 246.290361 
1.710998 240.592507 
1.687959 242.491792 
1.664651 234.894653 
1.641081 236.793938 
1.617251 236.793938 
1.593168 232.995368 
1.568834 236.793938 
1.544250 221.599660 
1.519424 238.693222 
1.494356 234.894653 
1.469054 221.599660 
1.443518 227.297514 
1.417754 217.801091 
1.391766 227.297514 
1.365558 227.297514 
1.339134 215.901806 
1.312502 221.599660 
1.285660 206.405383 
1.258617 202.606814 
1.231376 210.203952 
1.203937 208.304668 
1.176309 200.707529 
1.148494 196.908960 
1.120499 200.707529 
1.092326 181.714682 
1.063981 181.714682 
1.035467 185.513252 
1.006793 174.117544 
0.977961 176.016828 
0.948973 168.419690 
0.919833 168.419690 
0.890548 155.124697 
0.861122 157.023982 
0.831560 155.124697 
0.801867 153.225412 
0.772047 139.930420 
0.742105 153.225412 
0.712046 138.031135 
0.681874 138.031135 
0.651598 132.333281 
0.621219 130.433997 
0.590739 128.534712 
0.560166 126.635427 
0.529507 119.038289 
0.498761 124.736143 
0.467940 120.937573 
0.437045 113.340435 
0.406081 105.743296 
0.375053 103.844011 
0.343962 103.844011 
0.312821 92.448303 
0.281626 100.045442 
0.250388 100.045442 
0.219113 86.750449 
0.187803 79.153311 
0.156464 82.951880 
0.125099 84.851165 
0.093716 77.254026 
0.062314 73.455457 
0.030902 69.656887 
-0.000511 67.757603 
-0.031924 52.563325 
-0.063336 44.966187 
-0.094737 22.174771 
-0.126124 10.779063 
-0.157490 -4.415215 
-0.188832 -6.314499 
-0.220141 5.081209 
-0.251414 -2.515930 
-0.282649 -0.616645 
-0.313841 -2.515930 
-0.344984 -4.415215 
-0.376073 3.181924 
-0.407103 -0.616645 
-0.438064 -4.415215 
-0.468960 1.282639 
-0.499779 -27.206631 
-0.530519 -29.105915 
-0.561178 -34.803769 
-0.591748 -38.602339 
-0.622222 -46.199477 
-0.652601 -46.199477 
-0.682873 -55.695901 
-0.713038 -51.897331 
-0.743093 -46.199477 
-0.773028 -99.379448 
-0.802841 -48.098762 
-0.832530 -57.595185 
-0.862088 -57.595185 
-0.891512 -59.494470 
-0.920793 -61.393755 
-0.949928 -68.990893 
-0.978910 -68.990893 
-1.007738 -57.595185 
-1.036409 -78.487316 
-1.064914 -72.789462 
-1.093257 -91.782309 
-1.121421 -86.084455 
-1.149411 -97.480163 
-1.177216 -99.379448 
-1.204839 -93.681594 
-1.232271 -95.580878 
-1.259509 -106.976586 
-1.286547 -101.278732 
-1.313380 -108.875871 
-1.340006 -112.674440 
-1.366422 -114.573725 
-1.392620 -116.473010 
-1.418601 -120.271579 
-1.444358 -131.667287 
-1.469884 -122.170864 
-1.495180 -129.768002 
-1.520241 -137.365141 
-1.545061 -141.163710 
-1.569638 -137.365141 
-1.593964 -148.760849 
-1.618038 -163.955126 
-1.641857 -146.861564 
-1.665416 -150.660134 
-1.688715 -154.458703 
-1.711745 -150.660134 
-1.734507 -158.257272 
-1.756995 -167.753696 
-1.779206 -158.257272 
-1.801133 -163.955126 
-1.822779 -165.854411 
-1.844134 -177.250119 
-1.865198 -179.149404 
-1.885969 -177.250119 
-1.906441 -188.645827 
-1.926612 -179.149404 
-1.946478 -194.343681 
-1.966037 -188.645827 
-1.985286 -196.242966 
-2.004223 -192.444396 
-2.022844 -196.242966 
-2.041145 -198.142250 
-2.059124 -192.444396 
-2.076776 -200.041535 
-2.094100 -205.739389 
-2.111093 -209.537958 
-2.127755 -215.235812 
-2.144079 -213.336528 
-2.160064 -215.235812 
-2.175709 -220.933666 
-2.191011 -220.933666 
-2.205968 -215.235812 
-2.220576 -217.135097 
-2.234833 -226.631520 
-2.248738 -230.430090 
-2.262287 -224.732236 
-2.275480 -226.631520 
-2.288313 -230.430090 
-2.300785 -234.228659 
-2.312893 -228.530805 
-2.324637 -243.725082 
-2.336011 -236.127944 
-2.347017 -245.624367 
-2.357651 -241.825798 
-2.367914 -245.624367 
-2.377803 -238.027228 
-2.387318 -247.523652 
-2.396455 -239.926513 
-2.405213 -251.322221 
-2.413592 -245.624367 
-2.421590 -255.120790 
-2.429206 -249.422936 
-2.436437 -253.221506 
-2.443284 -247.523652 
-2.449745 -253.221506 
-2.455819 -257.020075 
-2.461505 -251.322221 
-2.466802 -255.120790 
-2.471710 -274.113637 
-2.476227 -253.221506 
-2.480353 -270.315068 
-2.484088 -257.020075 
-2.487431 -270.315068 
-2.490381 -264.617214 
-2.492938 -274.113637 
-2.495100 -262.717929 
-2.496869 -266.516498 
-2.498244 -277.912206 
-2.499224 -272.214352 
-2.499809 -266.516498 
-2.500000 -274.113637 
-2.499796 -276.012922 
-2.499197 -266.516498 
-2.498204 -285.509345 
-2.496815 -285.509345 
-2.495033 -279.811491 
-2.492856 -277.912206 
-2.490286 -277.912206 
-2.487322 -279.811491 
-2.483966 -272.214352 
-2.480217 -298.804337 
-2.476077 -281.710775 
-2.471546 -289.307914 
-2.466624 -291.207199 
-2.461314 -291.207199 
-2.455614 -289.307914 
-2.449528 -283.610060 
-2.443052 -296.905053 
-2.436193 -300.703622 
-2.428948 -295.005768 
-2.421320 -300.703622 
-2.413308 -298.804337 
-2.404916 -296.905053 
-2.396145 -289.307914 
-2.386994 -300.703622 
-2.377468 -295.005768 
-2.367564 -295.005768 
-2.357288 -291.207199 
-2.346639 -296.905053 
-2.335621 -296.905053 
-2.324232 -296.905053 
-2.312476 -298.804337 
-2.300356 -302.602907 
-2.287873 -296.905053 
-2.275027 -298.804337 
-2.261823 -295.005768 
-2.248263 -296.905053 
-2.234348 -295.005768 
-2.220078 -291.207199 
-2.205456 -291.207199 
-2.190488 -283.610060 
-2.175174 -279.811491 
-2.159516 -276.012922 
-2.143517 -274.113637 
-2.127180 -270.315068 
-2.110506 -274.113637 
-2.093499 -264.617214 
-2.076162 -272.214352 
-2.058497 -270.315068 
-2.040505 -274.113637 
-2.022177 -272.214352 
-2.003547 -270.315068 
-1.984600 -266.516498 
-1.965338 -260.818644 
-1.945766 -257.020075 
-1.925887 -258.919360 
-1.905703 -249.422936 
-1.885216 -251.322221 
-1.864436 -257.020075 
-1.843357 -253.221506 
-1.821991 -247.523652 
-1.800335 -255.120790 
-1.778398 -243.725082 
-1.756177 -243.725082 
-1.733681 -238.027228 
-1.710909 -243.725082 
-1.687867 -236.127944 
-1.664558 -243.725082 
-1.640984 -230.430090 
-1.617151 -236.127944 
-1.593062 -228.530805 
-1.568727 -230.430090 
-1.544144 -222.832951 
-1.519314 -226.631520 
-1.494248 -215.235812 
-1.468942 -219.034382 
-1.443408 -226.631520 
-1.417643 -219.034382 
-1.391656 -220.933666 
-1.365450 -211.437243 
-1.339029 -207.638674 
-1.312395 -211.437243 
-1.285552 -211.437243 
-1.258509 -205.739389 
-1.231264 -196.242966 
-1.203825 -203.840104 
-1.176198 -194.343681 
-1.148383 -196.242966 
-1.120387 -196.242966 
-1.092213 -184.847258 
-1.063867 -194.343681 
-1.035353 -186.746542 
-1.006679 -184.847258 
-0.977842 -175.350834 
-0.948855 -177.250119 
-0.919714 -175.350834 
-0.890431 -175.350834 
-0.861007 -177.250119 
-0.831448 -171.552265 
-0.801757 -175.350834 
-0.771937 -162.055842 
-0.741995 -171.552265 
-0.711938 -156.357988 
-0.681766 -165.854411 
-0.651487 -156.357988 
-0.621104 -165.854411 
-0.590621 -150.660134 
-0.560050 -156.357988 
-0.529388 -152.559418 
-0.498642 -141.163710 
-0.467820 -137.365141 
-0.436925 -141.163710 
-0.405954 -135.465856 
-0.374926 -135.465856 
-0.343835 -135.465856 
-0.312693 -125.969433 
-0.281502 -112.674440 
-0.250263 -112.674440 
-0.218972 -108.875871 
-0.187656 -103.178017 
-0.156313 -103.178017 
-0.124945 -93.681594 
-0.093562 -99.379448 
-0.062163 -91.782309 
-0.030751 -84.185170 
0.000682 -93.681594 
0.032095 -68.990893 
0.063506 -68.990893 
0.094911 -55.695901 
0.126294 -53.796616 
0.157657 -44.300193 
0.188999 -38.602339 
0.220310 -32.904485 
0.251587 -31.005200 
0.282821 -15.810923 
0.314010 3.181924 
0.345150 27.872625 
0.376238 22.174771 
0.407264 39.268333 
0.438229 27.872625 
0.469124 39.268333 
0.499946 39.268333 
0.530688 39.268333 
0.561344 43.066902 
0.591914 43.066902 
0.622390 54.462610 
0.652765 46.865471 
0.683040 54.462610 
0.713204 60.160464 
0.743259 63.959033 
0.773193 60.160464 
0.803005 62.059749 
0.832694 73.455457 
0.862248 67.757603 
0.891668 65.858318 
0.920948 75.354741 
0.950083 86.750449 
0.979064 77.254026 
1.007894 92.448303 
1.036561 92.448303 
1.065065 92.448303 
1.093404 88.649734 
1.121570 86.750449 
1.149559 98.146157 
1.177367 105.743296 
1.204985 98.146157 
1.232414 113.340435 
1.259650 103.844011 
1.286685 120.937573 
1.313517 117.139004 
1.340141 124.736143 
1.366554 111.441150 
1.392754 134.232566 
1.418733 126.635427 
1.444486 143.728989 
1.470011 143.728989 
1.495307 147.527558 
1.520363 139.930420 
1.545182 149.426843 
1.569755 149.426843 
1.594080 155.124697 
1.618155 153.225412 
1.641975 160.822551 
1.665543 166.520405 
1.688839 174.117544 
1.711872 170.318974 
1.734630 179.815398 
1.757117 177.916113 
1.779326 174.117544 
1.801254 181.714682 
1.822895 191.211106 
1.844249 191.211106 
1.865311 189.311821 
1.886132 195.009675 
1.906604 191.211106 
1.926770 191.211106 
1.946636 208.304668 
1.966193 204.506098 
1.985441 204.506098 
2.004373 217.801091 
2.022990 212.103237 
2.041288 208.304668 
2.059263 219.700376 
2.076912 221.599660 
2.094235 227.297514 
2.111226 225.398230 
2.127887 219.700376 
2.144210 234.894653 
2.160194 227.297514 
2.175839 229.196799 
2.191138 240.592507 
2.206092 242.491792 
2.220696 250.088930 
2.234950 244.391076 
2.248850 231.096084 
2.262395 240.592507 
2.275583 246.290361 
2.288411 244.391076 
2.300880 253.887500 
2.312983 238.693222 
2.324722 251.988215 
2.336096 251.988215 
2.347100 257.686069 
2.357732 255.786784 
2.367991 255.786784 
2.377878 259.585354 
2.387389 257.686069 
2.396523 261.484638 
2.405278 251.988215 
2.413653 261.484638 
2.421647 261.484638 
2.429259 255.786784 
2.436488 255.786784 
2.443331 261.484638 
2.449789 259.585354 
2.455860 257.686069 
2.461544 272.880346 
2.466838 267.182492 
2.471744 269.081777 
2.476258 269.081777 
2.480382 259.585354 
2.484114 278.578200 
2.487454 267.182492 
2.490401 267.182492 
2.492955 274.779631 
2.495115 272.880346 
2.496881 280.477485 
2.498252 272.880346 
2.499229 269.081777 
2.499812 284.276054 
2.500000 291.873193 
2.499793 276.678916 
2.499191 284.276054 
2.498195 280.477485 
2.496804 282.376770 
2.495019 280.477485 
2.492839 295.671762 
2.490266 289.973908 
2.487300 291.873193 
2.483941 284.276054 
2.480190 269.081777 
2.476047 288.074624 
2.471513 288.074624 
2.466589 286.175339 
2.461275 291.873193 
2.455573 291.873193 
2.449481 282.376770 
2.443004 293.772478 
2.436142 288.074624 
2.428895 297.571047 
2.421263 288.074624 
2.413250 295.671762 
2.404856 282.376770 
2.396082 295.671762 
2.386930 286.175339 
2.377400 289.973908 
2.367495 289.973908 
2.357217 301.369616 
2.346567 286.175339 
2.335546 288.074624 
2.324154 289.973908 
2.312396 303.268901 
2.300274 289.973908 
2.287787 295.671762 
2.274939 286.175339 
2.261734 288.074624 
2.248170 282.376770 
2.234252 289.973908 
2.219980 282.376770 
2.205356 288.074624 
2.190386 284.276054 
2.175069 289.973908 
2.159409 284.276054 
2.143409 272.880346 
2.127071 282.376770 
2.110394 272.880346 
2.093385 286.175339 
2.076047 269.081777 
2.058382 267.182492 
2.040390 270.981062 
2.022077 276.678916 
2.003443 265.283208 
1.984493 270.981062 
1.965229 261.484638 
1.945657 261.484638 
1.925776 257.686069 
1.905588 250.088930 
1.885002 259.585354 
1.864217 257.686069 
1.843137 259.585354 
1.821768 251.988215 
1.800109 255.786784 
1.778164 251.988215 
1.755940 246.290361 
1.733439 244.391076 
1.710667 246.290361 
1.687622 240.592507 
1.664310 248.189646 
1.640736 234.894653 
1.616900 242.491792 
1.592811 232.995368 
1.568471 236.793938 
1.543885 246.290361 
1.519056 229.196799 
1.493982 225.398230 
1.468674 231.096084 
1.443137 225.398230 
1.417369 234.894653 
1.391378 221.599660 
1.365167 223.498945 
1.338740 217.801091 
1.312102 204.506098 
1.285257 217.801091 
1.258211 202.606814 
1.230958 204.506098 
1.203517 204.506098 
1.175888 202.606814 
1.148071 193.110390 
1.120073 189.311821 
1.091900 153.225412 
1.063555 181.714682 
1.035037 179.815398 
1.006357 170.318974 
0.977519 160.822551 
0.948527 166.520405 
0.919387 157.023982 
0.890100 151.326128 
0.860672 155.124697 
0.831111 157.023982 
0.801418 149.426843 
0.771600 147.527558 
0.741653 143.728989 
0.711592 143.728989 
0.681419 143.728989 
0.651138 138.031135 
0.620755 136.131851 
0.590276 145.628274 
0.559704 130.433997 
0.529041 132.333281 
0.498294 126.635427 
0.467469 120.937573 
0.436573 119.038289 
0.405605 115.239719 
0.374572 115.239719 
0.343481 107.642581 
0.312335 100.045442 
0.281143 107.642581 
0.249901 98.146157 
0.218625 103.844011 
0.187312 100.045442 
0.155969 84.851165 
0.124604 88.649734 
0.093217 75.354741 
0.061812 84.851165 
0.030400 69.656887 
-0.001013 71.556172 
-0.032427 67.757603 
-0.063841 60.160464 
-0.095242 52.563325 
-0.126625 48.764756 
-0.157991 37.369048 
-0.189336 20.275486 
-0.220647 18.376201 
-0.251921 -2.515930 
-0.283157 -4.415215 
-0.314349 -8.213784 
-0.345492 -13.911638 
-0.376579 -12.012353 
-0.407604 -25.307346 
-0.438565 -21.508777 
-0.469457 -29.105915 
-0.500274 -21.508777 
-0.531012 -29.105915 
-0.561667 -31.005200 
-0.592236 -31.005200 
-0.622715 -44.300193 
-0.653092 -36.703054 
-0.683366 -36.703054 
-0.713529 -46.199477 
-0.743579 -44.300193 
-0.773518 -46.199477 
-0.803332 -40.501623 
-0.833016 -48.098762 
-0.862571 -51.897331 
-0.891987 -59.494470 
-0.921266 -61.393755 
-0.950399 -59.494470 
-0.979381 -65.192324 
-1.008206 -70.890178 
-1.036875 -78.487316 
-1.065380 -74.688747 
-1.093720 -68.990893 
-1.121881 -82.285886 
-1.149868 -89.883024 
-1.177674 -91.782309 
-1.205293 -91.782309 
-1.232719 -91.782309 
-1.259954 -97.480163 
-1.286989 -95.580878 
-1.313818 -105.077302 
-1.340446 -114.573725 
-1.366859 -110.775156 
-1.393056 -120.271579 
-1.419033 -112.674440 
-1.444783 -131.667287 
-1.470308 -127.868718 
-1.495601 -124.070148 
-1.520657 -139.264426 
-1.545474 -131.667287 
-1.570046 -146.861564 
-1.594370 -143.062995 
-1.618443 -135.465856 
-1.642257 -143.062995 
-1.665813 -154.458703 
-1.689105 -139.264426 
-1.712130 -154.458703 
-1.734888 -144.962280 
-1.757369 -156.357988 
-1.779577 -163.955126 
-1.801502 -167.753696 
-1.823140 -167.753696 
-1.844490 -167.753696 
-1.865549 -179.149404 
-1.886314 -163.955126 
-1.906781 -173.451550 
-1.926946 -173.451550 
-1.946808 -182.947973 
-1.966362 -182.947973 
-1.985611 -186.746542 
-2.004543 -200.041535 
-2.023156 -184.847258 
-2.041450 -217.135097 
-2.059424 -203.840104 
-2.077072 -205.739389 
-2.094392 -196.242966 
-2.111380 -211.437243 
-2.128034 -203.840104 
-2.144354 -207.638674 
-2.160335 -224.732236 
-2.175974 -211.437243 
-2.191270 -211.437243 
-2.206219 -224.732236 
-2.220821 -211.437243 
-2.235073 -222.832951 
-2.248971 -219.034382 
-2.262514 -213.336528 
-2.275700 -236.127944 
-2.288528 -228.530805 
-2.300992 -234.228659 
-2.313092 -234.228659 
-2.324829 -234.228659 
-2.336198 -228.530805 
-2.347197 -245.624367 
-2.357827 -239.926513 
-2.368087 -245.624367 
-2.377970 -249.422936 
-2.387477 -234.228659 
-2.396608 -247.523652 
-2.405360 -239.926513 
-2.413732 -249.422936 
-2.421722 -249.422936 
-2.429330 -251.322221 
-2.436555 -245.624367 
-2.443396 -241.825798 
-2.449850 -260.818644 
-2.455919 -249.422936 
-2.461599 -258.919360 
-2.466889 -253.221506 
-2.471791 -245.624367 
-2.476302 -266.516498 
-2.480422 -253.221506 
-2.484150 -257.020075 
-2.487485 -247.523652 
-2.490429 -258.919360 
-2.492978 -260.818644 
-2.495135 -260.818644 
-2.496897 -258.919360 
-2.498264 -270.315068 
-2.499237 -268.415783 
-2.499816 -258.919360 
-2.500000 -270.315068 
-2.499789 -262.717929 
-2.499183 -277.912206 
-2.498183 -268.415783 
-2.496788 -291.207199 
-2.494999 -270.315068 
-2.492816 -272.214352 
-2.490239 -272.214352 
-2.487269 -270.315068 
-2.483905 -272.214352 
-2.480150 -272.214352 
-2.476003 -279.811491 
-2.471465 -274.113637 
-2.466537 -276.012922 
-2.461219 -281.710775 
-2.455513 -279.811491 
-2.449419 -291.207199 
-2.442938 -289.307914 
-2.436071 -296.905053 
-2.428821 -289.307914 
-2.421186 -295.005768 
-2.413168 -295.005768 
-2.404769 -298.804337 
-2.395991 -300.703622 
-2.386834 -298.804337 
-2.377302 -306.401476 
-2.367393 -293.106483 
-2.357110 -302.602907 
-2.346456 -295.005768 
-2.335431 -293.106483 
-2.324037 -293.106483 
-2.312275 -287.408629 
-2.300151 -295.005768 
-2.287662 -289.307914 
-2.274812 -287.408629 
-2.261602 -285.509345 
-2.248036 -291.207199 
-2.234114 -289.307914 
-2.219838 -296.905053 
-2.205212 -289.307914 
-2.190241 -295.005768 
-2.174923 -291.207199 
-2.159261 -283.610060 
-2.143257 -281.710775 
-2.126916 -291.207199 
-2.110239 -285.509345 
-2.093225 -277.912206 
-2.075884 -281.710775 
-2.058216 -285.509345 
-2.040220 -270.315068 
-2.021903 -276.012922 
-2.003268 -276.012922 
-1.984315 -266.516498 
-1.965048 -270.315068 
-1.945473 -260.818644 
-1.925587 -253.221506 
-1.905401 -257.020075 
-1.884914 -245.624367 
-1.864125 -243.725082 
-1.843044 -243.725082 
-1.821671 -243.725082 
-1.800011 -243.725082 
-1.778069 -239.926513 
-1.755844 -238.027228 
-1.733342 -238.027228 
-1.710568 -241.825798 
-1.687522 -239.926513 
-1.664212 -243.725082 
-1.640634 -241.825798 
-1.616802 -230.430090 
-1.592712 -241.825798 
-1.568371 -230.430090 
-1.543779 -228.530805 
-1.518949 -228.530805 
-1.493876 -219.034382 
-1.468570 -219.034382 
-1.443032 -217.135097 
-1.417266 -220.933666 
-1.391271 -215.235812 
-1.365059 -219.034382 
-1.338629 -205.739389 
-1.311990 -207.638674 
-1.285146 -207.638674 
-1.258100 -211.437243 
-1.230855 -200.041535 
-1.203416 -198.142250 
-1.175627 -196.242966 
-1.147811 -182.947973 
-1.119813 -192.444396 
-1.091634 -188.645827 
-1.063287 -184.847258 
-1.034767 -186.746542 
-1.006086 -179.149404 
-0.977246 -175.350834 
-0.948252 -167.753696 
-0.919109 -163.955126 
-0.889823 -169.652980 
-0.860396 -163.955126 
-0.830828 -163.955126 
-0.801132 -160.156557 
-0.771309 -158.257272 
-0.741367 -152.559418 
-0.711305 -150.660134 
-0.681134 -152.559418 
-0.650852 -150.660134 
-0.620471 -139.264426 
-0.589991 -148.760849 
-0.559416 -148.760849 
-0.528752 -131.667287 
-0.498004 -144.962280 
-0.467181 -139.264426 
-0.436281 -137.365141 
-0.405315 -131.667287 
-0.374279 -131.667287 
-0.343187 -129.768002 
-0.312041 -129.768002 
-0.280846 -122.170864 
-0.249606 -114.573725 
-0.218330 -120.271579 
-0.187016 -112.674440 
-0.155673 -108.875871 
-0.124305 -103.178017 
-0.092924 -103.178017 
-0.061525 -95.580878 
-0.030117 -91.782309 
0.001303 -93.681594 
0.032716 -86.084455 
0.064124 -82.285886 
0.095526 -76.588032 
0.126912 -61.393755 
0.158278 -65.192324 
0.189615 -48.098762 
0.220923 -44.300193 
0.252196 -36.703054 
0.283429 1.282639 
0.314624 22.174771 
0.345763 20.275486 
0.376850 33.570479 
0.407874 33.570479 
0.438835 35.469763 
0.469729 33.570479 
0.500555 37.369048 
0.531296 37.369048 
0.561950 46.865471 
0.592518 39.268333 
0.622989 48.764756 
0.653365 58.261179 
0.683635 44.966187 
0.713800 54.462610 
0.743850 58.261179 
0.773785 60.160464 
0.803597 60.160464 
0.833280 63.959033 
0.862831 65.858318 
0.892246 69.656887 
0.921520 79.153311 
0.950649 75.354741 
0.979630 75.354741 
1.008457 90.549019 
1.037124 79.153311 
1.065625 92.448303 
1.093958 101.944727 
1.122123 92.448303 
1.150106 98.146157 
1.177909 109.541865 
1.205524 100.045442 
1.232952 113.340435 
1.260185 109.541865 
1.287215 92.448303 
1.314046 122.836858 
1.340669 120.937573 
1.367080 130.433997 
1.393275 122.836858 
1.419248 134.232566 
1.444999 134.232566 
1.470519 141.829705 
1.495810 145.628274 
1.520864 147.527558 
1.545676 145.628274 
1.570246 151.326128 
1.594569 153.225412 
1.618637 151.326128 
1.642452 166.520405 
1.666005 168.419690 
1.689297 170.318974 
1.712323 170.318974 
1.735078 181.714682 
1.757559 174.117544 
1.779760 187.412536 
1.801680 181.714682 
1.823318 183.613967 
1.844669 189.311821 
1.865727 200.707529 
1.886491 198.808244 
1.906960 198.808244 
1.927125 204.506098 
1.946983 206.405383 
1.966535 212.103237 
1.985777 214.002522 
2.004705 214.002522 
2.023319 217.801091 
2.041612 221.599660 
2.059584 231.096084 
2.077228 219.700376 
2.094545 234.894653 
2.111531 229.196799 
2.128188 229.196799 
2.144503 240.592507 
2.160481 234.894653 
2.176118 229.196799 
2.191411 242.491792 
2.206357 231.096084 
2.220957 240.592507 
2.235204 246.290361 
2.249100 248.189646 
2.262639 250.088930 
2.275821 251.988215 
2.288645 242.491792 
2.301106 246.290361 
2.313203 251.988215 
2.324938 259.585354 
2.336304 259.585354 
2.347300 248.189646 
2.357925 257.686069 
2.368179 251.988215 
2.378059 250.088930 
2.387563 251.988215 
2.396692 257.686069 
2.405440 259.585354 
2.413808 261.484638 
2.421796 251.988215 
2.429401 265.283208 
2.436623 261.484638 
2.443459 265.283208 
2.449910 261.484638 
2.455974 255.786784 
2.461650 265.283208 
2.466937 259.585354 
2.471835 270.981062 
2.476342 265.283208 
2.480459 263.383923 
2.484183 274.779631 
2.487515 261.484638 
2.490455 242.491792 
2.493001 270.981062 
2.495153 289.973908 
2.496911 272.880346 
2.498275 274.779631 
2.499245 276.678916 
2.499820 280.477485 
2.500000 280.477485 
2.499785 280.477485 
2.499175 288.074624 
2.498171 272.880346 
2.496773 286.175339 
2.494980 282.376770 
2.492793 274.779631 
2.490213 278.578200 
2.487239 293.772478 
2.483872 251.988215 
2.480113 299.470332 
2.475963 286.175339 
2.471422 282.376770 
2.466490 286.175339 
2.461169 299.470332 
2.455459 282.376770 
2.449362 291.873193 
2.442877 278.578200 
2.436007 286.175339 
2.428752 288.074624 
2.421114 288.074624 
2.413092 288.074624 
2.404691 293.772478 
2.395909 289.973908 
2.386750 286.175339 
2.377213 286.175339 
2.367302 286.175339 
2.357015 301.369616 
2.346357 299.470332 
2.335326 291.873193 
2.323927 286.175339 
2.312162 291.873193 
2.300026 295.671762 
2.287510 291.873193 
2.274656 286.175339 
2.261441 291.873193 
2.247870 282.376770 
2.233944 289.973908 
2.219663 286.175339 
2.205035 276.678916 
2.190056 280.477485 
2.174732 289.973908 
2.159065 278.578200 
2.143056 276.678916 
2.126709 265.283208 
2.110024 269.081777 
2.093008 280.477485 
2.075663 265.283208 
2.057989 265.283208 
2.039991 263.383923 
2.021668 270.981062 
2.003029 261.484638 
1.984073 263.383923 
1.964805 265.283208 
1.945226 257.686069 
1.925340 265.283208 
1.905150 255.786784 
1.884655 257.686069 
1.863867 253.887500 
1.842784 251.988215 
1.821409 250.088930 
1.799745 248.189646 
1.777800 259.585354 
1.755574 240.592507 
1.733068 246.290361 
1.710289 246.290361 
1.687251 242.491792 
1.663936 248.189646 
1.640357 250.088930 
1.616519 240.592507 
1.592427 234.894653 
1.568085 240.592507 
1.543495 234.894653 
1.518662 234.894653 
1.493587 234.894653 
1.468275 221.599660 
1.442732 231.096084 
1.416964 221.599660 
1.390969 223.498945 
1.364754 208.304668 
1.338321 214.002522 
1.311680 206.405383 
1.284831 208.304668 
1.257783 206.405383 
1.230533 196.908960 
1.203088 189.311821 
1.175456 198.808244 
1.147636 191.211106 
1.119635 183.613967 
1.091457 191.211106 
1.063107 170.318974 
1.034591 179.815398 
1.005912 191.211106 
0.977072 174.117544 
0.948077 166.520405 
0.918932 160.822551 
0.889639 164.621120 
0.860212 155.124697 
0.830646 157.023982 
0.800949 168.419690 
0.771125 151.326128 
0.741180 149.426843 
0.711120 141.829705 
0.680945 143.728989 
0.650666 138.031135 
0.620284 132.333281 
0.589791 138.031135 
0.559215 124.736143 
0.528557 128.534712 
0.497809 126.635427 
0.466963 120.937573 
0.436062 109.541865 
0.405096 120.937573 
0.374063 103.844011 
0.342971 109.541865 
0.311840 109.541865 
0.280648 90.549019 
0.249414 94.347588 
0.218131 100.045442 
0.186820 94.347588 
0.155474 81.052595 
0.124106 84.851165 
0.092705 48.764756 
0.061303 77.254026 
0.029891 65.858318 
-0.001525 77.254026 
-0.032942 67.757603 
-0.064353 46.865471 
-0.095754 46.865471 
-0.127140 31.671194 
-0.158502 31.671194 
-0.189840 24.074055 
-0.221148 18.376201 
-0.252423 8.879778 
-0.283656 -8.213784 
-0.314844 -6.314499 
-0.345986 -6.314499 
-0.377076 -12.012353 
-0.408103 -21.508777 
-0.439066 -17.710207 
-0.469963 -17.710207 
-0.500782 -29.105915 
-0.531522 -29.105915 
-0.562178 -15.810923 
-0.592743 -29.105915 
-0.623217 -34.803769 
-0.653592 -29.105915 
-0.683864 -36.703054 
-0.714026 -44.300193 
-0.744077 -46.199477 
-0.774011 -44.300193 
-0.803820 -46.199477 
-0.833505 -55.695901 
-0.863055 -46.199477 
-0.892469 -59.494470 
-0.921748 -59.494470 
-0.950878 -57.595185 
-0.979858 -68.990893 
-1.008681 -61.393755 
-1.037347 -68.990893 
-1.065846 -76.588032 
-1.094178 -86.084455 
-1.122339 -84.185170 
-1.150326 -87.983740 
-1.178128 -84.185170 
-1.205744 -89.883024 
-1.233170 -97.480163 
-1.260401 -89.883024 
-1.287436 -106.976586 
-1.314265 -103.178017 
-1.340886 -108.875871 
-1.367296 -116.473010 
-1.393486 -112.674440 
-1.419460 -118.372294 
-1.445209 -125.969433 
-1.470730 -120.271579 
-1.496016 -129.768002 
-1.521069 -125.969433 
-1.545879 -137.365141 
-1.570444 -148.760849 
-1.594765 -144.962280 
-1.618860 -144.962280 
-1.642672 -150.660134 
-1.666226 -143.062995 
-1.689515 -144.962280 
-1.712536 -165.854411 
-1.735286 -152.559418 
-1.800504 -160.156557 
-1.822153 -165.854411 
-1.844688 -165.854411 
-1.865879 -160.156557 
-1.887311 -171.552265 
-1.907767 -175.350834 
-1.927922 -179.149404 
-1.947771 -181.048688 
-1.967310 -175.350834 
-1.986538 -184.847258 
-2.005476 -192.444396 
-2.025483 -182.947973 
-2.043738 -198.142250 
-2.061671 -203.840104 
-2.079279 -190.545112 
-2.096556 -211.437243 
-2.113502 -203.840104 
-2.130115 -201.940820 
-2.146393 -220.933666 
-2.162331 -207.638674 
-2.177928 -209.537958 
-2.193182 -226.631520 
-2.208087 -207.638674 
-2.222645 -217.135097 
-2.236850 -228.530805 
-2.250704 -217.135097 
-2.264202 -230.430090 
-2.277343 -232.329374 
-2.290124 -219.034382 
-2.302543 -230.430090 
-2.314598 -226.631520 
-2.326288 -236.127944 
-2.337610 -243.725082 
-2.349155 -234.228659 
-2.359716 -239.926513 
-2.369906 -236.127944 
-2.379720 -226.631520 
-2.389160 -239.926513 
-2.398221 -239.926513 
-2.406904 -245.624367 
-2.415207 -253.221506 
-2.423129 -236.127944 
-2.430669 -251.322221 
-2.437824 -238.027228 
-2.444594 -247.523652 
-2.450979 -249.422936 
-2.456976 -245.624367 
-2.462585 -253.221506 
-2.467806 -243.725082 
-2.472637 -257.020075 
-2.477077 -245.624367 
-2.481125 -253.221506 
-2.484783 -249.422936 
-2.488048 -255.120790 
-2.490920 -260.818644 
-2.493398 -258.919360 
-2.495483 -255.120790 
-2.497173 -255.120790 
-2.498470 -260.818644 
-2.499371 -258.919360 
-2.499879 -257.020075 
-2.499991 -264.617214 
-2.499708 -274.113637 
-2.499031 -270.315068 
-2.497959 -260.818644 
-2.496493 -266.516498 
-2.494632 -270.315068 
-2.492378 -276.012922 
-2.489730 -266.516498 
-2.486688 -268.415783 
-2.483254 -276.012922 
-2.479428 -266.516498 
-2.475210 -276.012922 
-2.470601 -268.415783 
-2.465602 -270.315068 
-2.460215 -268.415783 
-2.454439 -276.012922 
-2.447795 -276.012922 
-2.440742 -264.617214 
-2.433750 -274.113637 
-2.426374 -279.811491 
-2.418615 -285.509345 
-2.410472 -272.214352 
-2.401950 -287.408629 
-2.393049 -281.710775 
-2.383770 -281.710775 
-2.374114 -287.408629 
-2.364083 -287.408629 
-2.353680 -287.408629 
-2.342905 -289.307914 
-2.331759 -296.905053 
-2.320246 -293.106483 
-2.308364 -306.401476 
-2.296118 -291.207199 
-2.283512 -285.509345 
-2.270131 -283.610060 
-2.256792 -277.912206 
-2.243098 -277.912206 
-2.229050 -279.811491 
-2.214649 -285.509345 
-2.199899 -289.307914 
-2.184802 -281.710775 
-2.169359 -291.207199 
-2.153575 -289.307914 
-2.137451 -285.509345 
-2.120988 -281.710775 
-2.104190 -285.509345 
-2.087061 -283.610060 
-2.069601 -277.912206 
-2.051816 -279.811491 
-2.033705 -276.012922 
-2.015274 -276.012922 
-1.996526 -270.315068 
-1.977458 -270.315068 
-1.958085 -272.214352 
-1.938397 -264.617214 
-1.918404 -258.919360 
-1.898108 -260.818644 
-1.877512 -251.322221 
-1.856620 -245.624367 
-1.835438 -247.523652 
-1.813967 -241.825798 
-1.792205 -245.624367 
-1.770158 -234.228659 
-1.747847 -236.127944 
-1.725247 -238.027228 
-1.702374 -228.530805 
-1.679233 -234.228659 
-1.655826 -238.027228 
-1.632157 -238.027228 
-1.608231 -238.027228 
-1.584051 -241.825798 
-1.559621 -238.027228 
-1.534944 -251.322221 
-1.510030 -230.430090 
-1.484873 -230.430090 
-1.459481 -230.430090 
-1.433861 -220.933666 
-1.408013 -226.631520 
-1.381944 -226.631520 
-1.355657 -215.235812 
-1.329154 -205.739389 
-1.302438 -215.235812 
-1.275519 -201.940820 
-1.248401 -205.739389 
-1.221083 -196.242966 
-1.193576 -196.242966 
-1.165880 -196.242966 
-1.137996 -188.645827 
-1.109937 -186.746542 
-1.081696 -186.746542 
-1.053290 -181.048688 
-1.024714 -173.451550 
-0.995980 -173.451550 
-0.967086 -165.854411 
-0.938042 -167.753696 
-0.908847 -167.753696 
-0.879508 -158.257272 
-0.850033 -163.955126 
-0.820421 -163.955126 
-0.790683 -150.660134 
-0.760820 -158.257272 
-0.730833 -133.566572 
-0.700732 -143.062995 
-0.670516 -135.465856 
-0.640173 -135.465856 
-0.609753 -135.465856 
-0.579240 -127.868718 
-0.548633 -127.868718 
-0.517936 -131.667287 
-0.487160 -116.473010 
-0.456307 -118.372294 
-0.425386 -116.473010 
-0.394391 -108.875871 
-0.363333 -120.271579 
-0.332225 -105.077302 
-0.301064 -120.271579 
-0.269855 -105.077302 
-0.238604 -105.077302 
-0.207312 -105.077302 
-0.175988 -95.580878 
-0.144639 -105.077302 
-0.113263 -95.580878 
-0.081870 -89.883024 
-0.050467 -89.883024 
-0.019050 -89.883024 
0.014538 -82.285886 
0.000000 0.000000 
