0.000007 -63.293039 
0.070687 -57.595185 
0.141310 -51.897331 
0.211820 -40.501623 
0.282154 -36.703054 
0.352262 -21.508777 
0.422095 -10.113069 
0.491584 -4.415215 
0.560680 -4.415215 
0.629335 8.879778 
0.697487 25.973340 
0.765075 46.865471 
0.832050 46.865471 
0.898361 75.354741 
0.963954 60.160464 
1.028783 69.656887 
1.092783 63.959033 
1.155915 82.951880 
1.218118 75.354741 
1.279353 77.254026 
1.339559 100.045442 
1.398700 96.246873 
1.456718 98.146157 
1.513571 107.642581 
1.569214 109.541865 
1.623603 115.239719 
1.676694 126.635427 
1.728450 130.433997 
1.778820 138.031135 
1.827767 143.728989 
1.875263 141.829705 
1.921251 145.628274 
1.965703 160.822551 
2.008588 158.923266 
2.049867 160.822551 
2.089519 174.117544 
2.127489 179.815398 
2.163757 177.916113 
2.198293 177.916113 
2.231074 195.009675 
2.262069 200.707529 
2.291256 193.110390 
2.318614 210.203952 
2.344116 208.304668 
2.367744 227.297514 
2.389479 229.196799 
2.409307 215.901806 
2.427207 234.894653 
2.443169 236.793938 
2.457179 234.894653 
2.469223 244.391076 
2.479291 242.491792 
2.487378 244.391076 
2.493477 244.391076 
2.497583 234.894653 
2.499692 244.391076 
2.499802 242.491792 
2.497915 255.786784 
2.494031 251.988215 
2.488153 255.786784 
2.480287 261.484638 
2.470437 255.786784 
2.458612 259.585354 
2.444821 265.283208 
2.429078 263.383923 
2.411391 265.283208 
2.391779 259.585354 
2.370252 269.081777 
2.346833 259.585354 
2.321536 270.981062 
2.294385 261.484638 
2.265398 269.081777 
2.234599 265.283208 
2.202014 265.283208 
2.167672 261.484638 
2.131594 267.182492 
2.093816 282.376770 
2.054364 265.283208 
2.013270 263.383923 
1.970567 267.182492 
1.926284 267.182492 
1.880461 265.283208 
1.833140 263.383923 
1.784348 267.182492 
1.734130 261.484638 
1.682531 261.484638 
1.629588 250.088930 
1.575336 251.988215 
1.519830 255.786784 
1.463109 244.391076 
1.405214 250.088930 
1.346188 246.290361 
1.286092 251.988215 
1.224975 234.894653 
1.162878 232.995368 
1.099852 231.096084 
1.035947 221.599660 
0.971214 227.297514 
0.905704 215.901806 
0.839471 215.901806 
0.772560 200.707529 
0.705031 200.707529 
0.636945 191.211106 
0.568351 191.211106 
0.499295 185.513252 
0.429839 179.815398 
0.360041 179.815398 
0.289947 170.318974 
0.219635 168.419690 
0.149149 158.923266 
0.078543 157.023982 
0.007874 160.822551 
-0.062809 153.225412 
-0.133434 139.930420 
-0.203952 96.246873 
-0.274307 122.836858 
-0.344450 111.441150 
-0.414311 98.146157 
-0.483848 73.455457 
-0.552997 8.879778 
-0.621698 -17.710207 
-0.689909 -25.307346 
-0.757561 -44.300193 
-0.824608 -82.285886 
-0.890995 -59.494470 
-0.956678 -46.199477 
-1.021588 -63.293039 
-1.085682 -67.091609 
-1.148909 -65.192324 
-1.211211 -68.990893 
-1.272551 -80.386601 
-1.332874 -89.883024 
-1.392131 -101.278732 
-1.450282 -97.480163 
-1.507273 -112.674440 
-1.563060 -120.271579 
-1.617596 -122.170864 
-1.670840 -127.868718 
-1.722737 -124.070148 
-1.773268 -141.163710 
-1.822381 -139.264426 
-1.870038 -146.861564 
-1.916199 -152.559418 
-1.960824 -167.753696 
-2.003881 -162.055842 
-2.045345 -173.451550 
-2.085166 -181.048688 
-2.123320 -175.350834 
-2.159784 -179.149404 
-2.194515 -188.645827 
-2.227491 -194.343681 
-2.258690 -203.840104 
-2.288083 -201.940820 
-2.315647 -215.235812 
-2.341362 -219.034382 
-2.365203 -222.832951 
-2.387152 -230.430090 
-2.407192 -234.228659 
-2.425307 -238.027228 
-2.441486 -243.725082 
-2.455712 -239.926513 
-2.467975 -243.725082 
-2.478265 -245.624367 
-2.486574 -243.725082 
-2.492895 -257.020075 
-2.497223 -253.221506 
-2.499555 -253.221506 
-2.499889 -258.919360 
-2.498225 -255.120790 
-2.494564 -260.818644 
-2.488908 -264.617214 
-2.481263 -264.617214 
-2.471635 -272.214352 
-2.460032 -281.710775 
-2.446463 -276.012922 
-2.430936 -279.811491 
-2.413466 -283.610060 
-2.394067 -279.811491 
-2.372753 -276.012922 
-2.349545 -279.811491 
-2.324459 -285.509345 
-2.297515 -276.012922 
-2.268735 -281.710775 
-2.238141 -281.710775 
-2.205759 -270.315068 
-2.171609 -268.415783 
-2.135728 -262.717929 
-2.098139 -270.315068 
-2.058874 -270.315068 
-2.017958 -270.315068 
-1.975434 -264.617214 
-1.931326 -257.020075 
-1.885678 -262.717929 
-1.838519 -257.020075 
-1.789895 -247.523652 
-1.739840 -253.221506 
-1.688395 -241.825798 
-1.635600 -239.926513 
-1.581498 -243.725082 
-1.526126 -239.926513 
-1.469534 -239.926513 
-1.411761 -241.825798 
-1.352871 -222.832951 
-1.292900 -222.832951 
-1.231890 -238.027228 
-1.169900 -224.732236 
-1.106963 -207.638674 
-1.043141 -198.142250 
-0.978498 -211.437243 
-0.913066 -203.840104 
-0.846904 -190.545112 
-0.780065 -192.444396 
-0.712609 -190.545112 
-0.644577 -182.947973 
-0.576037 -175.350834 
-0.507036 -173.451550 
-0.437622 -165.854411 
-0.367866 -165.854411 
-0.297816 -154.458703 
-0.227528 -148.760849 
-0.157051 -146.861564 
-0.086456 -144.962280 
-0.015784 -135.465856 
0.054894 -127.868718 
0.125527 -116.473010 
0.196060 -105.077302 
0.266436 -95.580878 
0.336607 -95.580878 
0.406508 -70.890178 
0.476085 -31.005200 
0.545280 22.174771 
0.614040 18.376201 
0.682309 33.570479 
0.750026 46.865471 
0.817150 52.563325 
0.883621 46.865471 
0.949378 56.361895 
1.014377 58.261179 
1.078571 60.160464 
1.141904 60.160464 
1.204323 77.254026 
1.265773 90.549019 
1.326218 84.851165 
1.385596 88.649734 
1.443867 94.347588 
1.500996 103.844011 
1.556918 100.045442 
1.611596 113.340435 
1.664980 124.736143 
1.717044 124.736143 
1.767730 126.635427 
1.816997 134.232566 
1.864812 149.426843 
1.911142 155.124697 
1.955939 157.023982 
1.999172 160.822551 
2.040812 166.520405 
2.080816 174.117544 
2.119165 174.117544 
2.155815 176.016828 
2.190743 189.311821 
2.223918 196.908960 
2.255316 193.110390 
2.284911 204.506098 
2.312676 208.304668 
2.338593 214.002522 
2.362643 219.700376 
2.384802 221.599660 
2.405054 219.700376 
2.423385 234.894653 
2.439780 231.096084 
2.454223 234.894653 
2.466706 246.290361 
2.477215 242.491792 
2.485745 238.693222 
2.492289 246.290361 
2.496839 236.793938 
2.499394 244.391076 
2.499951 248.189646 
2.498509 259.585354 
2.495071 248.189646 
2.489637 261.484638 
2.482213 261.484638 
2.472804 250.088930 
2.461419 265.283208 
2.448067 255.786784 
2.432757 259.585354 
2.415504 257.686069 
2.396320 259.585354 
2.375219 261.484638 
2.352224 253.887500 
2.327343 259.585354 
2.300602 259.585354 
2.272025 272.880346 
2.241629 267.182492 
2.209444 255.786784 
2.175489 269.081777 
2.139799 274.779631 
2.102398 272.880346 
2.063317 267.182492 
2.022587 263.383923 
1.980236 259.585354 
1.936302 265.283208 
1.890824 259.585354 
1.843836 265.283208 
1.795373 263.383923 
1.745475 257.686069 
1.694183 255.786784 
1.641536 250.088930 
1.587577 255.786784 
1.532349 242.491792 
1.475890 242.491792 
1.418258 251.988215 
1.359492 242.491792 
1.299633 246.290361 
1.238741 236.793938 
1.176859 229.196799 
1.114031 227.297514 
1.050318 225.398230 
0.985765 221.599660 
0.920425 212.103237 
0.854342 210.203952 
0.787562 210.203952 
0.720174 200.707529 
0.652209 185.513252 
0.583717 198.808244 
0.514765 189.311821 
0.445394 181.714682 
0.375674 176.016828 
0.305654 176.016828 
0.235390 166.520405 
0.164930 168.419690 
0.094346 162.721836 
0.023679 166.520405 
-0.047000 143.728989 
-0.117641 138.031135 
-0.188195 134.232566 
-0.258592 124.736143 
-0.328789 120.937573 
-0.398723 101.944727 
-0.468338 81.052595 
-0.537579 18.376201 
-0.606384 -8.213784 
-0.674710 -23.408061 
-0.742490 -40.501623 
-0.809684 -40.501623 
-0.876224 -63.293039 
-0.942063 -59.494470 
-1.007149 -59.494470 
-1.071437 -63.293039 
-1.134861 -68.990893 
-1.197385 -72.789462 
-1.258952 -89.883024 
-1.319506 -84.185170 
-1.379006 -99.379448 
-1.437409 -91.782309 
-1.494657 -108.875871 
-1.550716 -120.271579 
-1.605541 -116.473010 
-1.659071 -114.573725 
-1.711254 -127.868718 
-1.762091 -133.566572 
-1.811520 -133.566572 
-1.859501 -150.660134 
-1.906000 -150.660134 
-1.950970 -162.055842 
-1.994386 -160.156557 
-2.036203 -173.451550 
-2.076413 -173.451550 
-2.114942 -179.149404 
-2.151781 -184.847258 
-2.186903 -184.847258 
-2.220274 -188.645827 
-2.251873 -200.041535 
-2.281672 -201.940820 
-2.309644 -215.235812 
-2.335772 -219.034382 
-2.360031 -222.832951 
-2.382405 -222.832951 
-2.402875 -238.027228 
-2.421422 -239.926513 
-2.438034 -239.926513 
-2.452698 -243.725082 
-2.465402 -243.725082 
-2.476135 -241.825798 
-2.484887 -251.322221 
-2.491653 -241.825798 
-2.496428 -258.919360 
-2.499207 -247.523652 
-2.499988 -258.919360 
-2.498771 -257.020075 
-2.495556 -260.818644 
-2.490346 -266.516498 
-2.483147 -272.214352 
-2.473961 -277.912206 
-2.462797 -279.811491 
-2.449666 -281.710775 
-2.434577 -281.710775 
-2.417542 -279.811491 
-2.398575 -277.912206 
-2.377686 -281.710775 
-2.354898 -279.811491 
-2.330228 -283.610060 
-2.303695 -279.811491 
-2.275320 -272.214352 
-2.245126 -281.710775 
-2.213137 -272.214352 
-2.179379 -272.214352 
-2.143807 -262.717929 
-2.106590 -274.113637 
-2.067692 -260.818644 
-2.027137 -270.315068 
-1.984962 -260.818644 
-1.941200 -260.818644 
-1.895890 -258.919360 
-1.849065 -258.919360 
-1.800763 -260.818644 
-1.751021 -251.322221 
-1.699874 -245.624367 
-1.647368 -247.523652 
-1.593550 -239.926513 
-1.538459 -241.825798 
-1.482133 -234.228659 
-1.424627 -230.430090 
-1.365983 -232.329374 
-1.306247 -226.631520 
-1.245461 -224.732236 
-1.183685 -217.135097 
-1.120950 -215.235812 
-1.057332 -201.940820 
-0.992529 -201.940820 
-0.927262 -198.142250 
-0.861260 -198.142250 
-0.794563 -192.444396 
-0.727237 -190.545112 
-0.659331 -182.947973 
-0.590897 -175.350834 
-0.521991 -175.350834 
-0.452660 -177.250119 
-0.382968 -158.257272 
-0.312955 -165.854411 
-0.242707 -148.760849 
-0.172271 -154.458703 
-0.101691 -146.861564 
-0.031036 -135.465856 
0.039650 -133.566572 
0.110305 -122.170864 
0.180865 -114.573725 
0.251279 -110.775156 
0.321493 -91.782309 
0.391450 -91.782309 
0.461095 -68.990893 
0.530377 -31.005200 
0.599236 22.174771 
0.667609 20.275486 
0.735455 48.764756 
0.802713 62.059749 
0.869322 52.563325 
0.935243 54.462610 
1.000410 62.059749 
1.064778 54.462610 
1.128294 65.858318 
1.190915 75.354741 
1.252577 75.354741 
1.313239 84.851165 
1.372856 101.944727 
1.431371 88.649734 
1.488741 107.642581 
1.544949 98.146157 
1.599905 124.736143 
1.653571 122.836858 
1.705915 124.736143 
1.756895 132.333281 
1.806477 141.829705 
1.854609 138.031135 
1.901268 153.225412 
1.946402 155.124697 
1.989981 158.923266 
2.031964 168.419690 
2.072323 158.923266 
2.111025 172.218259 
2.148059 174.117544 
2.183357 176.016828 
2.216912 198.808244 
2.248699 191.211106 
2.278685 198.808244 
2.306848 210.203952 
2.333170 206.405383 
2.357622 221.599660 
2.380192 225.398230 
2.400858 215.901806 
2.419604 232.995368 
2.436415 231.096084 
2.451279 221.599660 
2.464185 248.189646 
2.475120 231.096084 
2.484077 250.088930 
2.491048 232.995368 
2.496029 242.491792 
2.499013 240.592507 
2.500000 236.793938 
2.498988 248.189646 
2.495979 253.887500 
2.490975 255.786784 
2.483980 259.585354 
2.474998 250.088930 
2.464038 265.283208 
2.451106 257.686069 
2.436214 255.786784 
2.419377 263.383923 
2.400607 259.585354 
2.379914 265.283208 
2.357320 257.686069 
2.332841 259.585354 
2.306501 255.786784 
2.278311 267.182492 
2.248296 263.383923 
2.216486 259.585354 
2.182911 263.383923 
2.147591 265.283208 
2.110554 274.779631 
2.071831 274.779631 
2.031451 265.283208 
1.989444 263.383923 
1.945850 267.182492 
1.900697 267.182492 
1.854019 251.988215 
1.805869 267.182492 
1.756270 259.585354 
1.705272 225.398230 
1.652900 255.786784 
1.599213 257.686069 
1.544247 250.088930 
1.488052 248.189646 
1.430661 255.786784 
1.372134 246.290361 
1.312503 246.290361 
1.251823 238.693222 
1.190142 231.096084 
1.127516 232.995368 
1.063989 221.599660 
0.999611 231.096084 
0.934434 214.002522 
0.868511 204.506098 
0.801887 204.506098 
0.734628 198.808244 
0.666782 191.211106 
0.598396 195.009675 
0.529525 193.110390 
0.460237 181.714682 
0.390589 185.513252 
0.320629 170.318974 
0.250405 168.419690 
0.179980 164.621120 
0.109419 158.923266 
0.038757 164.621120 
-0.031937 151.326128 
-0.102606 143.728989 
-0.173177 128.534712 
-0.243618 128.534712 
-0.313864 107.642581 
-0.383851 94.347588 
-0.453539 79.153311 
-0.522872 12.678347 
-0.591779 -17.710207 
-0.660207 -17.710207 
-0.728106 -42.400908 
-0.795424 -51.897331 
-0.862133 -61.393755 
-0.928132 -61.393755 
-0.993383 -67.091609 
-1.057846 -67.091609 
-1.121464 -74.688747 
-1.184178 -80.386601 
-1.245946 -82.285886 
-1.306718 -89.883024 
-1.366452 -89.883024 
-1.425099 -93.681594 
-1.482601 -105.077302 
-1.538918 -106.976586 
-1.594004 -124.070148 
-1.647811 -125.969433 
-1.700300 -127.868718 
-1.751436 -125.969433 
-1.801171 -133.566572 
-1.849462 -139.264426 
-1.896279 -158.257272 
-1.941580 -158.257272 
-1.985328 -162.055842 
-2.027486 -167.753696 
-2.068027 -167.753696 
-2.106914 -177.250119 
-2.144118 -179.149404 
-2.179603 -184.847258 
-2.213347 -190.545112 
-2.245324 -196.242966 
-2.275504 -205.739389 
-2.303864 -205.739389 
-2.330383 -215.235812 
-2.355042 -226.631520 
-2.377819 -226.631520 
-2.398692 -230.430090 
-2.417648 -241.825798 
-2.434671 -243.725082 
-2.449750 -236.127944 
-2.462871 -243.725082 
-2.474021 -241.825798 
-2.483195 -238.027228 
-2.490383 -247.523652 
-2.495581 -258.919360 
-2.498784 -251.322221 
-2.499989 -255.120790 
-2.499196 -253.221506 
-2.496406 -264.617214 
-2.491619 -258.919360 
-2.484841 -270.315068 
-2.476076 -276.012922 
-2.465332 -276.012922 
-2.452618 -279.811491 
-2.437941 -276.012922 
-2.421317 -279.811491 
-2.402757 -274.113637 
-2.382277 -279.811491 
-2.359894 -276.012922 
-2.335624 -285.509345 
-2.309485 -285.509345 
-2.281499 -285.509345 
-2.251690 -274.113637 
-2.220083 -272.214352 
-2.186699 -264.617214 
-2.151500 -264.617214 
-2.114644 -268.415783 
-2.076101 -274.113637 
-2.035896 -272.214352 
-1.994062 -260.818644 
-1.950639 -264.617214 
-1.905670 -258.919360 
-1.859161 -258.919360 
-1.811169 -257.020075 
-1.761725 -251.322221 
-1.710878 -253.221506 
-1.658658 -258.919360 
-1.605112 -245.624367 
-1.550288 -245.624367 
-1.494226 -234.228659 
-1.436969 -234.228659 
-1.378557 -230.430090 
-1.319043 -234.228659 
-1.258475 -224.732236 
-1.196900 -220.933666 
-1.134376 -217.135097 
-1.070938 -207.638674 
-1.006650 -200.041535 
-0.941558 -205.739389 
-0.875713 -200.041535 
-0.809168 -190.545112 
-0.741977 -188.645827 
-0.674192 -182.947973 
-0.605862 -175.350834 
-0.537047 -173.451550 
-0.467810 -165.854411 
-0.398199 -163.955126 
-0.328270 -154.458703 
-0.258071 -158.257272 
-0.187666 -148.760849 
-0.117082 -143.062995 
-0.046440 -133.566572 
0.024238 -129.768002 
0.094898 -122.170864 
0.165481 -122.170864 
0.235932 -106.976586 
0.306195 -89.883024 
0.376213 -91.782309 
0.445930 -68.990893 
0.515298 -25.307346 
0.584254 22.174771 
0.652736 18.376201 
0.720703 37.369048 
0.788100 52.563325 
0.854868 44.966187 
0.920938 58.261179 
0.986273 52.563325 
1.050825 60.160464 
1.114532 60.160464 
1.177353 75.354741 
1.239234 75.354741 
1.300123 88.649734 
1.359974 92.448303 
1.418737 94.347588 
1.476365 94.347588 
1.532814 101.944727 
1.588037 113.340435 
1.641985 119.038289 
1.694626 117.139004 
1.745912 132.333281 
1.795803 139.930420 
1.844253 136.131851 
1.891233 151.326128 
1.936702 149.426843 
1.980622 157.023982 
2.022959 162.721836 
2.063683 168.419690 
2.102756 168.419690 
2.140141 168.419690 
2.175815 185.513252 
2.209753 193.110390 
2.241925 191.211106 
2.272307 195.009675 
2.300870 204.506098 
2.327593 210.203952 
2.352457 215.901806 
2.375437 223.498945 
2.396517 212.103237 
2.415682 221.599660 
2.432918 234.894653 
2.448207 217.801091 
2.461540 246.290361 
2.472905 231.096084 
2.482293 242.491792 
2.489698 240.592507 
2.495112 231.096084 
2.498533 250.088930 
2.499955 242.491792 
2.499379 251.988215 
2.496806 246.290361 
2.492237 250.088930 
2.485675 265.283208 
2.477127 257.686069 
2.466598 259.585354 
2.454098 265.283208 
2.439637 259.585354 
2.423224 263.383923 
2.404872 253.887500 
2.384599 267.182492 
2.362419 251.988215 
2.338354 269.081777 
2.312416 259.585354 
2.284630 265.283208 
2.255021 267.182492 
2.223606 269.081777 
2.190417 265.283208 
2.155473 267.182492 
2.118806 282.376770 
2.080449 276.678916 
2.040430 263.383923 
1.998775 261.484638 
1.955518 270.981062 
1.910701 259.585354 
1.864357 263.383923 
1.816528 267.182492 
1.767241 259.585354 
1.716547 259.585354 
1.664476 257.686069 
1.611074 257.686069 
1.556389 251.988215 
1.500455 251.988215 
1.443321 248.189646 
1.385040 242.491792 
1.325651 244.391076 
1.265203 234.894653 
1.203743 231.096084 
1.141315 234.894653 
1.077975 221.599660 
1.013779 227.297514 
0.948766 219.700376 
0.883002 214.002522 
0.816525 206.405383 
0.749395 195.009675 
0.681673 198.808244 
0.613406 191.211106 
0.544649 195.009675 
0.475450 183.613967 
0.405877 181.714682 
0.335973 176.016828 
0.265808 166.520405 
0.195422 176.016828 
0.124888 164.621120 
0.054254 160.822551 
-0.016423 153.225412 
-0.087087 147.527558 
-0.157682 138.031135 
-0.228158 128.534712 
-0.298444 115.239719 
-0.368499 101.944727 
-0.438252 94.347588 
-0.507655 25.973340 
-0.576652 -8.213784 
-0.645188 -17.710207 
-0.713215 -31.005200 
-0.780666 -44.300193 
-0.847499 -53.796616 
-0.913654 -61.393755 
-0.979080 -57.595185 
-1.043722 -65.192324 
-1.107524 -65.192324 
-1.170446 -68.990893 
-1.232433 -76.588032 
-1.293429 -91.782309 
-1.353391 -87.983740 
-1.412276 -99.379448 
-1.470027 -95.580878 
-1.526604 -108.875871 
-1.581959 -141.163710 
-1.636056 -118.372294 
-1.688845 -127.868718 
-1.740284 -131.667287 
-1.790326 -139.264426 
-1.838943 -148.760849 
-1.886084 -144.962280 
-1.931722 -160.156557 
-1.975812 -156.357988 
-2.018323 -167.753696 
-2.059220 -173.451550 
-2.098479 -181.048688 
-2.136053 -181.048688 
-2.171923 -184.847258 
-2.206056 -188.645827 
-2.238423 -196.242966 
-2.269004 -205.739389 
-2.297767 -200.041535 
-2.324694 -220.933666 
-2.349766 -215.235812 
-2.372959 -230.430090 
-2.394253 -236.127944 
-2.413633 -234.228659 
-2.431084 -238.027228 
-2.446593 -245.624367 
-2.460147 -239.926513 
-2.471732 -249.422936 
-2.481343 -241.825798 
-2.488968 -245.624367 
-2.494606 -255.120790 
-2.498249 -249.422936 
-2.499895 -249.422936 
-2.499543 -253.221506 
-2.497192 -251.322221 
-2.492845 -264.617214 
-2.486505 -264.617214 
-2.478178 -279.811491 
-2.467870 -272.214352 
-2.455589 -279.811491 
-2.441345 -281.710775 
-2.425148 -279.811491 
-2.407013 -276.012922 
-2.386954 -272.214352 
-2.364986 -281.710775 
-2.341130 -276.012922 
-2.315403 -279.811491 
-2.287822 -287.408629 
-2.258415 -279.811491 
-2.227204 -279.811491 
-2.194212 -268.415783 
-2.159466 -268.415783 
-2.122990 -266.516498 
-2.084825 -268.415783 
-2.044990 -264.617214 
-2.003512 -270.315068 
-1.960440 -264.617214 
-1.915793 -270.315068 
-1.869618 -255.120790 
-1.821953 -258.919360 
-1.772833 -251.322221 
-1.722284 -251.322221 
-1.670370 -241.825798 
-1.617120 -245.624367 
-1.562578 -241.825798 
-1.506786 -234.228659 
-1.449791 -239.926513 
-1.391636 -236.127944 
-1.332369 -228.530805 
-1.272031 -226.631520 
-1.210683 -224.732236 
-1.148367 -215.235812 
-1.085126 -211.437243 
-1.021018 -226.631520 
-0.956093 -196.242966 
-0.890405 -201.940820 
-0.824004 -201.940820 
-0.756945 -184.847258 
-0.689280 -184.847258 
-0.621064 -194.343681 
-0.552352 -177.250119 
-0.483199 -173.451550 
-0.413666 -179.149404 
-0.343802 -158.257272 
-0.273664 -156.357988 
-0.203307 -152.559418 
-0.132788 -146.861564 
-0.062155 -131.667287 
0.008520 -137.365141 
0.079196 -122.170864 
0.149801 -120.271579 
0.220287 -112.674440 
0.290603 -105.077302 
0.360681 -84.185170 
0.430469 -76.588032 
0.499914 -31.005200 
0.568966 27.872625 
0.637564 16.476917 
0.705644 46.865471 
0.773168 60.160464 
0.840073 43.066902 
0.906307 56.361895 
0.971817 58.261179 
1.036549 62.059749 
1.100453 62.059749 
1.163477 71.556172 
1.225564 82.951880 
1.286672 92.448303 
1.346751 94.347588 
1.405754 98.146157 
1.463640 90.549019 
1.520349 113.340435 
1.575849 109.541865 
1.630084 115.239719 
1.683020 126.635427 
1.734607 132.333281 
1.784807 107.642581 
1.833580 141.829705 
1.880892 149.426843 
1.926696 155.124697 
1.970960 151.326128 
2.013653 164.621120 
2.054737 149.426843 
2.094173 168.419690 
2.131940 172.218259 
2.167998 191.211106 
2.202379 191.211106 
2.234945 185.513252 
2.265724 210.203952 
2.294691 200.707529 
2.321824 212.103237 
2.347099 214.002522 
2.370497 212.103237 
2.392003 217.801091 
2.411596 232.995368 
2.429262 221.599660 
2.444985 232.995368 
2.458754 251.988215 
2.470557 234.894653 
2.480384 242.491792 
2.488229 240.592507 
2.494085 242.491792 
2.497947 244.391076 
2.499812 244.391076 
2.499679 232.995368 
2.497548 251.988215 
2.493420 261.484638 
2.487299 251.988215 
2.479189 257.686069 
2.469099 267.182492 
2.457033 259.585354 
2.443005 263.383923 
2.427021 261.484638 
2.409098 263.383923 
2.389251 257.686069 
2.367494 265.283208 
2.343843 265.283208 
2.318317 259.585354 
2.290939 274.779631 
2.261728 259.585354 
2.230710 265.283208 
2.197908 263.383923 
2.163349 276.678916 
2.127061 274.779631 
2.089076 270.981062 
2.049418 267.182492 
2.008120 265.283208 
1.965218 265.283208 
1.920744 257.686069 
1.874735 267.182492 
1.827227 265.283208 
1.778258 265.283208 
1.727862 255.786784 
1.676090 257.686069 
1.622984 261.484638 
1.568575 248.189646 
1.512911 257.686069 
1.456038 248.189646 
1.398002 244.391076 
1.338853 246.290361 
1.278635 238.693222 
1.217388 221.599660 
1.155174 229.196799 
1.092031 227.297514 
1.028014 229.196799 
0.963183 214.002522 
0.897581 215.901806 
0.831262 214.002522 
0.764286 196.908960 
0.696692 204.506098 
0.628526 202.606814 
0.559880 187.412536 
0.490772 185.513252 
0.421264 181.714682 
0.351427 172.218259 
0.280897 176.016828 
0.210553 179.815398 
0.140047 168.419690 
0.069423 155.124697 
-0.001257 162.721836 
-0.071929 145.628274 
-0.142551 138.031135 
-0.213058 128.534712 
-0.283388 119.038289 
-0.353499 109.541865 
-0.423327 81.052595 
-0.492817 18.376201 
-0.561905 -10.113069 
-0.630545 -17.710207 
-0.698687 -27.206631 
-0.766264 -49.998047 
-0.833236 -55.695901 
-0.899541 -59.494470 
-0.965120 -57.595185 
-1.029928 -63.293039 
-1.093920 -61.393755 
-1.157030 -63.293039 
-1.219216 -78.487316 
-1.280433 -86.084455 
-1.340620 -93.681594 
-1.399736 -97.480163 
-1.457733 -97.480163 
-1.514571 -108.875871 
-1.570198 -112.674440 
-1.624564 -122.170864 
-1.677632 -125.969433 
-1.729358 -137.365141 
-1.779708 -139.264426 
-1.828635 -143.062995 
-1.876099 -143.062995 
-1.922060 -152.559418 
-1.966488 -162.055842 
-2.009340 -162.055842 
-2.050591 -167.753696 
-2.090201 -175.350834 
-2.128137 -179.149404 
-2.164376 -182.947973 
-2.198884 -188.645827 
-2.231635 -200.041535 
-2.262601 -198.142250 
-2.291758 -203.840104 
-2.319081 -217.135097 
-2.344552 -217.135097 
-2.368147 -215.235812 
-2.389851 -226.631520 
-2.409644 -234.228659 
-2.427512 -239.926513 
-2.443438 -238.027228 
-2.457410 -249.422936 
-2.469417 -239.926513 
-2.479452 -245.624367 
-2.487504 -247.523652 
-2.493567 -253.221506 
-2.497637 -245.624367 
-2.499711 -258.919360 
-2.499787 -253.221506 
-2.497864 -253.221506 
-2.493944 -264.617214 
-2.488031 -264.617214 
-2.480129 -264.617214 
-2.470245 -272.214352 
-2.458386 -281.710775 
-2.444563 -283.610060 
-2.428784 -279.811491 
-2.411065 -274.113637 
-2.391417 -272.214352 
-2.369859 -277.912206 
-2.346407 -285.509345 
-2.321080 -283.610060 
-2.293897 -279.811491 
-2.264881 -279.811491 
-2.234052 -279.811491 
-2.201439 -279.811491 
-2.166941 -270.315068 
-2.130827 -266.516498 
-2.093009 -262.717929 
-2.053523 -262.717929 
-2.012395 -272.214352 
-1.969659 -264.617214 
-1.925343 -260.818644 
-1.879489 -257.020075 
-1.832137 -257.020075 
-1.783315 -258.919360 
-1.733073 -255.120790 
-1.681445 -243.725082 
-1.628469 -241.825798 
-1.574190 -245.624367 
-1.518658 -241.825798 
-1.461907 -236.127944 
-1.403987 -239.926513 
-1.344945 -232.329374 
-1.284827 -224.732236 
-1.223682 -222.832951 
-1.161559 -213.336528 
-1.098508 -219.034382 
-1.034584 -211.437243 
-0.969828 -196.242966 
-0.904295 -200.041535 
-0.838040 -201.940820 
-0.771115 -196.242966 
-0.703573 -184.847258 
-0.635469 -182.947973 
-0.566857 -175.350834 
-0.497792 -173.451550 
-0.428329 -160.156557 
-0.358530 -169.652980 
-0.288438 -160.156557 
-0.218115 -150.660134 
-0.147618 -143.062995 
-0.077010 -139.264426 
-0.006326 -139.264426 
0.064342 -122.170864 
0.134965 -122.170864 
0.205480 -112.674440 
0.275831 -108.875871 
0.345962 -99.379448 
0.415823 -76.588032 
0.485352 -32.904485 
0.554493 22.174771 
0.623190 16.476917 
0.691389 39.268333 
0.759029 44.966187 
0.826076 54.462610 
0.892285 54.462610 
0.957946 52.563325 
1.022848 56.361895 
1.086933 65.858318 
1.150154 63.959033 
1.212450 81.052595 
1.273777 82.951880 
1.334078 90.549019 
1.393320 98.146157 
1.451448 98.146157 
1.508415 109.541865 
1.564177 103.844011 
1.618682 111.441150 
1.671894 117.139004 
1.723774 128.534712 
1.774272 128.534712 
1.823356 143.728989 
1.870978 149.426843 
1.917109 145.628274 
1.961702 157.023982 
2.004728 166.520405 
2.046152 166.520405 
2.085943 168.419690 
2.124068 183.613967 
2.160490 193.110390 
2.195186 185.513252 
2.228134 195.009675 
2.259297 200.707529 
2.288650 196.908960 
2.316175 219.700376 
2.341851 215.901806 
2.365652 215.901806 
2.387564 227.297514 
2.407568 227.297514 
2.425647 225.398230 
2.441787 246.290361 
2.455973 232.995368 
2.468198 244.391076 
2.478448 238.693222 
2.486717 232.995368 
2.492999 244.391076 
2.497288 242.491792 
2.499581 251.988215 
2.499876 246.290361 
2.498172 253.887500 
2.494472 255.786784 
2.488777 259.585354 
2.481094 259.585354 
2.471426 259.585354 
2.459783 255.786784 
2.446174 267.182492 
2.430610 251.988215 
2.413104 270.981062 
2.393667 255.786784 
2.372318 265.283208 
2.349073 265.283208 
2.323951 265.283208 
2.296968 270.981062 
2.268148 267.182492 
2.237519 259.585354 
2.205098 267.182492 
2.170918 282.376770 
2.134999 272.880346 
2.097372 274.779631 
2.058074 259.585354 
2.017130 270.981062 
1.974574 274.779631 
1.930439 257.686069 
1.884757 274.779631 
1.837573 263.383923 
1.788921 261.484638 
1.738833 259.585354 
1.687360 263.383923 
1.634534 257.686069 
1.580406 257.686069 
1.525009 255.786784 
1.468393 246.290361 
1.410603 251.988215 
1.351685 240.592507 
1.291693 244.391076 
1.230663 234.894653 
1.168648 232.995368 
1.105699 232.995368 
1.041866 225.398230 
0.977200 217.801091 
0.911753 210.203952 
0.845577 206.405383 
0.778732 202.606814 
0.711258 204.506098 
0.643215 202.606814 
0.574657 185.513252 
0.505648 195.009675 
0.436227 183.613967 
0.366457 179.815398 
0.296402 174.117544 
0.226102 170.318974 
0.155629 166.520405 
0.085025 158.923266 
0.014359 160.822551 
-0.056318 143.728989 
-0.126957 145.628274 
-0.197487 130.433997 
-0.267867 119.038289 
-0.338025 107.642581 
-0.407921 94.347588 
-0.477483 77.254026 
-0.546670 16.476917 
-0.615421 -10.113069 
-0.683680 -19.609492 
-0.751385 -32.904485 
-0.818489 -46.199477 
-0.884953 -57.595185 
-0.950696 -61.393755 
-1.015685 -57.595185 
-1.079863 -68.990893 
-1.143171 -63.293039 
-1.205571 -68.990893 
-1.267001 -87.983740 
-1.327425 -87.983740 
-1.386782 -89.883024 
-1.445030 -97.480163 
-1.502123 -106.976586 
-1.558021 -103.178017 
-1.612674 -114.573725 
-1.666032 -112.674440 
-1.718058 -133.566572 
-1.768716 -165.854411 
-1.817960 -143.062995 
-1.865746 -148.760849 
-1.912046 -154.458703 
-1.956812 -163.955126 
-2.000018 -158.257272 
-2.041622 -167.753696 
-2.081597 -167.753696 
-2.119905 -169.652980 
-2.156522 -184.847258 
-2.191411 -181.048688 
-2.224549 -192.444396 
-2.255908 -200.041535 
-2.285468 -209.537958 
-2.313200 -200.041535 
-2.339083 -222.832951 
-2.363096 -224.732236 
-2.385218 -226.631520 
-2.405435 -234.228659 
-2.423729 -230.430090 
-2.440086 -238.027228 
-2.454490 -241.825798 
-2.466932 -243.725082 
-2.477404 -249.422936 
-2.485895 -243.725082 
-2.492399 -245.624367 
-2.496910 -245.624367 
-2.499425 -245.624367 
-2.499942 -274.113637 
-2.498460 -255.120790 
-2.494982 -253.221506 
-2.489509 -253.221506 
-2.482045 -258.919360 
-2.472598 -274.113637 
-2.461173 -289.307914 
-2.447781 -277.912206 
-2.432432 -276.012922 
-2.415140 -281.710775 
-2.395918 -276.012922 
-2.374781 -281.710775 
-2.351746 -272.214352 
-2.326828 -281.710775 
-2.300050 -279.811491 
-2.271437 -281.710775 
-2.241004 -281.710775 
-2.208780 -274.113637 
-2.174790 -272.214352 
-2.139066 -274.113637 
-2.101564 -264.617214 
-2.062447 -264.617214 
-2.021681 -260.818644 
-1.979300 -266.516498 
-1.935336 -260.818644 
-1.889816 -262.717929 
-1.842795 -251.322221 
-1.794301 -257.020075 
-1.744372 -251.322221 
-1.693049 -255.120790 
-1.640373 -247.523652 
-1.586381 -239.926513 
-1.531120 -239.926513 
-1.474641 -236.127944 
-1.416977 -241.825798 
-1.358186 -228.530805 
-1.298304 -230.430090 
-1.237384 -236.127944 
-1.175474 -226.631520 
-1.112625 -215.235812 
-1.048886 -209.537958 
-0.984309 -211.437243 
-0.918952 -196.242966 
-0.852860 -217.135097 
-0.786086 -184.847258 
-0.718684 -188.645827 
-0.650701 -177.250119 
-0.582197 -177.250119 
-0.513235 -171.552265 
-0.443856 -163.955126 
-0.374129 -165.854411 
-0.304096 -156.357988 
-0.233827 -156.357988 
-0.163364 -146.861564 
-0.092777 -139.264426 
-0.022117 -135.465856 
0.048562 -127.868718 
0.119209 -129.768002 
0.189753 -118.372294 
0.260146 -106.976586 
0.330337 -108.875871 
0.400265 -89.883024 
0.469866 -84.185170 
0.539098 -23.408061 
0.607899 24.074055 
0.676208 27.872625 
0.743975 35.469763 
0.811148 62.059749 
0.877680 46.865471 
0.943510 52.563325 
1.008579 60.160464 
1.072848 58.261179 
1.136260 56.361895 
1.198757 75.354741 
1.260302 84.851165 
1.320839 92.448303 
1.380321 96.246873 
1.438693 103.844011 
1.495915 100.045442 
1.551941 107.642581 
1.606727 115.239719 
1.660229 117.139004 
1.712404 122.836858 
1.763215 126.635427 
1.812616 136.131851 
1.860569 145.628274 
1.907034 157.023982 
1.951974 149.426843 
1.995350 164.621120 
2.037135 168.419690 
2.077291 160.822551 
2.115787 179.815398 
2.152594 179.815398 
2.187674 202.606814 
2.221008 195.009675 
2.252564 200.707529 
2.282319 210.203952 
2.310272 210.203952 
2.336450 212.103237 
2.360658 223.498945 
2.382979 221.599660 
2.403398 221.599660 
2.421893 236.793938 
2.438455 234.894653 
2.453065 242.491792 
2.465716 234.894653 
2.476395 232.995368 
2.485095 244.391076 
2.491808 238.693222 
2.496529 248.189646 
2.499254 248.189646 
2.499982 246.290361 
2.498711 255.786784 
2.495442 253.887500 
2.490179 250.088930 
2.482925 255.786784 
2.473685 261.484638 
2.462469 257.686069 
2.449285 257.686069 
2.434142 263.383923 
2.417051 259.585354 
2.398029 257.686069 
2.377093 259.585354 
2.354254 263.383923 
2.329535 270.981062 
2.302949 255.786784 
2.274524 269.081777 
2.244285 257.686069 
2.212247 280.477485 
2.178442 267.182492 
2.142898 265.283208 
2.105638 261.484638 
2.066703 267.182492 
2.026103 274.779631 
1.983892 261.484638 
1.940095 272.880346 
1.894743 267.182492 
1.847876 261.484638 
1.799537 255.786784 
1.749760 265.283208 
1.698578 259.585354 
1.646039 250.088930 
1.592184 257.686069 
1.537056 248.189646 
1.480699 251.988215 
1.423164 248.189646 
1.364492 234.894653 
1.304729 242.491792 
1.243923 227.297514 
1.182123 240.592507 
1.119372 231.096084 
1.055725 227.297514 
0.991242 198.808244 
0.925959 212.103237 
0.859943 204.506098 
0.793240 204.506098 
0.725902 206.405383 
0.657985 198.808244 
0.589534 196.908960 
0.520619 189.311821 
0.451288 187.412536 
0.381596 181.714682 
0.311600 174.117544 
0.241354 172.218259 
0.170908 168.419690 
0.100326 164.621120 
0.029670 157.023982 
-0.041016 160.822551 
-0.111670 149.426843 
-0.182227 138.031135 
-0.252639 124.736143 
-0.322855 107.642581 
-0.392807 105.743296 
-0.462444 58.261179 
-0.531727 8.879778 
-0.600576 -19.609492 
-0.668946 -21.508777 
-0.736781 -38.602339 
-0.804027 -48.098762 
-0.870630 -57.595185 
-0.936544 -53.796616 
-1.001702 -61.393755 
-1.066053 -61.393755 
-1.129552 -57.595185 
-1.192148 -78.487316 
-1.253797 -86.084455 
-1.314438 -89.883024 
-1.374040 -89.883024 
-1.432544 -97.480163 
-1.489902 -105.077302 
-1.546058 -97.480163 
-1.600977 -108.875871 
-1.654617 -120.271579 
-1.706935 -125.969433 
-1.757888 -129.768002 
-1.807441 -135.465856 
-1.855544 -143.062995 
-1.902169 -152.559418 
-1.947269 -160.156557 
-1.990816 -156.357988 
-2.032768 -167.753696 
-2.073099 -167.753696 
-2.111769 -173.451550 
-2.148754 -173.451550 
-2.184022 -182.947973 
-2.217544 -192.444396 
-2.249293 -190.545112 
-2.279240 -205.739389 
-2.307366 -209.537958 
-2.333650 -207.638674 
-2.358067 -222.832951 
-2.380600 -226.631520 
-2.401231 -224.732236 
-2.419941 -230.430090 
-2.436719 -228.530805 
-2.451546 -238.027228 
-2.464414 -245.624367 
-2.475311 -245.624367 
-2.484231 -245.624367 
-2.491164 -251.322221 
-2.496105 -247.523652 
-2.499051 -255.120790 
-2.499999 -258.919360 
-2.498949 -255.120790 
-2.495901 -258.919360 
-2.490858 -258.919360 
-2.483825 -258.919360 
-2.474804 -260.818644 
-2.463805 -266.516498 
-2.450837 -272.214352 
-2.435911 -268.415783 
-2.419038 -274.113637 
-2.400229 -281.710775 
-2.379502 -281.710775 
-2.356872 -276.012922 
-2.332358 -279.811491 
-2.305979 -277.912206 
-2.277760 -293.106483 
-2.247720 -281.710775 
-2.215884 -279.811491 
-2.182276 -283.610060 
-2.146928 -276.012922 
-2.109709 -266.516498 
-2.070944 -274.113637 
-2.030485 -257.020075 
-1.988440 -255.120790 
-1.944810 -258.919360 
-1.899620 -260.818644 
-1.852917 -255.120790 
-1.804727 -247.523652 
-1.755090 -255.120790 
-1.704049 -251.322221 
-1.651657 -253.221506 
-1.597944 -245.624367 
-1.542949 -243.725082 
-1.486726 -239.926513 
-1.429308 -226.631520 
-1.370754 -228.530805 
-1.311105 -228.530805 
-1.250394 -234.228659 
-1.188691 -228.530805 
-1.126037 -215.235812 
-1.062489 -217.135097 
-0.998085 -211.437243 
-0.932891 -198.142250 
-0.866950 -198.142250 
-0.800310 -184.847258 
-0.733030 -182.947973 
-0.665171 -177.250119 
-0.596773 -179.149404 
-0.527906 -169.652980 
-0.458616 -167.753696 
-0.388952 -163.955126 
-0.318978 -156.357988 
-0.248749 -148.760849 
-0.178328 -146.861564 
-0.107764 -141.163710 
-0.037114 -137.365141 
0.033565 -127.868718 
0.104218 -122.170864 
0.174794 -112.674440 
0.245231 -106.976586 
0.315471 -101.278732 
0.385460 -91.782309 
0.455140 -76.588032 
0.524457 -32.904485 
0.593347 20.275486 
0.661770 22.174771 
0.729664 39.268333 
0.796967 56.361895 
0.863634 50.664041 
0.929617 54.462610 
0.994857 60.160464 
1.059294 60.160464 
1.122892 67.757603 
1.185586 69.656887 
1.247344 79.153311 
1.308093 88.649734 
1.367796 84.851165 
1.426418 98.146157 
1.483894 100.045442 
1.540177 105.743296 
1.595230 117.139004 
1.649013 120.937573 
1.701477 126.635427 
1.752581 130.433997 
1.802284 143.728989 
1.850547 139.930420 
1.897325 149.426843 
1.942591 126.635427 
1.986304 170.318974 
2.028429 176.016828 
2.068929 168.419690 
2.107775 170.318974 
2.144936 191.211106 
2.180446 181.714682 
2.214164 195.009675 
2.246094 200.707529 
2.276228 202.606814 
2.304544 202.606814 
2.331017 214.002522 
2.355627 217.801091 
2.378359 210.203952 
2.399185 229.196799 
2.418095 227.297514 
2.435070 225.398230 
2.450099 231.096084 
2.463170 223.498945 
2.474274 236.793938 
2.483398 236.793938 
2.490538 246.290361 
2.495685 242.491792 
2.498838 242.491792 
2.499994 250.088930 
2.499151 250.088930 
2.496310 246.290361 
2.491473 251.988215 
2.484645 255.786784 
2.475830 259.585354 
2.465036 259.585354 
2.452271 261.484638 
2.437547 261.484638 
2.420875 259.585354 
2.402268 265.283208 
2.381741 270.981062 
2.359308 272.880346 
2.334989 269.081777 
2.308805 272.880346 
2.280771 261.484638 
2.250916 280.477485 
2.219261 274.779631 
2.185835 278.578200 
2.150663 276.678916 
2.113767 272.880346 
2.075182 272.880346 
2.034938 267.182492 
1.993071 270.981062 
1.949606 274.779631 
1.904583 265.283208 
1.858033 269.081777 
1.810007 270.981062 
1.760529 265.283208 
1.709648 265.283208 
1.657402 263.383923 
1.603825 259.585354 
1.548971 259.585354 
1.492879 253.887500 
1.435595 248.189646 
1.377162 251.988215 
1.317623 240.592507 
1.257030 242.491792 
1.195439 229.196799 
1.132892 231.096084 
1.069440 221.599660 
1.005120 223.498945 
0.940002 215.901806 
0.874140 214.002522 
0.807580 214.002522 
0.740374 210.203952 
0.672576 200.707529 
0.604233 202.606814 
0.535407 208.304668 
0.466182 195.009675 
0.396563 189.311821 
0.326627 187.412536 
0.256423 176.016828 
0.186014 179.815398 
0.115463 170.318974 
0.044413 162.721836 
-0.026266 153.225412 
-0.096924 143.728989 
-0.167512 138.031135 
-0.237965 130.433997 
-0.308222 103.844011 
-0.378239 103.844011 
-0.447961 63.959033 
-0.517310 14.577632 
-0.586246 -19.609492 
-0.654721 -23.408061 
-0.722693 -38.602339 
-0.790059 -51.897331 
-0.856793 -49.998047 
-0.922843 -105.077302 
-0.988156 -67.091609 
-1.052685 -57.595185 
-1.116366 -67.091609 
-1.179154 -78.487316 
-1.241013 -82.285886 
-1.301867 -84.185170 
-1.361693 -89.883024 
-1.420418 -97.480163 
-1.478007 -95.580878 
-1.534421 -112.674440 
-1.589603 -108.875871 
-1.643525 -122.170864 
-1.696127 -118.372294 
-1.747373 -127.868718 
-1.797223 -141.163710 
-1.845641 -141.163710 
-1.892573 -154.458703 
-1.937997 -158.257272 
-1.981876 -162.055842 
-2.024167 -167.753696 
-2.064839 -173.451550 
-2.103860 -169.652980 
-2.141195 -173.451550 
-2.176823 -182.947973 
-2.210711 -184.847258 
-2.242827 -190.545112 
-2.273155 -192.444396 
-2.301662 -200.041535 
-2.328340 -205.739389 
-2.353148 -222.832951 
-2.376075 -217.135097 
-2.397102 -230.430090 
-2.416211 -232.329374 
-2.433389 -228.530805 
-2.448621 -241.825798 
-2.461900 -239.926513 
-2.473207 -245.624367 
-2.482538 -257.020075 
-2.489885 -251.322221 
-2.495241 -257.020075 
-2.498602 -260.818644 
-2.499967 -251.322221 
-2.499333 -264.617214 
-2.496701 -257.020075 
-2.492073 -262.717929 
-2.485453 -260.818644 
-2.476846 -260.818644 
-2.466260 -264.617214 
-2.453701 -268.415783 
-2.439181 -268.415783 
-2.422710 -272.214352 
-2.404305 -285.509345 
-2.383978 -279.811491 
-2.361746 -289.307914 
-2.337623 -281.710775 
-2.311634 -279.811491 
-2.283798 -283.610060 
-2.254136 -281.710775 
-2.222669 -279.811491 
-2.189306 -285.509345 
-2.154309 -276.012922 
-2.117590 -277.912206 
-2.079175 -268.415783 
-2.039102 -272.214352 
-1.997395 -257.020075 
-1.954090 -264.617214 
-1.909224 -255.120790 
-1.862831 -251.322221 
-1.814949 -258.919360 
-1.765622 -245.624367 
-1.714882 -251.322221 
-1.662767 -245.624367 
-1.609328 -249.422936 
-1.554603 -241.825798 
-1.498635 -245.624367 
-1.441470 -232.329374 
-1.383146 -230.430090 
-1.323716 -228.530805 
-1.263228 -224.732236 
-1.201730 -215.235812 
-1.139278 -211.437243 
-1.075909 -215.235812 
-1.011686 -207.638674 
-0.946648 -198.142250 
-0.880860 -203.840104 
-0.814368 -194.343681 
-0.747225 -192.444396 
-0.679477 -173.451550 
-0.611187 -173.451550 
-0.542408 -163.955126 
-0.473202 -165.854411 
-0.403618 -152.559418 
-0.333712 -158.257272 
-0.263531 -146.861564 
-0.193140 -148.760849 
-0.122602 -135.465856 
-0.051966 -135.465856 
0.018720 -127.868718 
0.089382 -125.969433 
0.159981 -108.875871 
0.230452 -112.674440 
0.300738 -89.883024 
0.370777 -89.883024 
0.440527 -78.487316 
0.509925 -51.897331 
0.578914 16.476917 
0.647434 20.275486 
0.715451 31.671194 
0.782881 58.261179 
0.849686 52.563325 
0.915812 52.563325 
0.981206 58.261179 
1.045822 62.059749 
1.109602 60.160464 
1.172494 75.354741 
1.234444 77.254026 
1.295412 90.549019 
1.355339 92.448303 
1.414183 98.146157 
1.471896 103.844011 
1.528433 109.541865 
1.583754 107.642581 
1.637803 109.541865 
1.690548 117.139004 
1.741937 128.534712 
1.791933 130.433997 
1.840498 151.326128 
1.887591 145.628274 
1.933175 155.124697 
1.977218 158.923266 
2.019681 166.520405 
2.060616 170.318974 
2.099809 170.318974 
2.137328 189.311821 
2.173142 181.714682 
2.207211 191.211106 
2.239516 185.513252 
2.270031 202.606814 
2.298731 206.405383 
2.325594 202.606814 
2.350601 219.700376 
2.373729 214.002522 
2.394959 221.599660 
2.414274 219.700376 
2.431659 212.103237 
2.447100 221.599660 
2.460586 223.498945 
2.472104 225.398230 
2.481645 234.894653 
2.489202 231.096084 
2.494768 244.391076 
2.498341 242.491792 
2.499917 219.700376 
2.499494 253.887500 
2.497074 250.088930 
2.492657 251.988215 
2.486248 261.484638 
2.477852 259.585354 
2.467474 261.484638 
2.455125 263.383923 
2.440813 269.081777 
2.424549 259.585354 
2.406348 261.484638 
2.386224 270.981062 
2.364193 257.686069 
2.340270 263.383923 
2.314478 267.182492 
2.286837 282.376770 
2.257367 267.182492 
2.226093 274.779631 
2.193037 270.981062 
2.158231 267.182492 
2.121700 272.880346 
2.083469 265.283208 
2.043572 284.276054 
2.002046 270.981062 
1.958915 270.981062 
1.914223 267.182492 
1.867996 270.981062 
1.820275 267.182492 
1.771100 261.484638 
1.720508 263.383923 
1.668541 261.484638 
1.615246 257.686069 
1.560654 255.786784 
1.504820 251.988215 
1.447777 246.290361 
1.389583 250.088930 
1.330253 242.491792 
1.269879 240.592507 
1.208495 231.096084 
1.146145 234.894653 
1.082880 219.700376 
1.018749 227.297514 
0.953803 217.801091 
0.888095 227.297514 
0.821671 215.901806 
0.754589 214.002522 
0.686898 214.002522 
0.618671 212.103237 
0.549942 200.707529 
0.480781 198.808244 
0.411222 179.815398 
0.341348 191.211106 
0.271201 183.613967 
0.200830 179.815398 
0.130306 170.318974 
0.059670 166.520405 
-0.011013 158.923266 
-0.081688 151.326128 
-0.152290 132.333281 
-0.222777 134.232566 
-0.293086 120.937573 
-0.363154 109.541865 
-0.432939 77.254026 
-0.502378 16.476917 
-0.571407 -15.810923 
-0.639981 -21.508777 
-0.708056 -42.400908 
-0.775559 -46.199477 
-0.842434 -46.199477 
-0.908637 -59.494470 
-0.974119 -57.595185 
-1.038817 -61.393755 
-1.102697 -68.990893 
-1.165695 -67.091609 
-1.227749 -76.588032 
-1.288827 -78.487316 
-1.348875 -89.883024 
-1.407845 -97.480163 
-1.465695 -97.480163 
-1.522373 -106.976586 
-1.577823 -114.573725 
-1.632017 -105.077302 
-1.684900 -129.768002 
-1.736438 -131.667287 
-1.786587 -135.465856 
-1.835313 -143.062995 
-1.882567 -144.962280 
-1.928321 -150.660134 
-1.972529 -186.746542 
-2.015164 -158.257272 
-2.056193 -171.552265 
-2.095573 -173.451550 
-2.133275 -182.947973 
-2.169271 -182.947973 
-2.203533 -179.149404 
-2.236041 -184.847258 
-2.266758 -190.545112 
-2.295662 -201.940820 
-2.322731 -203.840104 
-2.347941 -215.235812 
-2.371274 -211.437243 
-2.392714 -228.530805 
-2.412239 -226.631520 
-2.429837 -230.430090 
-2.445492 -234.228659 
-2.459192 -238.027228 
-2.470927 -241.825798 
-2.480686 -239.926513 
-2.488463 -251.322221 
-2.494250 -257.020075 
-2.498044 -258.919360 
-2.499841 -264.617214 
-2.499639 -262.717929 
-2.497440 -264.617214 
-2.493244 -260.818644 
-2.487054 -258.919360 
-2.478878 -264.617214 
-2.468718 -264.617214 
-2.456587 -258.919360 
-2.442490 -272.214352 
-2.426443 -266.516498 
-2.408454 -266.516498 
-2.388542 -283.610060 
-2.366718 -274.113637 
-2.343000 -289.307914 
-2.317410 -276.012922 
-2.289972 -277.912206 
-2.260699 -281.710775 
-2.229620 -277.912206 
-2.196758 -281.710775 
-2.162143 -276.012922 
-2.125800 -287.408629 
-2.087754 -289.307914 
-2.048039 -268.415783 
-2.006687 -276.012922 
-1.963730 -276.012922 
-1.919203 -257.020075 
-1.873138 -260.818644 
-1.825579 -251.322221 
-1.776566 -253.221506 
-1.726133 -257.020075 
-1.674321 -245.624367 
-1.621164 -251.322221 
-1.566718 -247.523652 
-1.511013 -245.624367 
-1.454100 -241.825798 
-1.396025 -234.228659 
-1.336840 -230.430090 
-1.276580 -247.523652 
-1.215299 -219.034382 
-1.153053 -213.336528 
-1.089880 -213.336528 
-1.025841 -215.235812 
-0.960976 -205.739389 
-0.895342 -203.840104 
-0.829000 -196.242966 
-0.761981 -184.847258 
-0.694360 -184.847258 
-0.626184 -182.947973 
-0.557514 -173.451550 
-0.488392 -160.156557 
-0.418879 -165.854411 
-0.349038 -137.365141 
-0.278911 -158.257272 
-0.208569 -148.760849 
-0.138059 -124.070148 
-0.067432 -137.365141 
