0.000006 -36.703054 
0.054976 -36.703054 
0.109920 -23.408061 
0.164816 -17.710207 
0.219627 -6.314499 
0.274331 10.779063 
0.328909 1.282639 
0.383322 5.081209 
0.437549 6.980493 
0.491571 8.879778 
0.545355 1.282639 
0.598875 10.779063 
0.652100 12.678347 
0.705015 18.376201 
0.757583 37.369048 
0.809791 50.664041 
0.861602 60.160464 
0.913001 73.455457 
0.963959 29.771909 
1.014451 81.052595 
1.064452 77.254026 
1.113933 82.951880 
1.162886 81.052595 
1.211271 94.347588 
1.259070 103.844011 
1.306260 98.146157 
1.352819 107.642581 
1.398723 115.239719 
1.443951 113.340435 
1.488481 120.937573 
1.532286 130.433997 
1.575354 130.433997 
1.617657 139.930420 
1.659177 139.930420 
1.699899 149.426843 
1.739799 151.326128 
1.778862 164.621120 
1.817056 155.124697 
1.854375 177.916113 
1.890794 168.419690 
1.926303 170.318974 
1.960876 181.714682 
1.994504 176.016828 
2.027168 176.016828 
2.058848 185.513252 
2.089533 189.311821 
2.119207 193.110390 
2.147856 195.009675 
2.175467 206.405383 
2.202029 204.506098 
2.227523 217.801091 
2.251943 214.002522 
2.275273 212.103237 
2.297503 185.513252 
2.318620 232.995368 
2.338616 221.599660 
2.357481 219.700376 
2.375206 232.995368 
2.391782 231.096084 
2.407204 246.290361 
2.421459 242.491792 
2.434544 236.793938 
2.446452 251.988215 
2.457177 242.491792 
2.466715 255.786784 
2.475059 255.786784 
2.482207 257.686069 
2.488154 253.887500 
2.492897 250.088930 
2.496435 255.786784 
2.498766 250.088930 
2.499889 265.283208 
2.499803 257.686069 
2.498508 267.182492 
2.496004 265.283208 
2.492294 255.786784 
2.487379 267.182492 
2.481261 265.283208 
2.473942 267.182492 
2.465428 272.880346 
2.455722 265.283208 
2.444827 269.081777 
2.432749 261.484638 
2.419497 280.477485 
2.405071 263.383923 
2.389484 274.779631 
2.372743 270.981062 
2.354851 269.081777 
2.335824 276.678916 
2.315665 276.678916 
2.294388 280.477485 
2.272000 276.678916 
2.248516 269.081777 
2.223944 276.678916 
2.198296 272.880346 
2.171583 269.081777 
2.143820 284.276054 
2.115023 276.678916 
2.085200 274.779631 
2.054369 280.477485 
2.022544 274.779631 
1.989745 270.981062 
1.955979 246.290361 
1.921073 269.081777 
1.885423 270.981062 
1.848870 267.182492 
1.811418 261.484638 
1.773094 259.585354 
1.733909 255.786784 
1.693886 259.585354 
1.653039 259.585354 
1.611400 253.887500 
1.568983 248.189646 
1.525807 240.592507 
1.481889 240.592507 
1.437254 238.693222 
1.391924 238.693222 
1.345921 238.693222 
1.299271 234.894653 
1.251989 234.894653 
1.204106 229.196799 
1.155636 229.196799 
1.106611 221.599660 
1.057052 214.002522 
1.006977 227.297514 
0.956419 214.002522 
0.905394 204.506098 
0.853937 212.103237 
0.802066 202.606814 
0.749803 195.009675 
0.697182 196.908960 
0.644224 185.513252 
0.590949 179.815398 
0.537393 183.613967 
0.483573 168.419690 
0.429524 162.721836 
0.375261 166.520405 
0.320823 155.124697 
0.266230 151.326128 
0.211502 151.326128 
0.156672 141.829705 
0.101772 139.930420 
0.046823 128.534712 
-0.008155 128.534712 
-0.063123 109.541865 
-0.118066 92.448303 
-0.172946 84.851165 
-0.227749 62.059749 
-0.282441 54.462610 
-0.336991 39.268333 
-0.391378 25.973340 
-0.445576 10.779063 
-0.499564 -6.314499 
-0.553304 -27.206631 
-0.606783 -31.005200 
-0.659963 -46.199477 
-0.712829 -46.199477 
-0.765351 -46.199477 
-0.817502 -55.695901 
-0.869258 -61.393755 
-0.920588 -59.494470 
-0.971473 -61.393755 
-1.021888 -63.293039 
-1.071809 -70.890178 
-1.121212 -84.185170 
-1.170073 -84.185170 
-1.218373 -93.681594 
-1.266079 -97.480163 
-1.313173 -93.681594 
-1.359636 -105.077302 
-1.405437 -103.178017 
-1.450563 -108.875871 
-1.494988 -114.573725 
-1.538779 -118.372294 
-1.581730 -122.170864 
-1.623922 -120.271579 
-1.665323 -124.070148 
-1.705919 -127.868718 
-1.745690 -141.163710 
-1.784618 -133.566572 
-1.822682 -150.660134 
-1.859865 -148.760849 
-1.896149 -162.055842 
-1.931519 -158.257272 
-1.965955 -169.652980 
-1.999441 -169.652980 
-2.031956 -167.753696 
-2.063492 -169.652980 
-2.094029 -186.746542 
-2.123725 -192.444396 
-2.152217 -198.142250 
-2.179670 -200.041535 
-2.206067 -194.343681 
-2.231397 -205.739389 
-2.255648 -207.638674 
-2.278805 -217.135097 
-2.300863 -219.034382 
-2.321808 -220.933666 
-2.341630 -213.336528 
-2.360320 -226.631520 
-2.378123 -230.430090 
-2.394526 -234.228659 
-2.409746 -238.027228 
-2.423800 -247.523652 
-2.436684 -238.027228 
-2.448388 -251.322221 
-2.458908 -258.919360 
-2.468239 -255.120790 
-2.476377 -249.422936 
-2.483317 -264.617214 
-2.489057 -272.214352 
-2.493593 -270.315068 
-2.496923 -274.113637 
-2.499046 -279.811491 
-2.499960 -270.315068 
-2.499666 -270.315068 
-2.498161 -272.214352 
-2.495449 -272.214352 
-2.491530 -274.113637 
-2.486406 -274.113637 
-2.480080 -270.315068 
-2.472554 -276.012922 
-2.463834 -279.811491 
-2.453922 -289.307914 
-2.442822 -285.509345 
-2.430542 -300.703622 
-2.417085 -291.207199 
-2.402461 -291.207199 
-2.386674 -287.408629 
-2.369732 -287.408629 
-2.351644 -295.005768 
-2.332421 -287.408629 
-2.312070 -291.207199 
-2.290599 -287.408629 
-2.268022 -283.610060 
-2.244349 -281.710775 
-2.219588 -281.710775 
-2.193756 -268.415783 
-2.166861 -266.516498 
-2.138921 -264.617214 
-2.109943 -264.617214 
-2.079945 -264.617214 
-2.048944 -264.617214 
-2.016952 -276.012922 
-1.983982 -277.912206 
-1.950052 -266.516498 
-1.915179 -264.617214 
-1.879384 -264.617214 
-1.842680 -257.020075 
-1.805085 -243.725082 
-1.766616 -253.221506 
-1.727298 -249.422936 
-1.687137 -247.523652 
-1.646159 -245.624367 
-1.604390 -247.523652 
-1.561845 -238.027228 
-1.518545 -234.228659 
-1.474451 -228.530805 
-1.429702 -228.530805 
-1.384263 -222.832951 
-1.338154 -219.034382 
-1.291397 -219.034382 
-1.244017 -215.235812 
-1.196035 -211.437243 
-1.147474 -211.437243 
-1.098354 -211.437243 
-1.048697 -200.041535 
-0.998538 -205.739389 
-0.947902 -196.242966 
-0.896802 -186.746542 
-0.845273 -188.645827 
-0.793331 -188.645827 
-0.741010 -175.350834 
-0.688325 -167.753696 
-0.635313 -175.350834 
-0.581994 -160.156557 
-0.528393 -167.753696 
-0.474532 -156.357988 
-0.420440 -156.357988 
-0.366151 -146.861564 
-0.311680 -146.861564 
-0.257063 -148.760849 
-0.202316 -137.365141 
-0.147478 -125.969433 
-0.092567 -122.170864 
-0.037607 -114.573725 
0.017366 -118.372294 
0.072331 -106.976586 
0.127266 -95.580878 
0.182135 -89.883024 
0.236920 -78.487316 
0.291580 -61.393755 
0.346105 -55.695901 
0.400462 -44.300193 
0.454631 -13.911638 
0.508575 31.671194 
0.562273 31.671194 
0.615699 41.167617 
0.668827 46.865471 
0.721637 52.563325 
0.774093 44.966187 
0.826175 58.261179 
0.877857 62.059749 
0.929114 54.462610 
0.979923 65.858318 
1.030257 75.354741 
1.080094 82.951880 
1.129408 73.455457 
1.178176 82.951880 
1.226379 98.146157 
1.273989 88.649734 
1.320978 100.045442 
1.367764 100.045442 
1.413447 115.239719 
1.458446 111.441150 
1.502741 130.433997 
1.546313 120.937573 
1.589133 139.930420 
1.631188 145.628274 
1.672455 143.728989 
1.712909 143.728989 
1.752535 147.527558 
1.791313 153.225412 
1.829225 153.225412 
1.866252 160.822551 
1.902381 170.318974 
1.937586 170.318974 
1.971858 168.419690 
2.005176 181.714682 
2.037525 187.412536 
2.068891 185.513252 
2.099250 196.908960 
2.128597 204.506098 
2.156914 198.808244 
2.184189 202.606814 
2.210404 210.203952 
2.235551 214.002522 
2.259617 204.506098 
2.282592 210.203952 
2.304461 231.096084 
2.325218 210.203952 
2.344851 229.196799 
2.363349 227.297514 
2.380703 229.196799 
2.396906 240.592507 
2.411949 229.196799 
2.425829 240.592507 
2.438533 246.290361 
2.450058 240.592507 
2.460400 259.585354 
2.469551 248.189646 
2.477507 251.988215 
2.484265 251.988215 
2.489823 255.786784 
2.494177 251.988215 
2.497324 248.189646 
2.499263 267.182492 
2.499993 257.686069 
2.499515 259.585354 
2.497827 267.182492 
2.494931 263.383923 
2.490828 265.283208 
2.485522 263.383923 
2.479013 272.880346 
2.471307 261.484638 
2.462404 274.779631 
2.452312 270.981062 
2.441033 270.981062 
2.428574 272.880346 
2.414941 259.585354 
2.400139 278.578200 
2.384177 270.981062 
2.367061 269.081777 
2.348800 272.880346 
2.329406 282.376770 
2.308882 272.880346 
2.287242 272.880346 
2.264498 274.779631 
2.240655 272.880346 
2.215732 274.779631 
2.189739 267.182492 
2.162686 282.376770 
2.134585 270.981062 
2.105451 276.678916 
2.075302 269.081777 
2.044150 274.779631 
2.012009 265.283208 
1.978896 274.779631 
1.944825 272.880346 
1.909811 267.182492 
1.873877 272.880346 
1.837036 255.786784 
1.799304 263.383923 
1.760701 261.484638 
1.721250 263.383923 
1.680964 257.686069 
1.639868 253.887500 
1.597980 242.491792 
1.555319 240.592507 
1.511901 244.391076 
1.467748 242.491792 
1.422894 240.592507 
1.377352 240.592507 
1.331091 234.894653 
1.284238 234.894653 
1.236765 234.894653 
1.188683 227.297514 
1.140037 229.196799 
1.090839 219.700376 
1.041109 231.096084 
0.990876 215.901806 
0.940163 206.405383 
0.889000 196.908960 
0.837408 204.506098 
0.785411 196.908960 
0.733023 191.211106 
0.680286 187.412536 
0.627220 193.110390 
0.573857 185.513252 
0.520215 170.318974 
0.466323 164.621120 
0.412204 166.520405 
0.357887 162.721836 
0.303391 157.023982 
0.248753 166.520405 
0.193996 143.728989 
0.139139 139.930420 
0.084220 139.930420 
0.029261 122.836858 
-0.025707 120.937573 
-0.080668 117.139004 
-0.135590 100.045442 
-0.190453 79.153311 
-0.245223 65.858318 
-0.299869 52.563325 
-0.354375 43.066902 
-0.408716 20.275486 
-0.462848 6.980493 
-0.516761 -13.911638 
-0.570425 -21.508777 
-0.623818 -36.703054 
-0.676899 -46.199477 
-0.729652 -51.897331 
-0.782058 -48.098762 
-0.834080 -57.595185 
-0.885704 -53.796616 
-0.936895 -67.091609 
-0.987627 -70.890178 
-1.037888 -68.990893 
-1.087646 -76.588032 
-1.136883 -76.588032 
-1.185576 -82.285886 
-1.233690 -91.782309 
-1.281207 -93.681594 
-1.328101 -84.185170 
-1.374356 -105.077302 
-1.419942 -105.077302 
-1.464847 -101.278732 
-1.509038 -118.372294 
-1.552500 -118.372294 
-1.595215 -124.070148 
-1.637159 -125.969433 
-1.678306 -137.365141 
-1.718643 -129.768002 
-1.758152 -139.264426 
-1.796807 -143.062995 
-1.834593 -143.062995 
-1.871496 -150.660134 
-1.907490 -160.156557 
-1.942566 -154.458703 
-1.976701 -165.854411 
-2.009881 -167.753696 
-2.042086 -171.552265 
-2.073303 -165.854411 
-2.103520 -173.451550 
-2.132721 -192.444396 
-2.160887 -196.242966 
-2.188011 -228.530805 
-2.214074 -198.142250 
-2.239064 -211.437243 
-2.262974 -234.228659 
-2.285792 -211.437243 
-2.307504 -220.933666 
-2.328101 -215.235812 
-2.347571 -224.732236 
-2.365914 -222.832951 
-2.383104 -226.631520 
-2.399142 -228.530805 
-2.414018 -236.127944 
-2.427727 -247.523652 
-2.440265 -243.725082 
-2.451622 -241.825798 
-2.461792 -257.020075 
-2.470770 -260.818644 
-2.478554 -251.322221 
-2.485140 -260.818644 
-2.490524 -264.617214 
-2.494704 -268.415783 
-2.497677 -268.415783 
-2.499442 -274.113637 
-2.499999 -276.012922 
-2.499347 -277.912206 
-2.497486 -272.214352 
-2.494417 -279.811491 
-2.490143 -274.113637 
-2.484664 -276.012922 
-2.477984 -279.811491 
-2.470106 -279.811491 
-2.461033 -285.509345 
-2.450770 -283.610060 
-2.439323 -289.307914 
-2.426695 -291.207199 
-2.412893 -291.207199 
-2.397924 -295.005768 
-2.381796 -295.005768 
-2.364517 -289.307914 
-2.346093 -302.602907 
-2.326534 -289.307914 
-2.305848 -291.207199 
-2.284051 -289.307914 
-2.261147 -291.207199 
-2.237152 -285.509345 
-2.212076 -283.610060 
-2.185927 -274.113637 
-2.158720 -274.113637 
-2.130473 -274.113637 
-2.101187 -270.315068 
-2.070890 -266.516498 
-2.039595 -274.113637 
-2.007310 -276.012922 
-1.974058 -270.315068 
-1.939851 -272.214352 
-1.904703 -272.214352 
-1.868638 -260.818644 
-1.831661 -253.221506 
-1.793802 -253.221506 
-1.755075 -243.725082 
-1.715504 -251.322221 
-1.675103 -245.624367 
-1.633888 -243.725082 
-1.591883 -251.322221 
-1.549104 -241.825798 
-1.505584 -239.926513 
-1.461331 -232.329374 
-1.416372 -228.530805 
-1.370728 -224.732236 
-1.324421 -220.933666 
-1.277468 -220.933666 
-1.229903 -215.235812 
-1.181742 -211.437243 
-1.133010 -211.437243 
-1.083736 -198.142250 
-1.033937 -203.840104 
-0.983638 -201.940820 
-0.932858 -190.545112 
-0.881633 -182.947973 
-0.829976 -184.847258 
-0.777923 -188.645827 
-0.725493 -175.350834 
-0.672708 -169.652980 
-0.619597 -173.451550 
-0.566186 -167.753696 
-0.512502 -163.955126 
-0.458564 -150.660134 
-0.404416 -158.257272 
-0.350066 -144.962280 
-0.295553 -148.760849 
-0.240897 -137.365141 
-0.186118 -131.667287 
-0.131250 -129.768002 
-0.076318 -112.674440 
-0.021355 -108.875871 
0.033618 -116.473010 
0.088575 -108.875871 
0.143490 -91.782309 
0.198335 -91.782309 
0.253095 -82.285886 
0.307727 -67.091609 
0.362205 -51.897331 
0.416513 -48.098762 
0.470615 -2.515930 
0.524488 33.570479 
0.578108 24.074055 
0.631460 41.167617 
0.684495 56.361895 
0.737199 46.865471 
0.789547 48.764756 
0.841524 48.764756 
0.893088 73.455457 
0.944220 71.556172 
0.994891 67.757603 
1.045080 77.254026 
1.094769 90.549019 
1.143929 79.153311 
1.192535 84.851165 
1.240565 100.045442 
1.287990 94.347588 
1.334797 107.642581 
1.380953 105.743296 
1.426442 109.541865 
1.471251 120.937573 
1.515338 124.736143 
1.558702 139.930420 
1.601312 130.433997 
1.643138 143.728989 
1.684179 145.628274 
1.724396 151.326128 
1.763784 153.225412 
1.802315 155.124697 
1.839974 164.621120 
1.876747 160.822551 
1.912613 164.621120 
1.947554 174.117544 
1.981549 170.318974 
2.014590 183.613967 
2.046656 185.513252 
2.077732 179.815398 
2.107804 195.009675 
2.136856 172.218259 
2.164872 196.908960 
2.191843 198.808244 
2.217755 200.707529 
2.242594 200.707529 
2.266349 206.405383 
2.289005 221.599660 
2.310556 212.103237 
2.330988 225.398230 
2.350295 232.995368 
2.368465 236.793938 
2.385488 240.592507 
2.401359 240.592507 
2.416069 231.096084 
2.429609 248.189646 
2.441975 246.290361 
2.453159 259.585354 
2.463157 250.088930 
2.471965 257.686069 
2.479577 251.988215 
2.485991 251.988215 
2.491201 251.988215 
2.495207 244.391076 
2.498006 261.484638 
2.499600 255.786784 
2.499979 270.981062 
2.499149 257.686069 
2.497110 261.484638 
2.493864 272.880346 
2.489411 261.484638 
2.483755 267.182492 
2.476898 270.981062 
2.468842 267.182492 
2.459594 270.981062 
2.449155 272.880346 
2.437533 265.283208 
2.424729 263.383923 
2.410754 282.376770 
2.395615 265.283208 
2.379315 265.283208 
2.361865 270.981062 
2.343273 286.175339 
2.323547 270.981062 
2.302700 278.578200 
2.280739 272.880346 
2.257676 242.491792 
2.233521 274.779631 
2.208283 270.981062 
2.181977 286.175339 
2.154619 278.578200 
2.126216 274.779631 
2.096785 274.779631 
2.066339 274.779631 
2.034898 269.081777 
2.002469 274.779631 
1.969072 265.283208 
1.934722 274.779631 
1.899441 274.779631 
1.863233 259.585354 
1.826128 267.182492 
1.788144 257.686069 
1.749291 265.283208 
1.709592 250.088930 
1.669070 253.887500 
1.627742 242.491792 
1.585622 234.894653 
1.542739 250.088930 
1.499111 238.693222 
1.454753 246.290361 
1.409696 231.096084 
1.363953 236.793938 
1.317550 238.693222 
1.270515 227.297514 
1.222866 227.297514 
1.174620 231.096084 
1.125806 221.599660 
1.076453 227.297514 
1.026579 214.002522 
0.976204 217.801091 
0.925356 215.901806 
0.874061 206.405383 
0.822343 198.808244 
0.770223 198.808244 
0.717724 196.908960 
0.664894 196.908960 
0.611737 177.916113 
0.558290 172.218259 
0.504573 168.419690 
0.450612 176.016828 
0.396433 162.721836 
0.342057 158.923266 
0.287516 138.031135 
0.232835 149.426843 
0.178042 141.829705 
0.123162 139.930420 
0.068229 130.433997 
0.013257 120.937573 
-0.041721 122.836858 
-0.096679 107.642581 
-0.151591 100.045442 
-0.206423 81.052595 
-0.261161 73.455457 
-0.315773 58.261179 
-0.370233 33.570479 
-0.424507 25.973340 
-0.478577 -0.616645 
-0.532420 -13.911638 
-0.586001 -31.005200 
-0.639298 -42.400908 
-0.692291 -38.602339 
-0.744944 -51.897331 
-0.797237 -51.897331 
-0.849150 -61.393755 
-0.900652 -63.293039 
-0.951719 -61.393755 
-1.002320 -67.091609 
-1.052436 -76.588032 
-1.102044 -68.990893 
-1.151124 -80.386601 
-1.199642 -84.185170 
-1.247580 -82.285886 
-1.294914 -91.782309 
-1.341623 -95.580878 
-1.387683 -99.379448 
-1.433071 -108.875871 
-1.477767 -116.473010 
-1.521749 -120.271579 
-1.564994 -122.170864 
-1.607487 -120.271579 
-1.649203 -135.465856 
-1.690117 -139.264426 
-1.730214 -139.264426 
-1.769474 -158.257272 
-1.807882 -150.660134 
-1.845416 -150.660134 
-1.882054 -162.055842 
-1.917785 -152.559418 
-1.952589 -160.156557 
-1.986445 -167.753696 
-2.019344 -167.753696 
-2.051267 -173.451550 
-2.082197 -177.250119 
-2.112117 -186.746542 
-2.141019 -182.947973 
-2.168882 -196.242966 
-2.195700 -211.437243 
-2.221461 -209.537958 
-2.246144 -213.336528 
-2.269739 -200.041535 
-2.292233 -213.336528 
-2.313622 -220.933666 
-2.333891 -222.832951 
-2.353032 -224.732236 
-2.371034 -224.732236 
-2.387889 -226.631520 
-2.403588 -230.430090 
-2.418126 -234.228659 
-2.431495 -238.027228 
-2.443689 -241.825798 
-2.454700 -251.322221 
-2.464524 -251.322221 
-2.473157 -255.120790 
-2.480593 -258.919360 
-2.486830 -264.617214 
-2.491864 -258.919360 
-2.495693 -270.315068 
-2.498315 -270.315068 
-2.499729 -279.811491 
-2.499934 -272.214352 
-2.498930 -276.012922 
-2.496717 -279.811491 
-2.493297 -277.912206 
-2.488671 -270.315068 
-2.482842 -279.811491 
-2.475812 -277.912206 
-2.467585 -274.113637 
-2.458164 -312.099330 
-2.447554 -287.408629 
-2.435760 -285.509345 
-2.422790 -298.804337 
-2.408649 -295.005768 
-2.393342 -289.307914 
-2.376877 -293.106483 
-2.359264 -291.207199 
-2.340502 -285.509345 
-2.320614 -298.804337 
-2.299606 -291.207199 
-2.277483 -296.905053 
-2.254259 -289.307914 
-2.229948 -287.408629 
-2.204552 -289.307914 
-2.178094 -281.710775 
-2.150584 -274.113637 
-2.122032 -272.214352 
-2.092453 -272.214352 
-2.061863 -268.415783 
-2.030275 -258.919360 
-1.997709 -272.214352 
-1.964177 -266.516498 
-1.929691 -270.315068 
-1.894272 -268.415783 
-1.857937 -260.818644 
-1.820704 -258.919360 
-1.782594 -247.523652 
-1.743614 -260.818644 
-1.703798 -245.624367 
-1.663151 -243.725082 
-1.621707 -262.717929 
-1.579475 -249.422936 
-1.536475 -239.926513 
-1.492736 -243.725082 
-1.448275 -232.329374 
-1.403113 -220.933666 
-1.357273 -234.228659 
-1.310781 -226.631520 
-1.263651 -219.034382 
-1.215909 -213.336528 
-1.167580 -222.832951 
-1.118686 -209.537958 
-1.069255 -198.142250 
-1.019308 -209.537958 
-0.968868 -188.645827 
-0.917954 -196.242966 
-0.866597 -196.242966 
-0.814825 -182.947973 
-0.762660 -173.451550 
-0.710114 -182.947973 
-0.657226 -173.451550 
-0.604019 -158.257272 
-0.550531 -162.055842 
-0.496778 -160.156557 
-0.442783 -156.357988 
-0.388575 -152.559418 
-0.334179 -154.458703 
-0.279621 -133.566572 
-0.224928 -137.365141 
-0.170121 -131.667287 
-0.115231 -129.768002 
-0.060292 -122.170864 
-0.005323 -122.170864 
0.049649 -103.178017 
0.104596 -103.178017 
0.159498 -103.178017 
0.214329 -86.084455 
0.269045 -82.285886 
0.323637 -67.091609 
0.378072 -49.998047 
0.432319 -44.300193 
0.486362 -8.213784 
0.540164 22.174771 
0.593705 -6.314499 
0.646959 44.966187 
0.699906 43.066902 
0.752509 58.261179 
0.804753 52.563325 
0.856608 52.563325 
0.908044 62.059749 
0.959046 69.656887 
1.009578 73.455457 
1.059623 79.153311 
1.109155 81.052595 
1.158156 90.549019 
1.206592 86.750449 
1.254449 88.649734 
1.301695 100.045442 
1.348311 103.844011 
1.394280 111.441150 
1.439570 115.239719 
1.484169 122.836858 
1.528045 120.937573 
1.571187 138.031135 
1.613569 132.333281 
1.655170 141.829705 
1.695972 143.728989 
1.735948 153.225412 
1.775086 145.628274 
1.813365 157.023982 
1.850767 155.124697 
1.887274 157.023982 
1.922869 158.923266 
1.957534 174.117544 
1.991253 174.117544 
2.024008 183.613967 
2.055785 176.016828 
2.086571 183.613967 
2.116348 195.009675 
2.145102 196.908960 
2.172815 196.908960 
2.199480 204.506098 
2.225081 196.908960 
2.249604 183.613967 
2.273039 215.901806 
2.295377 200.707529 
2.316603 227.297514 
2.336711 215.901806 
2.355687 231.096084 
2.373525 231.096084 
2.390216 236.793938 
2.405749 229.196799 
2.420120 240.592507 
2.433321 234.894653 
2.445344 255.786784 
2.456184 248.189646 
2.465837 251.988215 
2.474298 244.391076 
2.481562 251.988215 
2.487626 248.189646 
2.492487 242.491792 
2.496143 259.585354 
2.498592 259.585354 
2.499833 261.484638 
2.499864 265.283208 
2.498687 257.686069 
2.496301 267.182492 
2.492708 265.283208 
2.487910 259.585354 
2.481909 270.981062 
2.474708 259.585354 
2.466310 274.779631 
2.456720 257.686069 
2.445940 274.779631 
2.433979 259.585354 
2.420841 282.376770 
2.406531 265.283208 
2.391059 267.182492 
2.374430 272.880346 
2.356654 274.779631 
2.337738 282.376770 
2.317689 270.981062 
2.296522 280.477485 
2.274242 270.981062 
2.250864 282.376770 
2.226398 265.283208 
2.200856 286.175339 
2.174249 270.981062 
2.146588 280.477485 
2.117889 272.880346 
2.088166 280.477485 
2.057436 272.880346 
2.025711 274.779631 
1.993007 272.880346 
1.959339 274.779631 
1.924716 274.779631 
1.889174 270.981062 
1.852714 261.484638 
1.815359 265.283208 
1.777121 265.283208 
1.738024 265.283208 
1.698087 248.189646 
1.657333 253.887500 
1.615773 242.491792 
1.573436 242.491792 
1.530338 250.088930 
1.486500 246.290361 
1.441943 240.592507 
1.396685 240.592507 
1.350746 242.491792 
1.304163 231.096084 
1.256950 227.297514 
1.209124 234.894653 
1.160718 229.196799 
1.111746 227.297514 
1.062242 227.297514 
1.012219 215.901806 
0.961711 215.901806 
0.910733 204.506098 
0.859320 204.506098 
0.807486 198.808244 
0.755256 189.311821 
0.702666 204.506098 
0.649736 187.412536 
0.596498 176.016828 
0.542971 174.117544 
0.489182 164.621120 
0.435145 168.419690 
0.380903 155.124697 
0.326482 160.822551 
0.271898 151.326128 
0.217188 143.728989 
0.162373 134.232566 
0.107474 139.930420 
0.052523 120.937573 
-0.002459 128.534712 
-0.057428 113.340435 
-0.112370 100.045442 
-0.167269 84.851165 
-0.222081 77.254026 
-0.276786 50.664041 
-0.331352 44.966187 
-0.385762 27.872625 
-0.439981 3.181924 
-0.493992 -12.012353 
-0.547759 -32.904485 
-0.601267 -42.400908 
-0.654478 -44.300193 
-0.707379 -49.998047 
-0.759937 -48.098762 
-0.812122 -49.998047 
-0.863920 -61.393755 
-0.915300 -57.595185 
-0.966238 -61.393755 
-1.016703 -68.990893 
-1.066676 -63.293039 
-1.116139 -78.487316 
-1.165062 -68.990893 
-1.213421 -84.185170 
-1.261193 -86.084455 
-1.308356 -99.379448 
-1.354886 -105.077302 
-1.400760 -99.379448 
-1.445953 -106.976586 
-1.490451 -116.473010 
-1.534223 -124.070148 
-1.577254 -120.271579 
-1.619526 -125.969433 
-1.661011 -127.868718 
-1.701693 -135.465856 
-1.741560 -141.163710 
-1.780577 -143.062995 
-1.818732 -146.861564 
-1.856012 -148.760849 
-1.892398 -154.458703 
-1.927862 -156.357988 
-1.962396 -162.055842 
-1.995979 -165.854411 
-2.028596 -177.250119 
-2.060235 -173.451550 
-2.090875 -177.250119 
-2.120507 -190.545112 
-2.149111 -190.545112 
-2.176675 -203.840104 
-2.203184 -205.739389 
-2.228633 -205.739389 
-2.253002 -209.537958 
-2.276282 -207.638674 
-2.298461 -215.235812 
-2.319530 -222.832951 
-2.339478 -220.933666 
-2.358294 -226.631520 
-2.375970 -222.832951 
-2.392495 -230.430090 
-2.407865 -232.329374 
-2.422068 -230.430090 
-2.435103 -239.926513 
-2.446960 -243.725082 
-2.457632 -245.624367 
-2.467116 -258.919360 
-2.475408 -257.020075 
-2.482502 -262.717929 
-2.488395 -257.020075 
-2.493084 -264.617214 
-2.496567 -262.717929 
-2.498864 -276.012922 
-2.499917 -272.214352 
-2.499761 -276.012922 
-2.498396 -283.610060 
-2.495823 -276.012922 
-2.492043 -272.214352 
-2.487058 -279.811491 
-2.480870 -272.214352 
-2.473483 -272.214352 
-2.464900 -283.610060 
-2.455125 -277.912206 
-2.444162 -285.509345 
-2.432017 -289.307914 
-2.418695 -291.207199 
-2.404204 -295.005768 
-2.388552 -291.207199 
-2.371742 -289.307914 
-2.353788 -289.307914 
-2.334694 -289.307914 
-2.314470 -289.307914 
-2.293130 -291.207199 
-2.270680 -287.408629 
-2.247130 -283.610060 
-2.222493 -281.710775 
-2.196779 -287.408629 
-2.170008 -276.012922 
-2.142184 -272.214352 
-2.113328 -276.012922 
-2.083449 -268.415783 
-2.052560 -270.315068 
-2.020679 -266.516498 
-1.987823 -264.617214 
-1.954003 -260.818644 
-1.919241 -260.818644 
-1.883548 -270.315068 
-1.846943 -253.221506 
-1.809442 -266.516498 
-1.771073 -258.919360 
-1.731844 -249.422936 
-1.691777 -251.322221 
-1.650892 -241.825798 
-1.609208 -251.322221 
-1.566747 -238.027228 
-1.523527 -243.725082 
-1.479566 -238.027228 
-1.434890 -224.732236 
-1.389528 -228.530805 
-1.343491 -215.235812 
-1.296808 -222.832951 
-1.249488 -219.034382 
-1.201569 -213.336528 
-1.153069 -215.235812 
-1.104011 -205.739389 
-1.054424 -200.041535 
-1.004327 -200.041535 
-0.953745 -192.444396 
-0.902702 -196.242966 
-0.851216 -192.444396 
-0.799319 -179.149404 
-0.747041 -179.149404 
-0.694402 -179.149404 
-0.641427 -165.854411 
-0.588136 -163.955126 
-0.534561 -165.854411 
-0.480733 -173.451550 
-0.426672 -158.257272 
-0.372405 -148.760849 
-0.317953 -160.156557 
-0.263341 -141.163710 
-0.208613 -131.667287 
-0.153778 -129.768002 
-0.098869 -122.170864 
-0.043907 -124.070148 
0.011066 -120.271579 
0.066038 -103.178017 
0.120979 -105.077302 
0.175861 -82.285886 
0.230653 -82.285886 
0.285333 -61.393755 
0.339875 -51.897331 
0.394253 -48.098762 
0.448440 -6.314499 
0.502410 27.872625 
0.556143 20.275486 
0.609612 43.066902 
0.662787 46.865471 
0.715635 48.764756 
0.768137 48.764756 
0.820263 46.865471 
0.871992 54.462610 
0.923304 62.059749 
0.974170 65.858318 
1.024560 69.656887 
1.074454 75.354741 
1.123834 84.851165 
1.172665 81.052595 
1.220929 90.549019 
1.268603 88.649734 
1.315663 105.743296 
1.362097 105.743296 
1.407867 113.340435 
1.452952 111.441150 
1.497329 117.139004 
1.540992 128.534712 
1.583909 132.333281 
1.626056 149.426843 
1.667417 138.031135 
1.707976 149.426843 
1.747708 143.728989 
1.786596 158.923266 
1.824619 143.728989 
1.861760 160.822551 
1.898000 153.225412 
1.933319 179.815398 
1.967696 176.016828 
2.001129 170.318974 
2.033598 185.513252 
2.065076 177.916113 
2.095563 183.613967 
2.125033 191.211106 
2.153481 198.808244 
2.180882 193.110390 
2.207231 195.009675 
2.232512 198.808244 
2.256719 214.002522 
2.279834 214.002522 
2.301839 221.599660 
2.322731 225.398230 
2.342500 227.297514 
2.361137 232.995368 
2.378631 236.793938 
2.394979 238.693222 
2.410165 238.693222 
2.424188 240.592507 
2.437037 255.786784 
2.448709 250.088930 
2.459194 250.088930 
2.468492 242.491792 
2.476595 240.592507 
2.483501 251.988215 
2.489205 244.391076 
2.493706 251.988215 
2.497002 250.088930 
2.499089 253.887500 
2.499969 263.383923 
2.499639 259.585354 
2.498101 267.182492 
2.495354 259.585354 
2.491398 263.383923 
2.486238 265.283208 
2.479877 259.585354 
2.472317 274.779631 
2.463561 259.585354 
2.453613 267.182492 
2.442479 270.981062 
2.430163 272.880346 
2.416672 270.981062 
2.402013 269.081777 
2.386194 282.376770 
2.369220 272.880346 
2.351101 286.175339 
2.331845 280.477485 
2.311457 272.880346 
2.289953 269.081777 
2.267342 288.074624 
2.243634 270.981062 
2.218844 282.376770 
2.192978 274.779631 
2.166049 276.678916 
2.138077 274.779631 
2.109069 263.383923 
2.079044 272.880346 
2.048014 276.678916 
2.015990 274.779631 
1.982995 270.981062 
1.949037 274.779631 
1.914136 274.779631 
1.878314 259.585354 
1.841579 267.182492 
1.803958 267.182492 
1.765464 265.283208 
1.726113 261.484638 
1.685927 255.786784 
1.644925 251.988215 
1.603133 242.491792 
1.560556 240.592507 
1.517233 244.391076 
1.473177 251.988215 
1.428404 236.793938 
1.382940 246.290361 
1.336807 232.995368 
1.290027 234.894653 
1.242629 236.793938 
1.194625 231.096084 
1.146043 225.398230 
1.096907 221.599660 
1.047245 223.498945 
0.997072 219.700376 
0.946416 206.405383 
0.895309 204.506098 
0.843768 208.304668 
0.791819 196.908960 
0.739482 202.606814 
0.686793 191.211106 
0.633761 181.714682 
0.580427 176.016828 
0.526819 170.318974 
0.472950 160.822551 
0.418852 168.419690 
0.364552 160.822551 
0.310081 160.822551 
0.255455 138.031135 
0.200711 149.426843 
0.145869 107.642581 
0.090946 132.333281 
0.035985 124.736143 
-0.018994 120.937573 
-0.073964 107.642581 
-0.128892 90.549019 
-0.183764 75.354741 
-0.238546 60.160464 
-0.293219 46.865471 
-0.348053 35.469763 
-0.402409 12.678347 
-0.456571 -2.515930 
-0.510506 -12.012353 
-0.564195 -32.904485 
-0.617616 -34.803769 
-0.670739 -44.300193 
-0.723537 -46.199477 
-0.775985 -44.300193 
-0.828052 -57.595185 
-0.879725 -55.695901 
-0.930967 -63.293039 
-0.981758 -59.494470 
-1.032080 -67.091609 
-1.081903 -68.990893 
-1.131198 -74.688747 
-1.179955 -84.185170 
-1.228132 -87.983740 
-1.275720 -91.782309 
-1.322691 -99.379448 
-1.369022 -97.480163 
-1.414687 -99.379448 
-1.459667 -106.976586 
-1.503946 -112.674440 
-1.547498 -114.573725 
-1.590297 -124.070148 
-1.632327 -125.969433 
-1.673568 -118.372294 
-1.714004 -127.868718 
-1.753611 -141.163710 
-1.792365 -144.962280 
-1.830257 -146.861564 
-1.867264 -152.559418 
-1.903367 -154.458703 
-1.938547 -165.854411 
-1.972792 -156.357988 
-2.006084 -169.652980 
-2.038405 -173.451550 
-2.069741 -173.451550 
-2.100072 -173.451550 
-2.129391 -175.350834 
-2.157677 -196.242966 
-2.184917 -190.545112 
-2.211104 -201.940820 
-2.236221 -203.840104 
-2.260257 -209.537958 
-2.283200 -219.034382 
-2.305042 -211.437243 
-2.325768 -224.732236 
-2.345370 -226.631520 
-2.363835 -226.631520 
-2.381160 -228.530805 
-2.397332 -228.530805 
-2.412346 -234.228659 
-2.426192 -228.530805 
-2.438865 -245.624367 
-2.450359 -243.725082 
-2.460667 -247.523652 
-2.469785 -255.120790 
-2.477710 -258.919360 
-2.484436 -260.818644 
-2.489960 -260.818644 
-2.494280 -270.315068 
-2.497393 -264.617214 
-2.499299 -277.912206 
-2.499996 -279.811491 
-2.499485 -279.811491 
-2.497764 -276.012922 
-2.494836 -276.012922 
-2.490701 -277.912206 
-2.485362 -279.811491 
-2.478821 -279.811491 
-2.471081 -276.012922 
-2.462147 -279.811491 
-2.452021 -272.214352 
-2.440709 -285.509345 
-2.428218 -283.610060 
-2.414552 -287.408629 
-2.399718 -300.703622 
-2.383723 -291.207199 
-2.366575 -293.106483 
-2.348285 -287.408629 
-2.328859 -287.408629 
-2.308305 -287.408629 
-2.286637 -289.307914 
-2.263859 -283.610060 
-2.239990 -283.610060 
-2.215036 -281.710775 
-2.189010 -274.113637 
-2.161928 -276.012922 
-2.133802 -272.214352 
-2.104640 -268.415783 
-2.074463 -266.516498 
-2.043281 -266.516498 
-2.011113 -264.617214 
-1.977970 -268.415783 
-1.943873 -260.818644 
-1.908833 -266.516498 
-1.872873 -264.617214 
-1.836008 -258.919360 
-1.798251 -249.422936 
-1.759629 -258.919360 
-1.720156 -247.523652 
-1.679850 -239.926513 
-1.638729 -239.926513 
-1.596815 -236.127944 
-1.554128 -234.228659 
-1.510690 -251.322221 
-1.466526 -238.027228 
-1.421648 -234.228659 
-1.376082 -224.732236 
-1.329856 -219.034382 
-1.282977 -213.336528 
-1.235483 -220.933666 
-1.187395 -219.034382 
-1.138729 -209.537958 
-1.089517 -211.437243 
-1.039773 -200.041535 
-0.989531 -190.545112 
-0.938806 -198.142250 
-0.887621 -186.746542 
-0.836018 -184.847258 
-0.784010 -188.645827 
-0.731618 -177.250119 
-0.678872 -169.652980 
-0.625809 -165.854411 
-0.572437 -165.854411 
-0.518783 -160.156557 
-0.464879 -148.760849 
-0.410744 -150.660134 
-0.356421 -150.660134 
-0.301926 -133.566572 
-0.247280 -139.264426 
-0.192519 -133.566572 
-0.137666 -127.868718 
-0.082740 -118.372294 
-0.027780 -114.573725 
0.027199 -112.674440 
0.082165 -106.976586 
0.137086 -99.379448 
0.191940 -87.983740 
0.246708 -72.789462 
0.301356 -63.293039 
0.355852 -51.897331 
0.410182 -40.501623 
0.464314 12.678347 
0.518216 22.174771 
0.571867 25.973340 
0.625241 43.066902 
0.678335 41.167617 
0.731079 44.966187 
0.783470 48.764756 
0.835481 58.261179 
0.887089 58.261179 
0.938268 60.160464 
0.988998 67.757603 
1.039250 69.656887 
1.088994 75.354741 
1.138217 75.354741 
1.186889 82.951880 
1.234983 92.448303 
1.282484 96.246873 
1.329360 100.045442 
1.375593 111.441150 
1.426861 109.541865 
1.471394 107.642581 
1.515483 136.131851 
1.558831 130.433997 
1.601430 128.534712 
1.643254 139.930420 
1.684284 130.433997 
1.724504 111.441150 
1.763885 138.031135 
1.802418 149.426843 
1.840074 147.527558 
1.876845 166.520405 
1.912709 162.721836 
1.947647 162.721836 
1.981643 166.520405 
2.014681 176.016828 
2.046741 160.822551 
2.077815 181.714682 
2.107880 183.613967 
2.136930 191.211106 
2.164946 185.513252 
2.191915 191.211106 
2.217824 206.405383 
2.242660 204.506098 
2.266409 202.606814 
2.289062 214.002522 
2.310609 215.901806 
2.331038 225.398230 
2.350340 225.398230 
2.368507 232.995368 
2.385528 231.096084 
2.401396 234.894653 
2.416103 232.995368 
2.429641 248.189646 
2.442006 246.290361 
2.453188 242.491792 
2.463185 246.290361 
2.471988 246.290361 
2.479597 238.693222 
2.486007 236.793938 
2.491214 250.088930 
2.495217 255.786784 
2.498013 251.988215 
2.499600 257.686069 
2.499979 259.585354 
2.499149 259.585354 
2.497111 265.283208 
2.493865 265.283208 
2.489413 265.283208 
2.483757 261.484638 
2.476900 269.081777 
2.468845 259.585354 
2.459594 274.779631 
2.449153 265.283208 
2.437530 274.779631 
2.424727 274.779631 
2.410752 265.283208 
2.395613 276.678916 
2.379313 274.779631 
2.361863 289.973908 
2.343270 278.578200 
2.323547 270.981062 
2.302697 272.880346 
2.280734 274.779631 
2.257670 269.081777 
2.233512 280.477485 
2.208277 274.779631 
2.181971 270.981062 
2.154610 276.678916 
2.126209 267.182492 
2.096781 280.477485 
2.066338 269.081777 
2.034897 278.578200 
2.002471 270.981062 
1.969078 282.376770 
1.934732 267.182492 
1.899447 267.182492 
1.863247 257.686069 
1.826142 261.484638 
1.788158 263.383923 
1.749306 244.391076 
1.709607 248.189646 
1.669082 242.491792 
1.627753 242.491792 
1.585638 251.988215 
1.542756 238.693222 
1.499128 250.088930 
1.454770 232.995368 
1.409709 250.088930 
1.363956 242.491792 
1.317554 227.297514 
1.270519 242.491792 
1.222869 234.894653 
1.174628 236.793938 
1.125820 231.096084 
1.076466 221.599660 
1.026588 219.700376 
0.976212 208.304668 
0.925365 206.405383 
0.874075 200.707529 
0.822358 202.606814 
0.770248 210.203952 
0.717760 195.009675 
0.664920 176.016828 
0.611769 179.815398 
0.558322 181.714682 
0.504605 170.318974 
0.450644 168.419690 
0.396465 170.318974 
0.342095 153.225412 
0.287553 149.426843 
0.232873 149.426843 
0.178085 136.131851 
0.123206 132.333281 
0.068273 136.131851 
0.013301 124.736143 
-0.041678 119.038289 
-0.096636 107.642581 
-0.151547 92.448303 
-0.206380 81.052595 
-0.261124 65.858318 
-0.315730 54.462610 
-0.370184 39.268333 
-0.424464 8.879778 
-0.478534 6.980493 
-0.532372 -25.307346 
-0.585958 -25.307346 
-0.639261 -29.105915 
-0.692249 -51.897331 
-0.744908 -53.796616 
-0.797207 -51.897331 
-0.849120 -63.293039 
-0.900622 -55.695901 
-0.951684 -68.990893 
-1.002290 -87.983740 
-1.052412 -65.192324 
-1.102025 -78.487316 
-1.151105 -86.084455 
-1.199623 -87.983740 
-1.247566 -82.285886 
-1.294906 -95.580878 
-1.341619 -93.681594 
-1.387679 -105.077302 
-1.433068 -106.976586 
-1.477769 -108.875871 
-1.521754 -114.573725 
-1.565000 -122.170864 
-1.607493 -127.868718 
-1.649209 -137.365141 
-1.690122 -137.365141 
-1.730219 -133.566572 
-1.769479 -139.264426 
-1.807887 -150.660134 
-1.845421 -150.660134 
-1.882062 -152.559418 
-1.917790 -162.055842 
-1.952594 -163.955126 
-1.986453 -165.854411 
-2.019348 -171.552265 
-2.051267 -182.947973 
-2.082198 -181.048688 
-2.112121 -186.746542 
-2.141087 -184.847258 
-2.168948 -186.746542 
-2.195760 -196.242966 
-2.221511 -201.940820 
-2.246189 -211.437243 
-2.269782 -211.437243 
-2.292277 -211.437243 
-2.313661 -220.933666 
-2.333928 -217.135097 
-2.353065 -230.430090 
-2.371063 -228.530805 
-2.387916 -234.228659 
-2.403614 -232.329374 
-2.418150 -241.825798 
-2.431518 -232.329374 
-2.443708 -249.422936 
-2.454718 -249.422936 
-2.464539 -243.725082 
-2.473171 -258.919360 
-2.480605 -258.919360 
-2.486840 -253.221506 
-2.491872 -262.717929 
-2.495699 -268.415783 
-2.498319 -276.012922 
-2.499730 -266.516498 
-2.499933 -279.811491 
-2.498928 -281.710775 
-2.496713 -274.113637 
-2.493291 -283.610060 
-2.488663 -281.710775 
-2.482832 -277.912206 
-2.475800 -281.710775 
-2.467571 -279.811491 
-2.458148 -277.912206 
-2.447536 -279.811491 
-2.435742 -285.509345 
-2.422770 -289.307914 
-2.408627 -289.307914 
-2.393317 -295.005768 
-2.376850 -296.905053 
-2.359235 -300.703622 
-2.340480 -289.307914 
-2.320592 -287.408629 
-2.299583 -304.502191 
-2.277459 -287.408629 
-2.254234 -298.804337 
-2.229919 -289.307914 
-2.204528 -287.408629 
-2.178068 -281.710775 
-2.150557 -276.012922 
-2.122004 -272.214352 
-2.092421 -268.415783 
-2.061827 -266.516498 
-2.030238 -264.617214 
-1.997670 -264.617214 
-1.964134 -264.617214 
-1.929647 -266.516498 
-1.894227 -266.516498 
-1.857891 -270.315068 
-1.820656 -264.617214 
-1.782541 -258.919360 
-1.743564 -251.322221 
-1.703747 -249.422936 
-1.663103 -243.725082 
-1.621659 -239.926513 
-1.579421 -239.926513 
-1.536429 -243.725082 
-1.492694 -236.127944 
-1.448232 -234.228659 
-1.403074 -230.430090 
-1.357238 -226.631520 
-1.310746 -219.034382 
-1.263615 -219.034382 
-1.215873 -222.832951 
-1.167548 -217.135097 
-1.118659 -211.437243 
-1.069228 -205.739389 
-1.019276 -198.142250 
-0.968830 -192.444396 
-0.917921 -196.242966 
-0.866558 -184.847258 
-0.814786 -179.149404 
-0.762615 -182.947973 
-0.710080 -175.350834 
-0.657197 -175.350834 
-0.604001 -160.156557 
-0.550513 -163.955126 
-0.496759 -154.458703 
-0.442765 -150.660134 
-0.388551 -148.760849 
-0.334149 -143.062995 
-0.279586 -143.062995 
-0.224887 -135.465856 
-0.170086 -139.264426 
-0.115196 -124.070148 
-0.060251 -122.170864 
-0.005282 -118.372294 
0.049695 -112.674440 
0.104648 -106.976586 
0.159545 -95.580878 
0.214365 -93.681594 
0.269081 -78.487316 
0.323672 -68.990893 
0.378107 -59.494470 
0.432359 -44.300193 
0.486397 10.779063 
0.540204 22.174771 
0.593751 29.771909 
0.647005 46.865471 
0.699946 44.966187 
0.752548 46.865471 
0.804787 52.563325 
0.856636 48.764756 
0.908072 58.261179 
0.959073 65.858318 
1.009606 73.455457 
1.059650 71.556172 
1.109182 75.354741 
1.158182 84.851165 
1.206618 84.851165 
1.254475 92.448303 
1.301725 100.045442 
1.348341 103.844011 
1.394314 105.743296 
1.439604 109.541865 
1.484197 126.635427 
1.528078 119.038289 
1.571219 134.232566 
1.613596 139.930420 
1.655197 136.131851 
1.695998 145.628274 
1.735978 149.426843 
1.775115 147.527558 
1.813393 147.527558 
1.850799 157.023982 
1.887309 160.822551 
1.922910 164.621120 
1.957577 160.822551 
1.991298 138.031135 
2.024056 174.117544 
2.055834 176.016828 
2.086616 183.613967 
2.116388 185.513252 
2.145140 187.412536 
2.172855 196.908960 
2.199518 196.908960 
2.225115 212.103237 
2.249639 214.002522 
2.273075 206.405383 
2.295412 221.599660 
2.316638 215.901806 
2.336742 223.498945 
2.355718 234.894653 
2.373554 227.297514 
2.390243 231.096084 
2.405774 238.693222 
2.420142 231.096084 
2.433341 251.988215 
2.445363 242.491792 
2.456202 251.988215 
2.465854 246.290361 
2.474313 244.391076 
2.481574 255.786784 
2.487636 240.592507 
2.492495 257.686069 
2.496149 250.088930 
2.498596 259.585354 
2.499834 259.585354 
2.499863 259.585354 
2.498684 269.081777 
2.496296 259.585354 
2.492701 263.383923 
2.487900 270.981062 
2.481897 263.383923 
2.474693 274.779631 
2.466291 259.585354 
2.456696 276.678916 
2.445915 265.283208 
2.433952 276.678916 
2.420811 270.981062 
2.406500 280.477485 
2.391024 265.283208 
2.374389 280.477485 
2.356610 282.376770 
2.337691 267.182492 
2.317642 278.578200 
2.296470 272.880346 
2.274189 276.678916 
2.250807 274.779631 
2.226333 274.779631 
2.200788 280.477485 
2.174176 282.376770 
2.146515 270.981062 
2.117816 280.477485 
2.088094 269.081777 
2.057358 251.988215 
2.025628 278.578200 
1.992917 265.283208 
1.959247 244.391076 
1.924622 267.182492 
1.889069 261.484638 
1.852607 259.585354 
1.815249 267.182492 
1.777009 270.981062 
1.737905 250.088930 
1.697970 259.585354 
1.657217 242.491792 
1.615659 248.189646 
1.573316 248.189646 
1.530216 251.988215 
1.486376 242.491792 
1.441808 238.693222 
1.396547 251.988215 
1.350611 238.693222 
1.304022 227.297514 
1.256802 240.592507 
1.208974 227.297514 
1.160557 236.793938 
1.111578 221.599660 
1.062072 227.297514 
1.012052 219.700376 
0.961537 212.103237 
0.910558 206.405383 
0.859138 208.304668 
0.807302 196.908960 
0.755077 200.707529 
0.702486 195.009675 
0.649549 174.117544 
0.596310 181.714682 
0.542782 181.714682 
0.488986 166.520405 
0.434943 174.117544 
0.380706 164.621120 
0.326279 158.923266 
0.271700 149.426843 
0.216984 147.527558 
0.162158 147.527558 
0.107258 126.635427 
0.052296 134.232566 
-0.002681 124.736143 
-0.057662 113.340435 
-0.112609 96.246873 
-0.167496 88.649734 
-0.222302 65.858318 
-0.277007 58.261179 
-0.331577 41.167617 
-0.385982 29.771909 
-0.440200 3.181924 
-0.494204 -8.213784 
-0.547970 -21.508777 
-0.601477 -36.703054 
-0.654693 -40.501623 
-0.707592 -48.098762 
-0.760148 -49.998047 
-0.812338 -53.796616 
-0.864134 -55.695901 
-0.915507 -59.494470 
-0.966442 -57.595185 
-1.016906 -72.789462 
-1.066882 -68.990893 
-1.116342 -68.990893 
-1.165263 -80.386601 
-1.213620 -82.285886 
-1.261395 -87.983740 
-1.308555 -89.883024 
-1.355082 -105.077302 
-1.400958 -105.077302 
-1.446148 -105.077302 
-1.490643 -118.372294 
-1.534412 -116.473010 
-1.577444 -127.868718 
-1.619708 -129.768002 
-1.661190 -133.566572 
-1.701868 -135.465856 
-1.741727 -139.264426 
-1.780744 -141.163710 
-1.818896 -150.660134 
-1.856172 -154.458703 
-1.892547 -156.357988 
-1.928010 -154.458703 
-1.962538 -154.458703 
-1.996119 -160.156557 
-2.028736 -171.552265 
-2.060371 -175.350834 
-2.091006 -182.947973 
-2.120631 -190.545112 
-2.149233 -184.847258 
-2.176793 -192.444396 
-2.203303 -196.242966 
-2.228744 -205.739389 
-2.253108 -211.437243 
-2.276385 -211.437243 
-2.298561 -230.430090 
-2.319626 -219.034382 
-2.339568 -224.732236 
-2.358377 -228.530805 
-2.376046 -236.127944 
-2.392566 -230.430090 
-2.407930 -236.127944 
-2.422129 -238.027228 
-2.435156 -245.624367 
-2.447007 -245.624367 
-2.457674 -245.624367 
-2.467153 -251.322221 
-2.475439 -264.617214 
-2.482528 -260.818644 
-2.488416 -258.919360 
-2.493101 -270.315068 
-2.496579 -274.113637 
-2.498850 -272.214352 
-2.499913 -277.912206 
-2.499767 -276.012922 
-2.498412 -279.811491 
-2.495849 -281.710775 
-2.492079 -281.710775 
-2.487103 -276.012922 
-2.480925 -279.811491 
-2.473547 -272.214352 
-2.464973 -279.811491 
-2.455207 -281.710775 
-2.444253 -281.710775 
-2.432119 -287.408629 
-2.418806 -291.207199 
-2.404324 -295.005768 
-2.388680 -296.905053 
-2.371878 -295.005768 
-2.353930 -289.307914 
-2.334845 -287.408629 
-2.314632 -298.804337 
-2.293300 -298.804337 
-2.270857 -293.106483 
-2.247318 -289.307914 
-2.222692 -285.509345 
-2.196989 -281.710775 
-2.170223 -272.214352 
-2.142408 -272.214352 
-2.113559 -264.617214 
-2.083686 -272.214352 
-2.052808 -266.516498 
-2.020937 -274.113637 
-1.988089 -272.214352 
-1.954277 -264.617214 
-1.919523 -272.214352 
-1.883837 -264.617214 
-1.847243 -266.516498 
-1.809757 -257.020075 
-1.771395 -249.422936 
-1.732177 -247.523652 
-1.692117 -239.926513 
-1.651243 -243.725082 
-1.609571 -245.624367 
-1.567120 -236.127944 
-1.523907 -243.725082 
-1.479957 -239.926513 
-1.435291 -226.631520 
-1.389936 -226.631520 
-1.343904 -220.933666 
-1.297222 -213.336528 
-1.249917 -213.336528 
-1.202008 -217.135097 
-1.153508 -211.437243 
-1.104455 -207.638674 
-1.054873 -196.242966 
-1.004781 -196.242966 
-0.954203 -190.545112 
-0.903159 -186.746542 
-0.851682 -182.947973 
-0.799789 -192.444396 
-0.747509 -173.451550 
-0.694873 -181.048688 
-0.641895 -173.451550 
-0.588607 -169.652980 
-0.535029 -163.955126 
-0.481197 -154.458703 
-0.427139 -143.062995 
-0.372868 -154.458703 
-0.318422 -143.062995 
-0.263823 -137.365141 
-0.209096 -135.465856 
-0.154262 -127.868718 
-0.099359 -129.768002 
-0.044408 -116.473010 
