0.000010 -97.480163 
0.094230 -82.285886 
0.188325 -76.588032 
0.282144 -63.293039 
0.375571 -55.695901 
0.468455 -53.796616 
0.560683 -36.703054 
0.652114 6.980493 
0.742618 31.671194 
0.832066 27.872625 
0.920324 46.865471 
1.007273 60.160464 
1.092791 54.462610 
1.176765 65.858318 
1.259075 60.160464 
1.339588 73.455457 
1.418188 90.549019 
1.494773 79.153311 
1.569242 94.347588 
1.641481 107.642581 
1.712644 109.541865 
1.780072 105.743296 
1.844964 122.836858 
1.907241 130.433997 
1.966801 145.628274 
2.023566 143.728989 
2.077457 157.023982 
2.128395 168.419690 
2.176314 168.419690 
2.221136 166.520405 
2.262802 189.311821 
2.301256 198.808244 
2.336436 189.311821 
2.368297 196.908960 
2.396795 204.506098 
2.421887 204.506098 
2.443533 219.700376 
2.461711 223.498945 
2.476389 210.203952 
2.487549 221.599660 
2.495174 227.297514 
2.499253 221.599660 
2.499781 225.398230 
2.496756 238.693222 
2.490183 229.196799 
2.480071 238.693222 
2.466434 244.391076 
2.449292 240.592507 
2.428667 244.391076 
2.404594 242.491792 
2.377105 255.786784 
2.346229 248.189646 
2.312024 253.887500 
2.274537 257.686069 
2.233814 253.887500 
2.189922 265.283208 
2.142917 251.988215 
2.092868 253.887500 
2.039833 253.887500 
1.983899 259.585354 
1.925152 251.988215 
1.863674 244.391076 
1.799542 251.988215 
1.732860 253.887500 
1.663715 263.383923 
1.592206 244.391076 
1.518435 246.290361 
1.442506 246.290361 
1.364528 242.491792 
1.284603 240.592507 
1.202869 232.995368 
1.119408 231.096084 
1.034366 234.894653 
0.947854 229.196799 
0.859986 221.599660 
0.770905 215.901806 
0.680720 214.002522 
0.589576 214.002522 
0.497595 208.304668 
0.404907 195.009675 
0.311643 189.311821 
0.217937 183.613967 
0.123920 185.513252 
0.029719 181.714682 
-0.064526 170.318974 
-0.158678 160.822551 
-0.252595 157.023982 
-0.346154 145.628274 
-0.439230 130.433997 
-0.531672 107.642581 
-0.623359 44.966187 
-0.714160 -8.213784 
-0.803947 -15.810923 
-0.892591 -23.408061 
-0.979967 -44.300193 
-1.065959 -53.796616 
-1.150428 -68.990893 
-1.233262 -76.588032 
-1.314343 -78.487316 
-1.393557 -87.983740 
-1.470799 -93.681594 
-1.545951 -99.379448 
-1.618906 -101.278732 
-1.689559 -108.875871 
-1.757805 -118.372294 
-1.823573 -133.566572 
-1.886729 -135.465856 
-1.947205 -137.365141 
-2.004919 -144.962280 
-2.059779 -154.458703 
-2.111717 -162.055842 
-2.160649 -165.854411 
-2.206515 -167.753696 
-2.249242 -182.947973 
-2.288776 -184.847258 
-2.325054 -194.343681 
-2.358032 -200.041535 
-2.387658 -200.041535 
-2.413892 -209.537958 
-2.436692 -215.235812 
-2.456032 -205.739389 
-2.471880 -209.537958 
-2.484217 -211.437243 
-2.493023 -226.631520 
-2.498286 -224.732236 
-2.499999 -238.027228 
-2.498159 -251.322221 
-2.492769 -251.322221 
-2.483837 -257.020075 
-2.471375 -251.322221 
-2.455401 -262.717929 
-2.435939 -264.617214 
-2.413013 -266.516498 
-2.386660 -264.617214 
-2.356917 -264.617214 
-2.323821 -258.919360 
-2.287422 -247.523652 
-2.247777 -249.422936 
-2.204934 -247.523652 
-2.158952 -255.120790 
-2.109906 -257.020075 
-2.057867 -253.221506 
-2.002904 -253.221506 
-1.945096 -257.020075 
-1.884523 -255.120790 
-1.821273 -249.422936 
-1.755435 -247.523652 
-1.687103 -245.624367 
-1.616373 -251.322221 
-1.543340 -251.322221 
-1.468113 -241.825798 
-1.390799 -236.127944 
-1.311509 -238.027228 
-1.230355 -226.631520 
-1.147461 -220.933666 
-1.062936 -215.235812 
-0.976893 -215.235812 
-0.889461 -215.235812 
-0.800765 -211.437243 
-0.710940 -203.840104 
-0.620105 -200.041535 
-0.528379 -188.645827 
-0.435903 -179.149404 
-0.342816 -167.753696 
-0.249233 -162.055842 
-0.155296 -163.955126 
-0.061138 -163.955126 
0.033098 -148.760849 
0.127295 -143.062995 
0.221303 -135.465856 
0.314996 -124.070148 
0.408251 -116.473010 
0.500925 -110.775156 
0.592879 -86.084455 
0.683999 -23.408061 
0.774147 8.879778 
0.863186 16.476917 
0.951007 43.066902 
1.037468 62.059749 
1.122455 60.160464 
1.205847 54.462610 
1.287526 58.261179 
1.367375 71.556172 
1.445281 79.153311 
1.521134 84.851165 
1.594825 98.146157 
1.666250 98.146157 
1.735322 107.642581 
1.801913 115.239719 
1.865951 124.736143 
1.927331 138.031135 
1.985972 145.628274 
2.041796 138.031135 
2.094719 157.023982 
2.144661 166.520405 
2.191554 160.822551 
2.235334 177.916113 
2.275938 191.211106 
2.313311 187.412536 
2.347397 196.908960 
2.378144 196.908960 
2.405517 210.203952 
2.429475 212.103237 
2.449971 217.801091 
2.466987 225.398230 
2.480495 217.801091 
2.490480 227.297514 
2.496925 221.599660 
2.499823 223.498945 
2.499169 236.793938 
2.494963 229.196799 
2.487213 248.189646 
2.475928 240.592507 
2.461124 244.391076 
2.442824 255.786784 
2.421054 250.088930 
2.395840 250.088930 
2.367225 253.887500 
2.335246 240.592507 
2.299949 267.182492 
2.261384 251.988215 
2.219605 244.391076 
2.174673 261.484638 
2.126651 257.686069 
2.075570 257.686069 
2.021575 259.585354 
1.964701 259.585354 
1.905042 255.786784 
1.842675 251.988215 
1.777691 251.988215 
1.710173 265.283208 
1.640233 265.283208 
1.567954 250.088930 
1.493447 242.491792 
1.416817 242.491792 
1.338182 242.491792 
1.257637 242.491792 
1.175314 234.894653 
1.091320 234.894653 
1.005776 227.297514 
0.918794 221.599660 
0.830515 215.901806 
0.741047 212.103237 
0.650535 210.203952 
0.559098 206.405383 
0.466858 202.606814 
0.373993 195.009675 
0.280558 185.513252 
0.186724 181.714682 
0.092634 181.714682 
-0.001596 170.318974 
-0.095825 166.520405 
-0.189917 162.721836 
-0.283730 145.628274 
-0.377149 141.829705 
-0.470032 120.937573 
-0.562248 48.764756 
-0.653664 -6.314499 
-0.744142 -15.810923 
-0.833562 -19.609492 
-0.921790 -42.400908 
-1.008716 -48.098762 
-1.094209 -63.293039 
-1.178157 -68.990893 
-1.260421 -76.588032 
-1.340903 -78.487316 
-1.419478 -86.084455 
-1.496037 -95.580878 
-1.570470 -97.480163 
-1.642663 -108.875871 
-1.712529 -129.768002 
-1.779955 -127.868718 
-1.844851 -129.768002 
-1.907126 -135.465856 
-1.966692 -146.861564 
-2.023468 -150.660134 
-2.077369 -150.660134 
-2.128318 -158.257272 
-2.176237 -169.652980 
-2.221041 -181.048688 
-2.262714 -181.048688 
-2.301172 -188.645827 
-2.336360 -196.242966 
-2.368228 -203.840104 
-2.396731 -207.638674 
-2.421831 -211.437243 
-2.443487 -203.840104 
-2.461671 -215.235812 
-2.476359 -211.437243 
-2.487527 -220.933666 
-2.495160 -230.430090 
-2.499248 -228.530805 
-2.499783 -243.725082 
-2.496766 -257.020075 
-2.490201 -249.422936 
-2.480098 -245.624367 
-2.466471 -255.120790 
-2.449339 -253.221506 
-2.428725 -266.516498 
-2.404664 -283.610060 
-2.377184 -258.919360 
-2.346327 -264.617214 
-2.312136 -251.322221 
-2.274659 -257.020075 
-2.233950 -255.120790 
-2.190068 -243.725082 
-2.143073 -255.120790 
-2.093033 -249.422936 
-2.040014 -257.020075 
-1.984101 -251.322221 
-1.925363 -257.020075 
-1.863896 -251.322221 
-1.799773 -251.322221 
-1.733092 -247.523652 
-1.663948 -253.221506 
-1.592440 -247.523652 
-1.518676 -247.523652 
-1.442754 -239.926513 
-1.364782 -238.027228 
-1.284863 -234.228659 
-1.203126 -228.530805 
-1.119671 -222.832951 
-1.034633 -224.732236 
-0.948116 -207.638674 
-0.860252 -213.336528 
-0.771166 -203.840104 
-0.680983 -198.142250 
-0.589842 -194.343681 
-0.497863 -188.645827 
-0.405167 -175.350834 
-0.311895 -179.149404 
-0.218190 -169.652980 
-0.124174 -160.156557 
-0.029963 -158.257272 
0.064271 -152.559418 
0.158424 -125.969433 
0.252352 -131.667287 
0.345911 -133.566572 
0.438979 -112.674440 
0.531424 -86.084455 
0.623122 -25.307346 
0.713926 16.476917 
0.803715 20.275486 
0.892371 41.167617 
0.979750 58.261179 
1.065738 54.462610 
1.150210 56.361895 
1.233066 62.059749 
1.314160 79.153311 
1.393378 73.455457 
1.470625 81.052595 
1.545774 90.549019 
1.618741 96.246873 
1.689393 103.844011 
1.757652 119.038289 
1.823412 58.261179 
1.886575 134.232566 
1.947070 138.031135 
2.004785 122.836858 
2.059657 149.426843 
2.111601 157.023982 
2.160540 162.721836 
2.206414 164.621120 
2.249148 183.613967 
2.288686 187.412536 
2.324975 189.311821 
2.357960 189.311821 
2.387595 206.405383 
2.413836 198.808244 
2.436644 214.002522 
2.455990 227.297514 
2.471846 212.103237 
2.484191 215.901806 
2.493006 227.297514 
2.498278 214.002522 
2.500000 229.196799 
2.498169 232.995368 
2.492789 236.793938 
2.483867 240.592507 
2.471415 246.290361 
2.455452 240.592507 
2.436000 257.686069 
2.413084 248.189646 
2.386739 259.585354 
2.357005 255.786784 
2.323922 255.786784 
2.287537 261.484638 
2.247897 255.786784 
2.205063 259.585354 
2.159095 250.088930 
2.110074 255.786784 
2.058039 261.484638 
2.003086 255.786784 
1.945286 259.585354 
1.884722 255.786784 
1.821474 261.484638 
1.755637 253.887500 
1.687305 265.283208 
1.616582 250.088930 
1.543563 248.189646 
1.468342 248.189646 
1.391034 244.391076 
1.311750 242.491792 
1.230601 236.793938 
1.147704 229.196799 
1.063175 232.995368 
0.977145 229.196799 
0.889725 221.599660 
0.801033 214.002522 
0.711211 215.901806 
0.620370 210.203952 
0.528647 208.304668 
0.436172 202.606814 
0.343087 200.707529 
0.249515 185.513252 
0.155588 189.311821 
0.061440 176.016828 
-0.032795 174.117544 
-0.126993 160.822551 
-0.221001 158.923266 
-0.314705 147.527558 
-0.407952 138.031135 
-0.500619 117.139004 
-0.592575 54.462610 
-0.683689 -0.616645 
-0.773831 -15.810923 
-0.862874 -19.609492 
-0.950700 -42.400908 
-1.037166 -57.595185 
-1.122167 -63.293039 
-1.205573 -70.890178 
-1.287266 -82.285886 
-1.367121 -80.386601 
-1.445034 -84.185170 
-1.520893 -103.178017 
-1.594599 -97.480163 
-1.666039 -116.473010 
-1.735111 -110.775156 
-1.801710 -135.465856 
-1.865749 -129.768002 
-1.927144 -131.667287 
-1.985794 -150.660134 
-2.041622 -146.861564 
-2.094549 -156.357988 
-2.144500 -165.854411 
-2.191409 -173.451550 
-2.235199 -175.350834 
-2.275816 -188.645827 
-2.313196 -190.545112 
-2.347293 -190.545112 
-2.378053 -211.437243 
-2.405432 -209.537958 
-2.429394 -211.437243 
-2.449903 -209.537958 
-2.466930 -215.235812 
-2.480451 -211.437243 
-2.490449 -215.235812 
-2.496908 -222.832951 
-2.499819 -232.329374 
-2.499177 -241.825798 
-2.494984 -251.322221 
-2.487246 -251.322221 
-2.475974 -255.120790 
-2.461183 -255.120790 
-2.442895 -255.120790 
-2.421134 -258.919360 
-2.395932 -264.617214 
-2.367325 -266.516498 
-2.335354 -257.020075 
-2.300063 -257.020075 
-2.261504 -251.322221 
-2.219731 -253.221506 
-2.174803 -247.523652 
-2.126785 -245.624367 
-2.075749 -257.020075 
-2.021764 -258.919360 
-1.964900 -255.120790 
-1.905250 -258.919360 
-1.842886 -251.322221 
-1.777911 -251.322221 
-1.710401 -253.221506 
-1.640468 -249.422936 
-1.568205 -243.725082 
-1.493713 -236.127944 
-1.417099 -241.825798 
-1.338463 -241.825798 
-1.257933 -234.228659 
-1.175615 -224.732236 
-1.091628 -224.732236 
-1.006089 -224.732236 
-0.919121 -220.933666 
-0.830837 -211.437243 
-0.741373 -205.739389 
-0.650855 -194.343681 
-0.559422 -192.444396 
-0.467184 -190.545112 
-0.374292 -177.250119 
-0.280868 -165.854411 
-0.187045 -160.156557 
-0.092937 -165.854411 
0.001255 -150.660134 
0.095474 -146.861564 
0.189577 -143.062995 
0.283400 -127.868718 
0.376812 -122.170864 
0.469697 -110.775156 
0.561934 -91.782309 
0.653353 -10.113069 
0.743834 14.577632 
0.833268 18.376201 
0.921517 50.664041 
1.008448 50.664041 
1.093955 58.261179 
1.177898 62.059749 
1.260176 63.959033 
1.340655 75.354741 
1.419229 81.052595 
1.495794 79.153311 
1.570226 88.649734 
1.642427 98.146157 
1.712287 77.254026 
1.779735 122.836858 
1.844640 124.736143 
1.906924 132.333281 
1.966505 128.534712 
2.023285 145.628274 
2.077190 155.124697 
2.128144 164.621120 
2.176078 168.419690 
2.220920 183.613967 
2.262602 189.311821 
2.301072 185.513252 
2.336269 193.110390 
2.368149 212.103237 
2.396664 206.405383 
2.421770 208.304668 
2.443435 225.398230 
2.461629 221.599660 
2.476326 225.398230 
2.487503 219.700376 
2.495145 227.297514 
2.499241 232.995368 
2.499787 240.592507 
2.496780 234.894653 
2.490225 251.988215 
2.480132 236.793938 
2.466515 246.290361 
2.449390 246.290361 
2.428785 215.901806 
2.404728 259.585354 
2.377254 251.988215 
2.346401 261.484638 
2.312214 263.383923 
2.274744 259.585354 
2.234039 242.491792 
2.190158 251.988215 
2.143169 267.182492 
2.093130 269.081777 
2.040116 261.484638 
1.984209 263.383923 
1.925482 255.786784 
1.864013 257.686069 
1.799895 257.686069 
1.733219 267.182492 
1.664087 259.585354 
1.592591 259.585354 
1.518824 251.988215 
1.442906 250.088930 
1.364938 251.988215 
1.285023 240.592507 
1.203281 242.491792 
1.119829 234.894653 
1.034785 231.096084 
0.948280 231.096084 
0.860409 217.801091 
0.771334 221.599660 
0.681163 212.103237 
0.590014 214.002522 
0.498037 206.405383 
0.405342 200.707529 
0.312071 196.908960 
0.218366 196.908960 
0.124341 177.916113 
0.030140 176.016828 
-0.064095 168.419690 
-0.158248 160.822551 
-0.252166 151.326128 
-0.345727 138.031135 
-0.438796 128.534712 
-0.531251 111.441150 
-0.622941 37.369048 
-0.713756 -12.012353 
-0.803548 -12.012353 
-0.892206 -32.904485 
-0.979597 -38.602339 
-1.065586 -61.393755 
-1.150070 -61.393755 
-1.232912 -72.789462 
-1.314001 -82.285886 
-1.393224 -82.285886 
-1.470474 -86.084455 
-1.545627 -87.983740 
-1.618592 -101.278732 
-1.689256 -160.156557 
-1.757519 -110.775156 
-1.823278 -127.868718 
-1.886446 -129.768002 
-1.946940 -137.365141 
-2.004667 -143.062995 
-2.059545 -150.660134 
-2.111496 -163.955126 
-2.160446 -162.055842 
-2.206326 -179.149404 
-2.249070 -179.149404 
-2.288618 -186.746542 
-2.324931 -188.645827 
-2.357921 -198.142250 
-2.387562 -196.242966 
-2.413805 -213.336528 
-2.436619 -220.933666 
-2.455971 -215.235812 
-2.471832 -220.933666 
-2.484179 -209.537958 
-2.492998 -219.034382 
-2.498274 -224.732236 
-2.500000 -226.631520 
-2.498172 -238.027228 
-2.492794 -253.221506 
-2.483875 -243.725082 
-2.471426 -264.617214 
-2.455465 -258.919360 
-2.436016 -257.020075 
-2.413105 -291.207199 
-2.386763 -258.919360 
-2.357032 -266.516498 
-2.323948 -251.322221 
-2.287565 -264.617214 
-2.247928 -262.717929 
-2.205096 -249.422936 
-2.159135 -251.322221 
-2.110101 -253.221506 
-2.058063 -255.120790 
-2.003105 -249.422936 
-1.945300 -253.221506 
-1.884730 -258.919360 
-1.821489 -245.624367 
-1.755652 -257.020075 
-1.687321 -243.725082 
-1.616591 -241.825798 
-1.543565 -239.926513 
-1.468344 -249.422936 
-1.391044 -238.027228 
-1.311769 -232.329374 
-1.230620 -234.228659 
-1.147715 -220.933666 
-1.063186 -228.530805 
-0.977156 -207.638674 
-0.889737 -213.336528 
-0.801054 -207.638674 
-0.711223 -201.940820 
-0.620391 -198.142250 
-0.528668 -190.545112 
-0.436194 -179.149404 
-0.343109 -184.847258 
-0.249537 -171.552265 
-0.155600 -162.055842 
-0.061453 -148.760849 
0.032783 -148.760849 
0.126971 -146.861564 
0.220989 -127.868718 
0.314693 -127.868718 
0.407949 -122.170864 
0.500617 -106.976586 
0.592582 -78.487316 
0.683705 6.980493 
0.773848 12.678347 
0.862899 25.973340 
0.950716 44.966187 
1.037190 58.261179 
1.122191 46.865471 
1.205588 54.462610 
1.287280 69.656887 
1.367135 67.757603 
1.445056 75.354741 
1.520922 90.549019 
1.594620 98.146157 
1.666059 105.743296 
1.735130 119.038289 
1.801735 113.340435 
1.865780 130.433997 
1.927173 143.728989 
1.985822 136.131851 
2.041654 143.728989 
2.094585 153.225412 
2.144534 168.419690 
2.191440 168.419690 
2.235232 170.318974 
2.275848 174.117544 
2.313225 196.908960 
2.347315 193.110390 
2.378071 193.110390 
2.405447 212.103237 
2.429408 206.405383 
2.449916 214.002522 
2.466942 214.002522 
2.480462 215.901806 
2.490457 214.002522 
2.496912 231.096084 
2.499820 229.196799 
2.499175 240.592507 
2.494978 240.592507 
2.487236 242.491792 
2.475960 242.491792 
2.461166 246.290361 
2.442873 251.988215 
2.421108 259.585354 
2.395902 251.988215 
2.367292 259.585354 
2.335320 255.786784 
2.300030 257.686069 
2.261472 259.585354 
2.219688 259.585354 
2.174762 261.484638 
2.126745 259.585354 
2.075702 267.182492 
2.021708 259.585354 
1.964848 261.484638 
1.905189 259.585354 
1.842823 265.283208 
1.777837 265.283208 
1.710332 259.585354 
1.640397 257.686069 
1.568131 250.088930 
1.493637 253.887500 
1.417013 248.189646 
1.338375 242.491792 
1.257834 246.290361 
1.175515 236.793938 
1.091517 234.894653 
1.005976 234.894653 
0.919006 225.398230 
0.830721 223.498945 
0.741255 215.901806 
0.650745 217.801091 
0.559311 214.002522 
0.467082 200.707529 
0.374189 198.808244 
0.280755 195.009675 
0.186932 183.613967 
0.092833 191.211106 
-0.001388 176.016828 
-0.095617 166.520405 
-0.189710 157.023982 
-0.283533 151.326128 
-0.376962 143.728989 
-0.469837 113.340435 
-0.562045 63.959033 
-0.653463 -8.213784 
-0.743952 -17.710207 
-0.833375 -27.206631 
-0.921623 -38.602339 
-1.008552 -48.098762 
-1.094057 -63.293039 
-1.177998 -67.091609 
-1.260283 -76.588032 
-1.340776 -86.084455 
-1.419347 -80.386601 
-1.495901 -91.782309 
-1.570330 -95.580878 
-1.642535 -108.875871 
-1.712398 -101.278732 
-1.779829 -118.372294 
-1.844743 -124.070148 
-1.907023 -131.667287 
-1.966593 -137.365141 
-2.023374 -154.458703 
-2.077275 -154.458703 
-2.128229 -165.854411 
-2.176158 -169.652980 
-2.220990 -182.947973 
-2.262667 -181.048688 
-2.301136 -190.545112 
-2.336330 -190.545112 
-2.368201 -200.041535 
-2.396710 -196.242966 
-2.421813 -198.142250 
-2.443476 -213.336528 
-2.461662 -215.235812 
-2.476350 -211.437243 
-2.487520 -219.034382 
-2.495156 -220.933666 
-2.499246 -232.329374 
-2.499784 -230.430090 
-2.496770 -241.825798 
-2.490206 -272.214352 
-2.480106 -255.120790 
-2.466479 -260.818644 
-2.449348 -258.919360 
-2.428733 -260.818644 
-2.404671 -264.617214 
-2.377189 -253.221506 
-2.346329 -266.516498 
-2.312137 -257.020075 
-2.274653 -264.617214 
-2.233944 -264.617214 
-2.190056 -258.919360 
-2.143051 -266.516498 
-2.093009 -253.221506 
-2.039989 -255.120790 
-1.984075 -247.523652 
-1.925342 -262.717929 
-1.863873 -251.322221 
-1.799742 -258.919360 
-1.733061 -249.422936 
-1.663908 -255.120790 
-1.592399 -243.725082 
-1.518633 -243.725082 
-1.442710 -243.725082 
-1.364729 -239.926513 
-1.284808 -236.127944 
-1.203070 -232.329374 
-1.119614 -234.228659 
-1.034576 -220.933666 
-0.948058 -220.933666 
-0.860184 -207.638674 
-0.771106 -211.437243 
-0.680932 -203.840104 
-0.589790 -201.940820 
-0.497801 -188.645827 
-0.405124 -184.847258 
-0.311862 -179.149404 
-0.218156 -173.451550 
-0.124141 -162.055842 
-0.029949 -154.458703 
0.064296 -148.760849 
0.158439 -144.962280 
0.252357 -133.566572 
0.345916 -122.170864 
0.438984 -112.674440 
0.531438 -76.588032 
0.623127 -0.616645 
0.713940 16.476917 
0.803729 25.973340 
0.892376 48.764756 
0.979755 50.664041 
1.065751 44.966187 
1.150223 54.462610 
1.233061 62.059749 
1.314148 79.153311 
1.393374 73.455457 
1.470613 79.153311 
1.545763 82.951880 
1.618723 107.642581 
1.689383 105.743296 
1.757635 122.836858 
1.823389 134.232566 
1.886566 124.736143 
1.947048 136.131851 
2.004776 136.131851 
2.059654 162.721836 
2.111594 162.721836 
2.160538 170.318974 
2.206407 160.822551 
2.249146 179.815398 
2.288684 185.513252 
2.324980 187.412536 
2.357962 196.908960 
2.387596 204.506098 
2.413837 198.808244 
2.436656 202.606814 
2.456002 214.002522 
2.471859 212.103237 
2.484201 221.599660 
2.493011 227.297514 
2.498280 215.901806 
2.500000 236.793938 
2.498166 229.196799 
2.492783 232.995368 
2.483856 236.793938 
2.471400 244.391076 
2.455431 242.491792 
2.435973 255.786784 
2.413055 255.786784 
2.386709 251.988215 
2.356968 257.686069 
2.323881 257.686069 
2.287488 253.887500 
2.247844 263.383923 
2.205010 259.585354 
2.159038 257.686069 
2.109993 263.383923 
2.057954 244.391076 
2.002996 263.383923 
1.945192 261.484638 
1.884624 244.391076 
1.821371 270.981062 
1.755537 253.887500 
1.687194 259.585354 
1.616468 255.786784 
1.543437 253.887500 
1.468220 246.290361 
1.390910 244.391076 
1.311622 242.491792 
1.230471 236.793938 
1.147570 234.894653 
1.063039 232.995368 
0.976988 227.297514 
0.889549 229.196799 
0.800845 221.599660 
0.711021 214.002522 
0.620177 217.801091 
0.528462 202.606814 
0.435986 206.405383 
0.342900 196.908960 
0.249317 189.311821 
0.155380 185.513252 
0.061232 176.016828 
-0.033013 166.520405 
-0.127201 157.023982 
-0.221228 155.124697 
-0.314921 139.930420 
-0.408176 136.131851 
-0.500861 119.038289 
-0.592815 52.563325 
-0.683927 3.181924 
-0.774066 -12.012353 
-0.863115 -25.307346 
-0.950938 -40.501623 
-1.037417 -48.098762 
-1.122423 -67.091609 
-1.205815 -78.487316 
-1.287494 -78.487316 
-1.367344 -82.285886 
-1.445251 -87.983740 
-1.521105 -95.580878 
-1.594804 -105.077302 
-1.666238 -101.278732 
-1.735296 -116.473010 
-1.801888 -116.473010 
-1.865927 -129.768002 
-1.927307 -137.365141 
-1.985950 -141.163710 
-2.041770 -150.660134 
-2.094694 -165.854411 
-2.144642 -167.753696 
-2.191537 -182.947973 
-2.235318 -173.451550 
-2.275923 -194.343681 
-2.313294 -198.142250 
-2.347378 -196.242966 
-2.378130 -205.739389 
-2.405499 -200.041535 
-2.429453 -207.638674 
-2.449952 -203.840104 
-2.466970 -220.933666 
-2.480482 -219.034382 
-2.490471 -226.631520 
-2.496920 -226.631520 
-2.499822 -228.530805 
-2.499171 -239.926513 
-2.494969 -234.228659 
-2.487220 -253.221506 
-2.475939 -255.120790 
-2.461137 -258.919360 
-2.442840 -264.617214 
-2.421070 -266.516498 
-2.395862 -268.415783 
-2.367249 -264.617214 
-2.335273 -260.818644 
-2.299978 -260.818644 
-2.261411 -266.516498 
-2.219635 -262.717929 
-2.174701 -257.020075 
-2.126675 -251.322221 
-2.075633 -255.120790 
-2.021642 -255.120790 
-1.964771 -249.422936 
-1.905115 -255.120790 
-1.842752 -260.818644 
-1.777764 -249.422936 
-1.710256 -253.221506 
-1.640311 -249.422936 
-1.568035 -239.926513 
-1.493538 -232.329374 
-1.416911 -241.825798 
-1.338278 -243.725082 
-1.257744 -234.228659 
-1.175406 -232.329374 
-1.091397 -222.832951 
-1.005836 -226.631520 
-0.918855 -232.329374 
-0.830568 -207.638674 
-0.741109 -207.638674 
-0.650598 -200.041535 
-0.559162 -196.242966 
-0.466922 -190.545112 
-0.374009 -182.947973 
-0.280584 -181.048688 
-0.186760 -173.451550 
-0.092661 -160.156557 
0.001560 -154.458703 
0.095798 -146.861564 
0.189891 -139.264426 
0.283723 -127.868718 
0.377152 -124.070148 
0.470035 -108.875871 
0.562241 -46.199477 
0.653648 3.181924 
0.744135 12.678347 
0.833565 25.973340 
0.921810 46.865471 
1.008745 56.361895 
1.094247 48.764756 
1.178184 65.858318 
1.260448 67.757603 
1.340937 71.556172 
1.419504 71.556172 
1.496062 88.649734 
1.570494 92.448303 
1.642694 100.045442 
1.712552 122.836858 
1.779984 119.038289 
1.844879 119.038289 
1.907159 128.534712 
1.966729 139.930420 
2.023498 147.527558 
2.077392 157.023982 
2.128339 160.822551 
2.176257 160.822551 
2.221087 177.916113 
2.262760 185.513252 
2.301218 183.613967 
2.336405 191.211106 
2.368272 200.707529 
2.396773 196.908960 
2.421868 212.103237 
2.443520 206.405383 
2.461700 206.405383 
2.476382 214.002522 
2.487543 214.002522 
2.495171 196.908960 
2.499252 231.096084 
2.499781 232.995368 
2.496759 215.901806 
2.490188 242.491792 
2.480079 234.894653 
2.466446 246.290361 
2.449309 257.686069 
2.428690 251.988215 
2.404621 257.686069 
2.377129 246.290361 
2.346262 250.088930 
2.312065 259.585354 
2.274578 251.988215 
2.233862 263.383923 
2.189968 257.686069 
2.142962 259.585354 
2.092915 259.585354 
2.039889 259.585354 
1.983964 259.585354 
1.925226 259.585354 
1.863752 274.779631 
1.799623 251.988215 
1.732944 257.686069 
1.663794 251.988215 
1.592311 248.189646 
1.518543 244.391076 
1.442609 251.988215 
1.364626 240.592507 
1.284702 234.894653 
1.202962 242.491792 
1.119504 229.196799 
1.034463 232.995368 
0.947953 223.498945 
0.860095 215.901806 
0.771007 221.599660 
0.680822 221.599660 
0.589670 215.901806 
0.497690 202.606814 
0.404993 200.707529 
0.311720 196.908960 
0.218014 183.613967 
0.123998 181.714682 
0.029796 176.016828 
-0.064438 162.721836 
-0.158591 158.923266 
-0.252509 147.527558 
-0.346067 145.628274 
-0.439134 128.534712 
-0.531587 103.844011 
-0.623275 37.369048 
-0.714077 -8.213784 
-0.803873 -15.810923 
-0.892518 -29.105915 
-0.979895 -40.501623 
-1.065898 -55.695901 
-1.150376 -70.890178 
-1.233219 -72.789462 
-1.314319 -82.285886 
-1.393533 -87.983740 
-1.470784 -84.185170 
-1.545928 -89.883024 
-1.618891 -99.379448 
-1.689545 -108.875871 
-1.757805 -112.674440 
-1.823553 -129.768002 
-1.886717 -131.667287 
-1.947193 -133.566572 
-2.004908 -143.062995 
-2.059768 -152.559418 
-2.111701 -156.357988 
-2.160634 -165.854411 
-2.206502 -188.645827 
-2.249233 -186.746542 
-2.288765 -196.242966 
-2.325047 -196.242966 
-2.358022 -200.041535 
-2.387650 -201.940820 
-2.413882 -234.228659 
-2.436686 -203.840104 
-2.456025 -211.437243 
-2.471876 -219.034382 
-2.484213 -224.732236 
-2.493021 -220.933666 
-2.498285 -230.430090 
-2.499999 -230.430090 
-2.498161 -238.027228 
-2.492773 -243.725082 
-2.483842 -255.120790 
-2.471378 -255.120790 
-2.455406 -257.020075 
-2.435943 -272.214352 
-2.413015 -260.818644 
-2.386660 -258.919360 
-2.356917 -257.020075 
-2.323825 -257.020075 
-2.287426 -262.717929 
-2.247782 -266.516498 
-2.204943 -260.818644 
-2.158966 -258.919360 
-2.109922 -264.617214 
-2.057878 -258.919360 
-2.002910 -249.422936 
-1.945096 -255.120790 
-1.884517 -249.422936 
-1.821267 -255.120790 
-1.755428 -247.523652 
-1.687096 -249.422936 
-1.616359 -245.624367 
-1.543332 -241.825798 
-1.468105 -241.825798 
-1.390783 -228.530805 
-1.311492 -228.530805 
-1.230346 -230.430090 
-1.147443 -224.732236 
-1.062910 -220.933666 
-0.976875 -219.034382 
-0.889452 -211.437243 
-0.800765 -219.034382 
-0.710940 -198.142250 
-0.620095 -194.343681 
-0.528370 -194.343681 
-0.435903 -188.645827 
-0.342816 -173.451550 
-0.249233 -177.250119 
-0.155305 -167.753696 
-0.061147 -154.458703 
0.033088 -150.660134 
0.127286 -141.163710 
0.221293 -137.365141 
0.314996 -124.070148 
0.408251 -120.271579 
0.500916 -105.077302 
0.592869 -36.703054 
0.683980 16.476917 
0.774119 14.577632 
0.863168 37.369048 
0.950989 43.066902 
1.037459 44.966187 
1.122446 56.361895 
1.205838 52.563325 
1.287526 63.959033 
1.367375 79.153311 
1.445289 81.052595 
1.521141 100.045442 
1.594840 63.959033 
1.666272 103.844011 
1.735329 111.441150 
1.801920 122.836858 
1.865951 136.131851 
1.927331 134.232566 
1.985977 134.232566 
2.041796 149.426843 
2.094714 155.124697 
2.144656 172.218259 
2.191554 166.520405 
2.235338 176.016828 
2.275942 183.613967 
2.313311 195.009675 
2.347394 189.311821 
2.378141 195.009675 
2.405509 202.606814 
2.429459 198.808244 
2.449965 210.203952 
2.466980 217.801091 
2.480492 219.700376 
2.490477 215.901806 
2.496924 225.398230 
2.499823 223.498945 
2.499169 229.196799 
2.494963 236.793938 
2.487213 236.793938 
2.475928 242.491792 
2.461126 248.189646 
2.442827 255.786784 
2.421054 255.786784 
2.395840 242.491792 
2.367222 259.585354 
2.335242 253.887500 
2.299945 259.585354 
2.261379 253.887500 
2.219601 255.786784 
2.174659 263.383923 
2.126626 261.484638 
2.075580 257.686069 
2.021580 253.887500 
1.964707 265.283208 
1.905042 259.585354 
1.842675 257.686069 
1.777684 259.585354 
1.710166 255.786784 
1.640225 255.786784 
1.567946 244.391076 
1.493447 248.189646 
1.416825 246.290361 
1.338190 242.491792 
1.257654 244.391076 
1.175331 234.894653 
1.091320 231.096084 
1.005767 231.096084 
0.918785 225.398230 
0.830497 227.297514 
0.741028 225.398230 
0.650516 219.700376 
0.559080 204.506098 
0.466849 202.606814 
0.373954 202.606814 
0.280519 187.412536 
0.186656 183.613967 
0.092518 179.815398 
-0.001713 172.218259 
-0.095941 164.621120 
-0.190024 153.225412 
-0.283836 147.527558 
-0.377255 128.534712 
-0.470147 109.541865 
-0.562352 46.865471 
-0.653767 -0.616645 
-0.744253 -15.810923 
-0.833690 -31.005200 
-0.921934 -44.300193 
-1.008867 -53.796616 
-1.094358 -59.494470 
-1.178293 -72.789462 
-1.260563 -82.285886 
-1.341033 -78.487316 
-1.419606 -84.185170 
-1.496161 -87.983740 
-1.570590 -93.681594 
-1.642787 -101.278732 
-1.712649 -108.875871 
-1.780077 -122.170864 
-1.844969 -127.868718 
-1.907245 -129.768002 
-1.966805 -141.163710 
-2.023571 -150.660134 
-2.077461 -148.760849 
-2.128404 -156.357988 
-2.176323 -175.350834 
-2.221148 -179.149404 
-2.262813 -194.343681 
-2.301266 -194.343681 
-2.336446 -198.142250 
-2.368305 -200.041535 
-2.396802 -200.041535 
-2.421891 -211.437243 
-2.443540 -211.437243 
-2.461715 -215.235812 
-2.476394 -215.235812 
-2.487553 -220.933666 
-2.495176 -226.631520 
-2.499254 -226.631520 
-2.499780 -232.329374 
-2.496754 -264.617214 
-2.490180 -249.422936 
-2.480067 -247.523652 
-2.466429 -251.322221 
-2.449288 -262.717929 
-2.428667 -262.717929 
-2.404595 -279.811491 
-2.377103 -264.617214 
-2.346237 -257.020075 
-2.312036 -260.818644 
-2.274550 -253.221506 
-2.233833 -262.717929 
-2.189937 -264.617214 
-2.142928 -264.617214 
-2.092874 -255.120790 
-2.039852 -255.120790 
-1.983930 -255.120790 
-1.925184 -243.725082 
-1.863708 -245.624367 
-1.799578 -245.624367 
-1.732889 -251.322221 
-1.663746 -238.027228 
-1.592238 -243.725082 
-1.518460 -241.825798 
-1.442532 -234.228659 
-1.364563 -219.034382 
-1.284646 -226.631520 
-1.202896 -217.135097 
-1.119437 -226.631520 
-1.034395 -219.034382 
-0.947874 -211.437243 
-0.860016 -209.537958 
-0.770926 -203.840104 
-0.680750 -196.242966 
-0.589607 -192.444396 
-0.497626 -194.343681 
-0.404938 -179.149404 
-0.311674 -173.451550 
-0.217949 -171.552265 
-0.123923 -160.156557 
-0.029731 -163.955126 
0.064514 -150.660134 
0.158666 -143.062995 
0.252593 -129.768002 
0.346161 -125.969433 
0.439227 -106.976586 
0.531679 -42.400908 
0.623375 14.577632 
0.714176 3.181924 
0.803972 31.671194 
0.892625 54.462610 
0.980000 37.369048 
1.065992 58.261179 
1.150468 52.563325 
1.233310 56.361895 
1.314391 77.254026 
1.393604 71.556172 
1.470837 82.951880 
1.545972 100.045442 
1.618919 100.045442 
1.689565 119.038289 
1.757817 120.937573 
1.823565 122.836858 
1.886721 126.635427 
1.947197 130.433997 
2.004912 143.728989 
2.059777 160.822551 
2.111715 162.721836 
2.160648 153.225412 
2.206510 174.117544 
2.249241 181.714682 
2.288771 177.916113 
2.325053 183.613967 
2.358031 195.009675 
2.387655 187.412536 
2.413888 196.908960 
2.436692 204.506098 
2.456030 208.304668 
2.471878 204.506098 
2.484215 221.599660 
2.493021 214.002522 
2.498286 217.801091 
2.499999 227.297514 
2.498160 221.599660 
2.492770 234.894653 
2.483838 244.391076 
2.471376 231.096084 
2.455403 242.491792 
2.435939 251.988215 
2.413016 244.391076 
2.386664 251.988215 
2.356918 246.290361 
2.323825 251.988215 
2.287431 255.786784 
2.247787 259.585354 
2.204949 267.182492 
2.158973 251.988215 
2.109928 257.686069 
2.057885 261.484638 
2.002918 263.383923 
1.945103 259.585354 
1.884525 261.484638 
1.821275 259.585354 
1.755430 250.088930 
1.687090 261.484638 
1.616360 244.391076 
1.543334 251.988215 
1.468107 250.088930 
1.390793 244.391076 
1.311503 236.793938 
1.230348 232.995368 
1.147446 242.491792 
1.062912 223.498945 
0.976877 232.995368 
0.889454 225.398230 
0.800767 215.901806 
0.710923 219.700376 
0.620079 204.506098 
0.528353 200.707529 
0.435886 198.808244 
0.342799 195.009675 
0.249216 187.412536 
0.155279 177.916113 
0.061130 170.318974 
-0.033105 160.822551 
-0.127293 153.225412 
-0.221300 145.628274 
-0.315003 138.031135 
-0.408248 130.433997 
-0.500913 107.642581 
-0.592867 56.361895 
-0.683987 -6.314499 
-0.774135 -10.113069 
-0.863174 -31.005200 
-0.950987 -40.501623 
-1.037457 -61.393755 
-1.122453 -55.695901 
-1.205845 -67.091609 
-1.287523 -84.185170 
-1.367373 -86.084455 
-1.445255 -87.983740 
-1.521109 -91.782309 
-1.594808 -93.681594 
-1.666241 -108.875871 
-1.735299 -116.473010 
-1.801898 -120.271579 
-1.865936 -137.365141 
-1.927323 -133.566572 
-1.985970 -133.566572 
-2.041789 -146.861564 
-2.094708 -154.458703 
-2.144649 -160.156557 
-2.191548 -175.350834 
-2.235329 -184.847258 
-2.275933 -196.242966 
-2.313303 -194.343681 
-2.347386 -203.840104 
-2.378134 -211.437243 
-2.405503 -209.537958 
-2.429454 -211.437243 
-2.449955 -213.336528 
-2.466972 -220.933666 
-2.480484 -211.437243 
-2.490472 -224.732236 
-2.496921 -226.631520 
-2.499822 -226.631520 
-2.499170 -234.228659 
-2.494967 -239.926513 
-2.487219 -247.523652 
-2.475937 -249.422936 
-2.461137 -255.120790 
-2.442837 -257.020075 
-2.421069 -266.516498 
-2.395857 -270.315068 
-2.367244 -260.818644 
-2.335264 -260.818644 
-2.299969 -266.516498 
-2.261397 -264.617214 
-2.219620 -268.415783 
-2.174689 -264.617214 
-2.126663 -272.214352 
-2.075614 -264.617214 
-2.021622 -264.617214 
-1.964756 -257.020075 
-1.905106 -257.020075 
-1.842736 -253.221506 
-1.777747 -245.624367 
-1.710239 -251.322221 
-1.640300 -245.624367 
-1.568016 -249.422936 
-1.493511 -239.926513 
-1.416883 -241.825798 
-1.338250 -222.832951 
-1.257707 -234.228659 
-1.175385 -226.631520 
-1.091384 -222.832951 
-1.005841 -220.933666 
-0.918859 -217.135097 
-0.830563 -211.437243 
-0.741095 -213.336528 
-0.650584 -205.739389 
-0.559139 -190.545112 
-0.466899 -182.947973 
-0.373995 -188.645827 
-0.280560 -179.149404 
-0.186736 -169.652980 
-0.092647 -167.753696 
0.001584 -163.955126 
0.095803 -158.257272 
0.189886 -137.365141 
0.283699 -139.264426 
0.377109 -118.372294 
0.469983 -89.883024 
0.562198 -19.609492 
0.653615 6.980493 
0.744103 24.074055 
0.833524 39.268333 
0.921760 48.764756 
1.008696 52.563325 
1.094199 48.764756 
1.178137 62.059749 
1.260410 69.656887 
1.340892 62.059749 
1.419461 84.851165 
1.496020 82.951880 
1.570445 92.448303 
1.642639 109.541865 
1.712506 117.139004 
1.779933 117.139004 
1.844830 134.232566 
1.907112 126.635427 
1.966678 134.232566 
2.023456 153.225412 
2.077352 149.426843 
2.128296 158.923266 
2.176217 164.621120 
2.221045 185.513252 
2.262721 181.714682 
2.301178 183.613967 
2.336366 191.211106 
2.368236 189.311821 
2.396741 191.211106 
2.421840 204.506098 
2.443497 208.304668 
2.461683 212.103237 
2.476368 210.203952 
2.487534 229.196799 
2.495165 219.700376 
2.499250 227.297514 
2.499782 231.096084 
2.496763 229.196799 
2.490196 238.693222 
2.480089 240.592507 
2.466460 250.088930 
2.449324 250.088930 
2.428707 240.592507 
2.404641 259.585354 
2.377155 255.786784 
2.346291 259.585354 
2.312096 261.484638 
2.274616 251.988215 
2.233899 265.283208 
2.190013 259.585354 
2.143009 261.484638 
2.092966 259.585354 
2.039943 267.182492 
1.984026 263.383923 
1.925291 265.283208 
1.863813 259.585354 
1.799694 255.786784 
1.733010 259.585354 
1.663870 248.189646 
1.592359 259.585354 
1.518593 251.988215 
1.442669 246.290361 
1.364686 242.491792 
1.284773 234.894653 
1.203026 242.491792 
1.119577 234.894653 
1.034538 232.995368 
0.948020 234.894653 
0.860164 225.398230 
0.771076 215.901806 
0.680892 215.901806 
0.589750 210.203952 
0.497752 202.606814 
0.405055 198.808244 
0.311792 191.211106 
0.218076 181.714682 
0.124051 185.513252 
0.029849 172.218259 
-0.064385 168.419690 
-0.158538 151.326128 
-0.252456 143.728989 
-0.346015 138.031135 
-0.439091 128.534712 
-0.531544 100.045442 
-0.623270 44.966187 
-0.714072 -10.113069 
-0.803869 -21.508777 
-0.892523 -31.005200 
-0.979909 -46.199477 
-1.065902 -57.595185 
-1.150380 -70.890178 
-1.233224 -70.890178 
-1.314306 -61.393755 
-1.393521 -78.487316 
-1.470764 -91.782309 
-1.545909 -91.782309 
-1.618858 -101.278732 
-1.689513 -106.976586 
-1.757767 -116.473010 
-1.823517 -120.271579 
-1.886675 -143.062995 
-1.947159 -143.062995 
-2.004876 -144.962280 
-2.059743 -150.660134 
-2.111683 -163.955126 
-2.160617 -173.451550 
-2.206481 -175.350834 
-2.249210 -184.847258 
-2.288747 -196.242966 
-2.325031 -203.840104 
-2.358008 -205.739389 
-2.387634 -200.041535 
-2.413868 -209.537958 
-2.436674 -219.034382 
-2.456015 -209.537958 
-2.471868 -226.631520 
-2.484208 -217.135097 
-2.493017 -220.933666 
-2.498283 -230.430090 
-2.499999 -234.228659 
-2.498163 -238.027228 
-2.492776 -232.329374 
-2.483847 -245.624367 
-2.471389 -251.322221 
-2.455418 -251.322221 
-2.435959 -253.221506 
-2.413039 -262.717929 
-2.386688 -264.617214 
-2.356941 -258.919360 
-2.323851 -264.617214 
-2.287460 -268.415783 
-2.247813 -262.717929 
-2.204968 -264.617214 
-2.158998 -262.717929 
-2.109961 -264.617214 
-2.057925 -268.415783 
-2.002965 -262.717929 
-1.945154 -260.818644 
-1.884584 -257.020075 
-1.821336 -249.422936 
-1.755501 -249.422936 
-1.687164 -249.422936 
-1.616429 -243.725082 
-1.543404 -238.027228 
-1.468179 -238.027228 
-1.390875 -228.530805 
-1.311595 -226.631520 
-1.230443 -220.933666 
-1.147551 -211.437243 
-1.063028 -220.933666 
-0.976986 -217.135097 
-0.889556 -209.537958 
-0.800870 -211.437243 
-0.711037 -207.638674 
-0.620203 -200.041535 
-0.528488 -190.545112 
-0.436022 -188.645827 
-0.342936 -179.149404 
-0.249344 -177.250119 
-0.155417 -175.350834 
-0.061259 -160.156557 
0.032986 -158.257272 
0.127184 -150.660134 
0.221192 -139.264426 
0.314895 -135.465856 
0.408141 -127.868718 
0.500807 -108.875871 
0.592808 -32.904485 
0.683920 16.476917 
0.774059 8.879778 
0.863109 37.369048 
0.950931 44.966187 
1.037402 39.268333 
1.122390 52.563325 
1.205783 60.160464 
1.287463 65.858318 
1.367314 75.354741 
1.445230 77.254026 
1.521091 90.549019 
1.594784 103.844011 
1.666210 111.441150 
1.735276 113.340435 
1.801876 128.534712 
1.865909 126.635427 
1.927290 103.844011 
1.985939 143.728989 
2.041782 149.426843 
2.094706 151.326128 
2.144653 153.225412 
2.191552 176.016828 
2.235336 172.218259 
2.275940 176.016828 
2.313317 193.110390 
2.347402 187.412536 
2.378154 189.311821 
2.405526 195.009675 
2.429474 208.304668 
2.449971 206.405383 
2.466987 214.002522 
2.480496 223.498945 
2.490481 214.002522 
2.496927 229.196799 
2.499823 236.793938 
2.499167 231.096084 
2.494959 236.793938 
2.487205 240.592507 
2.475916 236.793938 
2.461108 255.786784 
2.442803 250.088930 
2.421024 250.088930 
2.395805 255.786784 
2.367186 255.786784 
2.335199 261.484638 
2.299894 253.887500 
2.261319 265.283208 
2.219527 257.686069 
2.174590 250.088930 
2.126552 265.283208 
2.075502 259.585354 
2.021498 265.283208 
1.964620 261.484638 
1.904957 261.484638 
1.842580 259.585354 
1.777585 259.585354 
1.710064 255.786784 
1.640112 255.786784 
1.567829 251.988215 
1.493311 251.988215 
1.416677 251.988215 
1.338031 240.592507 
1.257483 242.491792 
1.175156 236.793938 
1.091150 227.297514 
1.005586 234.894653 
0.918600 225.398230 
0.830300 225.398230 
0.740829 217.801091 
0.650306 204.506098 
0.558867 210.203952 
0.466634 198.808244 
0.373720 187.412536 
0.280283 196.908960 
0.186448 191.211106 
0.092339 174.117544 
-0.001892 166.520405 
-0.096130 160.822551 
-0.190222 151.326128 
-0.284043 139.930420 
-0.377461 130.433997 
-0.470342 109.541865 
-0.562555 54.462610 
-0.653968 -0.616645 
-0.744442 -13.911638 
-0.833868 -29.105915 
-0.922118 -46.199477 
-1.009040 -51.897331 
-1.094536 -61.393755 
-1.178477 -68.990893 
-1.260743 -72.789462 
-1.341209 -82.285886 
-1.419778 -78.487316 
-1.496320 -89.883024 
-1.570737 -97.480163 
-1.642929 -106.976586 
-1.712787 -103.178017 
-1.780203 -118.372294 
-1.845090 -129.768002 
-1.907361 -124.070148 
-1.966922 -144.962280 
-2.023682 -146.861564 
-2.077571 -152.559418 
-2.128508 -158.257272 
-2.176420 -169.652980 
-2.221235 -173.451550 
-2.262897 -194.343681 
-2.301344 -194.343681 
-2.336516 -196.242966 
-2.368372 -211.437243 
-2.396864 -200.041535 
-2.421945 -209.537958 
-2.443586 -226.631520 
-2.461755 -215.235812 
-2.476424 -220.933666 
-2.487573 -232.329374 
-2.495189 -226.631520 
-2.499259 -238.027228 
-2.499777 -234.228659 
-2.496742 -238.027228 
-2.490158 -232.329374 
-2.480037 -241.825798 
-2.466389 -255.120790 
-2.449237 -249.422936 
-2.428606 -266.516498 
-2.404522 -264.617214 
-2.377018 -268.415783 
-2.346134 -270.315068 
-2.311916 -258.919360 
-2.274416 -266.516498 
-2.233687 -257.020075 
-2.189785 -272.214352 
-2.142746 -262.717929 
-2.092681 -276.012922 
-2.039641 -257.020075 
-1.983715 -266.516498 
-1.924965 -260.818644 
-1.863479 -249.422936 
-1.799339 -253.221506 
-1.732648 -245.624367 
-1.663482 -251.322221 
-1.591965 -241.825798 
-1.518187 -245.624367 
-1.442243 -226.631520 
-1.364242 -239.926513 
-1.284318 -224.732236 
-1.202569 -224.732236 
-1.119103 -230.430090 
-1.034038 -224.732236 
-0.947511 -219.034382 
-0.859638 -211.437243 
-0.770525 -215.235812 
-0.680335 -207.638674 
-0.589188 -200.041535 
-0.497194 -192.444396 
-0.404484 -188.645827 
-0.311218 -182.947973 
-0.217509 -181.048688 
-0.123482 -171.552265 
-0.029280 -165.854411 
0.064954 -165.854411 
0.159116 -148.760849 
0.253032 -146.861564 
0.346588 -129.768002 
0.439652 -110.775156 
0.532091 -42.400908 
0.623774 5.081209 
0.714580 18.376201 
0.804362 31.671194 
0.893009 54.462610 
0.980379 46.865471 
1.066364 48.764756 
1.150843 58.261179 
1.233668 67.757603 
1.314749 75.354741 
1.393954 71.556172 
1.471185 90.549019 
1.546318 96.246873 
1.619262 109.541865 
1.689904 115.239719 
1.758138 128.534712 
1.823880 119.038289 
1.887074 126.635427 
1.947540 134.232566 
2.005245 153.225412 
2.060093 149.426843 
2.112014 149.426843 
2.160938 168.419690 
2.206781 176.016828 
2.249492 172.218259 
2.289003 181.714682 
2.325262 195.009675 
2.358223 185.513252 
2.387814 185.513252 
2.414028 196.908960 
2.436812 206.405383 
2.456130 206.405383 
2.471960 212.103237 
2.484277 217.801091 
2.493063 214.002522 
2.498306 221.599660 
2.499999 231.096084 
2.498139 219.700376 
2.492730 242.491792 
2.483778 240.592507 
2.471297 240.592507 
2.455305 250.088930 
2.435825 242.491792 
2.412880 257.686069 
2.386513 244.391076 
2.356751 253.887500 
2.323634 255.786784 
2.287218 255.786784 
2.247556 257.686069 
2.204695 261.484638 
2.158706 253.887500 
2.109640 257.686069 
2.057585 265.283208 
2.002607 263.383923 
1.944778 259.585354 
1.884191 257.686069 
1.820926 257.686069 
1.755075 257.686069 
1.686715 250.088930 
1.615972 253.887500 
1.542934 253.887500 
1.467703 242.491792 
1.390378 251.988215 
1.311086 232.995368 
1.229931 238.693222 
1.147019 240.592507 
1.062478 223.498945 
0.976435 231.096084 
0.889006 223.498945 
0.800303 225.398230 
0.710464 215.901806 
0.619624 202.606814 
0.527894 200.707529 
0.435404 202.606814 
0.342315 195.009675 
0.248739 183.613967 
0.154800 187.412536 
0.060641 174.117544 
-0.033604 168.419690 
-0.127801 160.822551 
-0.221817 143.728989 
-0.315527 138.031135 
-0.408769 132.333281 
-0.501450 105.743296 
-0.593399 52.563325 
-0.684514 -6.314499 
-0.774610 -13.911638 
-0.863652 -27.206631 
-0.951466 -44.300193 
-1.037929 -59.494470 
-1.122916 -59.494470 
-1.206299 -76.588032 
-1.287968 -72.789462 
-1.367807 -82.285886 
-1.445710 -89.883024 
-1.521566 -93.681594 
-1.595245 -101.278732 
-1.666656 -105.077302 
-1.735700 -122.170864 
-1.802278 -114.573725 
-1.866301 -129.768002 
-1.927665 -135.465856 
-1.986297 -143.062995 
-2.042105 -144.962280 
-2.095006 -156.357988 
-2.144941 -163.955126 
-2.191821 -175.350834 
-2.235582 -182.947973 
-2.276171 -194.343681 
-2.313522 -198.142250 
-2.347585 -209.537958 
-2.378312 -200.041535 
-2.405660 -213.336528 
-2.429592 -219.034382 
-2.450073 -215.235812 
-2.467067 -224.732236 
-2.480558 -217.135097 
-2.490524 -226.631520 
-2.496951 -234.228659 
-2.499829 -230.430090 
-2.499154 -234.228659 
-2.494927 -230.430090 
-2.487156 -241.825798 
-2.475850 -247.523652 
-2.461027 -255.120790 
-2.442706 -258.919360 
-2.420913 -260.818644 
-2.395679 -264.617214 
-2.367040 -272.214352 
-2.335037 -264.617214 
-2.299716 -258.919360 
-2.261130 -258.919360 
-2.219332 -266.516498 
-2.174376 -260.818644 
-2.126334 -270.315068 
-2.075271 -270.315068 
-2.021254 -262.717929 
-1.964376 -258.919360 
-1.904695 -257.020075 
-1.842300 -253.221506 
-1.777301 -243.725082 
-1.709769 -249.422936 
-1.639799 -241.825798 
-1.567507 -236.127944 
-1.492986 -241.825798 
-1.416344 -239.926513 
-1.337689 -228.530805 
-1.257141 -230.430090 
-1.174799 -232.329374 
-1.090786 -226.631520 
-1.005233 -222.832951 
-0.918251 -213.336528 
-0.829964 -219.034382 
-0.740489 -200.041535 
-0.649971 -203.840104 
-0.558520 -196.242966 
-0.466285 -190.545112 
-0.373387 -182.947973 
-0.279958 -181.048688 
-0.186122 -177.250119 
-0.092032 -173.451550 
