0.000005 -17.710207 
0.047123 -13.911638 
0.094225 -6.314499 
0.141298 -0.616645 
0.188325 5.081209 
0.235281 5.081209 
0.282149 12.678347 
0.328921 16.476917 
0.375571 18.376201 
0.422093 22.174771 
0.468464 25.973340 
0.514665 5.081209 
0.560683 29.771909 
0.606506 33.570479 
0.652114 33.570479 
0.697485 39.268333 
0.742608 44.966187 
0.787473 48.764756 
0.832053 43.066902 
0.876355 52.563325 
0.920328 58.261179 
0.963974 65.858318 
1.007277 71.556172 
1.050223 81.052595 
1.092796 88.649734 
1.134980 90.549019 
1.176765 100.045442 
1.218133 103.844011 
1.259063 105.743296 
1.299546 113.340435 
1.339571 107.642581 
1.379117 115.239719 
1.418176 128.534712 
1.456732 126.635427 
1.494766 124.736143 
1.532268 128.534712 
1.569235 139.930420 
1.605639 141.829705 
1.641474 143.728989 
1.676721 153.225412 
1.711373 145.628274 
1.745416 160.822551 
1.778844 158.923266 
1.811635 168.419690 
1.843787 160.822551 
1.875283 177.916113 
1.906109 183.613967 
1.936262 187.412536 
1.965727 183.613967 
1.994493 191.211106 
2.022550 196.908960 
2.049889 206.405383 
2.076497 200.707529 
2.102369 202.606814 
2.127493 214.002522 
2.151860 212.103237 
2.175463 219.700376 
2.198293 229.196799 
2.220342 225.398230 
2.241602 231.096084 
2.262068 234.894653 
2.281730 229.196799 
2.300581 250.088930 
2.318615 232.995368 
2.335824 236.793938 
2.352204 244.391076 
2.367748 257.686069 
2.382450 246.290361 
2.396307 246.290361 
2.409311 250.088930 
2.421460 255.786784 
2.432747 259.585354 
2.443171 269.081777 
2.452726 265.283208 
2.461411 274.779631 
2.469221 270.981062 
2.476154 270.981062 
2.482206 276.678916 
2.487378 265.283208 
2.491665 278.578200 
2.495067 274.779631 
2.497582 286.175339 
2.499210 272.880346 
2.499951 274.779631 
2.499803 270.981062 
2.498766 282.376770 
2.496843 274.779631 
2.494032 282.376770 
2.490335 280.477485 
2.485753 280.477485 
2.480288 286.175339 
2.473942 282.376770 
2.466716 289.973908 
2.458615 278.578200 
2.449640 276.678916 
2.439794 255.786784 
2.429081 278.578200 
2.417506 282.376770 
2.405071 253.887500 
2.391781 286.175339 
2.377644 269.081777 
2.362659 274.779631 
2.346836 276.678916 
2.330180 289.973908 
2.312694 274.779631 
2.294389 282.376770 
2.275267 286.175339 
2.255338 282.376770 
2.234608 274.779631 
2.213084 289.973908 
2.190774 276.678916 
2.167686 286.175339 
2.143825 276.678916 
2.119205 276.678916 
2.093826 274.779631 
2.067707 282.376770 
2.040852 282.376770 
2.013273 269.081777 
1.984981 278.578200 
1.955981 272.880346 
1.926289 272.880346 
1.895912 263.383923 
1.864859 274.779631 
1.833143 263.383923 
1.800779 261.484638 
1.767773 259.585354 
1.734137 250.088930 
1.699890 251.988215 
1.665038 253.887500 
1.629595 251.988215 
1.593569 244.391076 
1.556981 255.786784 
1.519840 250.088930 
1.482158 238.693222 
1.443950 240.592507 
1.405226 244.391076 
1.366001 240.592507 
1.326296 236.793938 
1.286119 236.793938 
1.245482 223.498945 
1.204406 221.599660 
1.162902 217.801091 
1.120989 215.901806 
1.078674 210.203952 
1.035971 223.498945 
0.992905 204.506098 
0.949481 195.009675 
0.905720 195.009675 
0.861637 195.009675 
0.817248 191.211106 
0.772569 191.211106 
0.727620 185.513252 
0.682403 170.318974 
0.636948 174.117544 
0.591271 170.318974 
0.545384 158.923266 
0.499304 153.225412 
0.453046 153.225412 
0.406632 151.326128 
0.360065 136.131851 
0.313373 124.736143 
0.266566 124.736143 
0.219664 130.433997 
0.172684 113.340435 
0.125653 113.340435 
0.078572 109.541865 
0.031463 105.743296 
-0.015658 101.944727 
-0.062777 86.750449 
-0.109874 63.959033 
-0.156933 58.261179 
-0.203930 33.570479 
-0.250860 24.074055 
-0.297696 18.376201 
-0.344426 -6.314499 
-0.391039 -8.213784 
-0.437508 -10.113069 
-0.483821 -21.508777 
-0.529963 -31.005200 
-0.575916 -29.105915 
-0.621665 -34.803769 
-0.667193 -44.300193 
-0.712489 -42.400908 
-0.757526 -51.897331 
-0.802295 -53.796616 
-0.846783 -51.897331 
-0.890966 -65.192324 
-0.934832 -57.595185 
-0.978371 -63.293039 
-1.021562 -74.688747 
-1.064390 -70.890178 
-1.106839 -80.386601 
-1.148892 -97.480163 
-1.190536 -91.782309 
-1.231761 -95.580878 
-1.272549 -91.782309 
-1.312880 -101.278732 
-1.352749 -101.278732 
-1.392141 -105.077302 
-1.431035 -110.775156 
-1.469416 -118.372294 
-1.507275 -120.271579 
-1.544599 -122.170864 
-1.581378 -120.271579 
-1.617595 -133.566572 
-1.653233 -137.365141 
-1.688288 -139.264426 
-1.722743 -135.465856 
-1.756582 -156.357988 
-1.789800 -162.055842 
-1.822380 -150.660134 
-1.854308 -160.156557 
-1.885585 -169.652980 
-1.916194 -163.955126 
-1.946120 -177.250119 
-1.975350 -175.350834 
-2.003880 -171.552265 
-2.031700 -181.048688 
-2.058798 -182.947973 
-2.085162 -188.645827 
-2.110788 -226.631520 
-2.135664 -190.545112 
-2.159778 -200.041535 
-2.183128 -205.739389 
-2.205704 -200.041535 
-2.227492 -211.437243 
-2.248488 -209.537958 
-2.268686 -219.034382 
-2.288078 -228.530805 
-2.306657 -219.034382 
-2.324416 -230.430090 
-2.341352 -236.127944 
-2.357455 -228.530805 
-2.372720 -236.127944 
-2.387142 -238.027228 
-2.400717 -239.926513 
-2.413437 -243.725082 
-2.425301 -245.624367 
-2.436303 -249.422936 
-2.446438 -257.020075 
-2.455706 -264.617214 
-2.464100 -258.919360 
-2.471619 -270.315068 
-2.478260 -268.415783 
-2.484021 -272.214352 
-2.488899 -272.214352 
-2.492892 -277.912206 
-2.496000 -281.710775 
-2.498221 -287.408629 
-2.499555 -287.408629 
-2.500000 -281.710775 
-2.499557 -279.811491 
-2.498227 -289.307914 
-2.496008 -279.811491 
-2.492903 -281.710775 
-2.488912 -289.307914 
-2.484037 -287.408629 
-2.478279 -291.207199 
-2.471642 -289.307914 
-2.464126 -296.905053 
-2.455733 -300.703622 
-2.446470 -295.005768 
-2.436336 -302.602907 
-2.425337 -302.602907 
-2.413477 -296.905053 
-2.400760 -302.602907 
-2.387188 -296.905053 
-2.372768 -302.602907 
-2.357504 -295.005768 
-2.341405 -296.905053 
-2.324474 -287.408629 
-2.306718 -279.811491 
-2.288141 -276.012922 
-2.268752 -281.710775 
-2.248555 -270.315068 
-2.227559 -276.012922 
-2.205774 -277.912206 
-2.183205 -279.811491 
-2.159858 -281.710775 
-2.135743 -285.509345 
-2.110870 -279.811491 
-2.085249 -279.811491 
-2.058885 -268.415783 
-2.031789 -272.214352 
-2.003974 -262.717929 
-1.975447 -262.717929 
-1.946218 -266.516498 
-1.916295 -264.617214 
-1.885694 -270.315068 
-1.854420 -258.919360 
-1.822487 -249.422936 
-1.789907 -253.221506 
-1.756690 -245.624367 
-1.722853 -245.624367 
-1.688400 -245.624367 
-1.653348 -243.725082 
-1.617707 -239.926513 
-1.581492 -239.926513 
-1.544719 -234.228659 
-1.507397 -230.430090 
-1.469536 -224.732236 
-1.431156 -215.235812 
-1.392268 -226.631520 
-1.352873 -226.631520 
-1.313010 -213.336528 
-1.272684 -215.235812 
-1.231898 -211.437243 
-1.190678 -196.242966 
-1.149036 -205.739389 
-1.106981 -200.041535 
-1.064532 -196.242966 
-1.021710 -192.444396 
-0.978525 -192.444396 
-0.934987 -190.545112 
-0.891118 -177.250119 
-0.846936 -175.350834 
-0.802453 -175.350834 
-0.757686 -173.451550 
-0.712644 -175.350834 
-0.667354 -162.055842 
-0.621827 -156.357988 
-0.576079 -146.861564 
-0.530122 -148.760849 
-0.483981 -144.962280 
-0.437663 -144.962280 
-0.391194 -146.861564 
-0.344587 -139.264426 
-0.297852 -124.070148 
-0.251017 -122.170864 
-0.204087 -118.372294 
-0.157090 -120.271579 
-0.110037 -118.372294 
-0.062939 -105.077302 
-0.015820 -105.077302 
0.031305 -99.379448 
0.078414 -97.480163 
0.125500 -82.285886 
0.172542 -76.588032 
0.219522 -63.293039 
0.266424 -46.199477 
0.313232 -29.105915 
0.359933 -15.810923 
0.406496 -8.213784 
0.452920 5.081209 
0.499178 16.476917 
0.545259 27.872625 
0.591151 43.066902 
0.636828 43.066902 
0.682279 50.664041 
0.727488 60.160464 
0.772438 60.160464 
0.817113 63.959033 
0.861499 71.556172 
0.905578 69.656887 
0.949336 73.455457 
0.992756 77.254026 
1.035828 81.052595 
1.078528 82.951880 
1.120896 92.448303 
1.162814 94.347588 
1.204319 101.944727 
1.245400 107.642581 
1.286038 105.743296 
1.326224 105.743296 
1.365930 117.139004 
1.405155 115.239719 
1.443881 122.836858 
1.482094 122.836858 
1.519776 124.736143 
1.556975 143.728989 
1.593564 141.829705 
1.629589 136.131851 
1.664986 136.131851 
1.699842 155.124697 
1.734090 160.822551 
1.767723 168.419690 
1.800731 164.621120 
1.833096 170.318974 
1.864809 172.218259 
1.895860 177.916113 
1.926238 149.426843 
1.955934 202.606814 
1.984932 191.211106 
2.013228 196.908960 
2.040809 204.506098 
2.067662 204.506098 
2.093783 204.506098 
2.119160 206.405383 
2.143784 215.901806 
2.167646 221.599660 
2.190738 214.002522 
2.213049 219.700376 
2.234576 221.599660 
2.255308 229.196799 
2.275240 221.599660 
2.294361 234.894653 
2.312670 242.491792 
2.330156 242.491792 
2.346813 242.491792 
2.362638 234.894653 
2.377623 242.491792 
2.391765 251.988215 
2.405056 248.189646 
2.417492 259.585354 
2.429069 261.484638 
2.439783 265.283208 
2.449629 269.081777 
2.458605 255.786784 
2.466708 267.182492 
2.473934 265.283208 
2.480282 265.283208 
2.485748 269.081777 
2.490331 274.779631 
2.494028 261.484638 
2.496840 270.981062 
2.498765 265.283208 
2.499802 261.484638 
2.499951 272.880346 
2.499211 270.981062 
2.497584 276.678916 
2.495069 276.678916 
2.491668 276.678916 
2.487382 272.880346 
2.482212 274.779631 
2.476159 270.981062 
2.469228 276.678916 
2.461419 272.880346 
2.452735 278.578200 
2.443179 280.477485 
2.432756 270.981062 
2.421469 282.376770 
2.409320 267.182492 
2.396316 280.477485 
2.382460 286.175339 
2.367755 284.276054 
2.352211 286.175339 
2.335832 276.678916 
2.318624 274.779631 
2.300590 280.477485 
2.281739 284.276054 
2.262079 276.678916 
2.241616 289.973908 
2.220354 265.283208 
2.198303 282.376770 
2.175471 274.779631 
2.151866 276.678916 
2.127496 276.678916 
2.102371 280.477485 
2.076498 272.880346 
2.049888 274.779631 
2.022549 270.981062 
1.994491 265.283208 
1.965725 272.880346 
1.936264 265.283208 
1.906114 270.981062 
1.875284 261.484638 
1.843791 257.686069 
1.811640 255.786784 
1.778845 257.686069 
1.745418 253.887500 
1.711371 251.988215 
1.676716 251.988215 
1.641464 250.088930 
1.605630 255.786784 
1.569218 246.290361 
1.532255 242.491792 
1.494748 250.088930 
1.456714 234.894653 
1.418158 250.088930 
1.379098 236.793938 
1.339553 229.196799 
1.299531 234.894653 
1.259044 229.196799 
1.218109 227.297514 
1.176742 215.901806 
1.134956 225.398230 
1.092767 225.398230 
1.050195 206.405383 
1.007249 200.707529 
0.963945 198.808244 
0.920294 195.009675 
0.876317 196.908960 
0.832028 196.908960 
0.787443 183.613967 
0.742583 176.016828 
0.697455 172.218259 
0.652083 162.721836 
0.606471 166.520405 
0.560647 168.419690 
0.514620 160.822551 
0.468415 143.728989 
0.422047 139.930420 
0.375530 145.628274 
0.328875 132.333281 
0.282103 126.635427 
0.235235 120.937573 
0.188284 126.635427 
0.141262 113.340435 
0.094193 107.642581 
0.047092 101.944727 
-0.000027 94.347588 
-0.047145 92.448303 
-0.094247 65.858318 
-0.141320 54.462610 
-0.188342 43.066902 
-0.235298 16.476917 
-0.282170 14.577632 
-0.328942 5.081209 
-0.375597 -12.012353 
-0.422114 -13.911638 
-0.468481 -29.105915 
-0.514682 -29.105915 
-0.560704 -29.105915 
-0.606527 -38.602339 
-0.652135 -42.400908 
-0.697506 -46.199477 
-0.742629 -48.098762 
-0.787489 -48.098762 
-0.832073 -59.494470 
-0.876362 -59.494470 
-0.920339 -68.990893 
-0.963990 -63.293039 
-1.007297 -65.192324 
-1.050243 -70.890178 
-1.092820 -76.588032 
-1.135004 -84.185170 
-1.176789 -82.285886 
-1.218152 -87.983740 
-1.259082 -95.580878 
-1.299569 -97.480163 
-1.339594 -103.178017 
-1.379139 -110.775156 
-1.418198 -105.077302 
-1.456753 -108.875871 
-1.494791 -120.271579 
-1.532156 -118.372294 
-1.569120 -125.969433 
-1.605526 -137.365141 
-1.641362 -135.465856 
-1.676615 -139.264426 
-1.711272 -143.062995 
-1.745318 -150.660134 
-1.778743 -148.760849 
-1.811537 -146.861564 
-1.843690 -165.854411 
-1.875185 -163.955126 
-1.906014 -154.458703 
-1.936166 -167.753696 
-1.965629 -171.552265 
-1.994398 -173.451550 
-2.022458 -167.753696 
-2.049799 -186.746542 
-2.076412 -186.746542 
-2.102287 -188.645827 
-2.127415 -190.545112 
-2.151785 -200.041535 
-2.175390 -190.545112 
-2.198225 -192.444396 
-2.220276 -201.940820 
-2.241539 -209.537958 
-2.262005 -219.034382 
-2.281668 -217.135097 
-2.300520 -224.732236 
-2.318557 -220.933666 
-2.335771 -226.631520 
-2.352152 -230.430090 
-2.367696 -238.027228 
-2.382401 -234.228659 
-2.396260 -243.725082 
-2.409267 -241.825798 
-2.421419 -236.127944 
-2.432711 -249.422936 
-2.443138 -257.020075 
-2.452697 -247.523652 
-2.461385 -257.020075 
-2.469199 -262.717929 
-2.476134 -258.919360 
-2.482189 -268.415783 
-2.487363 -264.617214 
-2.491653 -268.415783 
-2.495058 -281.710775 
-2.497576 -283.610060 
-2.499207 -277.912206 
-2.499950 -279.811491 
-2.499804 -289.307914 
-2.498771 -283.610060 
-2.496850 -285.509345 
-2.494042 -283.610060 
-2.490348 -276.012922 
-2.485768 -277.912206 
-2.480306 -279.811491 
-2.473963 -281.710775 
-2.466740 -289.307914 
-2.458641 -295.005768 
-2.449668 -296.905053 
-2.439825 -298.804337 
-2.429115 -298.804337 
-2.417541 -296.905053 
-2.405110 -300.703622 
-2.391823 -291.207199 
-2.377686 -319.696469 
-2.362706 -291.207199 
-2.346885 -298.804337 
-2.330232 -296.905053 
-2.312751 -283.610060 
-2.294448 -283.610060 
-2.275330 -281.710775 
-2.255404 -276.012922 
-2.234676 -279.811491 
-2.213155 -272.214352 
-2.190848 -276.012922 
-2.167762 -276.012922 
-2.143906 -279.811491 
-2.119288 -281.710775 
-2.093915 -279.811491 
-2.067798 -279.811491 
-2.040946 -272.214352 
-2.013369 -266.516498 
-1.985080 -264.617214 
-1.956085 -260.818644 
-1.926392 -258.919360 
-1.896015 -253.221506 
-1.864964 -260.818644 
-1.833250 -258.919360 
-1.800885 -258.919360 
-1.767880 -249.422936 
-1.734247 -245.624367 
-1.700002 -243.725082 
-1.665152 -243.725082 
-1.629703 -247.523652 
-1.593683 -243.725082 
-1.557096 -226.631520 
-1.519957 -238.027228 
-1.482273 -230.430090 
-1.444063 -226.631520 
-1.405344 -215.235812 
-1.366121 -220.933666 
-1.326413 -234.228659 
-1.286238 -217.135097 
-1.245606 -213.336528 
-1.204527 -215.235812 
-1.163020 -205.739389 
-1.121104 -205.739389 
-1.078781 -207.638674 
-1.036079 -196.242966 
-0.993009 -194.343681 
-0.949591 -194.343681 
-0.905835 -194.343681 
-0.861758 -173.451550 
-0.817374 -181.048688 
-0.772696 -173.451550 
-0.727747 -167.753696 
-0.682540 -165.854411 
-0.637091 -163.955126 
-0.591410 -162.055842 
-0.545524 -150.660134 
-0.499439 -146.861564 
-0.453177 -148.760849 
-0.406754 -137.365141 
-0.360187 -135.465856 
-0.313496 -135.465856 
-0.266689 -135.465856 
-0.219792 -127.868718 
-0.172817 -118.372294 
-0.125781 -110.775156 
-0.078695 -106.976586 
-0.031581 -106.976586 
0.015539 -105.077302 
0.062654 -97.480163 
0.109751 -84.185170 
0.156809 -74.688747 
0.203807 -65.192324 
0.250737 -42.400908 
0.297573 -32.904485 
0.344304 -25.307346 
0.390917 -15.810923 
0.437391 -0.616645 
0.483700 24.074055 
0.529842 29.771909 
0.575801 41.167617 
0.621555 44.966187 
0.667088 48.764756 
0.712384 54.462610 
0.757427 52.563325 
0.802196 58.261179 
0.846690 71.556172 
0.890878 65.858318 
0.934749 75.354741 
0.978297 79.153311 
1.021484 84.851165 
1.064304 82.951880 
1.106750 84.851165 
1.148803 96.246873 
1.190457 90.549019 
1.231683 100.045442 
1.272476 109.541865 
1.312804 100.045442 
1.352678 109.541865 
1.392063 115.239719 
1.430953 120.937573 
1.469340 124.736143 
1.507204 130.433997 
1.544532 130.433997 
1.581312 138.031135 
1.617530 139.930420 
1.653169 145.628274 
1.688222 151.326128 
1.722674 149.426843 
1.756521 160.822551 
1.789738 158.923266 
1.822318 166.520405 
1.854255 181.714682 
1.885529 191.211106 
1.916137 176.016828 
1.946066 183.613967 
1.975299 193.110390 
2.003829 189.311821 
2.031650 200.707529 
2.058750 200.707529 
2.085115 202.606814 
2.110740 214.002522 
2.135617 210.203952 
2.159733 204.506098 
2.183082 214.002522 
2.205655 223.498945 
2.227445 215.901806 
2.248445 221.599660 
2.268648 240.592507 
2.288042 223.498945 
2.306622 234.894653 
2.324383 234.894653 
2.341319 231.096084 
2.357430 246.290361 
2.372697 238.693222 
2.387123 250.088930 
2.400697 253.887500 
2.413419 255.786784 
2.425284 265.283208 
2.437064 261.484638 
2.447138 259.585354 
2.456341 251.988215 
2.464672 261.484638 
2.472128 265.283208 
2.478706 261.484638 
2.484403 270.981062 
2.489217 261.484638 
2.493146 261.484638 
2.496190 259.585354 
2.498347 270.981062 
2.499617 270.981062 
2.499998 272.880346 
2.499491 274.779631 
2.498096 265.283208 
2.495813 274.779631 
2.492643 276.678916 
2.488588 270.981062 
2.483649 265.283208 
2.477828 282.376770 
2.471125 270.981062 
2.463545 274.779631 
2.455090 270.981062 
2.445763 274.779631 
2.435566 280.477485 
2.424505 270.981062 
2.412581 274.779631 
2.399800 272.880346 
2.386166 286.175339 
2.371686 282.376770 
2.356362 280.477485 
2.340198 272.880346 
2.323207 288.074624 
2.305388 270.981062 
2.286750 282.376770 
2.267302 284.276054 
2.247048 284.276054 
2.225994 282.376770 
2.204151 278.578200 
2.181523 282.376770 
2.158120 280.477485 
2.133949 289.973908 
2.109018 274.779631 
2.083340 280.477485 
2.056919 270.981062 
2.029770 276.678916 
2.001899 274.779631 
1.973321 269.081777 
1.944041 270.981062 
1.914070 265.283208 
1.883417 263.383923 
1.852097 255.786784 
1.820119 259.585354 
1.787492 257.686069 
1.754229 259.585354 
1.720347 251.988215 
1.685849 259.585354 
1.650753 259.585354 
1.615074 244.391076 
1.578817 242.491792 
1.542003 251.988215 
1.504642 255.786784 
1.466742 238.693222 
1.428316 240.592507 
1.389388 234.894653 
1.349965 227.297514 
1.310067 231.096084 
1.269699 227.297514 
1.228880 221.599660 
1.187625 229.196799 
1.145947 221.599660 
1.103863 200.707529 
1.061390 200.707529 
1.018536 206.405383 
0.975320 198.808244 
0.931762 206.405383 
0.887873 191.211106 
0.843669 191.211106 
0.799165 181.714682 
0.754372 179.815398 
0.709316 177.916113 
0.664003 176.016828 
0.618455 166.520405 
0.572691 158.923266 
0.526724 153.225412 
0.480565 151.326128 
0.434178 145.628274 
0.387698 139.930420 
0.341081 143.728989 
0.294338 134.232566 
0.247495 126.635427 
0.200559 120.937573 
0.153553 109.541865 
0.106491 90.549019 
0.059392 111.441150 
0.012271 100.045442 
-0.034849 90.549019 
-0.081961 82.951880 
-0.129040 58.261179 
-0.176082 43.066902 
-0.223052 22.174771 
-0.269948 5.081209 
-0.316747 -2.515930 
-0.363435 -6.314499 
-0.409993 -17.710207 
-0.456400 -21.508777 
-0.502646 -61.393755 
-0.548717 -32.904485 
-0.594589 -31.005200 
-0.640255 -42.400908 
-0.685693 -48.098762 
-0.730882 -51.897331 
-0.775812 -48.098762 
-0.820471 -51.897331 
-0.864838 -67.091609 
-0.908894 -59.494470 
-0.952631 -65.192324 
-0.996025 -76.588032 
-1.039066 -68.990893 
-1.081741 -76.588032 
-1.124028 -74.688747 
-1.165925 -84.185170 
-1.207415 -78.487316 
-1.248459 -89.883024 
-1.289072 -86.084455 
-1.329219 -97.480163 
-1.368889 -95.580878 
-1.408073 -95.580878 
-1.446761 -106.976586 
-1.484931 -106.976586 
-1.522577 -112.674440 
-1.559682 -129.768002 
-1.596229 -129.768002 
-1.632213 -129.768002 
-1.667620 -135.465856 
-1.702432 -144.962280 
-1.736634 -139.264426 
-1.770224 -144.962280 
-1.803181 -146.861564 
-1.835500 -152.559418 
-1.867168 -160.156557 
-1.898172 -156.357988 
-1.928498 -165.854411 
-1.958145 -173.451550 
-1.987091 -169.652980 
-2.015330 -167.753696 
-2.042854 -181.048688 
-2.069652 -175.350834 
-2.095715 -182.947973 
-2.121033 -190.545112 
-2.145597 -192.444396 
-2.169400 -192.444396 
-2.192431 -200.041535 
-2.214687 -209.537958 
-2.236153 -207.638674 
-2.256826 -213.336528 
-2.277412 -215.235812 
-2.296445 -209.537958 
-2.314660 -226.631520 
-2.332053 -222.832951 
-2.348619 -226.631520 
-2.364350 -236.127944 
-2.379242 -238.027228 
-2.393288 -243.725082 
-2.406485 -241.825798 
-2.418824 -243.725082 
-2.430305 -243.725082 
-2.440922 -241.825798 
-2.450672 -251.322221 
-2.459551 -247.523652 
-2.467557 -257.020075 
-2.474685 -268.415783 
-2.480934 -257.020075 
-2.486301 -266.516498 
-2.490786 -266.516498 
-2.494386 -276.012922 
-2.497099 -281.710775 
-2.498925 -274.113637 
-2.499863 -281.710775 
-2.499912 -281.710775 
-2.499074 -289.307914 
-2.497347 -291.207199 
-2.494732 -283.610060 
-2.491231 -289.307914 
-2.486846 -281.710775 
-2.481576 -285.509345 
-2.475426 -276.012922 
-2.468396 -287.408629 
-2.460489 -293.106483 
-2.451707 -291.207199 
-2.442055 -287.408629 
-2.431535 -295.005768 
-2.420151 -302.602907 
-2.407907 -302.602907 
-2.394809 -296.905053 
-2.380859 -304.502191 
-2.366064 -296.905053 
-2.350428 -300.703622 
-2.333956 -293.106483 
-2.316655 -295.005768 
-2.298532 -291.207199 
-2.279591 -291.207199 
-2.259839 -291.207199 
-2.239287 -279.811491 
-2.217937 -272.214352 
-2.195801 -277.912206 
-2.172882 -283.610060 
-2.149192 -274.113637 
-2.124737 -277.912206 
-2.099528 -276.012922 
-2.073573 -302.602907 
-2.046884 -279.811491 
-2.019467 -274.113637 
-1.991331 -304.502191 
-1.962483 -266.516498 
-1.932942 -258.919360 
-1.902713 -260.818644 
-1.871805 -260.818644 
-1.840239 -257.020075 
-1.808012 -264.617214 
-1.775149 -255.120790 
-1.741656 -245.624367 
-1.707537 -245.624367 
-1.672818 -249.422936 
-1.637505 -245.624367 
-1.601610 -238.027228 
-1.565143 -241.825798 
-1.528119 -238.027228 
-1.490556 -228.530805 
-1.452460 -228.530805 
-1.413848 -232.329374 
-1.374741 -222.832951 
-1.335138 -224.732236 
-1.295061 -217.135097 
-1.254527 -203.840104 
-1.213548 -211.437243 
-1.172133 -205.739389 
-1.130302 -196.242966 
-1.088074 -196.242966 
-1.045459 -194.343681 
-1.002473 -190.545112 
-0.959126 -194.343681 
-0.915443 -188.645827 
-0.871426 -186.746542 
-0.827108 -182.947973 
-0.782491 -184.847258 
-0.737597 -173.451550 
-0.692440 -165.854411 
-0.647037 -160.156557 
-0.601405 -163.955126 
-0.555563 -152.559418 
-0.509525 -160.156557 
-0.463300 -144.962280 
-0.416911 -137.365141 
-0.370373 -129.768002 
-0.323709 -129.768002 
-0.276925 -133.566572 
-0.230043 -122.170864 
-0.183083 -124.070148 
-0.136059 -120.271579 
-0.088986 -106.976586 
-0.041882 -105.077302 
0.005242 -93.681594 
0.052364 -89.883024 
0.099468 -91.782309 
0.146531 -72.789462 
0.193547 -59.494470 
0.240495 -49.998047 
0.287357 -36.703054 
0.334112 -29.105915 
0.380748 -4.415215 
0.427254 -0.616645 
0.473608 16.476917 
0.519794 33.570479 
0.565790 44.966187 
0.611585 41.167617 
0.657168 54.462610 
0.702517 52.563325 
0.747617 63.959033 
0.792446 63.959033 
0.836999 58.261179 
0.881254 69.656887 
0.925200 73.455457 
0.968813 69.656887 
1.012078 84.851165 
1.054982 77.254026 
1.097517 88.649734 
1.139661 90.549019 
1.181401 98.146157 
1.222716 96.246873 
1.263597 101.944727 
1.304034 113.340435 
1.344003 113.340435 
1.383494 107.642581 
1.422494 119.038289 
1.460989 128.534712 
1.498968 132.333281 
1.536415 138.031135 
1.573316 134.232566 
1.609658 139.930420 
1.645424 151.326128 
1.680606 147.527558 
1.715190 149.426843 
1.749169 160.822551 
1.782523 170.318974 
1.815247 170.318974 
1.847326 166.520405 
1.878748 191.211106 
1.909503 185.513252 
1.939577 187.412536 
1.968964 187.412536 
1.997652 200.707529 
2.025630 195.009675 
2.052888 198.808244 
2.079417 206.405383 
2.105204 204.506098 
2.130246 204.506098 
2.154531 210.203952 
2.178048 206.405383 
2.200793 212.103237 
2.222755 229.196799 
2.243929 219.700376 
2.264303 229.196799 
2.283873 232.995368 
2.302634 231.096084 
2.320576 232.995368 
2.337692 246.290361 
2.353979 236.793938 
2.369429 242.491792 
2.384038 246.290361 
2.397800 259.585354 
2.410709 257.686069 
2.422762 244.391076 
2.433954 251.988215 
2.444281 246.290361 
2.453739 255.786784 
2.462326 263.383923 
2.470038 263.383923 
2.476872 261.484638 
2.482827 263.383923 
2.487900 265.283208 
2.492088 253.887500 
2.495391 269.081777 
2.497808 267.182492 
2.499337 267.182492 
2.499978 257.686069 
2.499731 265.283208 
2.498596 278.578200 
2.496573 265.283208 
2.493663 267.182492 
2.489867 270.981062 
2.485187 274.779631 
2.479624 270.981062 
2.473180 272.880346 
2.465856 272.880346 
2.457657 267.182492 
2.448585 276.678916 
2.438644 265.283208 
2.427835 274.779631 
2.416164 269.081777 
2.403634 291.873193 
2.390246 274.779631 
2.376011 272.880346 
2.360933 274.779631 
2.345015 246.290361 
2.328265 274.779631 
2.310687 282.376770 
2.292291 276.678916 
2.273077 278.578200 
2.253057 278.578200 
2.232237 278.578200 
2.210625 278.578200 
2.188227 282.376770 
2.165052 278.578200 
2.141108 280.477485 
2.116404 286.175339 
2.090947 274.779631 
2.064745 270.981062 
2.037812 278.578200 
2.010155 265.283208 
1.981784 269.081777 
1.952706 265.283208 
1.922937 265.283208 
1.892482 263.383923 
1.861357 257.686069 
1.829572 259.585354 
1.797136 261.484638 
1.764062 257.686069 
1.730361 263.383923 
1.696046 259.585354 
1.661124 248.189646 
1.625616 255.786784 
1.589526 246.290361 
1.552872 255.786784 
1.515666 246.290361 
1.477926 229.196799 
1.439656 251.988215 
1.400879 242.491792 
1.361600 232.995368 
1.321837 232.995368 
1.281601 236.793938 
1.240766 232.995368 
1.199635 214.002522 
1.158083 219.700376 
1.116119 214.002522 
1.073755 214.002522 
1.031013 217.801091 
0.987905 200.707529 
0.944441 196.908960 
0.900638 198.808244 
0.856519 187.412536 
0.812100 179.815398 
0.767393 187.412536 
0.722408 177.916113 
0.677171 162.721836 
0.631694 166.520405 
0.585988 160.822551 
0.540073 158.923266 
0.493967 149.426843 
0.447685 151.326128 
0.401249 139.930420 
0.354660 139.930420 
0.307956 120.937573 
0.261141 128.534712 
0.214230 117.139004 
0.167242 122.836858 
0.120194 107.642581 
0.073109 100.045442 
0.025998 103.844011 
-0.021127 101.944727 
-0.068245 81.052595 
-0.115334 65.858318 
-0.162386 52.563325 
-0.209376 22.174771 
-0.256297 10.779063 
-0.303121 -10.113069 
-0.349838 -8.213784 
-0.396431 -25.307346 
-0.442883 -29.105915 
-0.489177 -32.904485 
-0.535298 -46.199477 
-0.581233 -48.098762 
-0.626962 -51.897331 
-0.672468 -49.998047 
-0.717730 -55.695901 
-0.762742 -46.199477 
-0.807478 -57.595185 
-0.851932 -57.595185 
-0.896084 -59.494470 
-0.939916 -57.595185 
-0.983415 -61.393755 
-1.026560 -65.192324 
-1.069341 -78.487316 
-1.111741 -72.789462 
-1.153747 -82.285886 
-1.195343 -82.285886 
-1.236518 -82.285886 
-1.277250 -86.084455 
-1.317528 -93.681594 
-1.357337 -86.084455 
-1.396669 -89.883024 
-1.435509 -97.480163 
-1.473830 -101.278732 
-1.511632 -105.077302 
-1.548896 -110.775156 
-1.585610 -124.070148 
-1.621761 -127.868718 
-1.657336 -139.264426 
-1.692318 -137.365141 
-1.726702 -144.962280 
-1.760470 -154.458703 
-1.793615 -152.559418 
-1.826123 -158.257272 
-1.857992 -148.760849 
-1.889188 -163.955126 
-1.919814 -196.242966 
-1.949654 -158.257272 
-1.978802 -165.854411 
-2.007247 -169.652980 
-2.034981 -181.048688 
-2.061992 -169.652980 
-2.088270 -182.947973 
-2.113807 -186.746542 
-2.138590 -198.142250 
-2.162615 -194.343681 
-2.185873 -200.041535 
-2.208353 -201.940820 
-2.230049 -203.840104 
-2.250952 -213.336528 
-2.271054 -203.840104 
-2.290350 -215.235812 
-2.308831 -217.135097 
-2.326494 -217.135097 
-2.343328 -226.631520 
-2.359329 -222.832951 
-2.374495 -220.933666 
-2.388816 -236.127944 
-2.402288 -234.228659 
-2.414907 -241.825798 
-2.426668 -243.725082 
-2.437566 -245.624367 
-2.447597 -243.725082 
-2.456759 -251.322221 
-2.465048 -251.322221 
-2.472462 -247.523652 
-2.478997 -262.717929 
-2.484652 -257.020075 
-2.489424 -266.516498 
-2.493311 -266.516498 
-2.496313 -266.516498 
-2.498427 -270.315068 
-2.499655 -268.415783 
-2.499994 -274.113637 
-2.499445 -285.509345 
-2.498007 -277.912206 
-2.495682 -287.408629 
-2.492471 -285.509345 
-2.488374 -279.811491 
-2.483392 -285.509345 
-2.477529 -277.912206 
-2.470785 -281.710775 
-2.463164 -315.897899 
-2.454667 -279.811491 
-2.445299 -287.408629 
-2.435062 -281.710775 
-2.423958 -289.307914 
-2.411994 -293.106483 
-2.399173 -291.207199 
-2.385501 -296.905053 
-2.370981 -289.307914 
-2.355618 -296.905053 
-2.339419 -289.307914 
-2.322389 -289.307914 
-2.304534 -287.408629 
-2.285860 -295.005768 
-2.266374 -285.509345 
-2.246082 -291.207199 
-2.224991 -276.012922 
-2.203109 -276.012922 
-2.180444 -270.315068 
-2.157007 -270.315068 
-2.132806 -277.912206 
-2.107843 -276.012922 
-2.082130 -266.516498 
-2.055678 -270.315068 
-2.028495 -272.214352 
-2.000594 -272.214352 
-1.971983 -268.415783 
-1.942668 -260.818644 
-1.912662 -258.919360 
-1.881981 -257.020075 
-1.850630 -251.322221 
-1.818622 -257.020075 
-1.785969 -257.020075 
-1.752680 -247.523652 
-1.718769 -253.221506 
-1.684248 -243.725082 
-1.649128 -249.422936 
-1.613418 -234.228659 
-1.577136 -224.732236 
-1.540292 -236.127944 
-1.502906 -230.430090 
-1.464985 -232.329374 
-1.426540 -234.228659 
-1.387589 -224.732236 
-1.348144 -219.034382 
-1.308220 -217.135097 
-1.267835 -209.537958 
-1.227000 -219.034382 
-1.185725 -211.437243 
-1.144029 -200.041535 
-1.101930 -203.840104 
-1.059440 -200.041535 
-1.016569 -196.242966 
-0.973342 -188.645827 
-0.929764 -182.947973 
-0.885860 -181.048688 
-0.841637 -173.451550 
-0.797119 -177.250119 
-0.752319 -167.753696 
-0.707251 -173.451550 
-0.661927 -165.854411 
-0.616373 -156.357988 
-0.570599 -160.156557 
-0.524623 -146.861564 
-0.478456 -148.760849 
-0.432119 -148.760849 
-0.385633 -131.667287 
-0.339005 -135.465856 
-0.292257 -127.868718 
-0.245400 -129.768002 
-0.198461 -112.674440 
-0.151451 -112.674440 
-0.104388 -105.077302 
-0.057287 -101.278732 
-0.010171 -99.379448 
0.036954 -99.379448 
0.084060 -89.883024 
0.131142 -87.983740 
0.178177 -68.990893 
0.225149 -61.393755 
0.272040 -42.400908 
0.318835 -36.703054 
0.365517 -23.408061 
0.412069 -13.911638 
0.458470 5.081209 
0.504712 8.879778 
0.550771 33.570479 
0.596638 43.066902 
0.642294 50.664041 
0.687717 52.563325 
0.732900 50.664041 
0.777818 67.757603 
0.822459 58.261179 
0.866813 73.455457 
0.910859 67.757603 
0.954582 71.556172 
0.997965 73.455457 
1.040993 82.951880 
1.083648 84.851165 
1.125917 82.951880 
1.167791 88.649734 
1.209249 105.743296 
1.250278 107.642581 
1.290863 107.642581 
1.330989 111.441150 
1.370638 115.239719 
1.409804 117.139004 
1.448469 128.534712 
1.486620 109.541865 
1.524242 138.031135 
1.561319 134.232566 
1.597841 153.225412 
1.633796 151.326128 
1.669170 143.728989 
1.703955 164.621120 
1.738134 166.520405 
1.771696 166.520405 
1.804625 174.117544 
1.836912 176.016828 
1.868551 185.513252 
1.899522 185.513252 
1.929821 181.714682 
1.959435 191.211106 
1.988356 193.110390 
2.016564 193.110390 
2.044058 200.707529 
2.070827 196.908960 
2.096859 195.009675 
2.122144 212.103237 
2.146675 204.506098 
2.170445 200.707529 
2.193445 217.801091 
2.215665 225.398230 
2.237097 212.103237 
2.257733 229.196799 
2.277567 234.894653 
2.296593 227.297514 
2.314802 236.793938 
2.332190 244.391076 
2.348748 248.189646 
2.364472 242.491792 
2.379359 240.592507 
2.393396 244.391076 
2.406585 248.189646 
2.418919 248.189646 
2.430392 265.283208 
2.441001 259.585354 
2.450745 261.484638 
2.459617 250.088930 
2.467615 261.484638 
2.474737 257.686069 
2.480980 257.686069 
2.486341 267.182492 
2.490818 270.981062 
2.494411 267.182492 
2.497117 270.981062 
2.498936 274.779631 
2.499867 259.585354 
2.499909 270.981062 
2.499064 265.283208 
2.497330 274.779631 
2.494707 276.678916 
2.491199 270.981062 
2.486806 274.779631 
2.481529 274.779631 
2.475371 280.477485 
2.468334 267.182492 
2.460420 280.477485 
2.451631 274.779631 
2.441970 289.973908 
2.431442 286.175339 
2.420050 276.678916 
2.407799 282.376770 
2.394693 278.578200 
2.380736 282.376770 
2.365922 270.981062 
2.350275 286.175339 
2.333795 280.477485 
2.316485 282.376770 
2.298354 282.376770 
2.279405 289.973908 
2.259645 274.779631 
2.239083 293.772478 
2.217725 280.477485 
2.195577 282.376770 
2.172617 286.175339 
2.148918 270.981062 
2.124455 282.376770 
2.099240 278.578200 
2.073274 276.678916 
2.046576 272.880346 
2.019149 278.578200 
1.991007 265.283208 
1.962158 270.981062 
1.932611 270.981062 
1.902375 267.182492 
1.871463 259.585354 
1.839886 255.786784 
1.807656 267.182492 
1.774779 255.786784 
1.741275 259.585354 
1.707157 259.585354 
1.672431 261.484638 
1.637112 253.887500 
1.601207 259.585354 
1.564737 253.887500 
1.527707 246.290361 
1.490138 240.592507 
1.452036 240.592507 
1.413418 248.189646 
1.374298 234.894653 
1.334694 227.297514 
1.294615 229.196799 
1.254077 214.002522 
1.213093 231.096084 
1.171678 210.203952 
1.129842 206.405383 
1.087610 210.203952 
1.044991 204.506098 
1.001996 195.009675 
0.958645 206.405383 
0.914954 195.009675 
0.870942 181.714682 
0.826616 183.613967 
0.782001 181.714682 
0.737108 164.621120 
0.691949 179.815398 
0.646548 166.520405 
0.600913 160.822551 
0.555060 149.426843 
0.509015 155.124697 
0.462793 145.628274 
0.416407 143.728989 
0.369868 132.333281 
0.323197 138.031135 
0.276417 134.232566 
0.229538 122.836858 
0.182569 113.340435 
0.135544 111.441150 
0.088471 115.239719 
0.041366 100.045442 
-0.005763 100.045442 
-0.052880 86.750449 
-0.099974 73.455457 
-0.147042 52.563325 
-0.194052 31.671194 
-0.240994 16.476917 
-0.287860 -0.616645 
-0.334618 -13.911638 
-0.381359 -29.105915 
-0.427863 -29.105915 
-0.474210 -42.400908 
-0.520393 -46.199477 
-0.566387 -44.300193 
-0.612184 -59.494470 
-0.657764 -44.300193 
-0.703105 -46.199477 
-0.748202 -55.695901 
-0.793032 -46.199477 
-0.837576 -51.897331 
-0.881827 -57.595185 
-0.925765 -59.494470 
-0.969378 -57.595185 
-1.012642 -67.091609 
-1.055547 -74.688747 
-1.098076 -68.990893 
-1.140215 -76.588032 
-1.181945 -76.588032 
-1.223255 -78.487316 
-1.264130 -82.285886 
-1.304557 -87.983740 
-1.344523 -91.782309 
-1.384013 -89.883024 
-1.423006 -93.681594 
-1.461498 -103.178017 
-1.499470 -101.278732 
-1.536906 -112.674440 
-1.573796 -114.573725 
-1.610130 -118.372294 
-1.645896 -129.768002 
-1.681070 -148.760849 
-1.715650 -148.760849 
-1.749621 -150.660134 
-1.782970 -148.760849 
-1.815682 -152.559418 
-1.847752 -154.458703 
-1.879162 -160.156557 
-1.909908 -173.451550 
-1.939976 -165.854411 
-1.969354 -173.451550 
-1.998029 -171.552265 
-2.026000 -175.350834 
-2.053252 -171.552265 
-2.079768 -182.947973 
-2.105548 -188.645827 
-2.130582 -194.343681 
-2.154856 -196.242966 
-2.178372 -200.041535 
-2.201105 -205.739389 
-2.223057 -205.739389 
-2.244220 -219.034382 
-2.264587 -209.537958 
-2.284146 -220.933666 
-2.302897 -213.336528 
-2.320826 -215.235812 
-2.337932 -222.832951 
-2.354205 -224.732236 
-2.369644 -226.631520 
-2.384240 -234.228659 
-2.397988 -236.127944 
-2.410885 -236.127944 
-2.422927 -251.322221 
-2.434108 -243.725082 
-2.444423 -255.120790 
-2.453869 -251.322221 
-2.462444 -257.020075 
-2.470144 -251.322221 
-2.476966 -251.322221 
-2.482908 -258.919360 
-2.487968 -255.120790 
-2.492143 -258.919360 
-2.495433 -258.919360 
-2.497837 -272.214352 
-2.499353 -268.415783 
-2.499981 -279.811491 
-2.499721 -279.811491 
-2.498572 -287.408629 
-2.496536 -289.307914 
-2.493613 -287.408629 
-2.489804 -287.408629 
-2.485109 -289.307914 
-2.479532 -287.408629 
-2.473074 -291.207199 
-2.465737 -281.710775 
-2.457525 -289.307914 
-2.448440 -283.610060 
-2.438485 -276.012922 
-2.427664 -279.811491 
-2.415980 -285.509345 
-2.403437 -295.005768 
-2.390041 -291.207199 
-2.375795 -302.602907 
-2.360704 -295.005768 
-2.344774 -302.602907 
-2.328012 -291.207199 
-2.310422 -298.804337 
-2.292011 -287.408629 
-2.272784 -296.905053 
-2.252751 -293.106483 
-2.231920 -289.307914 
-2.210293 -287.408629 
-2.187882 -281.710775 
-2.164695 -289.307914 
-2.140737 -272.214352 
-2.116018 -279.811491 
-2.090547 -270.315068 
-2.064336 -270.315068 
-2.037387 -277.912206 
-2.009718 -266.516498 
-1.981330 -274.113637 
-1.952241 -260.818644 
-1.922461 -264.617214 
-1.891996 -262.717929 
-1.860861 -257.020075 
-1.829061 -251.322221 
-1.796616 -245.624367 
-1.763528 -243.725082 
-1.729817 -243.725082 
-1.695492 -249.422936 
-1.660565 -247.523652 
-1.625047 -239.926513 
-1.588949 -241.825798 
-1.552282 -234.228659 
-1.515067 -228.530805 
-1.477318 -220.933666 
-1.439040 -220.933666 
-1.400247 -228.530805 
-1.360960 -219.034382 
-1.321194 -224.732236 
-1.280950 -215.235812 
-1.240254 -205.739389 
-1.199123 -211.437243 
-1.157561 -200.041535 
-1.115592 -207.638674 
-1.073227 -203.840104 
-1.030477 -201.940820 
-0.987360 -190.545112 
-0.943892 -198.142250 
-0.900089 -182.947973 
-0.855966 -179.149404 
-0.811543 -169.652980 
-0.766828 -181.048688 
-0.721845 -171.552265 
-0.676605 -169.652980 
-0.631120 -169.652980 
-0.585411 -158.257272 
-0.539494 -158.257272 
-0.493390 -158.257272 
-0.447106 -137.365141 
-0.400668 -143.062995 
-0.354087 -135.465856 
-0.307376 -116.473010 
-0.260556 -129.768002 
-0.213638 -118.372294 
-0.166649 -103.178017 
-0.119606 -110.775156 
-0.072521 -114.573725 
-0.025404 -105.077302 
0.021721 -93.681594 
0.068834 -95.580878 
0.115675 -78.487316 
0.162727 -67.091609 
0.209818 -57.595185 
0.256733 -44.300193 
0.303557 -36.703054 
0.350272 -27.206631 
0.396864 -15.810923 
0.443319 -6.314499 
0.489612 22.174771 
0.535736 31.671194 
0.581669 46.865471 
0.627395 41.167617 
0.672899 48.764756 
0.718164 48.764756 
0.763173 56.361895 
0.807911 58.261179 
0.852358 60.160464 
0.896506 62.059749 
0.940336 75.354741 
0.983827 67.757603 
1.026973 79.153311 
1.069750 82.951880 
1.112164 88.649734 
1.154170 86.750449 
1.195762 101.944727 
1.236928 94.347588 
1.277660 113.340435 
1.317941 113.340435 
1.357750 122.836858 
1.397069 120.937573 
1.435895 122.836858 
1.474219 134.232566 
1.512016 132.333281 
1.549278 138.031135 
1.585987 141.829705 
1.622132 147.527558 
1.657700 155.124697 
1.692676 155.124697 
1.727054 155.124697 
1.760819 168.419690 
1.793958 168.419690 
1.826456 176.016828 
1.858308 174.117544 
1.889500 179.815398 
1.920018 181.714682 
1.949853 172.218259 
1.978996 185.513252 
2.007436 191.211106 
2.035162 185.513252 
2.062169 195.009675 
2.088440 198.808244 
2.113969 198.808244 
2.138749 208.304668 
2.162765 204.506098 
2.186017 214.002522 
2.208493 208.304668 
2.230186 221.599660 
2.251084 215.901806 
2.271182 227.297514 
2.290474 227.297514 
2.308949 227.297514 
2.326604 240.592507 
2.343437 232.995368 
2.359433 240.592507 
2.374592 238.693222 
2.388907 240.592507 
2.402375 251.988215 
2.414988 248.189646 
2.426742 255.786784 
2.437635 244.391076 
2.447661 242.491792 
2.456819 255.786784 
2.465102 244.391076 
2.472510 257.686069 
2.479039 261.484638 
2.484687 259.585354 
2.489453 261.484638 
2.493334 259.585354 
2.496330 270.981062 
2.498439 253.887500 
2.499660 267.182492 
2.499993 259.585354 
2.499438 267.182492 
2.497995 269.081777 
2.495664 261.484638 
2.492447 274.779631 
2.488345 265.283208 
2.483358 270.981062 
2.477489 274.779631 
2.470739 263.383923 
2.463111 276.678916 
2.454609 282.376770 
2.445235 289.973908 
2.434992 274.779631 
2.423884 276.678916 
2.411914 274.779631 
2.399086 276.678916 
2.385407 276.678916 
2.370880 280.477485 
2.355511 284.276054 
2.339306 286.175339 
2.322270 282.376770 
2.304407 284.276054 
2.285727 280.477485 
2.266236 278.578200 
2.245937 289.973908 
2.224842 276.678916 
2.202957 282.376770 
2.180287 276.678916 
2.156842 272.880346 
2.132631 278.578200 
2.107664 284.276054 
2.081946 272.880346 
2.055489 272.880346 
2.028301 263.383923 
2.000392 270.981062 
1.971773 274.779631 
1.942453 259.585354 
1.912446 269.081777 
1.881756 274.779631 
1.850394 272.880346 
1.818381 263.383923 
1.785716 261.484638 
1.752419 261.484638 
1.718497 261.484638 
1.683967 267.182492 
1.648835 251.988215 
1.613120 259.585354 
1.576837 251.988215 
1.539993 244.391076 
1.502602 244.391076 
1.464673 251.988215 
1.426224 240.592507 
1.387268 236.793938 
1.347823 236.793938 
1.307900 225.398230 
1.267512 229.196799 
1.226673 219.700376 
1.185395 210.203952 
1.143699 215.901806 
1.101593 212.103237 
1.059100 208.304668 
1.016226 206.405383 
0.972991 200.707529 
0.929415 181.714682 
0.885504 193.110390 
0.841279 185.513252 
0.796759 170.318974 
0.751951 183.613967 
0.706881 166.520405 
0.661560 160.822551 
0.616004 158.923266 
0.570224 164.621120 
0.524247 155.124697 
0.478073 149.426843 
0.431735 149.426843 
0.385248 143.728989 
0.338619 124.736143 
0.291870 128.534712 
0.245022 120.937573 
0.198087 124.736143 
0.151072 115.239719 
0.104008 119.038289 
0.056907 111.441150 
0.009791 98.146157 
-0.037334 101.944727 
-0.084445 88.649734 
-0.131522 69.656887 
-0.178551 44.966187 
-0.225518 27.872625 
-0.272404 6.980493 
-0.319198 -13.911638 
-0.365874 1.282639 
-0.412420 -23.408061 
-0.458820 -32.904485 
-0.505061 -27.206631 
-0.551123 -49.998047 
-0.596984 -48.098762 
-0.642638 -51.897331 
-0.688064 -46.199477 
-0.733245 -55.695901 
-0.778165 -46.199477 
-0.822809 -57.595185 
-0.867161 -61.393755 
-0.911200 -61.393755 
-0.954915 -63.293039 
-0.998291 -65.192324 
-1.041317 -68.990893 
-1.083986 -63.293039 
-1.126256 -78.487316 
-1.168140 -76.588032 
-1.209591 -78.487316 
-1.250616 -97.480163 
-1.291197 -82.285886 
-1.331336 -82.285886 
-1.370980 -89.883024 
-1.410142 -93.681594 
-1.448803 -93.681594 
-1.486949 -105.077302 
-1.524563 -105.077302 
-1.561643 -116.473010 
-1.598160 -124.070148 
-1.634113 -135.465856 
-1.669482 -137.365141 
-1.704258 -144.962280 
-1.738428 -150.660134 
-1.771981 -148.760849 
-1.804908 -158.257272 
-1.837197 -158.257272 
-1.868829 -154.458703 
-1.899798 -167.753696 
-1.930091 -160.156557 
-1.959699 -175.350834 
-1.988613 -165.854411 
-2.016817 -173.451550 
-2.044302 -177.250119 
-2.071064 -182.947973 
-2.097087 -182.947973 
-2.122368 -188.645827 
-2.146892 -192.444396 
-2.170656 -200.041535 
-2.193646 -200.041535 
-2.215859 -209.537958 
-2.237282 -207.638674 
-2.257911 -209.537958 
-2.277738 -213.336528 
-2.296755 -211.437243 
-2.314958 -220.933666 
-2.332341 -213.336528 
-2.348891 -222.832951 
-2.364608 -215.235812 
-2.379486 -226.631520 
-2.393516 -228.530805 
-2.406696 -232.329374 
-2.419021 -239.926513 
-2.430487 -243.725082 
-2.441089 -245.624367 
-2.450825 -255.120790 
-2.459689 -247.523652 
-2.467680 -258.919360 
-2.474794 -245.624367 
-2.481029 -257.020075 
-2.486382 -258.919360 
-2.490852 -249.422936 
-2.494437 -260.818644 
-2.497135 -270.315068 
-2.498947 -266.516498 
-2.499870 -268.415783 
-2.499906 -279.811491 
-2.499054 -274.113637 
-2.497313 -272.214352 
-2.494685 -281.710775 
-2.491171 -285.509345 
-2.486772 -285.509345 
-2.481489 -295.005768 
-2.475325 -289.307914 
-2.468281 -287.408629 
-2.460360 -287.408629 
-2.451565 -285.509345 
-2.441898 -285.509345 
-2.431364 -281.710775 
-2.419967 -285.509345 
-2.407711 -287.408629 
-2.394599 -289.307914 
-2.380634 -296.905053 
-2.365826 -295.005768 
-2.350175 -296.905053 
-2.333688 -291.207199 
-2.316373 -302.602907 
-2.298235 -289.307914 
-2.279282 -291.207199 
-2.259520 -295.005768 
-2.238955 -298.804337 
-2.217592 -289.307914 
-2.195441 -289.307914 
-2.172513 -285.509345 
-2.148810 -283.610060 
-2.124347 -276.012922 
-2.099126 -274.113637 
-2.073162 -270.315068 
-2.046461 -270.315068 
-2.019030 -260.818644 
-1.990883 -272.214352 
-1.962030 -264.617214 
-1.932478 -272.214352 
-1.902236 -272.214352 
-1.871320 -262.717929 
-1.839740 -257.020075 
-1.807507 -257.020075 
-1.774631 -249.422936 
-1.741124 -247.523652 
-1.706999 -241.825798 
-1.672271 -245.624367 
-1.636941 -238.027228 
-1.601037 -264.617214 
-1.564565 -230.430090 
-1.527536 -241.825798 
-1.489957 -226.631520 
-1.451857 -224.732236 
-1.413236 -220.933666 
-1.374118 -220.933666 
-1.334507 -219.034382 
-1.294431 -219.034382 
-1.253890 -215.235812 
-1.212904 -213.336528 
-1.171487 -196.242966 
-1.129650 -203.840104 
-1.087415 -203.840104 
-1.044795 -194.343681 
-1.001798 -201.940820 
-0.958451 -192.444396 
-0.914758 -184.847258 
-0.870740 -182.947973 
-0.826413 -179.149404 
-0.781792 -173.451550 
-0.736893 -167.753696 
-0.691732 -162.055842 
-0.646331 -158.257272 
-0.600699 -160.156557 
-0.554855 -148.760849 
-0.508813 -150.660134 
-0.462590 -133.566572 
-0.416204 -139.264426 
-0.369669 -135.465856 
-0.323003 -127.868718 
-0.276222 -129.768002 
-0.229343 -120.271579 
-0.182383 -114.573725 
-0.135353 -118.372294 
-0.088274 -106.976586 
-0.041165 -103.178017 
