0.000001 8.879778 
0.007855 1.282639 
0.015709 1.282639 
0.023562 1.282639 
0.031415 5.081209 
0.039267 -2.515930 
0.047119 -0.616645 
0.054972 6.980493 
0.062824 6.980493 
0.070676 3.181924 
0.078526 1.282639 
0.086376 1.282639 
0.094226 1.282639 
0.102074 1.282639 
0.109920 6.980493 
0.117766 1.282639 
0.125610 1.282639 
0.133453 8.879778 
0.141296 5.081209 
0.149136 1.282639 
0.156976 -0.616645 
0.164814 5.081209 
0.172650 5.081209 
0.180485 10.779063 
0.188319 6.980493 
0.196149 14.577632 
0.203978 10.779063 
0.211806 8.879778 
0.219631 8.879778 
0.227453 10.779063 
0.235272 6.980493 
0.243090 16.476917 
0.250905 14.577632 
0.258718 10.779063 
0.266529 14.577632 
0.274338 16.476917 
0.282142 16.476917 
0.289945 22.174771 
0.297744 27.872625 
0.305540 27.872625 
0.313334 18.376201 
0.321124 35.469763 
0.328912 16.476917 
0.336696 16.476917 
0.344477 24.074055 
0.352254 16.476917 
0.360028 18.376201 
0.367798 27.872625 
0.375565 24.074055 
0.383328 25.973340 
0.391088 35.469763 
0.398843 31.671194 
0.406594 24.074055 
0.414341 35.469763 
0.422084 31.671194 
0.429823 27.872625 
0.437558 39.268333 
0.445288 8.879778 
0.453014 31.671194 
0.460736 31.671194 
0.468453 31.671194 
0.476168 37.369048 
0.483875 37.369048 
0.491578 31.671194 
0.499276 39.268333 
0.506968 43.066902 
0.514656 14.577632 
0.522339 31.671194 
0.530017 41.167617 
0.537691 29.771909 
0.545358 33.570479 
0.553020 41.167617 
0.560676 37.369048 
0.568328 39.268333 
0.575973 58.261179 
0.583612 52.563325 
0.591246 52.563325 
0.598874 46.865471 
0.606496 58.261179 
0.614112 52.563325 
0.621722 58.261179 
0.629327 62.059749 
0.636925 50.664041 
0.644517 54.462610 
0.652103 58.261179 
0.659682 63.959033 
0.667254 65.858318 
0.674820 60.160464 
0.682379 58.261179 
0.689932 52.563325 
0.697478 60.160464 
0.705016 54.462610 
0.712547 62.059749 
0.720072 63.959033 
0.727590 60.160464 
0.735100 71.556172 
0.742604 69.656887 
0.750099 69.656887 
0.757586 65.858318 
0.765068 63.959033 
0.772541 63.959033 
0.780007 67.757603 
0.787602 73.455457 
0.795052 73.455457 
0.802495 75.354741 
0.809929 77.254026 
0.817355 75.354741 
0.824773 81.052595 
0.832184 77.254026 
0.839586 77.254026 
0.846980 79.153311 
0.854366 79.153311 
0.861743 86.750449 
0.869111 88.649734 
0.876472 84.851165 
0.883822 84.851165 
0.891165 88.649734 
0.898499 84.851165 
0.905824 88.649734 
0.913140 86.750449 
0.920447 81.052595 
0.927745 82.951880 
0.935034 84.851165 
0.942313 88.649734 
0.949581 86.750449 
0.956842 88.649734 
0.964094 98.146157 
0.971336 100.045442 
0.978568 100.045442 
0.985791 101.944727 
0.993003 103.844011 
1.000205 100.045442 
1.007398 100.045442 
1.014582 105.743296 
1.021754 96.246873 
1.028917 92.448303 
1.036069 96.246873 
1.043211 92.448303 
1.050344 103.844011 
1.057466 107.642581 
1.064577 103.844011 
1.071677 103.844011 
1.078767 100.045442 
1.085846 109.541865 
1.092915 107.642581 
1.099973 109.541865 
1.107020 109.541865 
1.114057 100.045442 
1.121082 101.944727 
1.128096 107.642581 
1.135099 109.541865 
1.142090 115.239719 
1.149071 113.340435 
1.156040 103.844011 
1.162998 107.642581 
1.169945 113.340435 
1.176879 109.541865 
1.183802 113.340435 
1.190714 119.038289 
1.197614 107.642581 
1.204502 117.139004 
1.211378 124.736143 
1.218242 124.736143 
1.225097 120.937573 
1.231937 115.239719 
1.238764 92.448303 
1.245580 124.736143 
1.252384 130.433997 
1.259175 124.736143 
1.265954 122.836858 
1.272720 132.333281 
1.279474 124.736143 
1.286215 134.232566 
1.292944 132.333281 
1.299659 128.534712 
1.306361 138.031135 
1.313051 141.829705 
1.319728 143.728989 
1.326392 141.829705 
1.333042 136.131851 
1.339680 145.628274 
1.346304 134.232566 
1.352915 130.433997 
1.359513 138.031135 
1.366097 145.628274 
1.372668 143.728989 
1.379226 149.426843 
1.385770 138.031135 
1.392300 145.628274 
1.398816 143.728989 
1.405318 134.232566 
1.411807 143.728989 
1.418282 143.728989 
1.424742 149.426843 
1.431188 149.426843 
1.437621 141.829705 
1.444039 151.326128 
1.450443 153.225412 
1.456833 145.628274 
1.463217 149.426843 
1.469578 153.225412 
1.475924 158.923266 
1.482256 160.822551 
1.488573 155.124697 
1.494875 160.822551 
1.501162 166.520405 
1.507435 153.225412 
1.513693 158.923266 
1.519936 166.520405 
1.526165 172.218259 
1.532378 160.822551 
1.538576 162.721836 
1.544758 166.520405 
1.550926 164.621120 
1.557078 162.721836 
1.563215 170.318974 
1.569336 170.318974 
1.575442 172.218259 
1.581532 166.520405 
1.587606 166.520405 
1.593665 174.117544 
1.599708 158.923266 
1.605736 164.621120 
1.611747 160.822551 
1.617743 164.621120 
1.623723 168.419690 
1.629687 174.117544 
1.635635 176.016828 
1.641567 176.016828 
1.647483 170.318974 
1.653381 181.714682 
1.659264 170.318974 
1.665131 168.419690 
1.670983 172.218259 
1.676817 177.916113 
1.682634 187.412536 
1.688434 185.513252 
1.694218 183.613967 
1.699984 187.412536 
1.705735 179.815398 
1.711469 181.714682 
1.717185 193.110390 
1.722884 189.311821 
1.728567 193.110390 
1.734233 196.908960 
1.739881 189.311821 
1.745512 195.009675 
1.751126 198.808244 
1.756723 191.211106 
1.762303 200.707529 
1.767865 206.405383 
1.773410 189.311821 
1.778937 198.808244 
1.784446 206.405383 
1.789937 198.808244 
1.795411 195.009675 
1.800867 195.009675 
1.806307 181.714682 
1.811728 193.110390 
1.817131 195.009675 
1.822516 191.211106 
1.827883 200.707529 
1.833232 206.405383 
1.838562 204.506098 
1.843875 204.506098 
1.849170 214.002522 
1.854446 208.304668 
1.859704 196.908960 
1.864944 204.506098 
1.870165 206.405383 
1.875367 195.009675 
1.880551 198.808244 
1.885717 206.405383 
1.890865 196.908960 
1.895993 212.103237 
1.901103 204.506098 
1.906194 202.606814 
1.911268 200.707529 
1.916321 196.908960 
1.921355 204.506098 
1.926370 210.203952 
1.931367 210.203952 
1.936344 204.506098 
1.941303 206.405383 
1.946242 196.908960 
1.951164 195.009675 
1.956064 204.506098 
1.960946 198.808244 
1.965808 204.506098 
1.970650 200.707529 
1.975473 198.808244 
1.980277 196.908960 
1.985060 200.707529 
1.989825 195.009675 
1.994569 191.211106 
1.999294 198.808244 
2.003999 195.009675 
2.008685 196.908960 
2.013351 208.304668 
2.017997 193.110390 
2.022622 202.606814 
2.027228 206.405383 
2.031815 195.009675 
2.036381 198.808244 
2.040927 214.002522 
2.045452 202.606814 
2.049958 210.203952 
2.054443 210.203952 
2.058908 210.203952 
2.063352 198.808244 
2.067776 215.901806 
2.072180 214.002522 
2.076564 215.901806 
2.080927 234.894653 
2.085269 219.700376 
2.089592 212.103237 
2.093893 221.599660 
2.098173 214.002522 
2.102433 219.700376 
2.106672 221.599660 
2.110890 214.002522 
2.115089 234.894653 
2.119265 221.599660 
2.123421 215.901806 
2.127556 223.498945 
2.131669 210.203952 
2.135762 225.398230 
2.139834 221.599660 
2.143884 221.599660 
2.147913 231.096084 
2.151921 223.498945 
2.155908 232.995368 
2.159873 236.793938 
2.163817 221.599660 
2.167740 227.297514 
2.171642 240.592507 
2.175522 219.700376 
2.179380 242.491792 
2.183218 234.894653 
2.187033 221.599660 
2.190828 236.793938 
2.194612 221.599660 
2.198363 229.196799 
2.202092 232.995368 
2.205799 229.196799 
2.209484 240.592507 
2.213148 231.096084 
2.216790 236.793938 
2.220410 238.693222 
2.224008 231.096084 
2.227584 234.894653 
2.231138 248.189646 
2.234670 240.592507 
2.238181 251.988215 
2.241668 242.491792 
2.245134 251.988215 
2.248578 246.290361 
2.251999 244.391076 
2.255399 250.088930 
2.258775 242.491792 
2.262130 261.484638 
2.265463 253.887500 
2.268773 244.391076 
2.272060 244.391076 
2.275325 250.088930 
2.278568 261.484638 
2.281788 246.290361 
2.284986 234.894653 
2.288162 246.290361 
2.291314 244.391076 
2.294445 251.988215 
2.297552 240.592507 
2.300637 238.693222 
2.303699 246.290361 
2.306738 248.189646 
2.309754 250.088930 
2.312748 246.290361 
2.315719 250.088930 
2.318667 248.189646 
2.321592 238.693222 
2.324494 242.491792 
2.327374 238.693222 
2.330230 251.988215 
2.333064 251.988215 
2.335874 251.988215 
2.338662 257.686069 
2.341426 240.592507 
2.344167 255.786784 
2.346885 244.391076 
2.349579 248.189646 
2.352251 257.686069 
2.354900 253.887500 
2.357525 259.585354 
2.360127 253.887500 
2.362706 250.088930 
2.365261 253.887500 
2.367793 246.290361 
2.370301 263.383923 
2.372786 242.491792 
2.375248 248.189646 
2.377687 263.383923 
2.380101 261.484638 
2.382493 267.182492 
2.384861 255.786784 
2.387205 255.786784 
2.389526 251.988215 
2.391823 251.988215 
2.394096 236.793938 
2.396346 236.793938 
2.398572 253.887500 
2.400775 244.391076 
2.402954 259.585354 
2.405109 250.088930 
2.407240 232.995368 
2.409348 250.088930 
2.411432 232.995368 
2.413492 246.290361 
2.415528 240.592507 
2.417541 240.592507 
2.419529 246.290361 
2.421494 234.894653 
2.423435 251.988215 
2.425352 234.894653 
2.427245 234.894653 
2.429114 236.793938 
2.430959 238.693222 
2.432780 244.391076 
2.434577 229.196799 
2.436350 236.793938 
2.438099 238.693222 
2.439824 231.096084 
2.441525 236.793938 
2.443201 242.491792 
2.444854 227.297514 
2.446482 248.189646 
2.448087 240.592507 
2.449667 238.693222 
2.451223 236.793938 
2.452755 232.995368 
2.454262 248.189646 
2.455746 242.491792 
2.457205 225.398230 
2.458640 244.391076 
2.460050 240.592507 
2.461437 242.491792 
2.462799 244.391076 
2.464137 240.592507 
2.465450 242.491792 
2.466739 240.592507 
2.468004 259.585354 
2.469244 250.088930 
2.470460 244.391076 
2.471652 248.189646 
2.472819 251.988215 
2.473962 257.686069 
2.475080 246.290361 
2.476174 259.585354 
2.477243 251.988215 
2.478289 261.484638 
2.479309 267.182492 
2.480305 263.383923 
2.481277 272.880346 
2.482224 272.880346 
2.483147 267.182492 
2.484045 263.383923 
2.484919 265.283208 
2.485769 280.477485 
2.486593 269.081777 
2.487393 270.981062 
2.488169 270.981062 
2.488920 269.081777 
2.489646 263.383923 
2.490348 263.383923 
2.491025 267.182492 
2.491678 261.484638 
2.492306 276.678916 
2.492909 269.081777 
2.493488 270.981062 
2.494042 261.484638 
2.494572 267.182492 
2.495077 267.182492 
2.495557 274.779631 
2.496013 265.283208 
2.496444 265.283208 
2.496850 276.678916 
2.497232 259.585354 
2.497589 272.880346 
2.497922 272.880346 
2.498230 272.880346 
2.498513 269.081777 
2.498771 270.981062 
2.499005 269.081777 
2.499214 274.779631 
2.499399 278.578200 
2.499559 276.678916 
2.499694 274.779631 
2.499805 269.081777 
2.499890 276.678916 
2.499952 274.779631 
2.499988 267.182492 
2.500000 286.175339 
2.499987 269.081777 
2.499950 270.981062 
2.499887 263.383923 
2.499801 274.779631 
2.499689 274.779631 
2.499553 274.779631 
2.499392 274.779631 
2.499206 267.182492 
2.498996 270.981062 
2.498761 282.376770 
2.498502 282.376770 
2.498218 276.678916 
2.497909 284.276054 
2.497575 284.276054 
2.497217 284.276054 
2.496834 276.678916 
2.496427 280.477485 
2.495995 274.779631 
2.495538 280.477485 
2.495057 278.578200 
2.494551 280.477485 
2.494020 282.376770 
2.493465 282.376770 
2.492885 282.376770 
2.492281 289.973908 
2.491652 286.175339 
2.490998 289.973908 
2.490320 282.376770 
2.489618 282.376770 
2.488890 288.074624 
2.488138 278.578200 
2.487362 282.376770 
2.486561 284.276054 
2.485735 282.376770 
2.484885 282.376770 
2.484011 280.477485 
2.483111 280.477485 
2.482188 274.779631 
2.481240 276.678916 
2.480267 276.678916 
2.479270 274.779631 
2.478248 272.880346 
2.477203 289.973908 
2.476132 276.678916 
2.475037 276.678916 
2.473918 282.376770 
2.472774 282.376770 
2.471606 274.779631 
2.470413 274.779631 
2.469196 284.276054 
2.467955 282.376770 
2.466689 282.376770 
2.465399 263.383923 
2.464085 286.175339 
2.462746 276.678916 
2.461383 282.376770 
2.459996 284.276054 
2.458584 276.678916 
2.457148 284.276054 
2.455688 295.671762 
2.454204 293.772478 
2.452695 282.376770 
2.451163 291.873193 
2.449606 288.074624 
2.448025 286.175339 
2.446419 288.074624 
2.444790 286.175339 
2.443136 282.376770 
2.441459 289.973908 
2.439757 286.175339 
2.438031 284.276054 
2.436281 274.779631 
2.434507 288.074624 
2.432709 274.779631 
2.430887 280.477485 
2.429041 274.779631 
2.427171 276.678916 
2.425277 274.779631 
2.423334 274.779631 
2.421392 267.182492 
2.419426 274.779631 
2.417437 265.283208 
2.415423 265.283208 
2.413385 261.484638 
2.411324 263.383923 
2.409239 265.283208 
2.407130 261.484638 
2.404997 265.283208 
2.402841 269.081777 
2.400660 269.081777 
2.398456 269.081777 
2.396229 274.779631 
2.393978 274.779631 
2.391703 272.880346 
2.389405 272.880346 
2.387083 278.578200 
2.384737 267.182492 
2.382368 269.081777 
2.379975 263.383923 
2.377559 261.484638 
2.375120 259.585354 
2.372657 265.283208 
2.370170 272.880346 
2.367660 274.779631 
2.365127 265.283208 
2.362570 261.484638 
2.359990 265.283208 
2.357387 259.585354 
2.354761 267.182492 
2.352111 265.283208 
2.349437 272.880346 
2.346741 259.585354 
2.344022 255.786784 
2.341280 265.283208 
2.338515 257.686069 
2.335726 259.585354 
2.332915 257.686069 
2.330080 265.283208 
2.327222 270.981062 
2.324341 267.182492 
2.321438 272.880346 
2.318512 263.383923 
2.315562 274.779631 
2.312590 272.880346 
2.309595 286.175339 
2.306578 272.880346 
2.303538 274.779631 
2.300474 265.283208 
2.297388 269.081777 
2.294280 282.376770 
2.291149 274.779631 
2.287995 274.779631 
2.284818 269.081777 
2.281619 269.081777 
2.278398 274.779631 
2.275154 280.477485 
2.271887 272.880346 
2.268599 276.678916 
2.265287 270.981062 
2.261954 261.484638 
2.258598 269.081777 
2.255219 261.484638 
2.251819 267.182492 
2.248396 265.283208 
2.244951 269.081777 
2.241485 250.088930 
2.237996 259.585354 
2.234484 257.686069 
2.230951 250.088930 
2.227395 255.786784 
2.223818 261.484638 
2.220219 259.585354 
2.216597 244.391076 
2.212954 259.585354 
2.209289 246.290361 
2.205601 244.391076 
2.201893 253.887500 
2.198162 251.988215 
2.194410 255.786784 
2.190636 238.693222 
2.186840 242.491792 
2.183023 240.592507 
2.179185 246.290361 
2.175325 253.887500 
2.171443 255.786784 
2.167540 246.290361 
2.163616 253.887500 
2.159670 210.203952 
2.155703 251.988215 
2.151714 244.391076 
2.147705 246.290361 
2.143675 246.290361 
2.139623 251.988215 
2.135550 251.988215 
2.131456 236.793938 
2.127341 244.391076 
2.123205 234.894653 
2.119048 242.491792 
2.114870 246.290361 
2.110671 234.894653 
2.106451 238.693222 
2.102211 242.491792 
2.097950 244.391076 
2.093668 248.189646 
2.089365 238.693222 
2.085042 242.491792 
2.080699 248.189646 
2.076334 242.491792 
2.071949 234.894653 
2.067544 234.894653 
2.063119 236.793938 
2.058673 231.096084 
2.054207 242.491792 
2.049720 244.391076 
2.045214 248.189646 
2.040687 242.491792 
2.036140 240.592507 
2.031573 231.096084 
2.026986 244.391076 
2.022379 240.592507 
2.017752 255.786784 
2.013105 250.088930 
2.008438 242.491792 
2.003751 255.786784 
1.999045 250.088930 
1.994319 251.988215 
1.989573 244.391076 
1.984808 236.793938 
1.980022 251.988215 
1.975217 246.290361 
1.970393 253.887500 
1.965549 236.793938 
1.960686 242.491792 
1.955804 244.391076 
1.950902 234.894653 
1.945982 244.391076 
1.941042 236.793938 
1.936082 236.793938 
1.931104 231.096084 
1.926106 234.894653 
1.921090 244.391076 
1.916054 234.894653 
1.910999 234.894653 
1.905926 248.189646 
1.900834 238.693222 
1.895723 229.196799 
1.890594 232.995368 
1.885446 227.297514 
1.880279 234.894653 
1.875094 231.096084 
1.869890 227.297514 
1.864667 229.196799 
1.859426 231.096084 
1.854167 240.592507 
1.848890 229.196799 
1.843594 221.599660 
1.838281 225.398230 
1.832949 223.498945 
1.827598 217.801091 
1.822230 225.398230 
1.816844 217.801091 
1.811440 212.103237 
1.806018 225.398230 
1.800578 210.203952 
1.795122 212.103237 
1.789646 214.002522 
1.784153 195.009675 
1.778643 206.405383 
1.773115 215.901806 
1.767570 198.808244 
1.762007 212.103237 
1.756426 212.103237 
1.750829 196.908960 
1.745214 198.808244 
1.739581 200.707529 
1.733927 198.808244 
1.728261 198.808244 
1.722577 195.009675 
1.716877 202.606814 
1.711159 215.901806 
1.705424 196.908960 
1.699672 195.009675 
1.693904 195.009675 
1.688119 198.808244 
1.682318 191.211106 
1.676499 158.923266 
1.670665 202.606814 
1.664813 195.009675 
1.658945 187.412536 
1.653062 198.808244 
1.647162 196.908960 
1.641245 189.311821 
1.635312 189.311821 
1.629363 179.815398 
1.623398 191.211106 
1.617418 189.311821 
1.611421 189.311821 
1.605408 185.513252 
1.599379 191.211106 
1.593335 179.815398 
1.587274 176.016828 
1.581198 183.613967 
1.575105 185.513252 
1.568998 187.412536 
1.562876 198.808244 
1.556738 191.211106 
1.550585 183.613967 
1.544417 187.412536 
1.538233 187.412536 
1.532034 183.613967 
1.525821 185.513252 
1.519592 189.311821 
1.513348 181.714682 
1.507089 181.714682 
1.500815 193.110390 
1.494527 185.513252 
1.488222 177.916113 
1.481905 177.916113 
1.475571 183.613967 
1.469223 191.211106 
1.462862 179.815398 
1.456485 189.311821 
1.450095 191.211106 
1.443690 176.016828 
1.437271 183.613967 
1.430838 193.110390 
1.424390 179.815398 
1.417929 195.009675 
1.411454 183.613967 
1.404964 179.815398 
1.398460 177.916113 
1.391943 183.613967 
1.385412 176.016828 
1.378867 179.815398 
1.372308 185.513252 
1.365737 170.318974 
1.359152 170.318974 
1.352553 177.916113 
1.345942 187.412536 
1.339317 179.815398 
1.332679 170.318974 
1.326028 177.916113 
1.319363 176.016828 
1.312685 170.318974 
1.305995 168.419690 
1.299292 170.318974 
1.292575 176.016828 
1.285846 174.117544 
1.279104 168.419690 
1.272349 170.318974 
1.265582 170.318974 
1.258802 174.117544 
1.252010 166.520405 
1.245206 166.520405 
1.238390 172.218259 
1.231561 177.916113 
1.224721 179.815398 
1.217868 170.318974 
1.211003 166.520405 
1.204125 172.218259 
1.197235 168.419690 
1.190334 176.016828 
1.183422 168.419690 
1.176498 170.318974 
1.169563 174.117544 
1.162615 170.318974 
1.155656 143.728989 
1.148686 170.318974 
1.141705 166.520405 
1.134712 158.923266 
1.127707 160.822551 
1.120693 166.520405 
1.113667 164.621120 
1.106630 166.520405 
1.099583 168.419690 
1.092524 162.721836 
1.085455 155.124697 
1.078375 160.822551 
1.071283 164.621120 
1.064182 160.822551 
1.057070 149.426843 
1.049946 151.326128 
1.042814 151.326128 
1.035671 155.124697 
1.028518 149.426843 
1.021354 157.023982 
1.014180 157.023982 
1.006996 153.225412 
0.999802 153.225412 
0.992599 149.426843 
0.985385 153.225412 
0.978163 157.023982 
0.970930 153.225412 
0.963688 155.124697 
0.956435 145.628274 
0.949174 149.426843 
0.941903 151.326128 
0.934622 145.628274 
0.927333 139.930420 
0.920035 153.225412 
0.912728 145.628274 
0.905412 149.426843 
0.898086 143.728989 
0.890752 134.232566 
0.883409 134.232566 
0.876057 134.232566 
0.868697 138.031135 
0.861328 138.031135 
0.853951 138.031135 
0.846565 132.333281 
0.839171 128.534712 
0.831768 128.534712 
0.824358 124.736143 
0.816939 124.736143 
0.809511 124.736143 
0.802076 120.937573 
0.794634 122.836858 
0.787184 128.534712 
0.779726 119.038289 
0.772260 119.038289 
0.764787 113.340435 
0.757306 115.239719 
0.749814 109.541865 
0.742318 115.239719 
0.734815 115.239719 
0.727303 111.441150 
0.719786 105.743296 
0.712260 107.642581 
0.704729 107.642581 
0.697190 100.045442 
0.689645 98.146157 
0.682093 92.448303 
0.674533 92.448303 
0.666967 103.844011 
0.659394 100.045442 
0.651815 96.246873 
0.644230 94.347588 
0.636638 90.549019 
0.629040 94.347588 
0.621436 109.541865 
0.613825 98.146157 
0.606209 107.642581 
0.598586 107.642581 
0.590957 107.642581 
0.583322 94.347588 
0.575681 100.045442 
0.568036 100.045442 
0.560384 103.844011 
0.552728 98.146157 
0.545065 94.347588 
0.537397 90.549019 
0.529725 100.045442 
0.522047 98.146157 
0.514363 98.146157 
0.506674 90.549019 
0.498980 90.549019 
0.491283 92.448303 
0.483578 88.649734 
0.475870 84.851165 
0.468157 90.549019 
0.460439 84.851165 
0.452718 84.851165 
0.444992 84.851165 
0.437261 84.851165 
0.429527 92.448303 
0.421787 92.448303 
0.414043 79.153311 
0.406296 90.549019 
0.398544 86.750449 
0.390789 84.851165 
0.383030 75.354741 
0.375268 84.851165 
0.367501 75.354741 
0.359731 81.052595 
0.351957 77.254026 
0.344180 77.254026 
0.336399 71.556172 
0.328614 75.354741 
0.320827 75.354741 
0.313035 73.455457 
0.305242 67.757603 
0.297445 75.354741 
0.289645 69.656887 
0.281842 62.059749 
0.274037 65.858318 
0.266229 65.858318 
0.258419 69.656887 
0.250605 67.757603 
0.242789 69.656887 
0.234971 69.656887 
0.227150 69.656887 
0.219328 60.160464 
0.211502 60.160464 
0.203676 65.858318 
0.195846 58.261179 
0.188015 60.160464 
0.180182 60.160464 
0.172315 60.160464 
0.164480 60.160464 
0.156642 50.664041 
0.148804 54.462610 
0.140962 58.261179 
0.133121 48.764756 
0.125277 44.966187 
0.117433 48.764756 
0.109586 54.462610 
0.101740 48.764756 
0.093893 44.966187 
0.086044 44.966187 
0.078194 52.563325 
0.070344 48.764756 
0.062492 39.268333 
0.054640 43.066902 
0.046787 48.764756 
0.038934 44.966187 
0.031081 39.268333 
0.023228 37.369048 
0.015374 31.671194 
0.007520 31.671194 
-0.000334 27.872625 
-0.008189 16.476917 
-0.016042 22.174771 
-0.023896 14.577632 
-0.031750 6.980493 
-0.039603 8.879778 
-0.047456 5.081209 
-0.055308 10.779063 
-0.063160 -6.314499 
-0.071011 -0.616645 
-0.078861 10.779063 
-0.086711 3.181924 
-0.094559 -4.415215 
-0.102407 -12.012353 
-0.110255 -10.113069 
-0.118101 -25.307346 
-0.125946 -27.206631 
-0.133789 -21.508777 
-0.141631 -15.810923 
-0.149471 -15.810923 
-0.157310 -17.710207 
-0.165148 -19.609492 
-0.172983 -21.508777 
-0.180818 -25.307346 
-0.188651 -27.206631 
-0.196482 -29.105915 
-0.204311 -15.810923 
-0.212137 -27.206631 
-0.219962 -15.810923 
-0.227785 -21.508777 
-0.235604 -21.508777 
-0.243423 -27.206631 
-0.251239 -27.206631 
-0.259052 -21.508777 
-0.266863 -27.206631 
-0.274670 -29.105915 
-0.282474 -25.307346 
-0.290277 -21.508777 
-0.298076 -31.005200 
-0.305873 -25.307346 
-0.313667 -27.206631 
-0.321457 -27.206631 
-0.329244 -25.307346 
-0.337028 -21.508777 
-0.344809 -29.105915 
-0.352586 -21.508777 
-0.360359 -38.602339 
-0.368129 -34.803769 
-0.375895 -29.105915 
-0.383658 -32.904485 
-0.391417 -31.005200 
-0.399172 -32.904485 
-0.406922 -44.300193 
-0.414669 -34.803769 
-0.422412 -36.703054 
-0.430150 -36.703054 
-0.437885 -36.703054 
-0.445615 -44.300193 
-0.453342 -44.300193 
-0.461063 -44.300193 
-0.468779 -46.199477 
-0.476491 -48.098762 
-0.484199 -44.300193 
-0.491902 -49.998047 
-0.499600 -63.293039 
-0.507294 -55.695901 
-0.514982 -48.098762 
-0.522664 -68.990893 
-0.530342 -55.695901 
-0.538015 -51.897331 
-0.545682 -48.098762 
-0.553343 -48.098762 
-0.561000 -51.897331 
-0.568651 -51.897331 
-0.576297 -51.897331 
-0.583937 -55.695901 
-0.591570 -57.595185 
-0.599198 -55.695901 
-0.606822 -59.494470 
-0.614436 -59.494470 
-0.622047 -57.595185 
-0.629650 -53.796616 
-0.637247 -61.393755 
-0.644839 -65.192324 
-0.652424 -57.595185 
-0.660003 -67.091609 
-0.667574 -72.789462 
-0.675140 -70.890178 
-0.682699 -65.192324 
-0.690252 -63.293039 
-0.697797 -59.494470 
-0.705336 -59.494470 
-0.712867 -68.990893 
-0.720392 -72.789462 
-0.727909 -61.393755 
-0.735419 -76.588032 
-0.742922 -78.487316 
-0.750418 -82.285886 
-0.757906 -80.386601 
-0.765387 -74.688747 
-0.772861 -76.588032 
-0.780326 -72.789462 
-0.787784 -87.983740 
-0.795234 -86.084455 
-0.802677 -78.487316 
-0.810110 -91.782309 
-0.817536 -86.084455 
-0.824954 -89.883024 
-0.832363 -89.883024 
-0.839765 -87.983740 
-0.847159 -89.883024 
-0.854545 -93.681594 
-0.861921 -86.084455 
-0.869289 -89.883024 
-0.876649 -105.077302 
-0.884001 -99.379448 
-0.891343 -95.580878 
-0.898679 -97.480163 
-0.906004 -103.178017 
-0.913320 -101.278732 
-0.920627 -105.077302 
-0.927924 -108.875871 
-0.935212 -105.077302 
-0.942491 -105.077302 
-0.949761 -99.379448 
-0.957022 -99.379448 
-0.964273 -105.077302 
-0.971515 -112.674440 
-0.978747 -110.775156 
-0.985969 -112.674440 
-0.993182 -114.573725 
-1.000385 -108.875871 
-1.007578 -99.379448 
-1.014761 -114.573725 
-1.021933 -114.573725 
-1.029096 -108.875871 
-1.036248 -114.573725 
-1.043390 -106.976586 
-1.050523 -112.674440 
-1.057644 -122.170864 
-1.064755 -116.473010 
-1.071855 -108.875871 
-1.078945 -125.969433 
-1.086026 -122.170864 
-1.093094 -122.170864 
-1.100153 -110.775156 
-1.107199 -114.573725 
-1.114235 -118.372294 
-1.121260 -120.271579 
-1.128275 -122.170864 
-1.135278 -118.372294 
-1.142269 -112.674440 
-1.149249 -127.868718 
-1.156218 -122.170864 
-1.163176 -127.868718 
-1.170172 -118.372294 
-1.177107 -127.868718 
-1.184030 -122.170864 
-1.190943 -131.667287 
-1.197842 -131.667287 
-1.204731 -124.070148 
-1.211607 -133.566572 
-1.218470 -139.264426 
-1.225322 -131.667287 
-1.232161 -133.566572 
-1.238989 -131.667287 
-1.245805 -139.264426 
-1.252609 -135.465856 
-1.259399 -141.163710 
-1.266178 -133.566572 
-1.272944 -135.465856 
-1.279698 -144.962280 
-1.286438 -137.365141 
-1.293166 -139.264426 
-1.299881 -139.264426 
-1.306584 -146.861564 
-1.313273 -146.861564 
-1.319949 -144.962280 
-1.326612 -141.163710 
-1.333262 -146.861564 
-1.339900 -146.861564 
-1.346524 -137.365141 
-1.353135 -150.660134 
-1.359732 -148.760849 
-1.366316 -150.660134 
-1.372887 -150.660134 
-1.379444 -144.962280 
-1.385988 -148.760849 
-1.392518 -150.660134 
-1.399034 -143.062995 
-1.405536 -146.861564 
-1.412024 -139.264426 
-1.418499 -150.660134 
-1.424959 -152.559418 
-1.431406 -143.062995 
-1.437838 -143.062995 
-1.444256 -150.660134 
-1.450660 -141.163710 
-1.457049 -144.962280 
-1.463424 -144.962280 
-1.469784 -154.458703 
-1.476130 -154.458703 
-1.482461 -146.861564 
-1.488778 -150.660134 
-1.495079 -148.760849 
-1.501366 -154.458703 
-1.507639 -156.357988 
-1.513897 -179.149404 
-1.520140 -152.559418 
-1.526367 -152.559418 
-1.532579 -165.854411 
-1.538777 -160.156557 
-1.544959 -154.458703 
-1.551126 -160.156557 
-1.557278 -160.156557 
-1.563414 -154.458703 
-1.569536 -154.458703 
-1.575641 -160.156557 
-1.581730 -152.559418 
-1.587805 -156.357988 
-1.593864 -167.753696 
-1.599907 -156.357988 
-1.605935 -160.156557 
-1.611946 -152.559418 
-1.617941 -165.854411 
-1.623921 -162.055842 
-1.629885 -156.357988 
-1.635832 -173.451550 
-1.641763 -173.451550 
-1.647678 -169.652980 
-1.653576 -169.652980 
-1.659459 -171.552265 
-1.665325 -171.552265 
-1.671175 -175.350834 
-1.677008 -163.955126 
-1.682824 -179.149404 
-1.688624 -173.451550 
-1.694407 -181.048688 
-1.700173 -184.847258 
-1.705923 -181.048688 
-1.711656 -181.048688 
-1.717372 -194.343681 
-1.723071 -179.149404 
-1.728753 -181.048688 
-1.734417 -182.947973 
-1.740065 -173.451550 
-1.745696 -179.149404 
-1.751309 -188.645827 
-1.756905 -190.545112 
-1.762484 -177.250119 
-1.768045 -181.048688 
-1.773589 -177.250119 
-1.779115 -184.847258 
-1.784624 -182.947973 
-1.790115 -194.343681 
-1.795589 -184.847258 
-1.801044 -188.645827 
-1.806483 -190.545112 
-1.811903 -194.343681 
-1.817305 -190.545112 
-1.822690 -196.242966 
-1.828056 -196.242966 
-1.833405 -194.343681 
-1.838735 -200.041535 
-1.844047 -201.940820 
-1.849341 -194.343681 
-1.854617 -194.343681 
-1.859875 -205.739389 
-1.865114 -203.840104 
-1.870334 -198.142250 
-1.875537 -220.933666 
-1.880720 -203.840104 
-1.885885 -200.041535 
-1.891033 -203.840104 
-1.896161 -200.041535 
-1.901271 -201.940820 
-1.906361 -211.437243 
-1.911433 -198.142250 
-1.916486 -194.343681 
-1.921521 -205.739389 
-1.926536 -203.840104 
-1.931532 -198.142250 
-1.936508 -209.537958 
-1.941466 -196.242966 
-1.946404 -194.343681 
-1.951324 -203.840104 
-1.956225 -201.940820 
-1.961105 -200.041535 
-1.965967 -205.739389 
-1.970809 -196.242966 
-1.975631 -200.041535 
-1.980434 -207.638674 
-1.985217 -201.940820 
-1.989981 -198.142250 
-1.994725 -205.739389 
-1.999449 -209.537958 
-2.004154 -196.242966 
-2.008839 -220.933666 
-2.013504 -215.235812 
-2.018149 -196.242966 
-2.022774 -211.437243 
-2.027379 -209.537958 
-2.031965 -207.638674 
-2.036530 -222.832951 
-2.041076 -209.537958 
-2.045601 -205.739389 
-2.050105 -211.437243 
-2.054590 -211.437243 
-2.059055 -219.034382 
-2.063499 -220.933666 
-2.067923 -234.228659 
-2.072326 -211.437243 
-2.076709 -224.732236 
-2.081072 -220.933666 
-2.085413 -226.631520 
-2.089735 -220.933666 
-2.094036 -211.437243 
-2.098316 -215.235812 
-2.102575 -217.135097 
-2.106815 -226.631520 
-2.111034 -230.430090 
-2.115231 -224.732236 
-2.119407 -228.530805 
-2.123562 -232.329374 
-2.127696 -219.034382 
-2.131809 -230.430090 
-2.135901 -234.228659 
-2.139972 -226.631520 
-2.144023 -228.530805 
-2.148051 -222.832951 
-2.152059 -224.732236 
-2.156045 -236.127944 
-2.160010 -226.631520 
-2.163954 -238.027228 
-2.167877 -232.329374 
-2.171777 -234.228659 
-2.175657 -241.825798 
-2.179515 -236.127944 
-2.183352 -239.926513 
-2.187166 -247.523652 
-2.190960 -238.027228 
-2.194731 -241.825798 
-2.198481 -247.523652 
-2.202209 -245.624367 
-2.205916 -243.725082 
-2.209601 -239.926513 
-2.213264 -243.725082 
-2.216906 -239.926513 
-2.220525 -251.322221 
-2.224122 -247.523652 
-2.227697 -239.926513 
-2.231251 -245.624367 
-2.234782 -251.322221 
-2.238292 -247.523652 
-2.241779 -243.725082 
-2.245244 -253.221506 
-2.248688 -247.523652 
-2.252109 -245.624367 
-2.255507 -249.422936 
-2.258884 -247.523652 
-2.262238 -251.322221 
-2.265570 -245.624367 
-2.268879 -249.422936 
-2.272166 -255.120790 
-2.275431 -243.725082 
-2.278674 -251.322221 
-2.281893 -245.624367 
-2.285090 -249.422936 
-2.288264 -255.120790 
-2.291416 -251.322221 
-2.294546 -245.624367 
-2.297652 -257.020075 
-2.300736 -247.523652 
-2.303797 -251.322221 
-2.306836 -249.422936 
-2.309851 -264.617214 
-2.312845 -260.818644 
-2.315815 -257.020075 
-2.318762 -262.717929 
-2.321686 -264.617214 
-2.324588 -266.516498 
-2.327466 -266.516498 
-2.330322 -264.617214 
-2.333154 -272.214352 
-2.335964 -268.415783 
-2.338751 -264.617214 
-2.341514 -266.516498 
-2.344254 -270.315068 
-2.346972 -260.818644 
-2.349666 -266.516498 
-2.352337 -258.919360 
-2.354984 -264.617214 
-2.357609 -258.919360 
-2.360210 -257.020075 
-2.362788 -260.818644 
-2.365342 -257.020075 
-2.367873 -249.422936 
-2.370381 -253.221506 
-2.372866 -257.020075 
-2.375327 -255.120790 
-2.377764 -258.919360 
-2.380178 -258.919360 
-2.382569 -253.221506 
-2.384936 -251.322221 
-2.387279 -258.919360 
-2.389599 -260.818644 
-2.391896 -260.818644 
-2.394169 -264.617214 
-2.396418 -258.919360 
-2.398643 -258.919360 
-2.400845 -264.617214 
-2.403023 -258.919360 
-2.405177 -264.617214 
-2.407308 -257.020075 
-2.409415 -255.120790 
-2.411498 -257.020075 
-2.413557 -257.020075 
-2.415593 -260.818644 
-2.417604 -260.818644 
-2.419592 -264.617214 
-2.421556 -257.020075 
-2.423497 -262.717929 
-2.425416 -266.516498 
-2.427308 -257.020075 
-2.429176 -255.120790 
-2.431020 -260.818644 
-2.432840 -264.617214 
-2.434637 -264.617214 
-2.436409 -270.315068 
-2.438157 -266.516498 
-2.439881 -272.214352 
-2.441581 -264.617214 
-2.443257 -264.617214 
-2.444909 -262.717929 
-2.446537 -258.919360 
-2.448140 -258.919360 
-2.449719 -262.717929 
-2.451275 -272.214352 
-2.452806 -268.415783 
-2.454313 -274.113637 
-2.455795 -276.012922 
-2.457253 -274.113637 
-2.458687 -277.912206 
-2.460097 -272.214352 
-2.461483 -281.710775 
-2.462844 -279.811491 
-2.464181 -281.710775 
-2.465494 -287.408629 
-2.466782 -287.408629 
-2.468046 -277.912206 
-2.469285 -276.012922 
-2.470500 -276.012922 
-2.471691 -268.415783 
-2.472858 -276.012922 
-2.474000 -276.012922 
-2.475117 -260.818644 
-2.476210 -268.415783 
-2.477279 -272.214352 
-2.478323 -272.214352 
-2.479343 -283.610060 
-2.480339 -283.610060 
-2.481309 -287.408629 
-2.482256 -279.811491 
-2.483178 -279.811491 
-2.484075 -279.811491 
-2.484948 -274.113637 
-2.485796 -272.214352 
-2.486620 -285.509345 
-2.487419 -283.610060 
-2.488194 -274.113637 
-2.488944 -274.113637 
-2.489669 -264.617214 
-2.490370 -270.315068 
-2.491047 -272.214352 
-2.491698 -274.113637 
-2.492326 -272.214352 
-2.492928 -276.012922 
-2.493506 -281.710775 
-2.494060 -276.012922 
-2.494588 -296.905053 
-2.495093 -285.509345 
-2.495572 -279.811491 
-2.496027 -276.012922 
-2.496457 -283.610060 
-2.496863 -268.415783 
-2.497244 -276.012922 
-2.497600 -272.214352 
-2.497932 -270.315068 
-2.498239 -274.113637 
-2.498522 -277.912206 
-2.498780 -270.315068 
-2.499013 -276.012922 
-2.499221 -279.811491 
-2.499405 -279.811491 
-2.499564 -274.113637 
-2.499698 -266.516498 
-2.499808 -264.617214 
-2.499893 -268.415783 
-2.499953 -272.214352 
-2.499989 -276.012922 
-2.500000 -274.113637 
-2.499986 -272.214352 
-2.499948 -260.818644 
-2.499885 -266.516498 
-2.499797 -274.113637 
-2.499685 -274.113637 
-2.499548 -272.214352 
-2.499386 -274.113637 
-2.499200 -272.214352 
-2.498989 -270.315068 
-2.498753 -268.415783 
-2.498493 -270.315068 
-2.498208 -277.912206 
-2.497898 -272.214352 
-2.497564 -270.315068 
-2.497205 -291.207199 
-2.496821 -279.811491 
-2.496413 -272.214352 
-2.495980 -268.415783 
-2.495522 -277.912206 
-2.495040 -260.818644 
-2.494533 -279.811491 
-2.494002 -270.315068 
-2.493446 -283.610060 
-2.492865 -274.113637 
-2.492260 -285.509345 
-2.491630 -279.811491 
-2.490976 -276.012922 
-2.490297 -277.912206 
-2.489593 -276.012922 
-2.488865 -285.509345 
-2.488112 -274.113637 
-2.487335 -272.214352 
-2.486533 -258.919360 
-2.485707 -272.214352 
-2.484856 -264.617214 
-2.483980 -266.516498 
-2.483080 -264.617214 
-2.482156 -272.214352 
-2.481207 -266.516498 
-2.480233 -266.516498 
-2.479235 -276.012922 
-2.478213 -260.818644 
-2.477166 -274.113637 
-2.476095 -264.617214 
-2.474999 -272.214352 
-2.473879 -258.919360 
-2.472734 -264.617214 
-2.471565 -272.214352 
-2.470372 -260.818644 
-2.469154 -276.012922 
-2.467912 -255.120790 
-2.466646 -270.315068 
-2.465355 -260.818644 
-2.464040 -258.919360 
-2.462700 -266.516498 
-2.461336 -251.322221 
-2.459948 -270.315068 
-2.458535 -249.422936 
-2.457098 -270.315068 
-2.455637 -260.818644 
-2.454152 -264.617214 
-2.452643 -258.919360 
-2.451109 -258.919360 
-2.449551 -264.617214 
-2.447970 -255.120790 
-2.446364 -266.516498 
-2.444733 -243.725082 
-2.443079 -255.120790 
-2.441401 -258.919360 
-2.439698 -253.221506 
-2.437971 -264.617214 
-2.436220 -249.422936 
-2.434445 -258.919360 
-2.432647 -251.322221 
-2.430824 -243.725082 
-2.428977 -258.919360 
-2.427107 -241.825798 
-2.425212 -257.020075 
-2.423293 -245.624367 
-2.421351 -249.422936 
-2.419384 -258.919360 
-2.417394 -243.725082 
-2.415380 -257.020075 
-2.413342 -247.523652 
-2.411280 -258.919360 
-2.409194 -257.020075 
-2.407085 -255.120790 
-2.404951 -253.221506 
-2.402795 -243.725082 
-2.400614 -251.322221 
-2.398410 -251.322221 
-2.396182 -253.221506 
-2.393930 -251.322221 
-2.391655 -251.322221 
-2.389356 -260.818644 
-2.387034 -247.523652 
-2.384688 -255.120790 
-2.382319 -253.221506 
-2.379925 -251.322221 
-2.377509 -249.422936 
-2.375069 -243.725082 
-2.372605 -258.919360 
-2.370119 -289.307914 
-2.367608 -255.120790 
-2.365075 -268.415783 
-2.362518 -249.422936 
-2.359937 -255.120790 
-2.357334 -258.919360 
-2.354707 -264.617214 
-2.352057 -253.221506 
-2.349384 -260.818644 
-2.346687 -262.717929 
-2.343968 -253.221506 
-2.341225 -270.315068 
-2.338459 -253.221506 
-2.335670 -258.919360 
-2.332858 -258.919360 
-2.330022 -260.818644 
-2.327165 -274.113637 
-2.324283 -258.919360 
-2.321380 -260.818644 
-2.318453 -251.322221 
-2.315503 -264.617214 
-2.312531 -260.818644 
-2.309535 -258.919360 
-2.306517 -260.818644 
-2.303476 -253.221506 
-2.300413 -257.020075 
-2.297326 -257.020075 
-2.294217 -251.322221 
-2.291086 -243.725082 
-2.287931 -251.322221 
-2.284753 -262.717929 
-2.281554 -249.422936 
-2.278332 -251.322221 
-2.275087 -245.624367 
-2.271820 -243.725082 
-2.268531 -245.624367 
-2.265220 -245.624367 
-2.261885 -258.919360 
-2.258529 -249.422936 
-2.255150 -255.120790 
-2.251749 -251.322221 
-2.248326 -245.624367 
-2.244881 -251.322221 
-2.241413 -253.221506 
-2.237924 -243.725082 
-2.234412 -251.322221 
-2.230878 -253.221506 
-2.227323 -247.523652 
-2.223745 -243.725082 
-2.220145 -247.523652 
-2.216523 -247.523652 
-2.212880 -247.523652 
-2.209214 -249.422936 
-2.205527 -243.725082 
-2.201818 -243.725082 
-2.198087 -236.127944 
-2.194334 -245.624367 
-2.190560 -239.926513 
-2.186764 -243.725082 
-2.182947 -245.624367 
-2.179108 -239.926513 
-2.175247 -239.926513 
-2.171365 -245.624367 
-2.167462 -232.329374 
-2.163538 -238.027228 
-2.159592 -236.127944 
-2.155624 -234.228659 
-2.151636 -234.228659 
-2.147626 -226.631520 
-2.143595 -230.430090 
-2.139543 -236.127944 
-2.135470 -241.825798 
-2.131376 -230.430090 
-2.127260 -228.530805 
-2.123124 -234.228659 
-2.118967 -232.329374 
-2.114789 -232.329374 
-2.110589 -238.027228 
-2.106370 -234.228659 
-2.102129 -230.430090 
-2.097867 -230.430090 
-2.093586 -228.530805 
-2.089283 -226.631520 
-2.084958 -232.329374 
-2.080615 -226.631520 
-2.076250 -232.329374 
-2.071866 -226.631520 
-2.067460 -226.631520 
-2.063034 -224.732236 
-2.058588 -226.631520 
-2.054121 -228.530805 
-2.049634 -228.530805 
-2.045128 -219.034382 
-2.040600 -226.631520 
-2.036053 -232.329374 
-2.031485 -230.430090 
-2.026897 -230.430090 
-2.022290 -228.530805 
-2.017662 -232.329374 
-2.013014 -230.430090 
-2.008347 -230.430090 
-2.003660 -228.530805 
-1.998953 -243.725082 
-1.994227 -226.631520 
-1.989480 -236.127944 
-1.984714 -236.127944 
-1.979929 -238.027228 
-1.975123 -239.926513 
-1.970299 -239.926513 
-1.965455 -245.624367 
-1.960591 -241.825798 
-1.955708 -245.624367 
-1.950806 -239.926513 
-1.945885 -241.825798 
-1.940945 -234.228659 
-1.935985 -239.926513 
-1.931006 -238.027228 
-1.926008 -234.228659 
-1.920991 -277.912206 
-1.915955 -247.523652 
-1.910900 -239.926513 
-1.905826 -241.825798 
-1.900734 -238.027228 
-1.895623 -234.228659 
-1.890494 -239.926513 
-1.885345 -228.530805 
-1.880179 -241.825798 
-1.874993 -241.825798 
-1.869789 -245.624367 
-1.864566 -234.228659 
-1.859325 -234.228659 
-1.854066 -239.926513 
-1.848789 -239.926513 
-1.843493 -238.027228 
-1.838179 -268.415783 
-1.832847 -236.127944 
-1.827496 -236.127944 
-1.822128 -245.624367 
-1.816742 -230.430090 
-1.811337 -226.631520 
-1.805916 -236.127944 
-1.800476 -228.530805 
-1.795018 -230.430090 
-1.789543 -226.631520 
-1.784050 -219.034382 
-1.778539 -226.631520 
-1.773011 -219.034382 
-1.767465 -217.135097 
-1.761902 -211.437243 
-1.756320 -205.739389 
-1.750722 -213.336528 
-1.745107 -215.235812 
-1.739474 -217.135097 
-1.733824 -211.437243 
-1.728158 -211.437243 
-1.722474 -207.638674 
-1.716773 -217.135097 
-1.711056 -211.437243 
-1.705321 -207.638674 
-1.699569 -207.638674 
-1.693800 -205.739389 
-1.688016 -209.537958 
-1.682214 -203.840104 
-1.676396 -211.437243 
-1.670561 -205.739389 
-1.664710 -213.336528 
-1.658842 -203.840104 
-1.652959 -211.437243 
-1.647058 -205.739389 
-1.641141 -203.840104 
-1.635208 -196.242966 
-1.629259 -201.940820 
-1.623294 -200.041535 
-1.617313 -203.840104 
-1.611317 -201.940820 
-1.605303 -205.739389 
-1.599274 -201.940820 
-1.593229 -203.840104 
-1.587169 -196.242966 
-1.581093 -203.840104 
-1.575001 -192.444396 
-1.568894 -194.343681 
-1.562772 -203.840104 
-1.556633 -200.041535 
-1.550480 -198.142250 
-1.544311 -196.242966 
-1.538128 -200.041535 
-1.531928 -203.840104 
-1.525714 -196.242966 
-1.519484 -192.444396 
-1.513240 -186.746542 
-1.506982 -190.545112 
-1.500707 -190.545112 
-1.494418 -190.545112 
-1.488115 -196.242966 
-1.481796 -196.242966 
-1.475463 -184.847258 
-1.469115 -192.444396 
-1.462753 -184.847258 
-1.456377 -175.350834 
-1.449986 -188.645827 
-1.443581 -182.947973 
-1.437161 -179.149404 
-1.430727 -179.149404 
-1.424280 -181.048688 
-1.417818 -175.350834 
-1.411342 -182.947973 
-1.404852 -194.343681 
-1.398349 -182.947973 
-1.391832 -184.847258 
-1.385301 -188.645827 
-1.378756 -182.947973 
-1.372198 -175.350834 
-1.365625 -184.847258 
-1.359040 -186.746542 
-1.352441 -184.847258 
-1.345829 -190.545112 
-1.339203 -184.847258 
-1.332564 -179.149404 
-1.325913 -175.350834 
-1.319248 -182.947973 
-1.312570 -169.652980 
-1.305880 -175.350834 
-1.299176 -171.552265 
-1.292459 -163.955126 
-1.285730 -165.854411 
-1.278988 -165.854411 
-1.272233 -162.055842 
-1.265466 -162.055842 
-1.258686 -158.257272 
-1.251894 -154.458703 
-1.245089 -163.955126 
-1.238272 -154.458703 
-1.231443 -160.156557 
-1.224602 -163.955126 
-1.217749 -158.257272 
-1.210884 -154.458703 
-1.204006 -160.156557 
-1.197117 -167.753696 
-1.190215 -154.458703 
-1.183302 -158.257272 
-1.176379 -150.660134 
-1.169442 -154.458703 
-1.162495 -158.257272 
-1.155537 -154.458703 
-1.148567 -165.854411 
-1.141585 -160.156557 
-1.134592 -154.458703 
-1.127588 -162.055842 
-1.120573 -150.660134 
-1.113546 -171.552265 
-1.106509 -158.257272 
-1.099460 -150.660134 
-1.092401 -167.753696 
-1.085331 -162.055842 
-1.078251 -146.861564 
-1.071160 -146.861564 
-1.064058 -150.660134 
-1.056946 -150.660134 
-1.049823 -146.861564 
-1.042690 -141.163710 
-1.035547 -137.365141 
-1.028392 -144.962280 
-1.021227 -131.667287 
-1.014053 -135.465856 
-1.006870 -137.365141 
-0.999675 -125.969433 
-0.992471 -133.566572 
-0.985256 -135.465856 
-0.978033 -127.868718 
-0.970799 -120.271579 
-0.963558 -131.667287 
-0.956306 -124.070148 
-0.949044 -118.372294 
-0.941773 -127.868718 
-0.934493 -120.271579 
-0.927204 -125.969433 
-0.919906 -127.868718 
-0.912599 -122.170864 
-0.905283 -108.875871 
-0.897958 -108.875871 
-0.890624 -114.573725 
-0.883281 -118.372294 
-0.875930 -120.271579 
-0.868570 -112.674440 
-0.861201 -120.271579 
-0.853823 -118.372294 
-0.846437 -122.170864 
-0.839044 -118.372294 
-0.831641 -108.875871 
-0.824230 -112.674440 
-0.816811 -116.473010 
-0.809385 -108.875871 
-0.801949 -95.580878 
-0.794507 -106.976586 
-0.787057 -105.077302 
-0.779598 -106.976586 
-0.772131 -103.178017 
-0.764657 -101.278732 
-0.757175 -108.875871 
-0.749686 -101.278732 
-0.742190 -95.580878 
-0.734687 -87.983740 
-0.727175 -95.580878 
-0.719657 -89.883024 
-0.712132 -105.077302 
-0.704599 -82.285886 
-0.697061 -80.386601 
-0.689514 -84.185170 
-0.681962 -89.883024 
-0.674403 -95.580878 
-0.666837 -87.983740 
-0.659264 -93.681594 
-0.651685 -70.890178 
-0.644100 -74.688747 
-0.636508 -86.084455 
-0.628910 -86.084455 
-0.621306 -76.588032 
-0.613695 -80.386601 
-0.606079 -82.285886 
-0.598456 -76.588032 
-0.590827 -76.588032 
-0.583192 -78.487316 
-0.575553 -68.990893 
-0.567906 -72.789462 
-0.560255 -74.688747 
-0.552598 -72.789462 
-0.544936 -70.890178 
-0.537267 -70.890178 
-0.529593 -68.990893 
-0.521914 -70.890178 
-0.514230 -72.789462 
-0.506542 -72.789462 
-0.498848 -59.494470 
-0.491150 -65.192324 
-0.483446 -57.595185 
-0.475738 -59.494470 
-0.468025 -55.695901 
-0.460307 -59.494470 
-0.452585 -51.897331 
-0.444859 -72.789462 
-0.437122 -57.595185 
-0.429388 -53.796616 
-0.421648 -55.695901 
-0.413904 -46.199477 
-0.406156 -49.998047 
-0.398405 -51.897331 
-0.390649 -44.300193 
-0.382890 -42.400908 
-0.375126 -42.400908 
-0.367359 -36.703054 
-0.359589 -46.199477 
-0.351815 -42.400908 
-0.344038 -34.803769 
-0.336256 -38.602339 
-0.328472 -38.602339 
-0.320685 -29.105915 
-0.312894 -34.803769 
-0.305100 -29.105915 
-0.297304 -27.206631 
-0.289504 -29.105915 
-0.281702 -21.508777 
-0.273897 -27.206631 
-0.266089 -32.904485 
-0.258279 -21.508777 
-0.250465 -21.508777 
-0.242650 -19.609492 
-0.234832 -23.408061 
-0.227011 -21.508777 
-0.219189 -19.609492 
-0.211364 -27.206631 
-0.203537 -17.710207 
-0.195707 -40.501623 
-0.187877 -29.105915 
-0.180044 -21.508777 
-0.172210 -21.508777 
-0.164373 -17.710207 
-0.156535 -23.408061 
-0.148696 -15.810923 
-0.140855 -17.710207 
-0.133013 -21.508777 
-0.125170 -15.810923 
-0.117326 -17.710207 
-0.109480 -21.508777 
-0.101633 -21.508777 
-0.093785 -21.508777 
-0.085936 -12.012353 
-0.078086 -21.508777 
-0.070236 -12.012353 
-0.062384 -6.314499 
-0.054533 -15.810923 
-0.046681 -8.213784 
-0.038828 -8.213784 
-0.030975 -6.314499 
-0.023122 -6.314499 
-0.015268 -6.314499 
-0.007414 -8.213784 
