0.000006 5.001497 1.426158 
0.005006 0.000000 -0.508405 
0.010006 0.000000 -0.508405 
0.015006 0.000000 1.390879 
0.020006 0.000000 -0.508405 
0.025006 0.000000 -2.407690 
0.030006 0.000000 1.390879 
0.035006 0.000000 -0.508405 
0.040006 0.000000 7.088733 
0.045006 0.000000 5.189449 
0.050005 0.000000 3.290164 
0.055006 0.000000 5.189449 
0.060005 0.000000 -4.306975 
0.065005 0.000000 -0.508405 
0.070005 0.000000 -0.508405 
0.075005 0.000000 5.189449 
0.080005 0.000000 1.390879 
0.085005 0.000000 3.290164 
0.090005 0.000000 -2.407690 
0.095005 0.000000 -0.508405 
0.100005 0.000000 -2.407690 
0.105005 0.000000 -2.407690 
0.110006 0.000000 -0.508405 
0.115006 0.000000 -0.508405 
0.120007 0.000000 -0.508405 
0.125007 0.000000 -0.508405 
0.130006 0.000000 -0.508405 
0.135007 0.000000 3.290164 
0.140006 0.000000 -0.508405 
0.145007 0.000000 -2.407690 
0.150007 0.000000 1.390879 
0.155007 0.000000 5.189449 
0.160007 0.000000 1.390879 
0.165008 0.000000 -0.508405 
0.170007 0.000000 -0.508405 
0.175007 0.000000 -0.508405 
0.180007 0.000000 -0.508405 
0.185007 0.000000 -0.508405 
0.190007 0.000000 -4.306975 
0.195007 0.000000 1.390879 
0.200008 0.000000 1.390879 
0.205008 0.000000 -4.306975 
0.210008 0.000000 -2.407690 
0.215008 0.000000 -0.508405 
0.220007 0.000000 -0.508405 
0.225008 0.000000 -0.508405 
0.230007 0.000000 -0.508405 
0.235008 0.000000 -0.508405 
0.240008 0.000000 -4.306975 
0.245008 0.000000 1.390879 
0.250008 0.000000 -0.508405 
0.255008 0.000000 -4.306975 
0.260008 0.000000 -0.508405 
0.265008 0.000000 3.290164 
0.270008 0.000000 -4.306975 
0.275008 0.000000 -4.306975 
0.280009 0.000000 3.290164 
0.285008 0.000000 -4.306975 
0.290008 0.000000 -2.407690 
0.295008 0.000000 1.390879 
0.300009 0.000000 -0.508405 
0.305009 0.000000 -4.306975 
0.310009 0.000000 5.189449 
0.315009 0.000000 5.189449 
0.320008 0.000000 -4.306975 
0.325008 0.000000 -4.306975 
0.330007 0.000000 5.189449 
0.335008 0.000000 5.189449 
0.340007 0.000000 -4.306975 
0.345008 0.000000 -4.306975 
0.350008 0.000000 5.189449 
0.355008 0.000000 1.390879 
0.360008 0.000000 5.189449 
0.365008 0.000000 5.189449 
0.370009 0.000000 5.189449 
0.375009 0.000000 -0.508405 
0.380010 0.000000 -0.508405 
0.385010 0.000000 3.290164 
0.390010 0.000000 -4.306975 
0.395011 0.000000 -4.306975 
0.400011 0.000000 -0.508405 
0.405011 0.000000 5.189449 
0.410012 0.000000 5.189449 
0.415012 0.000000 -2.407690 
0.420012 0.000000 5.189449 
0.425012 0.000000 3.290164 
0.430012 0.000000 -4.306975 
0.435013 0.000000 3.290164 
0.440012 0.000000 3.290164 
0.445013 0.000000 -0.508405 
0.450014 0.000000 3.290164 
0.455014 0.000000 5.189449 
0.460014 0.000000 -2.407690 
0.465014 0.000000 -4.306975 
0.470020 0.000000 1.390879 
0.475020 0.000000 -4.306975 
0.480020 0.000000 -0.508405 
0.485020 0.000000 5.189449 
0.490022 0.000000 -2.407690 
0.495023 0.000000 1.390879 
0.500022 0.000000 -4.306975 
0.505023 0.000000 5.189449 
0.510023 0.000000 -4.306975 
0.515024 0.000000 -4.306975 
0.520023 0.000000 5.189449 
0.525024 0.000000 -4.306975 
0.530023 0.000000 -0.508405 
0.535023 0.000000 -4.306975 
0.540023 0.000000 -0.508405 
0.545023 0.000000 -0.508405 
0.550023 0.000000 5.189449 
0.555023 0.000000 7.088733 
0.560023 0.000000 -0.508405 
0.565023 0.000000 -0.508405 
0.570024 0.000000 5.189449 
0.575023 0.000000 -0.508405 
0.580023 0.000000 -4.306975 
0.585024 0.000000 5.189449 
0.590023 0.000000 -4.306975 
0.595023 0.000000 -6.206259 
0.600023 0.000000 1.390879 
0.605023 0.000000 -0.508405 
0.610023 0.000000 1.390879 
0.615023 0.000000 5.189449 
0.620023 0.000000 -2.407690 
0.625023 0.000000 -0.508405 
0.630024 0.000000 1.390879 
0.635024 0.000000 1.390879 
0.640024 0.000000 -4.306975 
0.645024 0.000000 -0.508405 
0.650024 0.000000 1.390879 
0.655024 0.000000 -4.306975 
0.660025 0.000000 -4.306975 
0.665024 0.000000 -4.306975 
0.670025 0.000000 -0.508405 
0.675025 0.000000 -0.508405 
0.680025 0.000000 -2.407690 
0.685026 0.000000 1.390879 
0.690026 0.000000 -2.407690 
0.695027 0.000000 1.390879 
0.700027 0.000000 -0.508405 
0.705028 0.000000 1.390879 
0.710028 0.000000 1.390879 
0.715028 0.000000 1.390879 
0.720028 0.000000 7.088733 
0.725028 0.000000 -4.306975 
0.730028 0.000000 -4.306975 
0.735028 0.000000 -0.508405 
0.740028 0.000000 1.390879 
0.745028 0.000000 -4.306975 
0.750028 0.000000 -0.508405 
0.755028 0.000000 -0.508405 
0.760029 0.000000 -0.508405 
0.765029 0.000000 -2.407690 
0.770030 0.000000 1.390879 
0.775029 0.000000 5.189449 
0.780030 0.000000 5.189449 
0.785030 0.000000 3.290164 
0.790030 0.000000 -4.306975 
0.795030 0.000000 -0.508405 
0.800030 0.000000 -0.508405 
0.805030 0.000000 5.189449 
0.810030 0.000000 -2.407690 
0.815035 0.000000 -0.508405 
0.820035 0.000000 -0.508405 
0.825035 0.000000 7.088733 
0.830035 0.000000 -0.508405 
0.835036 0.000000 -4.306975 
0.840035 0.000000 -0.508405 
0.845035 0.000000 -0.508405 
0.850035 0.000000 -0.508405 
0.855036 0.000000 -0.508405 
0.860035 0.000000 -0.508405 
0.865035 0.000000 5.189449 
0.870036 0.000000 5.189449 
0.875036 0.000000 -0.508405 
0.880037 0.000000 3.290164 
0.885037 0.000000 3.290164 
0.890037 0.000000 -2.407690 
0.895037 0.000000 -4.306975 
0.900037 0.000000 -2.407690 
0.905037 0.000000 -4.306975 
0.910037 0.000000 -4.306975 
0.915037 0.000000 -4.306975 
0.920038 0.000000 -0.508405 
0.925038 0.000000 3.290164 
0.930038 0.000000 5.189449 
0.935038 0.000000 -0.508405 
0.940038 0.000000 -0.508405 
0.945038 0.000000 -2.407690 
0.950038 0.000000 3.290164 
0.955038 0.000000 -0.508405 
0.960038 0.000000 3.290164 
0.965038 0.000000 -2.407690 
0.970038 0.000000 1.390879 
0.975038 0.000000 -0.508405 
0.980038 0.000000 5.189449 
0.985038 0.000000 -4.306975 
0.990038 0.000000 -0.508405 
0.995037 0.000000 5.189449 
1.000038 0.000000 -2.407690 
1.005037 0.000000 -4.306975 
1.010037 0.000000 -2.407690 
1.015038 0.000000 -4.306975 
1.020038 0.000000 5.189449 
1.025038 0.000000 3.290164 
1.030038 0.000000 -0.508405 
1.035039 0.000000 -0.508405 
1.040038 0.000000 5.189449 
1.045038 0.000000 -2.407690 
1.050038 0.000000 -2.407690 
1.055039 0.000000 1.390879 
1.060040 0.000000 1.390879 
1.065040 0.000000 -4.306975 
1.070041 0.000000 -0.508405 
1.075041 0.000000 -2.407690 
1.080041 0.000000 -0.508405 
1.085040 0.000000 -0.508405 
1.090041 0.000000 -4.306975 
1.095040 0.000000 -0.508405 
1.100041 0.000000 -0.508405 
1.105040 0.000000 -4.306975 
1.110039 0.000000 -6.206259 
1.115040 0.000000 -2.407690 
1.120040 0.000000 -6.206259 
1.125040 0.000000 1.390879 
1.130041 0.000000 5.189449 
1.135041 0.000000 3.290164 
1.140042 0.000000 -2.407690 
1.145042 0.000000 -0.508405 
1.150042 0.000000 1.390879 
1.155043 0.000000 -0.508405 
1.160043 0.000000 3.290164 
1.165043 0.000000 -0.508405 
1.170044 0.000000 -0.508405 
1.175043 0.000000 -2.407690 
1.180044 0.000000 -0.508405 
1.185044 0.000000 7.088733 
1.190045 0.000000 5.189449 
1.195045 0.000000 -4.306975 
1.200045 0.000000 5.189449 
1.205045 0.000000 5.189449 
1.210045 0.000000 -0.508405 
1.215045 0.000000 -0.508405 
1.220046 0.000000 -4.306975 
1.225046 0.000000 -0.508405 
1.230047 0.000000 3.290164 
1.235047 0.000000 -0.508405 
1.240047 0.000000 -0.508405 
1.245047 0.000000 1.390879 
1.250048 0.000000 3.290164 
1.255048 0.000000 5.189449 
1.260048 0.000000 -0.508405 
1.265048 0.000000 -0.508405 
1.270048 0.000000 -0.508405 
1.275049 0.000000 -0.508405 
1.280049 0.000000 -4.306975 
1.285049 0.000000 -4.306975 
1.290049 0.000000 -2.407690 
1.295049 0.000000 5.189449 
1.300049 0.000000 1.390879 
1.305049 0.000000 5.189449 
1.310049 0.000000 -4.306975 
1.315049 0.000000 1.390879 
1.320050 0.000000 5.189449 
1.325049 0.000000 1.390879 
1.330049 0.000000 5.189449 
1.335049 0.000000 -4.306975 
1.340049 0.000000 -0.508405 
1.345049 0.000000 -0.508405 
1.350049 0.000000 -0.508405 
1.355049 0.000000 1.390879 
1.360049 0.000000 -0.508405 
1.365049 0.000000 -4.306975 
1.370048 0.000000 3.290164 
1.375049 0.000000 5.189449 
1.380049 0.000000 1.390879 
1.385049 0.000000 3.290164 
1.390049 0.000000 5.189449 
1.395049 0.000000 -4.306975 
1.400049 0.000000 1.390879 
1.405049 0.000000 -2.407690 
1.410049 0.000000 -4.306975 
1.415049 0.000000 1.390879 
1.420050 0.000000 -4.306975 
1.425049 0.000000 -0.508405 
1.430049 0.000000 -4.306975 
1.435050 0.000000 -4.306975 
1.440050 0.000000 -2.407690 
1.445050 0.000000 1.390879 
1.450050 0.000000 -0.508405 
1.455050 0.000000 -2.407690 
1.460050 0.000000 -2.407690 
1.465050 0.000000 -4.306975 
1.470050 0.000000 -0.508405 
1.475050 0.000000 5.189449 
1.480050 0.000000 1.390879 
1.485050 0.000000 -4.306975 
1.490050 0.000000 -0.508405 
1.495050 0.000000 -4.306975 
1.500050 0.000000 3.290164 
1.505050 0.000000 5.189449 
1.510051 0.000000 -2.407690 
1.515050 0.000000 -0.508405 
1.520051 0.000000 -4.306975 
1.525050 0.000000 -6.206259 
1.530050 0.000000 1.390879 
1.535050 0.000000 -0.508405 
1.540050 0.000000 5.189449 
1.545050 0.000000 5.189449 
1.550050 0.000000 3.290164 
1.555051 0.000000 5.189449 
1.560050 0.000000 -0.508405 
1.565051 0.000000 -4.306975 
1.570051 0.000000 1.390879 
1.575051 0.000000 -0.508405 
1.580051 0.000000 1.390879 
1.585051 0.000000 -0.508405 
1.590051 0.000000 -2.407690 
1.595051 0.000000 5.189449 
1.600052 0.000000 5.189449 
1.605052 0.000000 5.189449 
1.610052 0.000000 5.189449 
1.615052 0.000000 -2.407690 
1.620053 0.000000 3.290164 
1.625053 0.000000 3.290164 
1.630053 0.000000 3.290164 
1.635054 0.000000 1.390879 
1.640054 0.000000 -0.508405 
1.645055 0.000000 5.189449 
1.650054 0.000000 -4.306975 
1.655054 0.000000 -0.508405 
1.660054 0.000000 -0.508405 
1.665054 0.000000 3.290164 
1.670054 0.000000 -0.508405 
1.675055 0.000000 -0.508405 
1.680054 0.000000 -0.508405 
1.685054 0.000000 -4.306975 
1.690055 0.000000 -0.508405 
1.695055 0.000000 -0.508405 
1.700055 0.000000 5.189449 
1.705055 0.000000 -0.508405 
1.710055 0.000000 1.390879 
1.715055 0.000000 -0.508405 
1.720056 0.000000 -4.306975 
1.725056 0.000000 -0.508405 
1.730056 0.000000 -0.508405 
1.735058 0.000000 -4.306975 
1.740058 0.000000 -0.508405 
1.745057 0.000000 -0.508405 
1.750057 0.000000 -0.508405 
1.755057 0.000000 -0.508405 
1.760057 0.000000 5.189449 
1.765057 0.000000 -0.508405 
1.770057 0.000000 5.189449 
1.775057 0.000000 5.189449 
1.780056 0.000000 5.189449 
1.785059 0.000000 -2.407690 
1.790059 0.000000 -2.407690 
1.795059 0.000000 -0.508405 
1.800059 0.000000 -4.306975 
1.805059 0.000000 -2.407690 
1.810060 0.000000 -4.306975 
1.815060 0.000000 -4.306975 
1.820060 0.000000 -0.508405 
1.825060 0.000000 1.390879 
1.830060 0.000000 1.390879 
1.835076 0.000000 5.189449 
1.840076 0.000000 -4.306975 
1.845076 0.000000 1.390879 
1.850076 0.000000 -4.306975 
1.855076 0.000000 1.390879 
1.860076 0.000000 1.390879 
1.865076 0.000000 -0.508405 
1.870076 0.000000 -0.508405 
1.875076 0.000000 1.390879 
1.880076 0.000000 -4.306975 
1.885075 0.000000 3.290164 
1.890076 0.000000 -0.508405 
1.895076 0.000000 -0.508405 
1.900076 0.000000 1.390879 
1.905077 0.000000 -4.306975 
1.910077 0.000000 -0.508405 
1.915077 0.000000 -6.206259 
1.920077 0.000000 -0.508405 
1.925076 0.000000 -2.407690 
1.930076 0.000000 1.390879 
1.935076 0.000000 -0.508405 
1.940076 0.000000 -0.508405 
1.945077 0.000000 -2.407690 
1.950077 0.000000 -2.407690 
1.955077 0.000000 -0.508405 
1.960077 0.000000 5.189449 
1.965078 0.000000 5.189449 
1.970078 0.000000 -0.508405 
1.975078 0.000000 3.290164 
1.980078 0.000000 -0.508405 
1.985078 0.000000 5.189449 
1.990079 0.000000 5.189449 
1.995079 0.000000 -0.508405 
2.000079 1.000000 5.189449 
2.005079 1.000000 -4.306975 
2.010079 1.000000 10.887303 
2.015079 1.000000 39.376572 
2.020080 1.000000 46.973711 
2.025080 1.000000 54.570850 
2.030080 1.000000 56.470134 
2.035080 1.000000 54.570850 
2.040080 1.000000 67.865842 
2.045080 1.000000 77.362266 
2.050080 1.000000 81.160835 
2.055081 1.000000 77.362266 
2.060081 1.000000 92.556543 
2.065081 1.000000 83.060120 
2.070081 1.000000 100.153682 
2.075081 1.000000 88.757974 
2.080081 1.000000 98.254397 
2.085081 1.000000 92.556543 
2.090081 1.000000 96.355112 
2.095081 1.000000 98.254397 
2.100082 1.000000 96.355112 
2.105082 1.000000 102.052966 
2.110082 1.000000 102.052966 
2.115083 1.000000 94.455828 
2.120083 1.000000 100.153682 
2.125082 1.000000 119.146528 
2.130083 1.000000 105.851536 
2.135083 1.000000 111.549390 
2.140083 1.000000 105.851536 
2.145083 1.000000 105.851536 
2.150083 1.000000 105.851536 
2.155083 1.000000 109.650105 
2.160083 1.000000 111.549390 
2.165084 1.000000 103.952251 
2.170083 1.000000 98.254397 
2.175084 1.000000 105.851536 
2.180084 1.000000 105.851536 
2.185085 1.000000 111.549390 
2.190086 1.000000 107.750820 
2.195086 1.000000 111.549390 
2.200087 1.000000 105.851536 
2.205087 1.000000 105.851536 
2.210087 1.000000 107.750820 
2.215087 1.000000 113.448674 
2.220087 1.000000 98.254397 
2.225087 1.000000 105.851536 
2.230088 1.000000 96.355112 
2.235088 1.000000 111.549390 
2.240089 1.000000 109.650105 
2.245088 1.000000 117.247243 
2.250088 1.000000 105.851536 
2.255088 1.000000 111.549390 
2.260088 1.000000 98.254397 
2.265088 1.000000 111.549390 
2.270087 1.000000 107.750820 
2.275088 1.000000 111.549390 
2.280087 1.000000 103.952251 
2.285088 1.000000 105.851536 
2.290088 1.000000 107.750820 
2.295088 1.000000 111.549390 
2.300088 1.000000 113.448674 
2.305088 1.000000 124.844382 
2.310089 1.000000 109.650105 
2.315089 1.000000 103.952251 
2.320089 1.000000 107.750820 
2.325089 1.000000 107.750820 
2.330089 1.000000 105.851536 
2.335089 1.000000 113.448674 
2.340090 1.000000 105.851536 
2.345089 1.000000 117.247243 
2.350090 1.000000 115.347959 
2.355090 1.000000 117.247243 
2.360089 1.000000 111.549390 
2.365090 1.000000 100.153682 
2.370090 1.000000 107.750820 
2.375090 1.000000 100.153682 
2.380089 1.000000 117.247243 
2.385090 1.000000 100.153682 
2.390090 1.000000 103.952251 
2.395090 1.000000 103.952251 
2.400090 1.000000 105.851536 
2.405090 1.000000 113.448674 
2.410090 1.000000 109.650105 
2.415090 1.000000 119.146528 
2.420090 1.000000 107.750820 
2.425090 1.000000 105.851536 
2.430090 1.000000 113.448674 
2.435090 1.000000 111.549390 
2.440090 1.000000 105.851536 
2.445089 1.000000 111.549390 
2.450090 1.000000 105.851536 
2.455090 1.000000 111.549390 
2.460090 1.000000 111.549390 
2.465091 1.000000 115.347959 
2.470090 1.000000 90.657258 
2.475091 1.000000 111.549390 
2.480091 1.000000 111.549390 
2.485140 1.000000 109.650105 
2.490140 1.000000 105.851536 
2.495140 1.000000 105.851536 
2.500140 1.000000 107.750820 
2.505140 1.000000 109.650105 
2.510140 1.000000 109.650105 
2.515140 1.000000 102.052966 
2.520140 1.000000 113.448674 
2.525141 1.000000 111.549390 
2.530140 1.000000 111.549390 
2.535141 1.000000 105.851536 
2.540141 1.000000 119.146528 
2.545142 1.000000 117.247243 
2.550142 1.000000 121.045813 
2.555143 1.000000 113.448674 
2.560142 1.000000 113.448674 
2.565143 1.000000 122.945097 
2.570143 1.000000 126.743667 
2.575144 1.000000 124.844382 
2.580144 1.000000 119.146528 
2.585143 1.000000 119.146528 
2.590144 1.000000 122.945097 
2.595144 1.000000 126.743667 
2.600144 1.000000 134.340805 
2.605144 1.000000 130.542236 
2.610145 1.000000 130.542236 
2.615145 1.000000 132.441521 
2.620895 1.000000 126.743667 
2.626422 1.000000 136.240090 
2.631421 1.000000 126.743667 
2.636422 1.000000 130.542236 
2.641422 1.000000 134.340805 
2.646422 1.000000 140.038659 
2.651422 1.000000 132.441521 
2.656423 1.000000 130.542236 
2.661422 1.000000 138.139375 
2.666422 1.000000 138.139375 
2.671423 1.000000 153.333652 
2.676423 1.000000 141.937944 
2.681423 1.000000 140.038659 
2.686423 1.000000 151.434367 
2.691423 1.000000 143.837229 
2.696423 1.000000 151.434367 
2.701424 1.000000 143.837229 
2.706424 1.000000 151.434367 
2.711425 1.000000 157.132221 
2.716425 1.000000 157.132221 
2.721425 1.000000 147.635798 
2.726425 1.000000 159.031506 
2.731425 1.000000 159.031506 
2.736425 1.000000 157.132221 
2.741425 1.000000 164.729360 
2.746426 1.000000 172.326499 
2.751426 1.000000 164.729360 
2.756426 1.000000 151.434367 
2.761426 1.000000 160.930791 
2.766427 1.000000 164.729360 
2.771426 1.000000 164.729360 
2.776426 1.000000 153.333652 
2.781427 1.000000 159.031506 
2.786426 1.000000 151.434367 
2.791427 1.000000 153.333652 
2.796426 1.000000 149.535083 
2.801427 1.000000 164.729360 
2.806426 1.000000 159.031506 
2.811426 1.000000 157.132221 
2.816426 1.000000 149.535083 
2.821426 1.000000 160.930791 
2.826426 1.000000 151.434367 
2.831426 1.000000 160.930791 
2.836426 1.000000 155.232937 
2.841425 1.000000 160.930791 
2.846425 1.000000 162.830075 
2.851426 1.000000 153.333652 
2.856426 1.000000 159.031506 
2.861426 1.000000 164.729360 
2.866426 1.000000 160.930791 
2.871426 1.000000 145.736513 
2.876426 1.000000 159.031506 
2.881426 1.000000 157.132221 
2.886426 1.000000 157.132221 
2.891426 1.000000 157.132221 
2.896426 1.000000 151.434367 
2.901426 1.000000 159.031506 
2.906426 1.000000 153.333652 
2.911426 1.000000 151.434367 
2.916426 1.000000 157.132221 
2.921426 1.000000 151.434367 
2.926426 1.000000 159.031506 
2.931426 1.000000 149.535083 
2.936426 1.000000 153.333652 
2.941426 1.000000 157.132221 
2.946426 1.000000 151.434367 
2.951426 1.000000 155.232937 
2.956425 1.000000 159.031506 
2.961426 1.000000 153.333652 
2.966426 1.000000 157.132221 
2.971436 1.000000 159.031506 
2.976437 1.000000 170.427214 
2.981436 1.000000 157.132221 
2.986437 1.000000 162.830075 
2.991436 1.000000 151.434367 
2.996441 1.000000 164.729360 
3.001441 1.000000 151.434367 
3.006442 1.000000 159.031506 
3.011442 1.000000 147.635798 
3.016442 1.000000 159.031506 
3.021442 1.000000 151.434367 
3.026443 1.000000 149.535083 
3.031442 1.000000 166.628645 
3.036443 1.000000 153.333652 
3.041443 1.000000 159.031506 
3.046443 1.000000 155.232937 
3.051444 1.000000 160.930791 
3.056444 1.000000 157.132221 
3.061444 1.000000 151.434367 
3.066444 1.000000 153.333652 
3.071444 1.000000 153.333652 
3.076444 1.000000 153.333652 
3.081444 1.000000 151.434367 
3.086444 1.000000 149.535083 
3.091445 1.000000 153.333652 
3.096445 1.000000 151.434367 
3.101445 1.000000 162.830075 
3.106445 1.000000 157.132221 
3.111445 1.000000 164.729360 
3.116445 1.000000 157.132221 
3.121445 1.000000 159.031506 
3.126445 1.000000 153.333652 
3.131446 1.000000 162.830075 
3.136446 1.000000 145.736513 
3.141446 1.000000 145.736513 
3.146445 1.000000 159.031506 
3.151446 1.000000 153.333652 
3.156446 1.000000 153.333652 
3.161446 1.000000 149.535083 
3.166445 1.000000 134.340805 
3.171446 1.000000 157.132221 
3.176446 1.000000 151.434367 
3.181446 1.000000 149.535083 
3.186446 1.000000 141.937944 
3.191447 1.000000 153.333652 
3.196447 1.000000 136.240090 
3.201447 1.000000 147.635798 
3.206447 1.000000 147.635798 
3.211446 1.000000 147.635798 
3.216447 1.000000 140.038659 
3.221447 1.000000 138.139375 
3.226447 1.000000 136.240090 
3.231447 1.000000 136.240090 
3.236448 1.000000 138.139375 
3.241447 1.000000 141.937944 
3.246447 1.000000 143.837229 
3.251448 1.000000 134.340805 
3.256448 1.000000 145.736513 
3.261448 1.000000 143.837229 
3.266448 1.000000 136.240090 
3.271448 1.000000 143.837229 
3.276447 1.000000 145.736513 
3.281448 1.000000 138.139375 
3.286448 1.000000 136.240090 
3.291447 1.000000 124.844382 
3.296448 1.000000 141.937944 
3.301447 1.000000 140.038659 
3.306448 1.000000 147.635798 
3.311448 1.000000 132.441521 
3.316448 1.000000 145.736513 
3.321448 1.000000 136.240090 
3.326449 1.000000 151.434367 
3.331449 1.000000 136.240090 
3.336449 1.000000 149.535083 
3.341449 1.000000 143.837229 
3.346449 1.000000 141.937944 
3.351449 1.000000 145.736513 
3.356449 1.000000 143.837229 
3.361449 1.000000 145.736513 
3.366449 1.000000 145.736513 
3.371449 1.000000 141.937944 
3.376449 1.000000 136.240090 
3.381449 1.000000 141.937944 
3.386449 1.000000 136.240090 
3.391449 1.000000 143.837229 
3.396449 1.000000 136.240090 
3.401448 1.000000 151.434367 
3.406449 1.000000 132.441521 
3.411449 1.000000 159.031506 
3.416449 1.000000 136.240090 
3.421449 1.000000 149.535083 
3.426449 1.000000 143.837229 
3.431449 1.000000 147.635798 
3.436449 1.000000 138.139375 
3.441450 1.000000 143.837229 
3.446450 1.000000 141.937944 
3.451451 1.000000 140.038659 
3.456450 1.000000 140.038659 
3.461450 1.000000 130.542236 
3.466450 1.000000 141.937944 
3.471450 1.000000 143.837229 
3.476450 1.000000 147.635798 
3.481449 1.000000 121.045813 
3.486450 1.000000 151.434367 
3.491450 1.000000 136.240090 
3.496451 1.000000 141.937944 
3.501451 1.000000 132.441521 
3.506451 1.000000 124.844382 
3.511451 1.000000 140.038659 
3.516452 1.000000 136.240090 
3.521451 1.000000 136.240090 
3.526451 1.000000 126.743667 
3.531451 1.000000 145.736513 
3.536451 1.000000 128.642951 
3.541452 1.000000 143.837229 
3.546453 1.000000 121.045813 
3.551453 1.000000 145.736513 
3.556453 1.000000 124.844382 
3.561453 1.000000 141.937944 
3.566454 1.000000 130.542236 
3.571455 1.000000 134.340805 
3.576455 1.000000 124.844382 
3.581456 1.000000 143.837229 
3.586457 1.000000 128.642951 
3.591457 1.000000 134.340805 
3.596457 1.000000 136.240090 
3.601457 1.000000 136.240090 
3.606457 1.000000 136.240090 
3.611457 1.000000 136.240090 
3.616457 1.000000 122.945097 
3.621457 1.000000 138.139375 
3.626457 1.000000 128.642951 
3.631457 1.000000 138.139375 
3.636457 1.000000 119.146528 
3.641456 1.000000 132.441521 
3.646457 1.000000 126.743667 
3.651456 1.000000 132.441521 
3.656456 1.000000 132.441521 
3.661456 1.000000 126.743667 
3.666456 1.000000 134.340805 
3.671457 1.000000 122.945097 
3.676457 1.000000 121.045813 
3.681458 1.000000 136.240090 
3.686457 1.000000 134.340805 
3.691458 1.000000 134.340805 
3.696458 1.000000 132.441521 
3.701458 1.000000 122.945097 
3.706458 1.000000 130.542236 
3.711458 1.000000 124.844382 
3.716458 1.000000 136.240090 
3.721458 1.000000 134.340805 
3.726459 1.000000 132.441521 
3.731458 1.000000 117.247243 
3.736459 1.000000 138.139375 
3.741459 1.000000 126.743667 
3.746459 1.000000 136.240090 
3.751460 1.000000 126.743667 
3.756460 1.000000 130.542236 
3.761460 1.000000 130.542236 
3.766460 1.000000 128.642951 
3.771460 1.000000 134.340805 
3.776459 1.000000 132.441521 
3.781459 1.000000 134.340805 
3.786459 1.000000 130.542236 
3.791459 1.000000 121.045813 
3.796460 1.000000 122.945097 
3.801461 1.000000 119.146528 
3.806460 1.000000 138.139375 
3.811460 1.000000 126.743667 
3.816460 1.000000 136.240090 
3.821460 1.000000 122.945097 
3.826461 1.000000 121.045813 
3.831461 1.000000 117.247243 
3.836461 1.000000 124.844382 
3.841461 1.000000 121.045813 
3.846461 1.000000 124.844382 
3.851461 1.000000 107.750820 
3.856462 1.000000 121.045813 
3.861462 1.000000 119.146528 
3.866463 1.000000 113.448674 
3.871463 1.000000 122.945097 
3.876463 1.000000 109.650105 
3.881464 1.000000 132.441521 
3.886464 1.000000 92.556543 
3.891464 1.000000 128.642951 
3.896463 1.000000 115.347959 
3.901464 1.000000 122.945097 
3.906464 1.000000 117.247243 
3.911465 1.000000 122.945097 
3.916466 1.000000 117.247243 
3.921466 1.000000 115.347959 
3.926466 1.000000 113.448674 
3.931465 1.000000 124.844382 
3.936466 1.000000 107.750820 
3.941466 1.000000 126.743667 
3.946467 1.000000 117.247243 
3.951467 1.000000 117.247243 
3.956467 1.000000 121.045813 
3.961467 1.000000 134.340805 
3.966468 1.000000 121.045813 
3.971467 1.000000 111.549390 
3.976468 1.000000 119.146528 
3.981468 1.000000 119.146528 
3.986469 1.000000 122.945097 
3.991469 1.000000 117.247243 
3.996469 1.000000 121.045813 
4.001470 1.000000 111.549390 
4.006470 1.000000 126.743667 
4.011470 1.000000 128.642951 
4.016470 1.000000 121.045813 
4.021471 1.000000 103.952251 
4.026471 1.000000 121.045813 
4.031471 1.000000 121.045813 
4.036471 1.000000 107.750820 
4.041471 1.000000 130.542236 
4.046472 1.000000 113.448674 
4.051472 1.000000 121.045813 
4.056472 1.000000 113.448674 
4.061472 1.000000 121.045813 
4.066472 1.000000 109.650105 
4.071472 1.000000 119.146528 
4.076472 1.000000 111.549390 
4.081472 1.000000 122.945097 
4.086473 1.000000 107.750820 
4.091473 1.000000 109.650105 
4.096472 1.000000 111.549390 
4.101473 1.000000 107.750820 
4.106473 1.000000 119.146528 
4.111473 1.000000 105.851536 
4.116473 1.000000 124.844382 
4.121473 1.000000 105.851536 
4.126473 1.000000 113.448674 
4.131473 1.000000 113.448674 
4.136473 1.000000 103.952251 
4.141473 1.000000 105.851536 
4.146473 1.000000 102.052966 
4.151473 1.000000 117.247243 
4.156473 1.000000 111.549390 
4.161473 1.000000 102.052966 
4.166474 1.000000 121.045813 
4.171473 1.000000 111.549390 
4.176473 1.000000 113.448674 
4.181473 1.000000 105.851536 
4.186473 1.000000 115.347959 
4.191473 1.000000 92.556543 
4.196473 1.000000 115.347959 
4.201473 1.000000 113.448674 
4.206473 1.000000 117.247243 
4.211474 1.000000 98.254397 
4.216473 1.000000 109.650105 
4.221474 1.000000 113.448674 
4.226474 1.000000 100.153682 
4.231474 1.000000 113.448674 
4.236474 1.000000 98.254397 
4.241474 1.000000 100.153682 
4.246474 1.000000 107.750820 
4.251474 1.000000 111.549390 
4.256474 1.000000 103.952251 
4.261474 1.000000 98.254397 
4.266474 1.000000 102.052966 
4.271475 1.000000 111.549390 
4.276475 1.000000 96.355112 
4.281474 1.000000 117.247243 
4.286475 1.000000 102.052966 
4.291475 1.000000 107.750820 
4.296475 1.000000 100.153682 
4.301476 1.000000 105.851536 
4.306476 1.000000 102.052966 
4.311476 1.000000 109.650105 
4.316475 1.000000 109.650105 
4.321476 1.000000 88.757974 
4.326476 1.000000 94.455828 
4.331476 1.000000 102.052966 
4.336476 1.000000 105.851536 
4.341477 1.000000 105.851536 
4.346476 1.000000 96.355112 
4.351477 1.000000 102.052966 
4.356477 1.000000 103.952251 
4.361477 1.000000 107.750820 
4.366477 1.000000 105.851536 
4.371478 1.000000 111.549390 
4.376478 1.000000 100.153682 
4.381478 1.000000 103.952251 
4.386479 1.000000 102.052966 
4.391479 1.000000 102.052966 
4.396479 1.000000 107.750820 
4.401479 1.000000 105.851536 
4.406479 1.000000 105.851536 
4.411479 1.000000 103.952251 
4.416480 1.000000 109.650105 
4.421480 1.000000 109.650105 
4.426480 1.000000 111.549390 
4.431482 1.000000 105.851536 
4.436481 1.000000 94.455828 
4.441482 1.000000 103.952251 
4.446482 1.000000 109.650105 
4.451482 1.000000 102.052966 
4.456482 1.000000 109.650105 
4.461483 1.000000 100.153682 
4.466483 1.000000 103.952251 
4.471482 1.000000 100.153682 
4.476482 1.000000 111.549390 
4.481482 1.000000 105.851536 
4.486482 1.000000 103.952251 
4.491482 1.000000 102.052966 
4.496483 1.000000 103.952251 
4.501483 1.000000 105.851536 
4.506484 1.000000 96.355112 
4.511484 1.000000 96.355112 
4.516485 1.000000 109.650105 
4.521484 1.000000 113.448674 
4.526484 1.000000 107.750820 
4.531485 1.000000 105.851536 
4.536485 1.000000 102.052966 
4.541485 1.000000 103.952251 
4.546485 1.000000 105.851536 
4.551485 1.000000 100.153682 
4.556485 1.000000 100.153682 
4.561485 1.000000 103.952251 
4.566485 1.000000 105.851536 
4.571485 1.000000 103.952251 
4.576486 1.000000 105.851536 
4.581486 1.000000 100.153682 
4.586486 1.000000 96.355112 
4.591485 1.000000 98.254397 
4.596486 1.000000 98.254397 
4.601486 1.000000 109.650105 
4.606487 1.000000 96.355112 
4.611487 1.000000 94.455828 
4.616488 1.000000 100.153682 
4.621488 1.000000 98.254397 
4.626488 1.000000 96.355112 
4.631488 1.000000 94.455828 
4.636488 1.000000 92.556543 
4.641489 1.000000 100.153682 
4.646489 1.000000 92.556543 
4.651489 1.000000 100.153682 
4.656490 1.000000 98.254397 
4.661490 1.000000 105.851536 
4.666490 1.000000 90.657258 
4.671490 1.000000 103.952251 
4.676489 1.000000 94.455828 
4.681490 1.000000 111.549390 
4.686490 1.000000 103.952251 
4.691489 1.000000 100.153682 
4.696489 1.000000 102.052966 
4.701489 1.000000 100.153682 
4.706489 1.000000 94.455828 
4.711489 1.000000 109.650105 
4.716489 1.000000 98.254397 
4.721489 1.000000 103.952251 
4.726488 1.000000 90.657258 
4.731489 1.000000 105.851536 
4.736490 1.000000 90.657258 
4.741490 1.000000 107.750820 
4.746490 1.000000 105.851536 
4.751490 1.000000 103.952251 
4.756491 1.000000 96.355112 
4.761492 1.000000 90.657258 
4.766492 1.000000 96.355112 
4.771492 1.000000 96.355112 
4.776492 1.000000 100.153682 
4.781492 1.000000 96.355112 
4.786492 1.000000 100.153682 
4.791492 1.000000 90.657258 
4.796492 1.000000 92.556543 
4.801492 1.000000 96.355112 
4.806492 1.000000 103.952251 
4.811492 1.000000 102.052966 
4.816498 1.000000 94.455828 
4.821498 1.000000 94.455828 
4.826498 1.000000 92.556543 
4.831498 1.000000 96.355112 
4.836498 1.000000 94.455828 
4.841498 1.000000 105.851536 
4.846498 1.000000 94.455828 
4.851498 1.000000 103.952251 
4.856499 1.000000 98.254397 
4.861498 1.000000 92.556543 
4.866498 1.000000 98.254397 
4.871498 1.000000 98.254397 
4.876498 1.000000 98.254397 
4.881498 1.000000 94.455828 
4.886498 1.000000 94.455828 
4.891498 1.000000 88.757974 
4.896497 1.000000 92.556543 
4.901497 1.000000 90.657258 
4.906498 1.000000 88.757974 
4.911497 1.000000 92.556543 
4.916497 1.000000 102.052966 
4.921497 1.000000 90.657258 
4.926497 1.000000 96.355112 
4.931497 1.000000 94.455828 
4.936498 1.000000 96.355112 
4.941497 1.000000 90.657258 
4.946497 1.000000 92.556543 
4.951498 1.000000 83.060120 
4.956497 1.000000 84.959404 
4.961498 1.000000 103.952251 
4.966497 1.000000 94.455828 
4.971497 1.000000 94.455828 
4.976497 1.000000 92.556543 
4.981497 1.000000 84.959404 
4.986496 1.000000 90.657258 
4.991496 1.000000 92.556543 
4.996497 1.000000 94.455828 
