0.000004 5.000202 0.000000 
0.005004 1.000000 -2032.238801 
0.010004 1.000000 -2032.238801 
0.015004 1.000000 -2032.238801 
0.020025 1.000000 -2032.238801 
0.025025 1.000000 -2032.238801 
0.030025 1.000000 -2032.238801 
0.035025 1.000000 -2032.238801 
0.040025 1.000000 -2032.238801 
0.045025 1.000000 -2032.238801 
0.050025 1.000000 -2032.238801 
0.055026 1.000000 -2032.238801 
0.060026 1.000000 -2032.238801 
0.065026 1.000000 -2032.238801 
0.070026 1.000000 -2032.238801 
0.075026 1.000000 -2032.238801 
0.080026 1.000000 -2032.238801 
0.085026 1.000000 -2032.238801 
0.090026 1.000000 -2032.238801 
0.095027 1.000000 -2032.238801 
0.100027 1.000000 -2032.238801 
0.105027 1.000000 -2032.238801 
0.110027 1.000000 -2032.238801 
0.115028 1.000000 -2032.238801 
0.120028 1.000000 -2032.238801 
0.125029 1.000000 -2032.238801 
0.130029 1.000000 -2032.238801 
0.135029 1.000000 -2032.238801 
0.140029 1.000000 -2032.238801 
0.145029 1.000000 -2032.238801 
0.150029 1.000000 -2032.238801 
0.155028 1.000000 -2032.238801 
0.160029 1.000000 -2032.238801 
0.165029 1.000000 -2032.238801 
0.170029 1.000000 -2032.238801 
0.175029 1.000000 -2032.238801 
0.180030 1.000000 -2032.238801 
0.185030 1.000000 -2032.238801 
0.190031 1.000000 -2032.238801 
0.195031 1.000000 -2032.238801 
0.200030 1.000000 -2032.238801 
0.205030 1.000000 -2032.238801 
0.210030 1.000000 -2032.238801 
0.215031 1.000000 -2032.238801 
0.220030 1.000000 -2032.238801 
0.225031 1.000000 -2032.238801 
0.230030 1.000000 -2032.238801 
0.235042 1.000000 -2032.238801 
0.240041 1.000000 -2032.238801 
0.245042 1.000000 -2032.238801 
0.250042 1.000000 -2032.238801 
0.255042 1.000000 -2032.238801 
0.260042 1.000000 -2032.238801 
0.265043 1.000000 -2032.238801 
0.270042 1.000000 -2032.238801 
0.275042 1.000000 -2032.238801 
0.280029 1.000000 -2032.238801 
0.285031 1.000000 -2032.238801 
0.290031 1.000000 -2032.238801 
0.295031 1.000000 -2032.238801 
0.300031 1.000000 -2032.238801 
0.305031 1.000000 -2032.238801 
0.310031 1.000000 -2032.238801 
0.315031 1.000000 -2032.238801 
0.320032 1.000000 -2032.238801 
0.325032 1.000000 -2032.238801 
0.330032 1.000000 -2032.238801 
0.335032 1.000000 -2032.238801 
0.340033 1.000000 -2032.238801 
0.345033 1.000000 -2032.238801 
0.350032 1.000000 -2032.238801 
0.355033 1.000000 -2032.238801 
0.360033 1.000000 -2032.238801 
0.365033 1.000000 -2032.238801 
0.370033 1.000000 -2032.238801 
0.375033 1.000000 -2032.238801 
0.380033 1.000000 -2032.238801 
0.385033 1.000000 -2032.238801 
0.390034 1.000000 -2032.238801 
0.395033 1.000000 -2032.238801 
0.400033 1.000000 -2032.238801 
0.405033 1.000000 -2032.238801 
0.410033 1.000000 -2032.238801 
0.415033 1.000000 -2032.238801 
0.420032 1.000000 -2032.238801 
0.425032 1.000000 -2032.238801 
0.430032 1.000000 -2032.238801 
0.435032 1.000000 -2032.238801 
0.440032 1.000000 -2032.238801 
0.445033 1.000000 -2032.238801 
0.450032 1.000000 -2032.238801 
0.455032 1.000000 -2032.238801 
0.460033 1.000000 -2032.238801 
0.465032 1.000000 -2032.238801 
0.470032 1.000000 -2032.238801 
0.475032 1.000000 -2032.238801 
0.480032 1.000000 -2032.238801 
0.485032 1.000000 -2032.238801 
0.490032 1.000000 -2032.238801 
0.495033 1.000000 -2032.238801 
0.500033 1.000000 -2032.238801 
0.505034 1.000000 -2032.238801 
0.510034 1.000000 -2032.238801 
0.515034 1.000000 -2032.238801 
0.520035 1.000000 -2032.238801 
0.525035 1.000000 -2032.238801 
0.530035 1.000000 -2032.238801 
0.535035 1.000000 -2032.238801 
0.540035 1.000000 -2032.238801 
0.545034 1.000000 -2032.238801 
0.550035 1.000000 -2032.238801 
0.555035 1.000000 -2032.238801 
0.560035 1.000000 -2032.238801 
0.565035 1.000000 -2032.238801 
0.570035 1.000000 -2032.238801 
0.575035 1.000000 -2032.238801 
0.580035 1.000000 -2032.238801 
0.585035 1.000000 -2032.238801 
0.590035 1.000000 -2032.238801 
0.595035 1.000000 -2032.238801 
0.600035 1.000000 -2032.238801 
0.605034 1.000000 -2032.238801 
0.610034 1.000000 -2032.238801 
0.615034 1.000000 -2032.238801 
0.620035 1.000000 -2032.238801 
0.625034 1.000000 -2032.238801 
0.630035 1.000000 -2032.238801 
0.635035 1.000000 -2032.238801 
0.640035 1.000000 -2032.238801 
0.645036 1.000000 -2032.238801 
0.650035 1.000000 -2032.238801 
0.655036 1.000000 -2032.238801 
0.660036 1.000000 -2032.238801 
0.665036 1.000000 -2032.238801 
0.670036 1.000000 -2032.238801 
0.675037 1.000000 -2032.238801 
0.680037 1.000000 -2032.238801 
0.685037 1.000000 -2032.238801 
0.690038 1.000000 -2032.238801 
0.695038 1.000000 -2032.238801 
0.700038 1.000000 -2032.238801 
0.705039 1.000000 -2032.238801 
0.710039 1.000000 -2032.238801 
0.715039 1.000000 -2032.238801 
0.720039 1.000000 -2032.238801 
0.725038 1.000000 -2032.238801 
0.730038 1.000000 -2032.238801 
0.735039 1.000000 -2032.238801 
0.740038 1.000000 -2032.238801 
0.745039 1.000000 -2032.238801 
0.750039 1.000000 -2032.238801 
0.755039 1.000000 -2032.238801 
0.760039 1.000000 -2032.238801 
0.765039 1.000000 -2032.238801 
0.770039 1.000000 -2032.238801 
0.775039 1.000000 -2032.238801 
0.780040 1.000000 -2032.238801 
0.785039 1.000000 -2032.238801 
0.790040 1.000000 -2032.238801 
0.795040 1.000000 -2032.238801 
0.800040 1.000000 -2032.238801 
0.805040 1.000000 -2032.238801 
0.810040 1.000000 -2032.238801 
0.815040 1.000000 -2032.238801 
0.820040 1.000000 -2032.238801 
0.825041 1.000000 -2032.238801 
0.830040 1.000000 -2032.238801 
0.835040 1.000000 -2032.238801 
0.840041 1.000000 -2032.238801 
0.845040 1.000000 -2032.238801 
0.850041 1.000000 -2032.238801 
0.855041 1.000000 -2032.238801 
0.860042 1.000000 -2032.238801 
0.865041 1.000000 -2032.238801 
0.870042 1.000000 -2032.238801 
0.875042 1.000000 -2032.238801 
0.880042 1.000000 -2032.238801 
0.885042 1.000000 -2032.238801 
0.890042 1.000000 -2032.238801 
0.895043 1.000000 -2032.238801 
0.900042 1.000000 -2032.238801 
0.905043 1.000000 -2032.238801 
0.910043 1.000000 -2032.238801 
0.915047 1.000000 -2032.238801 
0.920047 1.000000 -2032.238801 
0.925048 1.000000 -2032.238801 
0.930047 1.000000 -2032.238801 
0.935048 1.000000 -2032.238801 
0.940048 1.000000 -2032.238801 
0.945048 1.000000 -2032.238801 
0.950048 1.000000 -2032.238801 
0.955048 1.000000 -2032.238801 
0.960048 1.000000 -2032.238801 
0.965048 1.000000 -2032.238801 
0.970048 1.000000 -2032.238801 
0.975048 1.000000 -2032.238801 
0.980048 1.000000 -2032.238801 
0.985048 1.000000 -2032.238801 
0.990049 1.000000 -2032.238801 
0.995049 1.000000 -2032.238801 
1.000049 1.000000 -2032.238801 
1.005049 1.000000 -2032.238801 
1.010049 1.000000 -2032.238801 
1.015049 1.000000 -2032.238801 
1.020050 1.000000 -2032.238801 
1.025050 1.000000 -2032.238801 
1.030051 1.000000 -2032.238801 
1.035051 1.000000 -2032.238801 
1.040051 1.000000 -2032.238801 
1.045051 1.000000 -2032.238801 
1.050052 1.000000 -2032.238801 
1.055052 1.000000 -2032.238801 
1.060052 1.000000 -2032.238801 
1.065052 1.000000 -2032.238801 
1.070053 1.000000 -2032.238801 
1.075053 1.000000 -2032.238801 
1.080053 1.000000 -2032.238801 
1.085053 1.000000 -2032.238801 
1.090053 1.000000 -2032.238801 
1.095053 1.000000 -2032.238801 
1.100053 1.000000 -2032.238801 
1.105053 1.000000 -2032.238801 
1.110053 1.000000 -2032.238801 
1.115054 1.000000 -2032.238801 
1.120054 1.000000 -2032.238801 
1.125054 1.000000 -2032.238801 
1.130054 1.000000 -2032.238801 
1.135054 1.000000 -2032.238801 
1.140055 1.000000 -2032.238801 
1.145055 1.000000 -2032.238801 
1.150055 1.000000 -2032.238801 
1.155055 1.000000 -2032.238801 
1.160055 1.000000 -2032.238801 
1.165055 1.000000 -2032.238801 
1.170055 1.000000 -2032.238801 
1.175055 1.000000 -2032.238801 
1.180054 1.000000 -2032.238801 
1.185054 1.000000 -2032.238801 
1.190054 1.000000 -2032.238801 
1.195054 1.000000 -2032.238801 
1.200055 1.000000 -2032.238801 
1.205055 1.000000 -2032.238801 
1.210055 1.000000 -2032.238801 
1.215055 1.000000 -2032.238801 
1.220055 1.000000 -2032.238801 
1.225055 1.000000 -2032.238801 
1.230055 1.000000 -2032.238801 
1.235055 1.000000 -2032.238801 
1.240055 1.000000 -2032.238801 
1.245056 1.000000 -2032.238801 
1.250055 1.000000 -2032.238801 
1.255055 1.000000 -2032.238801 
1.260056 1.000000 -2032.238801 
1.265056 1.000000 -2032.238801 
1.270056 1.000000 -2032.238801 
1.275055 1.000000 -2032.238801 
1.280056 1.000000 -2032.238801 
1.285056 1.000000 -2032.238801 
1.290055 1.000000 -2032.238801 
1.295056 1.000000 -2032.238801 
1.300055 1.000000 -2032.238801 
1.305055 1.000000 -2032.238801 
1.310055 1.000000 -2032.238801 
1.315056 1.000000 -2032.238801 
1.320055 1.000000 -2032.238801 
1.325055 1.000000 -2032.238801 
1.330056 1.000000 -2032.238801 
1.335056 1.000000 -2032.238801 
1.340056 1.000000 -2032.238801 
1.345056 1.000000 -2032.238801 
1.350056 1.000000 -2032.238801 
1.355056 1.000000 -2032.238801 
1.360057 1.000000 -2032.238801 
1.365056 1.000000 -2032.238801 
1.370057 1.000000 -2032.238801 
1.375057 1.000000 -2032.238801 
1.380057 1.000000 -2032.238801 
1.385058 1.000000 -2032.238801 
1.390057 1.000000 -2032.238801 
1.395057 1.000000 -2032.238801 
1.400057 1.000000 -2032.238801 
1.405057 1.000000 -2032.238801 
1.410058 1.000000 -2032.238801 
1.415058 1.000000 -2032.238801 
1.420058 1.000000 -2032.238801 
1.425057 1.000000 -2032.238801 
1.430058 1.000000 -2032.238801 
1.435058 1.000000 -2032.238801 
1.440057 1.000000 -2032.238801 
1.445058 1.000000 -2032.238801 
1.450058 1.000000 -2032.238801 
1.455058 1.000000 -2032.238801 
1.460058 1.000000 -2032.238801 
1.465058 1.000000 -2032.238801 
1.470058 1.000000 -2032.238801 
1.475058 1.000000 -2032.238801 
1.480058 1.000000 -2032.238801 
1.485058 1.000000 -2032.238801 
1.490058 1.000000 -2032.238801 
1.495058 1.000000 -2032.238801 
1.500058 1.000000 -2032.238801 
1.505058 1.000000 -2032.238801 
1.510058 1.000000 -2032.238801 
1.515058 1.000000 -2032.238801 
1.520058 1.000000 -2032.238801 
1.525058 1.000000 -2032.238801 
1.530058 1.000000 -2032.238801 
1.535058 1.000000 -2032.238801 
1.540058 1.000000 -2032.238801 
1.545059 1.000000 -2032.238801 
1.550059 1.000000 -2032.238801 
1.555059 1.000000 -2032.238801 
1.560060 1.000000 -2032.238801 
1.565059 1.000000 -2032.238801 
1.570059 1.000000 -2032.238801 
1.575060 1.000000 -2032.238801 
1.580060 1.000000 -2032.238801 
1.585060 1.000000 -2032.238801 
1.590061 1.000000 -2032.238801 
1.595060 1.000000 -2032.238801 
1.600060 1.000000 -2032.238801 
1.605060 1.000000 -2032.238801 
1.610060 1.000000 -2032.238801 
1.615060 1.000000 -2032.238801 
1.620060 1.000000 -2032.238801 
1.625060 1.000000 -2032.238801 
1.630060 1.000000 -2032.238801 
1.635059 1.000000 -2032.238801 
1.640060 1.000000 -2032.238801 
1.645059 1.000000 -2032.238801 
1.650060 1.000000 -2032.238801 
1.655060 1.000000 -2032.238801 
1.660060 1.000000 -2032.238801 
1.665060 1.000000 -2032.238801 
1.670060 1.000000 -2032.238801 
1.675060 1.000000 -2032.238801 
1.680060 1.000000 -2032.238801 
1.685060 1.000000 -2032.238801 
1.690060 1.000000 -2032.238801 
1.695060 1.000000 -2032.238801 
1.700060 1.000000 -2032.238801 
1.705060 1.000000 -2032.238801 
1.710060 1.000000 -2032.238801 
1.715060 1.000000 -2032.238801 
1.720060 1.000000 -2032.238801 
1.725060 1.000000 -2032.238801 
1.730060 1.000000 -2032.238801 
1.735060 1.000000 -2032.238801 
1.740060 1.000000 -2032.238801 
1.745060 1.000000 -2032.238801 
1.750060 1.000000 -2032.238801 
1.755060 1.000000 -2032.238801 
1.760060 1.000000 -2032.238801 
1.765060 1.000000 -2032.238801 
1.770060 1.000000 -2032.238801 
1.775060 1.000000 -2032.238801 
1.780060 1.000000 -2032.238801 
1.785060 1.000000 -2032.238801 
1.790061 1.000000 -2032.238801 
1.795061 1.000000 -2032.238801 
1.800062 1.000000 -2032.238801 
1.805062 1.000000 -2032.238801 
1.810062 1.000000 -2032.238801 
1.815062 1.000000 -2032.238801 
1.820062 1.000000 -2032.238801 
1.825062 1.000000 -2032.238801 
1.830061 1.000000 -2032.238801 
1.835062 1.000000 -2032.238801 
1.840062 1.000000 -2032.238801 
1.845062 1.000000 -2032.238801 
1.850061 1.000000 -2032.238801 
1.855061 1.000000 -2032.238801 
1.860061 1.000000 -2032.238801 
1.865061 1.000000 -2032.238801 
1.870062 1.000000 -2032.238801 
1.875061 1.000000 -2032.238801 
1.880062 1.000000 -2032.238801 
1.885062 1.000000 -2032.238801 
1.890061 1.000000 -2032.238801 
1.895062 1.000000 -2032.238801 
1.900062 1.000000 -2032.238801 
1.905063 1.000000 -2032.238801 
1.910062 1.000000 -2032.238801 
1.915062 1.000000 -2032.238801 
1.920062 1.000000 -2032.238801 
1.925062 1.000000 -2032.238801 
1.930062 1.000000 -2032.238801 
1.935062 1.000000 -2032.238801 
1.940062 1.000000 -2032.238801 
1.945062 1.000000 -2032.238801 
1.950062 1.000000 -2032.238801 
1.955062 1.000000 -2032.238801 
1.960062 1.000000 -2032.238801 
1.965062 1.000000 -2032.238801 
1.970062 1.000000 -2032.238801 
1.975063 1.000000 -2032.238801 
1.980062 1.000000 -2032.238801 
1.985062 1.000000 -2032.238801 
1.990062 1.000000 -2032.238801 
1.995062 1.000000 -2032.238801 
2.000062 1.000000 -2032.238801 
2.005062 1.000000 -2032.238801 
2.010063 1.000000 -2032.238801 
2.015063 1.000000 -2032.238801 
2.020063 1.000000 -2032.238801 
2.025063 1.000000 -2032.238801 
2.030064 1.000000 -2032.238801 
2.035064 1.000000 -2032.238801 
2.040064 1.000000 -2032.238801 
2.045064 1.000000 -2032.238801 
2.050064 1.000000 -2032.238801 
2.055065 1.000000 -2032.238801 
2.060065 1.000000 -2032.238801 
2.065065 1.000000 -2032.238801 
2.070064 1.000000 -2032.238801 
2.075064 1.000000 -2032.238801 
2.080064 1.000000 -2032.238801 
2.085064 1.000000 -2032.238801 
2.090064 1.000000 -2032.238801 
2.095064 1.000000 -2032.238801 
2.100064 1.000000 -2032.238801 
2.105064 1.000000 -2032.238801 
2.110063 1.000000 -2032.238801 
2.115063 1.000000 -2032.238801 
2.120063 1.000000 -2032.238801 
2.125063 1.000000 -2032.238801 
2.130063 1.000000 -2032.238801 
2.135063 1.000000 -2032.238801 
2.140063 1.000000 -2032.238801 
2.145063 1.000000 -2032.238801 
2.150063 1.000000 -2032.238801 
2.155063 1.000000 -2032.238801 
2.160063 1.000000 -2032.238801 
2.165063 1.000000 -2032.238801 
2.170063 1.000000 -2032.238801 
2.175062 1.000000 -2032.238801 
2.180062 1.000000 -2032.238801 
2.185062 1.000000 -2032.238801 
2.190062 1.000000 -2032.238801 
2.195062 1.000000 -2032.238801 
2.200062 1.000000 -2032.238801 
2.205063 1.000000 -2032.238801 
2.210063 1.000000 -2032.238801 
2.215062 1.000000 -2032.238801 
2.220062 1.000000 -2032.238801 
2.225062 1.000000 -2032.238801 
2.230062 1.000000 -2032.238801 
2.235062 1.000000 -2032.238801 
2.240063 1.000000 -2032.238801 
2.245063 1.000000 -2032.238801 
2.250062 1.000000 -2032.238801 
2.255062 1.000000 -2032.238801 
2.260062 1.000000 -2032.238801 
2.265063 1.000000 -2032.238801 
2.270063 1.000000 -2032.238801 
2.275063 1.000000 -2032.238801 
2.280063 1.000000 -2032.238801 
2.285063 1.000000 -2032.238801 
2.290063 1.000000 -2032.238801 
2.295063 1.000000 -2032.238801 
2.300064 1.000000 -2032.238801 
2.305064 1.000000 -2032.238801 
2.310065 1.000000 -2032.238801 
2.315065 1.000000 -2032.238801 
2.320066 1.000000 -2032.238801 
2.325066 1.000000 -2032.238801 
2.330066 1.000000 -2032.238801 
2.335066 1.000000 -2032.238801 
2.340066 1.000000 -2032.238801 
2.345066 1.000000 -2032.238801 
2.350066 1.000000 -2032.238801 
2.355077 1.000000 -2032.238801 
2.360078 1.000000 -2032.238801 
2.365078 1.000000 -2032.238801 
2.370079 1.000000 -2032.238801 
2.375079 1.000000 -2032.238801 
2.380080 1.000000 -2032.238801 
2.385080 1.000000 -2032.238801 
2.390080 1.000000 -2032.238801 
2.395081 1.000000 -2032.238801 
2.400081 1.000000 -2032.238801 
2.405081 1.000000 -2032.238801 
2.410081 1.000000 -2032.238801 
2.415081 1.000000 -2032.238801 
2.420080 1.000000 -2032.238801 
2.425080 1.000000 -2032.238801 
2.430080 1.000000 -2032.238801 
2.435080 1.000000 -2032.238801 
2.440081 1.000000 -2032.238801 
2.445080 1.000000 -2032.238801 
2.450081 1.000000 -2032.238801 
2.455081 1.000000 -2032.238801 
2.460081 1.000000 -2032.238801 
2.465081 1.000000 -2032.238801 
2.470081 1.000000 -2032.238801 
2.475081 1.000000 -2032.238801 
2.480081 1.000000 -2032.238801 
2.485081 1.000000 -2032.238801 
2.490080 1.000000 -2032.238801 
2.495080 1.000000 -2032.238801 
2.500080 1.000000 -2032.238801 
2.505080 1.000000 -2032.238801 
2.510081 1.000000 -2032.238801 
2.515081 1.000000 -2032.238801 
2.520082 1.000000 -2032.238801 
2.525082 1.000000 -2032.238801 
2.530083 1.000000 -2032.238801 
2.535082 1.000000 -2032.238801 
2.540083 1.000000 -2032.238801 
2.545083 1.000000 -2032.238801 
2.550084 1.000000 -2032.238801 
2.555084 1.000000 -2032.238801 
2.560083 1.000000 -2032.238801 
2.565084 1.000000 -2032.238801 
2.570083 1.000000 -2032.238801 
2.575084 1.000000 -2032.238801 
2.580084 1.000000 -2032.238801 
2.585083 1.000000 -2032.238801 
2.590083 1.000000 -2032.238801 
2.595083 1.000000 -2032.238801 
2.600083 1.000000 -2032.238801 
2.605083 1.000000 -2032.238801 
2.610082 1.000000 -2032.238801 
2.615082 1.000000 -2032.238801 
2.620083 1.000000 -2032.238801 
2.625084 1.000000 -2032.238801 
2.630084 1.000000 -2032.238801 
2.635085 1.000000 -2032.238801 
2.640085 1.000000 -2032.238801 
2.645085 1.000000 -2032.238801 
2.650089 1.000000 -2032.238801 
2.655090 1.000000 -2032.238801 
2.660089 1.000000 -2032.238801 
2.665090 1.000000 -2032.238801 
2.670090 1.000000 -2032.238801 
2.675090 1.000000 -2032.238801 
2.680091 1.000000 -2032.238801 
2.685090 1.000000 -2032.238801 
2.690091 1.000000 -2032.238801 
2.695090 1.000000 -2032.238801 
2.700090 1.000000 -2032.238801 
2.705090 1.000000 -2032.238801 
2.710091 1.000000 -2032.238801 
2.715091 1.000000 -2032.238801 
2.720091 1.000000 -2032.238801 
2.725092 1.000000 -2032.238801 
2.730092 1.000000 -2032.238801 
2.735092 1.000000 -2032.238801 
2.740093 1.000000 -2032.238801 
2.745094 1.000000 -2032.238801 
2.750093 1.000000 -2032.238801 
2.755094 1.000000 -2032.238801 
2.760094 1.000000 -2032.238801 
2.765093 1.000000 -2032.238801 
2.770094 1.000000 -2032.238801 
2.775094 1.000000 -2032.238801 
2.780095 1.000000 -2032.238801 
2.785095 1.000000 -2032.238801 
2.790095 1.000000 -2032.238801 
2.795095 1.000000 -2032.238801 
2.800095 1.000000 -2032.238801 
2.805096 1.000000 -2032.238801 
2.810095 1.000000 -2032.238801 
2.815096 1.000000 -2032.238801 
2.820096 1.000000 -2032.238801 
2.825096 1.000000 -2032.238801 
2.830096 1.000000 -2032.238801 
2.835096 1.000000 -2032.238801 
2.840096 1.000000 -2032.238801 
2.845096 1.000000 -2032.238801 
2.850097 1.000000 -2032.238801 
2.855097 1.000000 -2032.238801 
2.860098 1.000000 -2032.238801 
2.865098 1.000000 -2032.238801 
2.870099 1.000000 -2032.238801 
2.875099 1.000000 -2032.238801 
2.880100 1.000000 -2032.238801 
2.885099 1.000000 -2032.238801 
2.890100 1.000000 -2032.238801 
2.895101 1.000000 -2032.238801 
2.900101 1.000000 -2032.238801 
2.905101 1.000000 -2032.238801 
2.910101 1.000000 -2032.238801 
2.915101 1.000000 -2032.238801 
2.920101 1.000000 -2032.238801 
2.925102 1.000000 -2032.238801 
2.930102 1.000000 -2032.238801 
2.935102 1.000000 -2032.238801 
2.940102 1.000000 -2032.238801 
2.945102 1.000000 -2032.238801 
2.950102 1.000000 -2032.238801 
2.955102 1.000000 -2032.238801 
2.960102 1.000000 -2032.238801 
2.965102 1.000000 -2032.238801 
2.970102 1.000000 -2032.238801 
2.975103 1.000000 -2032.238801 
2.980102 1.000000 -2032.238801 
2.985103 1.000000 -2032.238801 
2.990103 1.000000 -2032.238801 
2.995104 1.000000 -2032.238801 
3.000104 1.000000 -2032.238801 
3.005105 1.000000 -2032.238801 
3.010105 1.000000 -2032.238801 
3.015105 1.000000 -2032.238801 
3.020105 1.000000 -2032.238801 
3.025104 1.000000 -2032.238801 
3.030105 1.000000 -2032.238801 
3.035106 1.000000 -2032.238801 
3.040108 1.000000 -2032.238801 
3.045108 1.000000 -2032.238801 
3.050108 1.000000 -2032.238801 
3.055110 1.000000 -2032.238801 
3.060109 1.000000 -2032.238801 
3.065109 1.000000 -2032.238801 
3.070109 1.000000 -2032.238801 
3.075109 1.000000 -2032.238801 
3.080109 1.000000 -2032.238801 
3.085110 1.000000 -2032.238801 
3.090126 1.000000 -2032.238801 
3.095127 1.000000 -2032.238801 
3.100126 1.000000 -2032.238801 
3.105127 1.000000 -2032.238801 
3.110127 1.000000 -2032.238801 
3.115127 1.000000 -2032.238801 
3.120127 1.000000 -2032.238801 
3.125127 1.000000 -2032.238801 
3.130127 1.000000 -2032.238801 
3.135127 1.000000 -2032.238801 
3.140139 1.000000 -2032.238801 
3.145139 1.000000 -2032.238801 
3.150139 1.000000 -2032.238801 
3.155140 1.000000 -2032.238801 
3.160140 1.000000 -2032.238801 
3.165140 1.000000 -2032.238801 
3.170140 1.000000 -2032.238801 
3.175140 1.000000 -2032.238801 
3.180140 1.000000 -2032.238801 
3.185140 1.000000 -2032.238801 
3.190139 1.000000 -2032.238801 
3.195140 1.000000 -2032.238801 
3.200139 1.000000 -2032.238801 
3.205140 1.000000 -2032.238801 
3.210140 1.000000 -2032.238801 
3.215141 1.000000 -2032.238801 
3.220141 1.000000 -2032.238801 
3.225141 1.000000 -2032.238801 
3.230141 1.000000 -2032.238801 
3.235141 1.000000 -2032.238801 
3.240141 1.000000 -2032.238801 
3.245142 1.000000 -2032.238801 
3.250142 1.000000 -2032.238801 
3.255142 1.000000 -2032.238801 
3.260142 1.000000 -2032.238801 
3.265143 1.000000 -2032.238801 
3.270143 1.000000 -2032.238801 
3.275143 1.000000 -2032.238801 
3.280143 1.000000 -2032.238801 
3.285144 1.000000 -2032.238801 
3.290144 1.000000 -2032.238801 
3.295145 1.000000 -2032.238801 
3.300145 1.000000 -2032.238801 
3.305146 1.000000 -2032.238801 
3.310145 1.000000 -2032.238801 
3.315146 1.000000 -2032.238801 
3.320146 1.000000 -2032.238801 
3.325145 1.000000 -2032.238801 
3.330145 1.000000 -2032.238801 
3.335145 1.000000 -2032.238801 
3.340145 1.000000 -2032.238801 
3.345145 1.000000 -2032.238801 
3.350145 1.000000 -2032.238801 
3.355145 1.000000 -2032.238801 
3.360145 1.000000 -2032.238801 
3.365146 1.000000 -2032.238801 
3.370146 1.000000 -2032.238801 
3.375146 1.000000 -2032.238801 
3.380146 1.000000 -2032.238801 
3.385146 1.000000 -2032.238801 
3.390146 1.000000 -2032.238801 
3.395146 1.000000 -2032.238801 
3.400146 1.000000 -2032.238801 
3.405146 1.000000 -2032.238801 
3.410146 1.000000 -2032.238801 
3.415146 1.000000 -2032.238801 
3.420147 1.000000 -2032.238801 
3.425147 1.000000 -2032.238801 
3.430147 1.000000 -2032.238801 
3.435147 1.000000 -2032.238801 
3.440147 1.000000 -2032.238801 
3.445148 1.000000 -2032.238801 
3.450148 1.000000 -2032.238801 
3.455149 1.000000 -2032.238801 
3.460149 1.000000 -2032.238801 
3.465150 1.000000 -2032.238801 
3.470152 1.000000 -2032.238801 
3.475152 1.000000 -2032.238801 
3.480152 1.000000 -2032.238801 
3.485152 1.000000 -2032.238801 
3.490153 1.000000 -2032.238801 
3.495153 1.000000 -2032.238801 
3.500153 1.000000 -2032.238801 
3.505153 1.000000 -2032.238801 
3.510154 1.000000 -2032.238801 
3.515154 1.000000 -2032.238801 
3.520154 1.000000 -2032.238801 
3.525154 1.000000 -2032.238801 
3.530154 1.000000 -2032.238801 
3.535154 1.000000 -2032.238801 
3.540154 1.000000 -2032.238801 
3.545154 1.000000 -2032.238801 
3.550153 1.000000 -2032.238801 
3.555154 1.000000 -2032.238801 
3.560154 1.000000 -2032.238801 
3.565155 1.000000 -2032.238801 
3.570154 1.000000 -2032.238801 
3.575154 1.000000 -2032.238801 
3.580154 1.000000 -2032.238801 
3.585155 1.000000 -2032.238801 
3.590155 1.000000 -2032.238801 
3.595155 1.000000 -2032.238801 
3.600156 1.000000 -2032.238801 
3.605156 1.000000 -2032.238801 
3.610156 1.000000 -2032.238801 
3.615156 1.000000 -2032.238801 
3.620156 1.000000 -2032.238801 
3.625156 1.000000 -2032.238801 
3.630155 1.000000 -2032.238801 
3.635155 1.000000 -2032.238801 
3.640155 1.000000 -2032.238801 
3.645154 1.000000 -2032.238801 
3.650155 1.000000 -2032.238801 
3.655155 1.000000 -2032.238801 
3.660155 1.000000 -2032.238801 
3.665155 1.000000 -2032.238801 
3.670156 1.000000 -2032.238801 
3.675155 1.000000 -2032.238801 
3.680154 1.000000 -2032.238801 
3.685154 1.000000 -2032.238801 
3.690154 1.000000 -2032.238801 
3.695154 1.000000 -2032.238801 
3.700154 1.000000 -2032.238801 
3.705155 1.000000 -2032.238801 
3.710155 1.000000 -2032.238801 
3.715155 1.000000 -2032.238801 
3.720155 1.000000 -2032.238801 
3.725155 1.000000 -2032.238801 
3.730155 1.000000 -2032.238801 
3.735154 1.000000 -2032.238801 
3.740155 1.000000 -2032.238801 
3.745155 1.000000 -2032.238801 
3.750155 1.000000 -2032.238801 
3.755155 1.000000 -2032.238801 
3.760155 1.000000 -2032.238801 
3.765155 1.000000 -2032.238801 
3.770155 1.000000 -2032.238801 
3.775155 1.000000 -2032.238801 
3.780154 1.000000 -2032.238801 
3.785154 1.000000 -2032.238801 
3.790155 1.000000 -2032.238801 
3.795154 1.000000 -2032.238801 
3.800155 1.000000 -2032.238801 
3.805155 1.000000 -2032.238801 
3.810155 1.000000 -2032.238801 
3.815155 1.000000 -2032.238801 
3.820154 1.000000 -2032.238801 
3.825154 1.000000 -2032.238801 
3.830154 1.000000 -2032.238801 
3.835154 1.000000 -2032.238801 
3.840154 1.000000 -2032.238801 
3.845155 1.000000 -2032.238801 
3.850155 1.000000 -2032.238801 
3.855156 1.000000 -2032.238801 
3.860156 1.000000 -2032.238801 
3.865156 1.000000 -2032.238801 
3.870157 1.000000 -2032.238801 
3.875156 1.000000 -2032.238801 
3.880156 1.000000 -2032.238801 
3.885156 1.000000 -2032.238801 
3.890156 1.000000 -2032.238801 
3.895155 1.000000 -2032.238801 
3.900155 1.000000 -2032.238801 
3.905155 1.000000 -2032.238801 
3.910155 1.000000 -2032.238801 
3.915148 1.000000 -2032.238801 
3.920149 1.000000 -2032.238801 
3.925149 1.000000 -2032.238801 
3.930149 1.000000 -2032.238801 
3.935149 1.000000 -2032.238801 
3.940149 1.000000 -2032.238801 
3.945149 1.000000 -2032.238801 
3.950149 1.000000 -2032.238801 
3.955149 1.000000 -2032.238801 
3.960149 1.000000 -2032.238801 
3.965149 1.000000 -2032.238801 
3.970149 1.000000 -2032.238801 
3.975149 1.000000 -2032.238801 
3.980149 1.000000 -2032.238801 
3.985149 1.000000 -2032.238801 
3.990149 1.000000 -2032.238801 
3.995149 1.000000 -2032.238801 
4.000149 1.000000 -2032.238801 
4.005149 1.000000 -2032.238801 
4.010148 1.000000 -2032.238801 
4.015148 1.000000 -2032.238801 
4.020148 1.000000 -2032.238801 
4.025148 1.000000 -2032.238801 
4.030148 1.000000 -2032.238801 
4.035148 1.000000 -2032.238801 
4.040148 1.000000 -2032.238801 
4.045148 1.000000 -2032.238801 
4.050148 1.000000 -2032.238801 
4.055148 1.000000 -2032.238801 
4.060149 1.000000 -2032.238801 
4.065148 1.000000 -2032.238801 
4.070149 1.000000 -2032.238801 
4.075149 1.000000 -2032.238801 
4.080149 1.000000 -2032.238801 
4.085149 1.000000 -2032.238801 
4.090149 1.000000 -2032.238801 
4.095149 1.000000 -2032.238801 
4.100149 1.000000 -2032.238801 
4.105149 1.000000 -2032.238801 
4.110149 1.000000 -2032.238801 
4.115149 1.000000 -2032.238801 
4.120150 1.000000 -2032.238801 
4.125149 1.000000 -2032.238801 
4.130149 1.000000 -2032.238801 
4.135149 1.000000 -2032.238801 
4.140149 1.000000 -2032.238801 
4.145149 1.000000 -2032.238801 
4.150154 1.000000 -2032.238801 
4.155154 1.000000 -2032.238801 
4.160155 1.000000 -2032.238801 
4.165154 1.000000 -2032.238801 
4.170163 1.000000 -2032.238801 
4.175163 1.000000 -2032.238801 
4.180179 1.000000 -2032.238801 
4.185179 1.000000 -2032.238801 
4.190180 1.000000 -2032.238801 
4.195180 1.000000 -2032.238801 
4.200180 1.000000 -2032.238801 
4.205180 1.000000 -2032.238801 
4.210183 1.000000 -2032.238801 
4.215182 1.000000 -2032.238801 
4.220182 1.000000 -2032.238801 
4.225182 1.000000 -2032.238801 
4.230182 1.000000 -2032.238801 
4.235182 1.000000 -2032.238801 
4.240182 1.000000 -2032.238801 
4.245182 1.000000 -2032.238801 
4.250182 1.000000 -2032.238801 
4.255182 1.000000 -2032.238801 
4.260182 1.000000 -2032.238801 
4.265182 1.000000 -2032.238801 
4.270183 1.000000 -2032.238801 
4.275182 1.000000 -2032.238801 
4.280182 1.000000 -2032.238801 
4.285182 1.000000 -2032.238801 
4.290182 1.000000 -2032.238801 
4.295182 1.000000 -2032.238801 
4.300183 1.000000 -2032.238801 
4.305184 1.000000 -2032.238801 
4.310184 1.000000 -2032.238801 
4.315184 1.000000 -2032.238801 
4.320184 1.000000 -2032.238801 
4.325185 1.000000 -2032.238801 
4.330186 1.000000 -2032.238801 
4.335186 1.000000 -2032.238801 
4.340187 1.000000 -2032.238801 
4.345186 1.000000 -2032.238801 
4.350186 1.000000 -2032.238801 
4.355187 1.000000 -2032.238801 
4.360187 1.000000 -2032.238801 
4.365187 1.000000 -2032.238801 
4.370187 1.000000 -2032.238801 
4.375187 1.000000 -2032.238801 
4.380187 1.000000 -2032.238801 
4.385187 1.000000 -2032.238801 
4.390187 1.000000 -2032.238801 
4.395187 1.000000 -2032.238801 
4.400187 1.000000 -2032.238801 
4.405188 1.000000 -2032.238801 
4.410188 1.000000 -2032.238801 
4.415187 1.000000 -2032.238801 
4.420188 1.000000 -2032.238801 
4.425188 1.000000 -2032.238801 
4.430189 1.000000 -2032.238801 
4.435189 1.000000 -2032.238801 
4.440190 1.000000 -2032.238801 
4.445190 1.000000 -2032.238801 
4.450190 1.000000 -2032.238801 
4.455190 1.000000 -2032.238801 
4.460190 1.000000 -2032.238801 
4.465190 1.000000 -2032.238801 
4.470190 1.000000 -2032.238801 
4.475191 1.000000 -2032.238801 
4.480190 1.000000 -2032.238801 
4.485191 1.000000 -2032.238801 
4.490191 1.000000 -2032.238801 
4.495191 1.000000 -2032.238801 
4.500191 1.000000 -2032.238801 
4.505191 1.000000 -2032.238801 
4.510191 1.000000 -2032.238801 
4.515191 1.000000 -2032.238801 
4.520192 1.000000 -2032.238801 
4.525191 1.000000 -2032.238801 
4.530191 1.000000 -2032.238801 
4.535191 1.000000 -2032.238801 
4.540192 1.000000 -2032.238801 
4.545192 1.000000 -2032.238801 
4.550192 1.000000 -2032.238801 
4.555193 1.000000 -2032.238801 
4.560193 1.000000 -2032.238801 
4.565194 1.000000 -2032.238801 
4.570194 1.000000 -2032.238801 
4.575194 1.000000 -2032.238801 
4.580194 1.000000 -2032.238801 
4.585194 1.000000 -2032.238801 
4.590194 1.000000 -2032.238801 
4.595194 1.000000 -2032.238801 
4.600194 1.000000 -2032.238801 
4.605194 1.000000 -2032.238801 
4.610194 1.000000 -2032.238801 
4.615194 1.000000 -2032.238801 
4.620194 1.000000 -2032.238801 
4.625195 1.000000 -2032.238801 
4.630194 1.000000 -2032.238801 
4.635195 1.000000 -2032.238801 
4.640195 1.000000 -2032.238801 
4.645195 1.000000 -2032.238801 
4.650195 1.000000 -2032.238801 
4.655196 1.000000 -2032.238801 
4.660196 1.000000 -2032.238801 
4.665196 1.000000 -2032.238801 
4.670196 1.000000 -2032.238801 
4.675196 1.000000 -2032.238801 
4.680196 1.000000 -2032.238801 
4.685196 1.000000 -2032.238801 
4.690197 1.000000 -2032.238801 
4.695196 1.000000 -2032.238801 
4.700196 1.000000 -2032.238801 
4.705197 1.000000 -2032.238801 
4.710197 1.000000 -2032.238801 
4.715197 1.000000 -2032.238801 
4.720197 1.000000 -2032.238801 
4.725197 1.000000 -2032.238801 
4.730197 1.000000 -2032.238801 
4.735197 1.000000 -2032.238801 
4.740197 1.000000 -2032.238801 
4.745197 1.000000 -2032.238801 
4.750197 1.000000 -2032.238801 
4.755197 1.000000 -2032.238801 
4.760197 1.000000 -2032.238801 
4.765197 1.000000 -2032.238801 
4.770198 1.000000 -2032.238801 
4.775197 1.000000 -2032.238801 
4.780197 1.000000 -2032.238801 
4.785197 1.000000 -2032.238801 
4.790197 1.000000 -2032.238801 
4.795198 1.000000 -2032.238801 
4.800197 1.000000 -2032.238801 
4.805198 1.000000 -2032.238801 
4.810198 1.000000 -2032.238801 
4.815198 1.000000 -2032.238801 
4.820198 1.000000 -2032.238801 
4.825197 1.000000 -2032.238801 
4.830198 1.000000 -2032.238801 
4.835198 1.000000 -2032.238801 
4.840198 1.000000 -2032.238801 
4.845198 1.000000 -2032.238801 
4.850198 1.000000 -2032.238801 
4.855199 1.000000 -2032.238801 
4.860199 1.000000 -2032.238801 
4.865199 1.000000 -2032.238801 
4.870199 1.000000 -2032.238801 
4.875199 1.000000 -2032.238801 
4.880199 1.000000 -2032.238801 
4.885200 1.000000 -2032.238801 
4.890200 1.000000 -2032.238801 
4.895200 1.000000 -2032.238801 
4.900200 1.000000 -2032.238801 
4.905200 1.000000 -2032.238801 
4.910201 1.000000 -2032.238801 
4.915201 1.000000 -2032.238801 
4.920202 1.000000 -2032.238801 
4.925202 1.000000 -2032.238801 
4.930202 1.000000 -2032.238801 
4.935202 1.000000 -2032.238801 
4.940202 1.000000 -2032.238801 
4.945202 1.000000 -2032.238801 
4.950202 1.000000 -2032.238801 
4.955202 1.000000 -2032.238801 
4.960202 1.000000 -2032.238801 
4.965203 1.000000 -2032.238801 
4.970203 1.000000 -2032.238801 
4.975203 1.000000 -2032.238801 
4.980203 1.000000 -2032.238801 
4.985202 1.000000 -2032.238801 
4.990202 1.000000 -2032.238801 
4.995202 1.000000 -2032.238801 
