0.000005 5.002457 1.468151 
0.005005 0.000000 -6.206259 
0.010005 0.000000 -0.508405 
0.015005 0.000000 5.189449 
0.020005 0.000000 3.290164 
0.025005 0.000000 -0.508405 
0.030005 0.000000 -4.306975 
0.035005 0.000000 1.390879 
0.040005 0.000000 1.390879 
0.045005 0.000000 1.390879 
0.050005 0.000000 -0.508405 
0.055006 0.000000 -0.508405 
0.060006 0.000000 -0.508405 
0.065007 0.000000 -0.508405 
0.070007 0.000000 -0.508405 
0.075008 0.000000 -2.407690 
0.080008 0.000000 -0.508405 
0.085009 0.000000 -0.508405 
0.090008 0.000000 5.189449 
0.095008 0.000000 -4.306975 
0.100009 0.000000 -4.306975 
0.105009 0.000000 -4.306975 
0.110009 0.000000 5.189449 
0.115009 0.000000 -0.508405 
0.120009 0.000000 5.189449 
0.125009 0.000000 -0.508405 
0.130009 0.000000 -0.508405 
0.135010 0.000000 -4.306975 
0.140010 0.000000 5.189449 
0.145010 0.000000 -0.508405 
0.150010 0.000000 -4.306975 
0.155010 0.000000 1.390879 
0.160009 0.000000 5.189449 
0.165010 0.000000 5.189449 
0.170009 0.000000 -0.508405 
0.175010 0.000000 -4.306975 
0.180010 0.000000 3.290164 
0.185009 0.000000 -0.508405 
0.190009 0.000000 1.390879 
0.195008 0.000000 3.290164 
0.200008 0.000000 -4.306975 
0.205008 0.000000 -4.306975 
0.210009 0.000000 -0.508405 
0.215009 0.000000 5.189449 
0.220010 0.000000 -0.508405 
0.225019 0.000000 7.088733 
0.230019 0.000000 -0.508405 
0.235018 0.000000 -0.508405 
0.240019 0.000000 -0.508405 
0.245019 0.000000 -0.508405 
0.250020 0.000000 -0.508405 
0.255019 0.000000 5.189449 
0.260019 0.000000 -4.306975 
0.265019 0.000000 1.390879 
0.270019 0.000000 -0.508405 
0.275019 0.000000 -0.508405 
0.280019 0.000000 -0.508405 
0.285019 0.000000 -0.508405 
0.290019 0.000000 5.189449 
0.295019 0.000000 -0.508405 
0.300018 0.000000 -2.407690 
0.305019 0.000000 5.189449 
0.310018 0.000000 7.088733 
0.315019 0.000000 -0.508405 
0.320018 0.000000 -6.206259 
0.325018 0.000000 5.189449 
0.330019 0.000000 5.189449 
0.335019 0.000000 -0.508405 
0.340020 0.000000 -4.306975 
0.345019 0.000000 5.189449 
0.350020 0.000000 5.189449 
0.355020 0.000000 -2.407690 
0.360020 0.000000 3.290164 
0.365020 0.000000 -0.508405 
0.370020 0.000000 -0.508405 
0.375021 0.000000 -2.407690 
0.380021 0.000000 -0.508405 
0.385021 0.000000 -0.508405 
0.390021 0.000000 -4.306975 
0.395021 0.000000 -4.306975 
0.400021 0.000000 1.390879 
0.405021 0.000000 5.189449 
0.410021 0.000000 -4.306975 
0.415022 0.000000 1.390879 
0.420021 0.000000 -0.508405 
0.425021 0.000000 -0.508405 
0.430021 0.000000 -4.306975 
0.435021 0.000000 -0.508405 
0.440022 0.000000 -0.508405 
0.445021 0.000000 -2.407690 
0.450021 0.000000 -0.508405 
0.455021 0.000000 -4.306975 
0.460021 0.000000 3.290164 
0.465021 0.000000 5.189449 
0.470021 0.000000 -0.508405 
0.475021 0.000000 -4.306975 
0.480021 0.000000 -4.306975 
0.485021 0.000000 -2.407690 
0.490021 0.000000 -0.508405 
0.495022 0.000000 5.189449 
0.500021 0.000000 5.189449 
0.505022 0.000000 -0.508405 
0.510022 0.000000 -0.508405 
0.515022 0.000000 -4.306975 
0.520022 0.000000 -4.306975 
0.525022 0.000000 5.189449 
0.530022 0.000000 1.390879 
0.535022 0.000000 -0.508405 
0.540023 0.000000 -4.306975 
0.545022 0.000000 -0.508405 
0.550023 0.000000 1.390879 
0.555023 0.000000 -0.508405 
0.560023 0.000000 -4.306975 
0.565022 0.000000 -4.306975 
0.570022 0.000000 -0.508405 
0.575022 0.000000 -2.407690 
0.580022 0.000000 -0.508405 
0.585022 0.000000 1.390879 
0.590022 0.000000 5.189449 
0.595022 0.000000 -0.508405 
0.600022 0.000000 -4.306975 
0.605022 0.000000 -0.508405 
0.610021 0.000000 1.390879 
0.615021 0.000000 5.189449 
0.620021 0.000000 -4.306975 
0.625021 0.000000 -4.306975 
0.630021 0.000000 1.390879 
0.635021 0.000000 1.390879 
0.640021 0.000000 -2.407690 
0.645021 0.000000 -0.508405 
0.650021 0.000000 -0.508405 
0.655021 0.000000 -0.508405 
0.660021 0.000000 5.189449 
0.665022 0.000000 -0.508405 
0.670022 0.000000 -0.508405 
0.675022 0.000000 3.290164 
0.680022 0.000000 1.390879 
0.685022 0.000000 3.290164 
0.690022 0.000000 5.189449 
0.695022 0.000000 1.390879 
0.700022 0.000000 1.390879 
0.705022 0.000000 -2.407690 
0.710022 0.000000 -0.508405 
0.715022 0.000000 5.189449 
0.720022 0.000000 -4.306975 
0.725022 0.000000 -4.306975 
0.730022 0.000000 -0.508405 
0.735022 0.000000 5.189449 
0.740022 0.000000 5.189449 
0.745022 0.000000 5.189449 
0.750022 0.000000 -0.508405 
0.755022 0.000000 -4.306975 
0.760021 0.000000 -4.306975 
0.765022 0.000000 5.189449 
0.770022 0.000000 5.189449 
0.775022 0.000000 3.290164 
0.780023 0.000000 -2.407690 
0.785023 0.000000 5.189449 
0.790023 0.000000 -0.508405 
0.795023 0.000000 -6.206259 
0.800023 0.000000 -0.508405 
0.805023 0.000000 -2.407690 
0.810023 0.000000 5.189449 
0.815028 0.000000 3.290164 
0.820028 0.000000 -4.306975 
0.825028 0.000000 3.290164 
0.830029 0.000000 -0.508405 
0.835029 0.000000 -0.508405 
0.840029 0.000000 -0.508405 
0.845028 0.000000 -4.306975 
0.850028 0.000000 3.290164 
0.855028 0.000000 5.189449 
0.860028 0.000000 3.290164 
0.865028 0.000000 5.189449 
0.870028 0.000000 -4.306975 
0.875029 0.000000 1.390879 
0.880029 0.000000 5.189449 
0.885029 0.000000 -4.306975 
0.890029 0.000000 5.189449 
0.895029 0.000000 3.290164 
0.900029 0.000000 -0.508405 
0.905029 0.000000 5.189449 
0.910029 0.000000 -4.306975 
0.915029 0.000000 -0.508405 
0.920029 0.000000 -4.306975 
0.925029 0.000000 -0.508405 
0.930029 0.000000 -0.508405 
0.935029 0.000000 -0.508405 
0.940029 0.000000 -4.306975 
0.945029 0.000000 -0.508405 
0.950030 0.000000 5.189449 
0.955030 0.000000 -4.306975 
0.960030 0.000000 -0.508405 
0.965029 0.000000 5.189449 
0.970029 0.000000 -4.306975 
0.975029 0.000000 5.189449 
0.980028 0.000000 5.189449 
0.985029 0.000000 5.189449 
0.990029 0.000000 -4.306975 
0.995029 0.000000 3.290164 
1.000029 0.000000 -0.508405 
1.005030 0.000000 -0.508405 
1.010029 0.000000 -0.508405 
1.015029 0.000000 -2.407690 
1.020029 0.000000 -0.508405 
1.025029 0.000000 -0.508405 
1.030030 0.000000 -4.306975 
1.035029 0.000000 -4.306975 
1.040029 0.000000 3.290164 
1.045029 0.000000 -4.306975 
1.050029 0.000000 -0.508405 
1.055029 0.000000 1.390879 
1.060029 0.000000 -2.407690 
1.065030 0.000000 -4.306975 
1.070030 0.000000 -4.306975 
1.075030 0.000000 7.088733 
1.080030 0.000000 5.189449 
1.085030 0.000000 -0.508405 
1.090030 0.000000 -0.508405 
1.095030 0.000000 -2.407690 
1.100030 0.000000 5.189449 
1.105029 0.000000 -0.508405 
1.110030 0.000000 -4.306975 
1.115030 0.000000 -2.407690 
1.120030 0.000000 -0.508405 
1.125029 0.000000 1.390879 
1.130029 0.000000 5.189449 
1.135029 0.000000 5.189449 
1.140030 0.000000 -0.508405 
1.145030 0.000000 -4.306975 
1.150030 0.000000 1.390879 
1.155030 0.000000 3.290164 
1.160030 0.000000 -4.306975 
1.165031 0.000000 1.390879 
1.170030 0.000000 -0.508405 
1.175031 0.000000 1.390879 
1.180031 0.000000 -4.306975 
1.185031 0.000000 1.390879 
1.190031 0.000000 -2.407690 
1.195031 0.000000 -2.407690 
1.200031 0.000000 -0.508405 
1.205031 0.000000 3.290164 
1.210032 0.000000 -0.508405 
1.215032 0.000000 -0.508405 
1.220032 0.000000 1.390879 
1.225032 0.000000 -2.407690 
1.230032 0.000000 -0.508405 
1.235032 0.000000 1.390879 
1.240032 0.000000 -0.508405 
1.245032 0.000000 1.390879 
1.250032 0.000000 -0.508405 
1.255032 0.000000 -0.508405 
1.260032 0.000000 5.189449 
1.265032 0.000000 -2.407690 
1.270032 0.000000 -0.508405 
1.275032 0.000000 -4.306975 
1.280032 0.000000 1.390879 
1.285033 0.000000 -0.508405 
1.290032 0.000000 5.189449 
1.295033 0.000000 -4.306975 
1.300033 0.000000 5.189449 
1.305032 0.000000 5.189449 
1.310032 0.000000 -2.407690 
1.315032 0.000000 -0.508405 
1.320032 0.000000 -4.306975 
1.325032 0.000000 -0.508405 
1.330032 0.000000 -0.508405 
1.335032 0.000000 -0.508405 
1.340031 0.000000 -0.508405 
1.345031 0.000000 -0.508405 
1.350031 0.000000 -6.206259 
1.355032 0.000000 1.390879 
1.360031 0.000000 5.189449 
1.365031 0.000000 -0.508405 
1.370032 0.000000 -0.508405 
1.375032 0.000000 5.189449 
1.380032 0.000000 -0.508405 
1.385033 0.000000 -4.306975 
1.390039 0.000000 -0.508405 
1.395040 0.000000 3.290164 
1.400039 0.000000 3.290164 
1.405040 0.000000 -4.306975 
1.410039 0.000000 1.390879 
1.415040 0.000000 -0.508405 
1.420039 0.000000 -0.508405 
1.425039 0.000000 -4.306975 
1.430039 0.000000 1.390879 
1.435039 0.000000 1.390879 
1.440040 0.000000 -4.306975 
1.445040 0.000000 -4.306975 
1.450040 0.000000 1.390879 
1.455040 0.000000 -0.508405 
1.460040 0.000000 -4.306975 
1.465040 0.000000 5.189449 
1.470041 0.000000 5.189449 
1.475041 0.000000 5.189449 
1.480041 0.000000 -4.306975 
1.485041 0.000000 -4.306975 
1.490040 0.000000 -0.508405 
1.495041 0.000000 -0.508405 
1.500041 0.000000 -4.306975 
1.505041 0.000000 5.189449 
1.510041 0.000000 5.189449 
1.515041 0.000000 -0.508405 
1.520041 0.000000 3.290164 
1.525041 0.000000 -4.306975 
1.530042 0.000000 -0.508405 
1.535042 0.000000 3.290164 
1.540043 0.000000 -0.508405 
1.545042 0.000000 -0.508405 
1.550042 0.000000 -0.508405 
1.555042 0.000000 1.390879 
1.560042 0.000000 -6.206259 
1.565042 0.000000 -4.306975 
1.570042 0.000000 1.390879 
1.575043 0.000000 3.290164 
1.580043 0.000000 -0.508405 
1.585044 0.000000 -4.306975 
1.590044 0.000000 1.390879 
1.595045 0.000000 3.290164 
1.600045 0.000000 -0.508405 
1.605046 0.000000 -4.306975 
1.610046 0.000000 -0.508405 
1.615046 0.000000 -0.508405 
1.620046 0.000000 -0.508405 
1.625047 0.000000 -2.407690 
1.630047 0.000000 -0.508405 
1.635047 0.000000 5.189449 
1.640047 0.000000 -2.407690 
1.645046 0.000000 1.390879 
1.650046 0.000000 -4.306975 
1.655046 0.000000 -4.306975 
1.660047 0.000000 -2.407690 
1.665046 0.000000 -4.306975 
1.670046 0.000000 -4.306975 
1.675046 0.000000 -0.508405 
1.680046 0.000000 -0.508405 
1.685046 0.000000 3.290164 
1.690046 0.000000 1.390879 
1.695046 0.000000 -4.306975 
1.700046 0.000000 -4.306975 
1.705046 0.000000 -2.407690 
1.710046 0.000000 1.390879 
1.715047 0.000000 3.290164 
1.720047 0.000000 -4.306975 
1.725048 0.000000 -4.306975 
1.730048 0.000000 -0.508405 
1.735048 0.000000 -0.508405 
1.740048 0.000000 5.189449 
1.745048 0.000000 -0.508405 
1.750049 0.000000 1.390879 
1.755048 0.000000 1.390879 
1.760048 0.000000 3.290164 
1.765049 0.000000 1.390879 
1.770049 0.000000 -0.508405 
1.775049 0.000000 -0.508405 
1.780050 0.000000 -0.508405 
1.785050 0.000000 -4.306975 
1.790051 0.000000 5.189449 
1.795052 0.000000 5.189449 
1.800052 0.000000 -0.508405 
1.805052 0.000000 -4.306975 
1.810051 0.000000 3.290164 
1.815051 0.000000 -0.508405 
1.820050 0.000000 -4.306975 
1.825059 0.000000 3.290164 
1.830060 0.000000 -0.508405 
1.835060 0.000000 -0.508405 
1.840060 0.000000 1.390879 
1.845060 0.000000 -0.508405 
1.850060 0.000000 3.290164 
1.855061 0.000000 -0.508405 
1.860061 0.000000 -6.206259 
1.865062 0.000000 5.189449 
1.870061 0.000000 -0.508405 
1.875062 0.000000 -0.508405 
1.880062 0.000000 -4.306975 
1.885062 0.000000 1.390879 
1.890063 0.000000 -4.306975 
1.895063 0.000000 -0.508405 
1.900063 0.000000 -0.508405 
1.905063 0.000000 1.390879 
1.910063 0.000000 -2.407690 
1.915064 0.000000 1.390879 
1.920064 0.000000 3.290164 
1.925064 0.000000 -4.306975 
1.930065 0.000000 -4.306975 
1.935065 0.000000 5.189449 
1.940065 0.000000 3.290164 
1.945066 0.000000 1.390879 
1.950066 0.000000 1.390879 
1.955066 0.000000 5.189449 
1.960067 0.000000 -2.407690 
1.965067 0.000000 5.189449 
1.970067 0.000000 -0.508405 
1.975067 0.000000 -0.508405 
1.980067 0.000000 -4.306975 
1.985067 0.000000 -4.306975 
1.990067 0.000000 1.390879 
1.995067 0.000000 1.390879 
2.000067 1.000000 -0.508405 
2.005067 1.000000 3.290164 
2.010067 1.000000 1.390879 
2.015068 1.000000 -0.508405 
2.020069 1.000000 3.290164 
2.025068 1.000000 -2.407690 
2.030068 1.000000 14.685872 
2.035068 1.000000 105.851536 
2.040068 1.000000 81.160835 
2.045068 1.000000 117.247243 
2.050068 1.000000 92.556543 
2.055068 1.000000 102.052966 
2.060068 1.000000 94.455828 
2.065068 1.000000 107.750820 
2.070067 1.000000 117.247243 
2.075068 1.000000 113.448674 
2.080068 1.000000 109.650105 
2.085068 1.000000 105.851536 
2.090068 1.000000 113.448674 
2.095068 1.000000 130.542236 
2.100068 1.000000 121.045813 
2.105068 1.000000 121.045813 
2.110068 1.000000 105.851536 
2.115068 1.000000 117.247243 
2.120069 1.000000 111.549390 
2.125069 1.000000 128.642951 
2.130069 1.000000 105.851536 
2.135069 1.000000 109.650105 
2.140070 1.000000 121.045813 
2.145070 1.000000 117.247243 
2.150070 1.000000 128.642951 
2.155070 1.000000 126.743667 
2.160071 1.000000 132.441521 
2.165071 1.000000 128.642951 
2.170072 1.000000 134.340805 
2.175072 1.000000 124.844382 
2.180071 1.000000 128.642951 
2.185072 1.000000 122.945097 
2.190072 1.000000 130.542236 
2.195072 1.000000 122.945097 
2.200072 1.000000 141.937944 
2.205072 1.000000 128.642951 
2.210072 1.000000 132.441521 
2.215073 1.000000 130.542236 
2.220072 1.000000 136.240090 
2.225072 1.000000 128.642951 
2.230072 1.000000 132.441521 
2.235072 1.000000 138.139375 
2.240072 1.000000 138.139375 
2.245072 1.000000 141.937944 
2.250073 1.000000 138.139375 
2.255073 1.000000 140.038659 
2.260072 1.000000 136.240090 
2.265072 1.000000 136.240090 
2.270072 1.000000 140.038659 
2.275073 1.000000 128.642951 
2.280073 1.000000 140.038659 
2.285074 1.000000 124.844382 
2.290074 1.000000 136.240090 
2.295074 1.000000 128.642951 
2.300074 1.000000 138.139375 
2.305075 1.000000 140.038659 
2.310074 1.000000 145.736513 
2.315075 1.000000 140.038659 
2.320074 1.000000 136.240090 
2.325075 1.000000 147.635798 
2.330075 1.000000 140.038659 
2.335075 1.000000 147.635798 
2.340075 1.000000 136.240090 
2.345075 1.000000 149.535083 
2.350076 1.000000 136.240090 
2.355076 1.000000 141.937944 
2.360076 1.000000 141.937944 
2.365076 1.000000 141.937944 
2.370077 1.000000 147.635798 
2.375076 1.000000 143.837229 
2.380077 1.000000 136.240090 
2.385077 1.000000 145.736513 
2.390077 1.000000 147.635798 
2.395077 1.000000 145.736513 
2.400077 1.000000 143.837229 
2.405077 1.000000 151.434367 
2.410077 1.000000 140.038659 
2.415077 1.000000 151.434367 
2.420078 1.000000 151.434367 
2.425078 1.000000 145.736513 
2.430078 1.000000 119.146528 
2.435077 1.000000 147.635798 
2.440078 1.000000 153.333652 
2.445078 1.000000 141.937944 
2.450078 1.000000 159.031506 
2.455079 1.000000 151.434367 
2.460079 1.000000 159.031506 
2.465079 1.000000 153.333652 
2.470080 1.000000 166.628645 
2.475080 1.000000 162.830075 
2.480080 1.000000 153.333652 
2.485081 1.000000 149.535083 
2.490082 1.000000 159.031506 
2.495082 1.000000 149.535083 
2.500082 1.000000 151.434367 
2.505083 1.000000 102.052966 
2.510082 1.000000 155.232937 
2.515082 1.000000 153.333652 
2.520082 1.000000 159.031506 
2.525083 1.000000 141.937944 
2.530083 1.000000 151.434367 
2.535083 1.000000 151.434367 
2.540083 1.000000 153.333652 
2.545083 1.000000 151.434367 
2.550083 1.000000 157.132221 
2.555083 1.000000 149.535083 
2.560084 1.000000 151.434367 
2.565083 1.000000 147.635798 
2.570084 1.000000 153.333652 
2.575083 1.000000 149.535083 
2.580083 1.000000 153.333652 
2.585083 1.000000 151.434367 
2.590084 1.000000 151.434367 
2.595083 1.000000 149.535083 
2.600083 1.000000 141.937944 
2.605083 1.000000 151.434367 
2.610083 1.000000 149.535083 
2.615083 1.000000 147.635798 
2.620082 1.000000 141.937944 
2.625083 1.000000 140.038659 
2.630083 1.000000 143.837229 
2.635083 1.000000 141.937944 
2.640083 1.000000 145.736513 
2.645083 1.000000 141.937944 
2.650083 1.000000 140.038659 
2.655083 1.000000 138.139375 
2.660083 1.000000 141.937944 
2.665083 1.000000 143.837229 
2.670083 1.000000 147.635798 
2.675083 1.000000 143.837229 
2.680083 1.000000 149.535083 
2.685082 1.000000 136.240090 
2.690082 1.000000 149.535083 
2.695082 1.000000 138.139375 
2.700099 1.000000 141.937944 
2.705100 1.000000 141.937944 
2.710100 1.000000 141.937944 
2.715100 1.000000 147.635798 
2.720100 1.000000 136.240090 
2.725101 1.000000 132.441521 
2.730101 1.000000 143.837229 
2.735101 1.000000 141.937944 
2.740101 1.000000 136.240090 
2.745100 1.000000 147.635798 
2.750101 1.000000 138.139375 
2.755101 1.000000 140.038659 
2.760101 1.000000 147.635798 
2.765101 1.000000 140.038659 
2.770101 1.000000 138.139375 
2.775101 1.000000 147.635798 
2.780101 1.000000 147.635798 
2.785101 1.000000 145.736513 
2.790101 1.000000 134.340805 
2.795102 1.000000 145.736513 
2.800101 1.000000 147.635798 
2.805102 1.000000 143.837229 
2.810101 1.000000 149.535083 
2.815101 1.000000 136.240090 
2.820101 1.000000 145.736513 
2.825100 1.000000 151.434367 
2.830101 1.000000 151.434367 
2.835101 1.000000 149.535083 
2.840102 1.000000 147.635798 
2.845102 1.000000 160.930791 
2.850103 1.000000 143.837229 
2.855103 1.000000 151.434367 
2.860103 1.000000 153.333652 
2.865103 1.000000 147.635798 
2.870103 1.000000 159.031506 
2.875104 1.000000 143.837229 
2.880103 1.000000 159.031506 
2.885104 1.000000 153.333652 
2.890104 1.000000 160.930791 
2.895104 1.000000 157.132221 
2.900105 1.000000 151.434367 
2.905105 1.000000 159.031506 
2.910104 1.000000 149.535083 
2.915104 1.000000 159.031506 
2.920104 1.000000 159.031506 
2.925103 1.000000 157.132221 
2.930103 1.000000 155.232937 
2.935103 1.000000 155.232937 
2.940103 1.000000 160.930791 
2.945103 1.000000 153.333652 
2.950104 1.000000 159.031506 
2.955103 1.000000 157.132221 
2.960103 1.000000 166.628645 
2.965103 1.000000 164.729360 
2.970103 1.000000 162.830075 
2.975111 1.000000 178.024353 
2.980111 1.000000 164.729360 
2.985110 1.000000 162.830075 
2.990111 1.000000 159.031506 
2.995111 1.000000 160.930791 
3.000111 1.000000 172.326499 
3.005111 1.000000 155.232937 
3.010111 1.000000 172.326499 
3.015112 1.000000 168.527929 
3.020111 1.000000 166.628645 
3.025112 1.000000 159.031506 
3.030112 1.000000 170.427214 
3.035112 1.000000 164.729360 
3.040112 1.000000 179.923637 
3.045112 1.000000 170.427214 
3.050112 1.000000 170.427214 
3.055112 1.000000 172.326499 
3.060112 1.000000 164.729360 
3.065112 1.000000 168.527929 
3.070113 1.000000 170.427214 
3.075113 1.000000 162.830075 
3.080113 1.000000 162.830075 
3.085113 1.000000 172.326499 
3.090113 1.000000 164.729360 
3.095113 1.000000 168.527929 
3.100113 1.000000 160.930791 
3.105113 1.000000 162.830075 
3.110112 1.000000 168.527929 
3.115113 1.000000 166.628645 
3.120112 1.000000 179.923637 
3.125112 1.000000 164.729360 
3.130112 1.000000 162.830075 
3.135112 1.000000 164.729360 
3.140112 1.000000 168.527929 
3.145113 1.000000 160.930791 
3.150112 1.000000 164.729360 
3.155112 1.000000 166.628645 
3.160112 1.000000 164.729360 
3.165112 1.000000 162.830075 
3.170112 1.000000 160.930791 
3.175112 1.000000 157.132221 
3.180112 1.000000 157.132221 
3.185111 1.000000 162.830075 
3.190111 1.000000 155.232937 
3.195111 1.000000 166.628645 
3.200111 1.000000 159.031506 
3.205111 1.000000 155.232937 
3.210111 1.000000 164.729360 
3.215111 1.000000 162.830075 
3.220111 1.000000 162.830075 
3.225111 1.000000 159.031506 
3.230110 1.000000 160.930791 
3.235110 1.000000 155.232937 
3.240111 1.000000 155.232937 
3.245110 1.000000 160.930791 
3.250111 1.000000 162.830075 
3.255111 1.000000 160.930791 
3.260112 1.000000 162.830075 
3.265112 1.000000 157.132221 
3.270112 1.000000 166.628645 
3.275113 1.000000 157.132221 
3.280113 1.000000 162.830075 
3.285113 1.000000 160.930791 
3.290113 1.000000 160.930791 
3.295113 1.000000 159.031506 
3.300114 1.000000 151.434367 
3.305115 1.000000 155.232937 
3.310114 1.000000 153.333652 
3.315114 1.000000 155.232937 
3.320113 1.000000 149.535083 
3.325114 1.000000 162.830075 
3.332310 1.000000 164.729360 
3.337310 1.000000 162.830075 
3.342310 1.000000 153.333652 
3.347311 1.000000 166.628645 
3.352311 1.000000 145.736513 
3.357311 1.000000 159.031506 
3.362311 1.000000 159.031506 
3.367311 1.000000 157.132221 
3.372311 1.000000 160.930791 
3.377311 1.000000 147.635798 
3.382311 1.000000 166.628645 
3.387311 1.000000 138.139375 
3.392311 1.000000 159.031506 
3.397310 1.000000 151.434367 
3.402310 1.000000 151.434367 
3.407311 1.000000 153.333652 
3.412310 1.000000 151.434367 
3.417311 1.000000 157.132221 
3.422311 1.000000 157.132221 
3.427312 1.000000 160.930791 
3.432312 1.000000 145.736513 
3.437312 1.000000 151.434367 
3.442312 1.000000 159.031506 
3.447312 1.000000 162.830075 
3.452312 1.000000 140.038659 
3.457312 1.000000 159.031506 
3.462312 1.000000 160.930791 
3.467312 1.000000 153.333652 
3.472312 1.000000 160.930791 
3.477312 1.000000 159.031506 
3.482312 1.000000 160.930791 
3.487312 1.000000 166.628645 
3.492311 1.000000 159.031506 
3.497311 1.000000 164.729360 
3.502311 1.000000 160.930791 
3.507312 1.000000 151.434367 
3.512312 1.000000 160.930791 
3.517313 1.000000 151.434367 
3.522313 1.000000 160.930791 
3.527313 1.000000 153.333652 
3.532314 1.000000 162.830075 
3.537314 1.000000 138.139375 
3.542314 1.000000 159.031506 
3.547314 1.000000 159.031506 
3.552314 1.000000 162.830075 
3.557314 1.000000 168.527929 
3.562314 1.000000 162.830075 
3.567314 1.000000 159.031506 
3.572315 1.000000 162.830075 
3.577314 1.000000 159.031506 
3.582315 1.000000 157.132221 
3.587315 1.000000 159.031506 
3.592315 1.000000 159.031506 
3.597314 1.000000 166.628645 
3.602314 1.000000 164.729360 
3.607313 1.000000 153.333652 
3.612313 1.000000 157.132221 
3.617313 1.000000 159.031506 
3.622313 1.000000 162.830075 
3.627314 1.000000 172.326499 
3.632313 1.000000 155.232937 
3.637314 1.000000 162.830075 
3.642314 1.000000 151.434367 
3.647314 1.000000 162.830075 
3.652314 1.000000 151.434367 
3.657314 1.000000 151.434367 
3.662319 1.000000 153.333652 
3.667319 1.000000 160.930791 
3.672319 1.000000 164.729360 
3.677319 1.000000 166.628645 
3.682319 1.000000 153.333652 
3.687319 1.000000 160.930791 
3.692320 1.000000 151.434367 
3.697319 1.000000 149.535083 
3.702320 1.000000 159.031506 
3.707307 1.000000 159.031506 
3.712307 1.000000 159.031506 
3.717307 1.000000 157.132221 
3.722308 1.000000 157.132221 
3.727308 1.000000 153.333652 
3.732308 1.000000 151.434367 
3.737308 1.000000 157.132221 
3.742308 1.000000 162.830075 
3.747308 1.000000 164.729360 
3.752308 1.000000 153.333652 
3.757308 1.000000 147.635798 
3.762308 1.000000 159.031506 
3.767309 1.000000 153.333652 
3.772309 1.000000 157.132221 
3.777309 1.000000 153.333652 
3.782309 1.000000 159.031506 
3.787309 1.000000 155.232937 
3.792309 1.000000 159.031506 
3.797309 1.000000 159.031506 
3.802309 1.000000 164.729360 
3.807308 1.000000 141.937944 
3.812308 1.000000 155.232937 
3.817308 1.000000 151.434367 
3.822309 1.000000 159.031506 
3.827308 1.000000 153.333652 
3.832309 1.000000 159.031506 
3.837309 1.000000 162.830075 
3.842309 1.000000 159.031506 
3.847309 1.000000 159.031506 
3.852309 1.000000 155.232937 
3.857309 1.000000 164.729360 
3.862309 1.000000 149.535083 
3.867309 1.000000 162.830075 
3.872309 1.000000 157.132221 
3.877309 1.000000 157.132221 
3.882308 1.000000 157.132221 
3.887309 1.000000 155.232937 
3.892309 1.000000 145.736513 
3.897308 1.000000 159.031506 
3.902308 1.000000 151.434367 
3.907308 1.000000 151.434367 
3.912309 1.000000 145.736513 
3.917308 1.000000 134.340805 
3.922308 1.000000 153.333652 
3.927309 1.000000 157.132221 
3.932309 1.000000 159.031506 
3.937309 1.000000 140.038659 
3.942310 1.000000 149.535083 
3.947310 1.000000 140.038659 
3.952309 1.000000 141.937944 
3.957310 1.000000 157.132221 
3.962310 1.000000 151.434367 
3.967310 1.000000 151.434367 
3.972310 1.000000 136.240090 
3.977311 1.000000 153.333652 
3.982310 1.000000 141.937944 
3.987311 1.000000 141.937944 
3.992311 1.000000 151.434367 
3.997311 1.000000 151.434367 
4.002311 1.000000 145.736513 
4.007311 1.000000 138.139375 
4.012311 1.000000 138.139375 
4.017386 1.000000 141.937944 
4.022393 1.000000 136.240090 
4.027393 1.000000 145.736513 
4.032393 1.000000 130.542236 
4.037394 1.000000 147.635798 
4.042394 1.000000 136.240090 
4.047394 1.000000 143.837229 
4.052394 1.000000 132.441521 
4.057394 1.000000 138.139375 
4.062395 1.000000 128.642951 
4.067404 1.000000 147.635798 
4.072404 1.000000 147.635798 
4.077404 1.000000 134.340805 
4.082404 1.000000 151.434367 
4.087405 1.000000 138.139375 
4.092405 1.000000 145.736513 
4.097404 1.000000 136.240090 
4.102404 1.000000 153.333652 
4.107404 1.000000 147.635798 
4.112404 1.000000 153.333652 
4.117403 1.000000 140.038659 
4.122404 1.000000 151.434367 
4.127404 1.000000 140.038659 
4.132404 1.000000 147.635798 
4.137404 1.000000 132.441521 
4.142404 1.000000 151.434367 
4.147404 1.000000 141.937944 
4.152404 1.000000 153.333652 
4.157404 1.000000 134.340805 
4.162403 1.000000 132.441521 
4.167404 1.000000 136.240090 
4.172404 1.000000 140.038659 
4.177404 1.000000 134.340805 
4.182404 1.000000 140.038659 
4.187403 1.000000 134.340805 
4.192403 1.000000 145.736513 
4.197403 1.000000 140.038659 
4.202403 1.000000 136.240090 
4.207403 1.000000 136.240090 
4.212404 1.000000 138.139375 
4.217404 1.000000 138.139375 
4.222404 1.000000 134.340805 
4.227403 1.000000 153.333652 
4.232403 1.000000 136.240090 
4.237404 1.000000 147.635798 
4.242404 1.000000 136.240090 
4.247404 1.000000 141.937944 
4.252404 1.000000 130.542236 
4.257405 1.000000 143.837229 
4.262404 1.000000 136.240090 
4.267405 1.000000 143.837229 
4.272405 1.000000 145.736513 
4.277405 1.000000 138.139375 
4.282405 1.000000 138.139375 
4.287405 1.000000 138.139375 
4.292406 1.000000 145.736513 
4.297406 1.000000 141.937944 
4.302406 1.000000 140.038659 
4.307406 1.000000 147.635798 
4.312406 1.000000 140.038659 
4.317405 1.000000 141.937944 
4.322406 1.000000 143.837229 
4.327406 1.000000 143.837229 
4.332406 1.000000 132.441521 
4.337406 1.000000 136.240090 
4.342406 1.000000 141.937944 
4.347407 1.000000 140.038659 
4.352407 1.000000 136.240090 
4.357408 1.000000 153.333652 
4.362408 1.000000 134.340805 
4.367412 1.000000 143.837229 
4.372418 1.000000 149.535083 
4.377418 1.000000 141.937944 
4.382419 1.000000 145.736513 
4.387422 1.000000 141.937944 
4.392423 1.000000 136.240090 
4.397422 1.000000 143.837229 
4.402423 1.000000 141.937944 
4.407423 1.000000 136.240090 
4.412423 1.000000 136.240090 
4.417423 1.000000 138.139375 
4.422423 1.000000 145.736513 
4.427423 1.000000 138.139375 
4.432423 1.000000 143.837229 
4.437423 1.000000 136.240090 
4.442422 1.000000 147.635798 
4.447423 1.000000 141.937944 
4.452422 1.000000 141.937944 
4.457423 1.000000 136.240090 
4.462423 1.000000 151.434367 
4.467423 1.000000 138.139375 
4.472423 1.000000 151.434367 
4.477423 1.000000 136.240090 
4.482423 1.000000 149.535083 
4.487423 1.000000 128.642951 
4.492423 1.000000 141.937944 
4.497422 1.000000 149.535083 
4.502422 1.000000 151.434367 
4.507422 1.000000 141.937944 
4.512422 1.000000 147.635798 
4.517422 1.000000 140.038659 
4.522422 1.000000 130.542236 
4.527422 1.000000 141.937944 
4.532422 1.000000 136.240090 
4.537423 1.000000 147.635798 
4.542422 1.000000 141.937944 
4.547422 1.000000 143.837229 
4.552423 1.000000 136.240090 
4.557423 1.000000 132.441521 
4.562423 1.000000 141.937944 
4.567423 1.000000 140.038659 
4.572423 1.000000 143.837229 
4.577423 1.000000 143.837229 
4.582424 1.000000 141.937944 
4.587423 1.000000 147.635798 
4.592424 1.000000 149.535083 
4.597424 1.000000 140.038659 
4.602424 1.000000 141.937944 
4.607424 1.000000 134.340805 
4.612427 1.000000 138.139375 
4.617427 1.000000 132.441521 
4.622426 1.000000 141.937944 
4.627427 1.000000 136.240090 
4.632427 1.000000 138.139375 
4.637427 1.000000 124.844382 
4.642427 1.000000 143.837229 
4.647428 1.000000 130.542236 
4.652428 1.000000 145.736513 
4.657428 1.000000 145.736513 
4.662428 1.000000 143.837229 
4.667427 1.000000 141.937944 
4.672427 1.000000 136.240090 
4.677427 1.000000 143.837229 
4.682427 1.000000 130.542236 
4.687426 1.000000 141.937944 
4.692427 1.000000 136.240090 
4.697426 1.000000 149.535083 
4.702426 1.000000 136.240090 
4.707426 1.000000 134.340805 
4.712426 1.000000 145.736513 
4.717426 1.000000 130.542236 
4.722442 1.000000 155.232937 
4.727442 1.000000 147.635798 
4.732442 1.000000 143.837229 
4.737442 1.000000 157.132221 
4.742443 1.000000 145.736513 
4.747444 1.000000 151.434367 
4.752444 1.000000 151.434367 
4.757444 1.000000 143.837229 
4.762445 1.000000 157.132221 
4.767445 1.000000 149.535083 
4.772446 1.000000 153.333652 
4.777447 1.000000 140.038659 
4.782447 1.000000 159.031506 
4.787447 1.000000 151.434367 
4.792447 1.000000 151.434367 
4.797447 1.000000 157.132221 
4.802446 1.000000 155.232937 
4.807448 1.000000 145.736513 
4.812449 1.000000 149.535083 
4.817449 1.000000 149.535083 
4.822449 1.000000 157.132221 
4.827449 1.000000 147.635798 
4.832449 1.000000 147.635798 
4.837450 1.000000 143.837229 
4.842450 1.000000 151.434367 
4.847451 1.000000 149.535083 
4.852451 1.000000 153.333652 
4.857452 1.000000 151.434367 
4.862452 1.000000 141.937944 
4.867453 1.000000 147.635798 
4.872452 1.000000 159.031506 
4.877452 1.000000 157.132221 
4.882452 1.000000 164.729360 
4.887452 1.000000 159.031506 
4.892452 1.000000 155.232937 
4.897452 1.000000 147.635798 
4.902452 1.000000 159.031506 
4.907452 1.000000 141.937944 
4.912452 1.000000 151.434367 
4.917452 1.000000 164.729360 
4.922453 1.000000 153.333652 
4.927452 1.000000 151.434367 
4.932453 1.000000 149.535083 
4.937453 1.000000 145.736513 
4.942454 1.000000 162.830075 
4.947455 1.000000 153.333652 
4.952455 1.000000 159.031506 
4.957456 1.000000 162.830075 
4.962456 1.000000 159.031506 
4.967456 1.000000 136.240090 
4.972457 1.000000 153.333652 
4.977457 1.000000 164.729360 
4.982456 1.000000 153.333652 
4.987457 1.000000 151.434367 
4.992457 1.000000 153.333652 
4.997457 1.000000 162.830075 
