-3.000000 138.031135 
-2.997500 117.139004 
-2.995000 120.937573 
-2.992500 113.340435 
-2.990000 84.851165 
-2.987500 -13.911638 
-2.985000 -40.501623 
-2.982500 -112.674440 
-2.980000 -143.062995 
-2.977500 -173.451550 
-2.975000 -201.940820 
-2.972500 -239.926513 
-2.970000 -234.228659 
-2.967500 -245.624367 
-2.965000 -251.322221 
-2.962500 -245.624367 
-2.960000 -251.322221 
-2.957500 -260.818644 
-2.955000 -262.717929 
-2.952500 -264.617214 
-2.950000 -276.012922 
-2.947500 -277.912206 
-2.945000 -289.307914 
-2.942500 -287.408629 
-2.940000 -293.106483 
-2.937500 -291.207199 
-2.935000 -289.307914 
-2.932500 -283.610060 
-2.930000 -289.307914 
-2.927500 -293.106483 
-2.925000 -296.905053 
-2.922500 -308.300761 
-2.920000 -308.300761 
-2.917500 -315.897899 
-2.915000 -312.099330 
-2.912500 -313.998615 
-2.910000 -300.703622 
-2.907500 -306.401476 
-2.905000 -312.099330 
-2.902500 -308.300761 
-2.900000 -313.998615 
-2.897500 -319.696469 
-2.895000 -321.595753 
-2.892500 -315.897899 
-2.890000 -315.897899 
-2.887500 -315.897899 
-2.885000 -315.897899 
-2.882500 -323.495038 
-2.880000 -321.595753 
-2.877500 -329.192892 
-2.875000 -334.890746 
-2.872500 -329.192892 
-2.870000 -331.092177 
-2.867500 -342.487885 
-2.865000 -336.790031 
-2.862500 -329.192892 
-2.860000 -340.588600 
-2.857500 -332.991461 
-2.855000 -332.991461 
-2.852500 -332.991461 
-2.850000 -338.689315 
-2.847500 -336.790031 
-2.845000 -338.689315 
-2.842500 -332.991461 
-2.840000 -334.890746 
-2.837500 -336.790031 
-2.835000 -342.487885 
-2.832500 -336.790031 
-2.830000 -344.387169 
-2.827500 -344.387169 
-2.825000 -334.890746 
-2.822500 -331.092177 
-2.820000 -338.689315 
-2.817500 -331.092177 
-2.815000 -342.487885 
-2.812500 -336.790031 
-2.810000 -334.890746 
-2.807500 -331.092177 
-2.805000 -323.495038 
-2.802500 -334.890746 
-2.800000 -338.689315 
-2.797500 -332.991461 
-2.795000 -325.394323 
-2.792500 -334.890746 
-2.790000 -332.991461 
-2.787500 -325.394323 
-2.785000 -329.192892 
-2.782500 -332.991461 
-2.780000 -331.092177 
-2.777500 -336.790031 
-2.775000 -340.588600 
-2.772500 -332.991461 
-2.770000 -338.689315 
-2.767500 -340.588600 
-2.765000 -329.192892 
-2.762500 -340.588600 
-2.760000 -342.487885 
-2.757500 -338.689315 
-2.755000 -342.487885 
-2.752500 -340.588600 
-2.750000 -340.588600 
-2.747500 -336.790031 
-2.745000 -331.092177 
-2.742500 -334.890746 
-2.740000 -336.790031 
-2.737500 -340.588600 
-2.735000 -342.487885 
-2.732500 -332.991461 
-2.730000 -334.890746 
-2.727500 -340.588600 
-2.725000 -340.588600 
-2.722500 -342.487885 
-2.720000 -336.790031 
-2.717500 -342.487885 
-2.715000 -342.487885 
-2.712500 -340.588600 
-2.710000 -342.487885 
-2.707500 -342.487885 
-2.705000 -327.293607 
-2.702500 -346.286454 
-2.700000 -338.689315 
-2.697500 -336.790031 
-2.695000 -351.984308 
-2.692500 -329.192892 
-2.690000 -332.991461 
-2.687500 -331.092177 
-2.685000 -342.487885 
-2.682500 -340.588600 
-2.680000 -336.790031 
-2.677500 -338.689315 
-2.675000 -336.790031 
-2.672500 -334.890746 
-2.670000 -336.790031 
-2.667500 -329.192892 
-2.665000 -336.790031 
-2.662500 -329.192892 
-2.660000 -327.293607 
-2.657500 -325.394323 
-2.655000 -325.394323 
-2.652500 -327.293607 
-2.650000 -325.394323 
-2.647500 -325.394323 
-2.645000 -327.293607 
-2.642500 -331.092177 
-2.640000 -332.991461 
-2.637500 -331.092177 
-2.635000 -334.890746 
-2.632500 -327.293607 
-2.630000 -334.890746 
-2.627500 -332.991461 
-2.625000 -329.192892 
-2.622500 -332.991461 
-2.620000 -325.394323 
-2.617500 -327.293607 
-2.615000 -340.588600 
-2.612500 -334.890746 
-2.610000 -317.797184 
-2.607500 -332.991461 
-2.605000 -340.588600 
-2.602500 -332.991461 
-2.600000 -325.394323 
-2.597500 -325.394323 
-2.595000 -342.487885 
-2.592500 -332.991461 
-2.590000 -332.991461 
-2.587500 -336.790031 
-2.585000 -336.790031 
-2.582500 -336.790031 
-2.580000 -342.487885 
-2.577500 -323.495038 
-2.575000 -336.790031 
-2.572500 -332.991461 
-2.570000 -329.192892 
-2.567500 -334.890746 
-2.565000 -317.797184 
-2.562500 -325.394323 
-2.560000 -334.890746 
-2.557500 -317.797184 
-2.555000 -325.394323 
-2.552500 -321.595753 
-2.550000 -332.991461 
-2.547500 -325.394323 
-2.545000 -336.790031 
-2.542500 -329.192892 
-2.540000 -323.495038 
-2.537500 -325.394323 
-2.535000 -331.092177 
-2.532500 -325.394323 
-2.530000 -325.394323 
-2.527500 -332.991461 
-2.525000 -331.092177 
-2.522500 -332.991461 
-2.520000 -323.495038 
-2.517500 -329.192892 
-2.515000 -336.790031 
-2.512500 -331.092177 
-2.510000 -331.092177 
-2.507500 -331.092177 
-2.505000 -325.394323 
-2.502500 -329.192892 
-2.500000 -315.897899 
-2.497500 -325.394323 
-2.495000 -329.192892 
-2.492500 -327.293607 
-2.490000 -321.595753 
-2.487500 -325.394323 
-2.485000 -325.394323 
-2.482500 -327.293607 
-2.480000 -329.192892 
-2.477500 -332.991461 
-2.475000 -332.991461 
-2.472500 -332.991461 
-2.470000 -325.394323 
-2.467500 -327.293607 
-2.465000 -325.394323 
-2.462500 -327.293607 
-2.460000 -319.696469 
-2.457500 -327.293607 
-2.455000 -332.991461 
-2.452500 -332.991461 
-2.450000 -348.185739 
-2.447500 -336.790031 
-2.445000 -338.689315 
-2.442500 -332.991461 
-2.440000 -340.588600 
-2.437500 -332.991461 
-2.435000 -331.092177 
-2.432500 -340.588600 
-2.430000 -338.689315 
-2.427500 -332.991461 
-2.425000 -340.588600 
-2.422500 -332.991461 
-2.420000 -340.588600 
-2.417500 -334.890746 
-2.415000 -334.890746 
-2.412500 -336.790031 
-2.410000 -332.991461 
-2.407500 -332.991461 
-2.405000 -332.991461 
-2.402500 -334.890746 
-2.400000 -332.991461 
-2.397500 -332.991461 
-2.395000 -340.588600 
-2.392500 -336.790031 
-2.390000 -329.192892 
-2.387500 -331.092177 
-2.385000 -332.991461 
-2.382500 -334.890746 
-2.380000 -332.991461 
-2.377500 -331.092177 
-2.375000 -332.991461 
-2.372500 -317.797184 
-2.370000 -325.394323 
-2.367500 -334.890746 
-2.365000 -332.991461 
-2.362500 -325.394323 
-2.360000 -340.588600 
-2.357500 -340.588600 
-2.355000 -334.890746 
-2.352500 -331.092177 
-2.350000 -334.890746 
-2.347500 -332.991461 
-2.345000 -329.192892 
-2.342500 -331.092177 
-2.340000 -332.991461 
-2.337500 -332.991461 
-2.335000 -329.192892 
-2.332500 -336.790031 
-2.330000 -331.092177 
-2.327500 -332.991461 
-2.325000 -334.890746 
-2.322500 -338.689315 
-2.320000 -327.293607 
-2.317500 -332.991461 
-2.315000 -332.991461 
-2.312500 -342.487885 
-2.310000 -332.991461 
-2.307500 -340.588600 
-2.305000 -332.991461 
-2.302500 -346.286454 
-2.300000 -338.689315 
-2.297500 -342.487885 
-2.295000 -334.890746 
-2.292500 -329.192892 
-2.290000 -331.092177 
-2.287500 -327.293607 
-2.285000 -331.092177 
-2.282500 -323.495038 
-2.280000 -325.394323 
-2.277500 -315.897899 
-2.275000 -321.595753 
-2.272500 -325.394323 
-2.270000 -321.595753 
-2.267500 -332.991461 
-2.265000 -321.595753 
-2.262500 -325.394323 
-2.260000 -317.797184 
-2.257500 -310.200045 
-2.255000 -321.595753 
-2.252500 -319.696469 
-2.250000 -321.595753 
-2.247500 -317.797184 
-2.245000 -308.300761 
-2.242500 -313.998615 
-2.240000 -329.192892 
-2.237500 -315.897899 
-2.235000 -300.703622 
-2.232500 -302.602907 
-2.230000 -317.797184 
-2.227500 -310.200045 
-2.225000 -312.099330 
-2.222500 -310.200045 
-2.220000 -310.200045 
-2.217500 -319.696469 
-2.215000 -310.200045 
-2.212500 -315.897899 
-2.210000 -304.502191 
-2.207500 -306.401476 
-2.205000 -310.200045 
-2.202500 -340.588600 
-2.200000 -310.200045 
-2.197500 -308.300761 
-2.195000 -312.099330 
-2.192500 -302.602907 
-2.190000 -308.300761 
-2.187500 -302.602907 
-2.185000 -295.005768 
-2.182500 -312.099330 
-2.180000 -302.602907 
-2.177500 -304.502191 
-2.175000 -312.099330 
-2.172500 -313.998615 
-2.170000 -304.502191 
-2.167500 -304.502191 
-2.165000 -313.998615 
-2.162500 -317.797184 
-2.160000 -317.797184 
-2.157500 -317.797184 
-2.155000 -312.099330 
-2.152500 -310.200045 
-2.150000 -304.502191 
-2.147500 -310.200045 
-2.145000 -304.502191 
-2.142500 -317.797184 
-2.140000 -312.099330 
-2.137500 -302.602907 
-2.135000 -312.099330 
-2.132500 -302.602907 
-2.130000 -310.200045 
-2.127500 -300.703622 
-2.125000 -304.502191 
-2.122500 -302.602907 
-2.120000 -289.307914 
-2.117500 -295.005768 
-2.115000 -304.502191 
-2.112500 -289.307914 
-2.110000 -291.207199 
-2.107500 -295.005768 
-2.105000 -293.106483 
-2.102500 -291.207199 
-2.100000 -287.408629 
-2.097500 -287.408629 
-2.095000 -291.207199 
-2.092500 -293.106483 
-2.090000 -289.307914 
-2.087500 -295.005768 
-2.085000 -279.811491 
-2.082500 -291.207199 
-2.080000 -289.307914 
-2.077500 -293.106483 
-2.075000 -285.509345 
-2.072500 -283.610060 
-2.070000 -281.710775 
-2.067500 -266.516498 
-2.065000 -281.710775 
-2.062500 -287.408629 
-2.060000 -285.509345 
-2.057500 -279.811491 
-2.055000 -272.214352 
-2.052500 -274.113637 
-2.050000 -274.113637 
-2.047500 -279.811491 
-2.045000 -264.617214 
-2.042500 -262.717929 
-2.040000 -277.912206 
-2.037500 -266.516498 
-2.035000 -283.610060 
-2.032500 -272.214352 
-2.030000 -274.113637 
-2.027500 -281.710775 
-2.025000 -272.214352 
-2.022500 -272.214352 
-2.020000 -308.300761 
-2.017500 -276.012922 
-2.015000 -277.912206 
-2.012500 -274.113637 
-2.010000 -274.113637 
-2.007500 -276.012922 
-2.005000 -281.710775 
-2.002500 -279.811491 
-2.000000 -274.113637 
-1.997500 -279.811491 
-1.995000 -272.214352 
-1.992500 -277.912206 
-1.990000 -279.811491 
-1.987500 -268.415783 
-1.985000 -276.012922 
-1.982500 -277.912206 
-1.980000 -285.509345 
-1.977500 -281.710775 
-1.975000 -283.610060 
-1.972500 -279.811491 
-1.970000 -287.408629 
-1.967500 -281.710775 
-1.965000 -274.113637 
-1.962500 -274.113637 
-1.960000 -272.214352 
-1.957500 -266.516498 
-1.955000 -274.113637 
-1.952500 -274.113637 
-1.950000 -268.415783 
-1.947500 -272.214352 
-1.945000 -272.214352 
-1.942500 -274.113637 
-1.940000 -264.617214 
-1.937500 -264.617214 
-1.935000 -257.020075 
-1.932500 -266.516498 
-1.930000 -266.516498 
-1.927500 -264.617214 
-1.925000 -253.221506 
-1.922500 -262.717929 
-1.920000 -260.818644 
-1.917500 -266.516498 
-1.915000 -260.818644 
-1.912500 -264.617214 
-1.910000 -251.322221 
-1.907500 -258.919360 
-1.905000 -258.919360 
-1.902500 -258.919360 
-1.900000 -258.919360 
-1.897500 -251.322221 
-1.895000 -253.221506 
-1.892500 -251.322221 
-1.890000 -255.120790 
-1.887500 -258.919360 
-1.885000 -257.020075 
-1.882500 -251.322221 
-1.880000 -245.624367 
-1.877500 -251.322221 
-1.875000 -255.120790 
-1.872500 -258.919360 
-1.870000 -260.818644 
-1.867500 -262.717929 
-1.865000 -258.919360 
-1.862500 -255.120790 
-1.860000 -257.020075 
-1.857500 -258.919360 
-1.855000 -264.617214 
-1.852500 -266.516498 
-1.850000 -258.919360 
-1.847500 -283.610060 
-1.845000 -276.012922 
-1.842500 -264.617214 
-1.840000 -270.315068 
-1.837500 -264.617214 
-1.835000 -262.717929 
-1.832500 -258.919360 
-1.830000 -260.818644 
-1.827500 -260.818644 
-1.825000 -257.020075 
-1.822500 -260.818644 
-1.820000 -264.617214 
-1.817500 -268.415783 
-1.815000 -264.617214 
-1.812500 -272.214352 
-1.810000 -268.415783 
-1.807500 -264.617214 
-1.805000 -258.919360 
-1.802500 -268.415783 
-1.800000 -270.315068 
-1.797500 -268.415783 
-1.795000 -268.415783 
-1.792500 -272.214352 
-1.790000 -268.415783 
-1.787500 -266.516498 
-1.785000 -272.214352 
-1.782500 -270.315068 
-1.780000 -260.818644 
-1.777500 -266.516498 
-1.775000 -257.020075 
-1.772500 -258.919360 
-1.770000 -258.919360 
-1.767500 -270.315068 
-1.765000 -266.516498 
-1.762500 -257.020075 
-1.760000 -264.617214 
-1.757500 -264.617214 
-1.755000 -272.214352 
-1.752500 -264.617214 
-1.750000 -264.617214 
-1.747500 -258.919360 
-1.745000 -260.818644 
-1.742500 -251.322221 
-1.740000 -249.422936 
-1.737500 -260.818644 
-1.735000 -255.120790 
-1.732500 -255.120790 
-1.730000 -255.120790 
-1.727500 -245.624367 
-1.725000 -253.221506 
-1.722500 -255.120790 
-1.720000 -247.523652 
-1.717500 -257.020075 
-1.715000 -264.617214 
-1.712500 -241.825798 
-1.710000 -258.919360 
-1.707500 -249.422936 
-1.705000 -262.717929 
-1.702500 -249.422936 
-1.700000 -251.322221 
-1.697500 -251.322221 
-1.695000 -245.624367 
-1.692500 -257.020075 
-1.690000 -243.725082 
-1.687500 -247.523652 
-1.685000 -255.120790 
-1.682500 -241.825798 
-1.680000 -249.422936 
-1.677500 -238.027228 
-1.675000 -251.322221 
-1.672500 -243.725082 
-1.670000 -258.919360 
-1.667500 -247.523652 
-1.665000 -234.228659 
-1.662500 -260.818644 
-1.660000 -238.027228 
-1.657500 -249.422936 
-1.655000 -241.825798 
-1.652500 -247.523652 
-1.650000 -257.020075 
-1.647500 -249.422936 
-1.645000 -239.926513 
-1.642500 -247.523652 
-1.640000 -249.422936 
-1.637500 -243.725082 
-1.635000 -234.228659 
-1.632500 -251.322221 
-1.630000 -249.422936 
-1.627500 -238.027228 
-1.625000 -234.228659 
-1.622500 -238.027228 
-1.620000 -243.725082 
-1.617500 -238.027228 
-1.615000 -239.926513 
-1.612500 -238.027228 
-1.610000 -234.228659 
-1.607500 -247.523652 
-1.605000 -232.329374 
-1.602500 -236.127944 
-1.600000 -243.725082 
-1.597500 -234.228659 
-1.595000 -241.825798 
-1.592500 -234.228659 
-1.590000 -234.228659 
-1.587500 -234.228659 
-1.585000 -234.228659 
-1.582500 -236.127944 
-1.580000 -241.825798 
-1.577500 -247.523652 
-1.575000 -228.530805 
-1.572500 -241.825798 
-1.570000 -251.322221 
-1.567500 -228.530805 
-1.565000 -236.127944 
-1.562500 -238.027228 
-1.560000 -236.127944 
-1.557500 -243.725082 
-1.555000 -230.430090 
-1.552500 -236.127944 
-1.550000 -245.624367 
-1.547500 -234.228659 
-1.545000 -238.027228 
-1.542500 -234.228659 
-1.540000 -251.322221 
-1.537500 -239.926513 
-1.535000 -222.832951 
-1.532500 -236.127944 
-1.530000 -234.228659 
-1.527500 -228.530805 
-1.525000 -220.933666 
-1.522500 -236.127944 
-1.520000 -230.430090 
-1.517500 -238.027228 
-1.515000 -228.530805 
-1.512500 -226.631520 
-1.510000 -226.631520 
-1.507500 -226.631520 
-1.505000 -226.631520 
-1.502500 -234.228659 
-1.500000 -220.933666 
-1.497500 -228.530805 
-1.495000 -226.631520 
-1.492500 -217.135097 
-1.490000 -222.832951 
-1.487500 -220.933666 
-1.485000 -219.034382 
-1.482500 -220.933666 
-1.480000 -211.437243 
-1.477500 -220.933666 
-1.475000 -270.315068 
-1.472500 -224.732236 
-1.470000 -230.430090 
-1.467500 -220.933666 
-1.465000 -211.437243 
-1.462500 -209.537958 
-1.460000 -215.235812 
-1.457500 -211.437243 
-1.455000 -205.739389 
-1.452500 -211.437243 
-1.450000 -211.437243 
-1.447500 -211.437243 
-1.445000 -213.336528 
-1.442500 -205.739389 
-1.440000 -220.933666 
-1.437500 -207.638674 
-1.435000 -205.739389 
-1.432500 -205.739389 
-1.430000 -209.537958 
-1.427500 -211.437243 
-1.425000 -203.840104 
-1.422500 -209.537958 
-1.420000 -213.336528 
-1.417500 -200.041535 
-1.415000 -203.840104 
-1.412500 -211.437243 
-1.410000 -205.739389 
-1.407500 -196.242966 
-1.405000 -194.343681 
-1.402500 -200.041535 
-1.400000 -190.545112 
-1.397500 -203.840104 
-1.395000 -205.739389 
-1.392500 -190.545112 
-1.390000 -196.242966 
-1.387500 -200.041535 
-1.385000 -196.242966 
-1.382500 -188.645827 
-1.380000 -236.127944 
-1.377500 -196.242966 
-1.375000 -205.739389 
-1.372500 -198.142250 
-1.370000 -194.343681 
-1.367500 -201.940820 
-1.365000 -207.638674 
-1.362500 -196.242966 
-1.360000 -194.343681 
-1.357500 -198.142250 
-1.355000 -184.847258 
-1.352500 -200.041535 
-1.350000 -190.545112 
-1.347500 -198.142250 
-1.345000 -200.041535 
-1.342500 -196.242966 
-1.340000 -196.242966 
-1.337500 -196.242966 
-1.335000 -188.645827 
-1.332500 -194.343681 
-1.330000 -196.242966 
-1.327500 -190.545112 
-1.325000 -201.940820 
-1.322500 -201.940820 
-1.320000 -203.840104 
-1.317500 -211.437243 
-1.315000 -203.840104 
-1.312500 -203.840104 
-1.310000 -207.638674 
-1.307500 -207.638674 
-1.305000 -203.840104 
-1.302500 -213.336528 
-1.300000 -213.336528 
-1.297500 -209.537958 
-1.295000 -207.638674 
-1.292500 -198.142250 
-1.290000 -203.840104 
-1.287500 -196.242966 
-1.285000 -196.242966 
-1.282500 -196.242966 
-1.280000 -194.343681 
-1.277500 -198.142250 
-1.275000 -194.343681 
-1.272500 -201.940820 
-1.270000 -188.645827 
-1.267500 -188.645827 
-1.265000 -196.242966 
-1.262500 -192.444396 
-1.260000 -188.645827 
-1.257500 -196.242966 
-1.255000 -188.645827 
-1.252500 -186.746542 
-1.250000 -194.343681 
-1.247500 -194.343681 
-1.245000 -190.545112 
-1.242500 -182.947973 
-1.240000 -182.947973 
-1.237500 -190.545112 
-1.235000 -186.746542 
-1.232500 -188.645827 
-1.230000 -219.034382 
-1.227500 -181.048688 
-1.225000 -184.847258 
-1.222500 -175.350834 
-1.220000 -182.947973 
-1.217500 -182.947973 
-1.215000 -182.947973 
-1.212500 -184.847258 
-1.210000 -177.250119 
-1.207500 -162.055842 
-1.205000 -177.250119 
-1.202500 -175.350834 
-1.200000 -173.451550 
-1.197500 -173.451550 
-1.195000 -167.753696 
-1.192500 -169.652980 
-1.190000 -173.451550 
-1.187500 -179.149404 
-1.185000 -179.149404 
-1.182500 -160.156557 
-1.180000 -182.947973 
-1.177500 -173.451550 
-1.175000 -173.451550 
-1.172500 -162.055842 
-1.170000 -167.753696 
-1.167500 -182.947973 
-1.165000 -169.652980 
-1.162500 -173.451550 
-1.160000 -175.350834 
-1.157500 -165.854411 
-1.155000 -167.753696 
-1.152500 -173.451550 
-1.150000 -173.451550 
-1.147500 -163.955126 
-1.145000 -171.552265 
-1.142500 -171.552265 
-1.140000 -175.350834 
-1.137500 -165.854411 
-1.135000 -167.753696 
-1.132500 -167.753696 
-1.130000 -171.552265 
-1.127500 -169.652980 
-1.125000 -182.947973 
-1.122500 -165.854411 
-1.120000 -167.753696 
-1.117500 -165.854411 
-1.115000 -173.451550 
-1.112500 -173.451550 
-1.110000 -173.451550 
-1.107500 -165.854411 
-1.105000 -169.652980 
-1.102500 -158.257272 
-1.100000 -167.753696 
-1.097500 -173.451550 
-1.095000 -173.451550 
-1.092500 -167.753696 
-1.090000 -171.552265 
-1.087500 -162.055842 
-1.085000 -165.854411 
-1.082500 -167.753696 
-1.080000 -165.854411 
-1.077500 -167.753696 
-1.075000 -171.552265 
-1.072500 -163.955126 
-1.070000 -165.854411 
-1.067500 -167.753696 
-1.065000 -169.652980 
-1.062500 -162.055842 
-1.060000 -165.854411 
-1.057500 -160.156557 
-1.055000 -163.955126 
-1.052500 -158.257272 
-1.050000 -163.955126 
-1.047500 -158.257272 
-1.045000 -163.955126 
-1.042500 -162.055842 
-1.040000 -163.955126 
-1.037500 -165.854411 
-1.035000 -158.257272 
-1.032500 -154.458703 
-1.030000 -160.156557 
-1.027500 -165.854411 
-1.025000 -158.257272 
-1.022500 -167.753696 
-1.020000 -156.357988 
-1.017500 -165.854411 
-1.015000 -162.055842 
-1.012500 -171.552265 
-1.010000 -163.955126 
-1.007500 -167.753696 
-1.005000 -154.458703 
-1.002500 -165.854411 
-1.000000 -165.854411 
-0.997500 -169.652980 
-0.995000 -171.552265 
-0.992500 -167.753696 
-0.990000 -175.350834 
-0.987500 -162.055842 
-0.985000 -163.955126 
-0.982500 -156.357988 
-0.980000 -163.955126 
-0.977500 -152.559418 
-0.975000 -152.559418 
-0.972500 -152.559418 
-0.970000 -152.559418 
-0.967500 -146.861564 
-0.965000 -158.257272 
-0.962500 -152.559418 
-0.960000 -150.660134 
-0.957500 -150.660134 
-0.955000 -152.559418 
-0.952500 -146.861564 
-0.950000 -150.660134 
-0.947500 -150.660134 
-0.945000 -148.760849 
-0.942500 -152.559418 
-0.940000 -150.660134 
-0.937500 -135.465856 
-0.935000 -156.357988 
-0.932500 -160.156557 
-0.930000 -150.660134 
-0.927500 -148.760849 
-0.925000 -152.559418 
-0.922500 -152.559418 
-0.920000 -150.660134 
-0.917500 -150.660134 
-0.915000 -146.861564 
-0.912500 -148.760849 
-0.910000 -152.559418 
-0.907500 -139.264426 
-0.905000 -143.062995 
-0.902500 -154.458703 
-0.900000 -144.962280 
-0.897500 -152.559418 
-0.895000 -146.861564 
-0.892500 -143.062995 
-0.890000 -146.861564 
-0.887500 -144.962280 
-0.885000 -144.962280 
-0.882500 -143.062995 
-0.880000 -141.163710 
-0.877500 -139.264426 
-0.875000 -137.365141 
-0.872500 -143.062995 
-0.870000 -148.760849 
-0.867500 -135.465856 
-0.865000 -144.962280 
-0.862500 -139.264426 
-0.860000 -148.760849 
-0.857500 -135.465856 
-0.855000 -143.062995 
-0.852500 -143.062995 
-0.850000 -135.465856 
-0.847500 -144.962280 
-0.845000 -139.264426 
-0.842500 -133.566572 
-0.840000 -129.768002 
-0.837500 -131.667287 
-0.835000 -137.365141 
-0.832500 -139.264426 
-0.830000 -135.465856 
-0.827500 -139.264426 
-0.825000 -144.962280 
-0.822500 -133.566572 
-0.820000 -133.566572 
-0.817500 -135.465856 
-0.815000 -135.465856 
-0.812500 -129.768002 
-0.810000 -133.566572 
-0.807500 -137.365141 
-0.805000 -144.962280 
-0.802500 -131.667287 
-0.800000 -137.365141 
-0.797500 -129.768002 
-0.795000 -129.768002 
-0.792500 -131.667287 
-0.790000 -129.768002 
-0.787500 -139.264426 
-0.785000 -141.163710 
-0.782500 -133.566572 
-0.780000 -129.768002 
-0.777500 -133.566572 
-0.775000 -139.264426 
-0.772500 -127.868718 
-0.770000 -143.062995 
-0.767500 -131.667287 
-0.765000 -143.062995 
-0.762500 -129.768002 
-0.760000 -139.264426 
-0.757500 -133.566572 
-0.755000 -127.868718 
-0.752500 -135.465856 
-0.750000 -131.667287 
-0.747500 -127.868718 
-0.745000 -137.365141 
-0.742500 -139.264426 
-0.740000 -135.465856 
-0.737500 -135.465856 
-0.735000 -137.365141 
-0.732500 -135.465856 
-0.730000 -131.667287 
-0.727500 -137.365141 
-0.725000 -139.264426 
-0.722500 -129.768002 
-0.720000 -137.365141 
-0.717500 -135.465856 
-0.715000 -125.969433 
-0.712500 -137.365141 
-0.710000 -125.969433 
-0.707500 -135.465856 
-0.705000 -152.559418 
-0.702500 -143.062995 
-0.700000 -129.768002 
-0.697500 -144.962280 
-0.695000 -129.768002 
-0.692500 -133.566572 
-0.690000 -135.465856 
-0.687500 -125.969433 
-0.685000 -141.163710 
-0.682500 -124.070148 
-0.680000 -129.768002 
-0.677500 -122.170864 
-0.675000 -124.070148 
-0.672500 -120.271579 
-0.670000 -133.566572 
-0.667500 -127.868718 
-0.665000 -120.271579 
-0.662500 -127.868718 
-0.660000 -125.969433 
-0.657500 -124.070148 
-0.655000 -114.573725 
-0.652500 -116.473010 
-0.650000 -112.674440 
-0.647500 -120.271579 
-0.645000 -99.379448 
-0.642500 -118.372294 
-0.640000 -112.674440 
-0.637500 -103.178017 
-0.635000 -114.573725 
-0.632500 -124.070148 
-0.630000 -112.674440 
-0.627500 -118.372294 
-0.625000 -118.372294 
-0.622500 -131.667287 
-0.620000 -120.271579 
-0.617500 -120.271579 
-0.615000 -114.573725 
-0.612500 -118.372294 
-0.610000 -114.573725 
-0.607500 -110.775156 
-0.605000 -118.372294 
-0.602500 -122.170864 
-0.600000 -127.868718 
-0.597500 -118.372294 
-0.595000 -116.473010 
-0.592500 -112.674440 
-0.590000 -112.674440 
-0.587500 -120.271579 
-0.585000 -110.775156 
-0.582500 -112.674440 
-0.580000 -108.875871 
-0.577500 -105.077302 
-0.575000 -103.178017 
-0.572500 -112.674440 
-0.570000 -105.077302 
-0.567500 -103.178017 
-0.565000 -112.674440 
-0.562500 -112.674440 
-0.560000 -110.775156 
-0.557500 -103.178017 
-0.555000 -114.573725 
-0.552500 -112.674440 
-0.550000 -116.473010 
-0.547500 -114.573725 
-0.545000 -112.674440 
-0.542500 -112.674440 
-0.540000 -105.077302 
-0.537500 -106.976586 
-0.535000 -122.170864 
-0.532500 -99.379448 
-0.530000 -116.473010 
-0.527500 -114.573725 
-0.525000 -95.580878 
-0.522500 -120.271579 
-0.520000 -108.875871 
-0.517500 -120.271579 
-0.515000 -110.775156 
-0.512500 -112.674440 
-0.510000 -106.976586 
-0.507500 -112.674440 
-0.505000 -112.674440 
-0.502500 -108.875871 
-0.500000 -105.077302 
-0.497500 -106.976586 
-0.495000 -118.372294 
-0.492500 -112.674440 
-0.490000 -112.674440 
-0.487500 -118.372294 
-0.485000 -106.976586 
-0.482500 -110.775156 
-0.480000 -106.976586 
-0.477500 -108.875871 
-0.475000 -105.077302 
-0.472500 -95.580878 
-0.470000 -103.178017 
-0.467500 -103.178017 
-0.465000 -103.178017 
-0.462500 -105.077302 
-0.460000 -97.480163 
-0.457500 -95.580878 
-0.455000 -91.782309 
-0.452500 -97.480163 
-0.450000 -89.883024 
-0.447500 -93.681594 
-0.445000 -89.883024 
-0.442500 -99.379448 
-0.440000 -86.084455 
-0.437500 -89.883024 
-0.435000 -87.983740 
-0.432500 -89.883024 
-0.430000 -89.883024 
-0.427500 -87.983740 
-0.425000 -86.084455 
-0.422500 -86.084455 
-0.420000 -78.487316 
-0.417500 -91.782309 
-0.415000 -84.185170 
-0.412500 -89.883024 
-0.410000 -84.185170 
-0.407500 -86.084455 
-0.405000 -68.990893 
-0.402500 -82.285886 
-0.400000 -86.084455 
-0.397500 -72.789462 
-0.395000 -78.487316 
-0.392500 -89.883024 
-0.390000 -82.285886 
-0.387500 -86.084455 
-0.385000 -82.285886 
-0.382500 -91.782309 
-0.380000 -72.789462 
-0.377500 -82.285886 
-0.375000 -82.285886 
-0.372500 -76.588032 
-0.370000 -74.688747 
-0.367500 -68.990893 
-0.365000 -74.688747 
-0.362500 -72.789462 
-0.360000 -72.789462 
-0.357500 -70.890178 
-0.355000 -72.789462 
-0.352500 -53.796616 
-0.350000 -67.091609 
-0.347500 -68.990893 
-0.345000 -68.990893 
-0.342500 -118.372294 
-0.340000 -63.293039 
-0.337500 -65.192324 
-0.335000 -61.393755 
-0.332500 -63.293039 
-0.330000 -61.393755 
-0.327500 -61.393755 
-0.325000 -59.494470 
-0.322500 -57.595185 
-0.320000 -65.192324 
-0.317500 -57.595185 
-0.315000 -67.091609 
-0.312500 -80.386601 
-0.310000 -67.091609 
-0.307500 -59.494470 
-0.305000 -51.897331 
-0.302500 -61.393755 
-0.300000 -57.595185 
-0.297500 -59.494470 
-0.295000 -53.796616 
-0.292500 -59.494470 
-0.290000 -57.595185 
-0.287500 -51.897331 
-0.285000 -46.199477 
-0.282500 -51.897331 
-0.280000 -55.695901 
-0.277500 -46.199477 
-0.275000 -59.494470 
-0.272500 -61.393755 
-0.270000 -51.897331 
-0.267500 -59.494470 
-0.265000 -55.695901 
-0.262500 -53.796616 
-0.260000 -40.501623 
-0.257500 -48.098762 
-0.255000 -59.494470 
-0.252500 -51.897331 
-0.250000 -59.494470 
-0.247500 -57.595185 
-0.245000 -38.602339 
-0.242500 -55.695901 
-0.240000 -57.595185 
-0.237500 -57.595185 
-0.235000 -59.494470 
-0.232500 -57.595185 
-0.230000 -55.695901 
-0.227500 -44.300193 
-0.225000 -57.595185 
-0.222500 -51.897331 
-0.220000 -38.602339 
-0.217500 -59.494470 
-0.215000 -44.300193 
-0.212500 -57.595185 
-0.210000 -53.796616 
-0.207500 -49.998047 
-0.205000 -42.400908 
-0.202500 -53.796616 
-0.200000 -48.098762 
-0.197500 -44.300193 
-0.195000 -57.595185 
-0.192500 -48.098762 
-0.190000 -49.998047 
-0.187500 -40.501623 
-0.185000 -42.400908 
-0.182500 -42.400908 
-0.180000 -48.098762 
-0.177500 -38.602339 
-0.175000 -51.897331 
-0.172500 -32.904485 
-0.170000 -34.803769 
-0.167500 -40.501623 
-0.165000 -32.904485 
-0.162500 -40.501623 
-0.160000 -32.904485 
-0.157500 -29.105915 
-0.155000 -42.400908 
-0.152500 -32.904485 
-0.150000 -34.803769 
-0.147500 -32.904485 
-0.145000 -31.005200 
-0.142500 -29.105915 
-0.140000 -36.703054 
-0.137500 -21.508777 
-0.135000 -34.803769 
-0.132500 -25.307346 
-0.130000 -32.904485 
-0.127500 -29.105915 
-0.125000 -31.005200 
-0.122500 -27.206631 
-0.120000 -29.105915 
-0.117500 -25.307346 
-0.115000 -32.904485 
-0.112500 -23.408061 
-0.110000 -34.803769 
-0.107500 -32.904485 
-0.105000 -29.105915 
-0.102500 -23.408061 
-0.100000 -31.005200 
-0.097500 -27.206631 
-0.095000 -29.105915 
-0.092500 -29.105915 
-0.090000 -27.206631 
-0.087500 -31.005200 
-0.085000 -23.408061 
-0.082500 -31.005200 
-0.080000 -8.213784 
-0.077500 -21.508777 
-0.075000 -15.810923 
-0.072500 -15.810923 
-0.070000 -19.609492 
-0.067500 -17.710207 
-0.065000 -19.609492 
-0.062500 -13.911638 
-0.060000 -15.810923 
-0.057500 -21.508777 
-0.055000 -12.012353 
-0.052500 -21.508777 
-0.050000 -13.911638 
-0.047500 -19.609492 
-0.045000 -21.508777 
-0.042500 -12.012353 
-0.040000 -10.113069 
-0.037500 1.282639 
-0.035000 6.980493 
-0.032500 -2.515930 
-0.030000 3.181924 
-0.027500 -6.314499 
-0.025000 3.181924 
-0.022500 1.282639 
-0.020000 3.181924 
-0.017500 -8.213784 
-0.015000 1.282639 
-0.012500 3.181924 
-0.010000 -0.616645 
-0.007500 -2.515930 
-0.005000 1.282639 
-0.002500 -0.616645 
-0.000000 -2.515930 
0.002500 3.181924 
0.005000 -6.314499 
0.007500 -0.616645 
0.010000 3.181924 
0.012500 -4.415215 
0.015000 -4.415215 
0.017500 -4.415215 
0.020000 -0.616645 
0.022500 -0.616645 
0.025000 -0.616645 
0.027500 -0.616645 
0.030000 -0.616645 
0.032500 3.181924 
0.035000 -0.616645 
0.037500 -4.415215 
0.040000 1.282639 
0.042500 -8.213784 
0.045000 -0.616645 
0.047500 -0.616645 
0.050000 -6.314499 
0.052500 -0.616645 
0.055000 -4.415215 
0.057500 3.181924 
0.060000 -4.415215 
0.062500 -0.616645 
0.065000 -4.415215 
0.067500 -2.515930 
0.070000 3.181924 
0.072500 -4.415215 
0.075000 -4.415215 
0.077500 5.081209 
0.080000 8.879778 
0.082500 -4.415215 
0.085000 -0.616645 
0.087500 -0.616645 
0.090000 -0.616645 
0.092500 6.980493 
0.095000 8.879778 
0.097500 14.577632 
0.100000 -4.415215 
0.102500 1.282639 
0.105000 5.081209 
0.107500 12.678347 
0.110000 12.678347 
0.112500 8.879778 
0.115000 8.879778 
0.117500 12.678347 
0.120000 5.081209 
0.122500 10.779063 
0.125000 8.879778 
0.127500 8.879778 
0.130000 5.081209 
0.132500 8.879778 
0.135000 6.980493 
0.137500 12.678347 
0.140000 8.879778 
0.142500 5.081209 
0.145000 6.980493 
0.147500 3.181924 
0.150000 12.678347 
0.152500 12.678347 
0.155000 1.282639 
0.157500 12.678347 
0.160000 8.879778 
0.162500 14.577632 
0.165000 12.678347 
0.167500 6.980493 
0.170000 6.980493 
0.172500 -0.616645 
0.175000 5.081209 
0.177500 5.081209 
0.180000 10.779063 
0.182500 8.879778 
0.185000 12.678347 
0.187500 8.879778 
0.190000 8.879778 
0.192500 14.577632 
0.195000 8.879778 
0.197500 14.577632 
0.200000 14.577632 
0.202500 6.980493 
0.205000 12.678347 
0.207500 14.577632 
0.210000 14.577632 
0.212500 20.275486 
0.215000 20.275486 
0.217500 -6.314499 
0.220000 16.476917 
0.222500 24.074055 
0.225000 18.376201 
0.227500 16.476917 
0.230000 24.074055 
0.232500 22.174771 
0.235000 22.174771 
0.237500 18.376201 
0.240000 24.074055 
0.242500 16.476917 
0.245000 18.376201 
0.247500 24.074055 
0.250000 20.275486 
0.252500 18.376201 
0.255000 24.074055 
0.257500 22.174771 
0.260000 22.174771 
0.262500 16.476917 
0.265000 22.174771 
0.267500 25.973340 
0.270000 31.671194 
0.272500 25.973340 
0.275000 20.275486 
0.277500 25.973340 
0.280000 24.074055 
0.282500 22.174771 
0.285000 27.872625 
0.287500 27.872625 
0.290000 22.174771 
0.292500 29.771909 
0.295000 22.174771 
0.297500 29.771909 
0.300000 22.174771 
0.302500 27.872625 
0.305000 31.671194 
0.307500 20.275486 
0.310000 27.872625 
0.312500 27.872625 
0.315000 29.771909 
0.317500 31.671194 
0.320000 25.973340 
0.322500 37.369048 
0.325000 31.671194 
0.327500 27.872625 
0.330000 22.174771 
0.332500 29.771909 
0.335000 24.074055 
0.337500 22.174771 
0.340000 31.671194 
0.342500 25.973340 
0.345000 29.771909 
0.347500 31.671194 
0.350000 27.872625 
0.352500 33.570479 
0.355000 39.268333 
0.357500 27.872625 
0.360000 24.074055 
0.362500 25.973340 
0.365000 22.174771 
0.367500 27.872625 
0.370000 27.872625 
0.372500 27.872625 
0.375000 24.074055 
0.377500 27.872625 
0.380000 25.973340 
0.382500 29.771909 
0.385000 25.973340 
0.387500 25.973340 
0.390000 31.671194 
0.392500 31.671194 
0.395000 39.268333 
0.397500 25.973340 
0.400000 35.469763 
0.402500 39.268333 
0.405000 33.570479 
0.407500 29.771909 
0.410000 33.570479 
0.412500 33.570479 
0.415000 41.167617 
0.417500 43.066902 
0.420000 31.671194 
0.422500 43.066902 
0.425000 39.268333 
0.427500 41.167617 
0.430000 46.865471 
0.432500 41.167617 
0.435000 39.268333 
0.437500 37.369048 
0.440000 43.066902 
0.442500 39.268333 
0.445000 43.066902 
0.447500 43.066902 
0.450000 46.865471 
0.452500 41.167617 
0.455000 46.865471 
0.457500 50.664041 
0.460000 43.066902 
0.462500 43.066902 
0.465000 50.664041 
0.467500 41.167617 
0.470000 44.966187 
0.472500 54.462610 
0.475000 54.462610 
0.477500 46.865471 
0.480000 54.462610 
0.482500 46.865471 
0.485000 54.462610 
0.487500 52.563325 
0.490000 52.563325 
0.492500 54.462610 
0.495000 52.563325 
0.497500 60.160464 
0.500000 56.361895 
0.502500 50.664041 
0.505000 60.160464 
0.507500 44.966187 
0.510000 60.160464 
0.512500 54.462610 
0.515000 52.563325 
0.517500 63.959033 
0.520000 54.462610 
0.522500 56.361895 
0.525000 60.160464 
0.527500 52.563325 
0.530000 58.261179 
0.532500 52.563325 
0.535000 54.462610 
0.537500 52.563325 
0.540000 62.059749 
0.542500 54.462610 
0.545000 56.361895 
0.547500 60.160464 
0.550000 56.361895 
0.552500 62.059749 
0.555000 62.059749 
0.557500 24.074055 
0.560000 65.858318 
0.562500 60.160464 
0.565000 67.757603 
0.567500 58.261179 
0.570000 63.959033 
0.572500 69.656887 
0.575000 69.656887 
0.577500 67.757603 
0.580000 75.354741 
0.582500 63.959033 
0.585000 75.354741 
0.587500 69.656887 
0.590000 65.858318 
0.592500 67.757603 
0.595000 71.556172 
0.597500 69.656887 
0.600000 69.656887 
0.602500 84.851165 
0.605000 73.455457 
0.607500 63.959033 
0.610000 77.254026 
0.612500 75.354741 
0.615000 69.656887 
0.617500 75.354741 
0.620000 79.153311 
0.622500 79.153311 
0.625000 79.153311 
0.627500 73.455457 
0.630000 71.556172 
0.632500 81.052595 
0.635000 81.052595 
0.637500 69.656887 
0.640000 79.153311 
0.642500 75.354741 
0.645000 90.549019 
0.647500 82.951880 
0.650000 82.951880 
0.652500 63.959033 
0.655000 79.153311 
0.657500 86.750449 
0.660000 48.764756 
0.662500 84.851165 
0.665000 84.851165 
0.667500 86.750449 
0.670000 84.851165 
0.672500 77.254026 
0.675000 84.851165 
0.677500 82.951880 
0.680000 90.549019 
0.682500 86.750449 
0.685000 92.448303 
0.687500 88.649734 
0.690000 84.851165 
0.692500 75.354741 
0.695000 82.951880 
0.697500 82.951880 
0.700000 82.951880 
0.702500 84.851165 
0.705000 82.951880 
0.707500 88.649734 
0.710000 44.966187 
0.712500 84.851165 
0.715000 92.448303 
0.717500 86.750449 
0.720000 82.951880 
0.722500 88.649734 
0.725000 90.549019 
0.727500 94.347588 
0.730000 88.649734 
0.732500 92.448303 
0.735000 103.844011 
0.737500 100.045442 
0.740000 92.448303 
0.742500 107.642581 
0.745000 100.045442 
0.747500 109.541865 
0.750000 107.642581 
0.752500 96.246873 
0.755000 92.448303 
0.757500 96.246873 
0.760000 98.146157 
0.762500 100.045442 
0.765000 100.045442 
0.767500 100.045442 
0.770000 107.642581 
0.772500 101.944727 
0.775000 98.146157 
0.777500 109.541865 
0.780000 107.642581 
0.782500 101.944727 
0.785000 103.844011 
0.787500 105.743296 
0.790000 107.642581 
0.792500 107.642581 
0.795000 111.441150 
0.797500 100.045442 
0.800000 105.743296 
0.802500 107.642581 
0.805000 109.541865 
0.807500 100.045442 
0.810000 107.642581 
0.812500 111.441150 
0.815000 107.642581 
0.817500 115.239719 
0.820000 113.340435 
0.822500 120.937573 
0.825000 113.340435 
0.827500 109.541865 
0.830000 113.340435 
0.832500 126.635427 
0.835000 113.340435 
0.837500 120.937573 
0.840000 111.441150 
0.842500 120.937573 
0.845000 128.534712 
0.847500 122.836858 
0.850000 113.340435 
0.852500 113.340435 
0.855000 122.836858 
0.857500 115.239719 
0.860000 124.736143 
0.862500 119.038289 
0.865000 111.441150 
0.867500 128.534712 
0.870000 124.736143 
0.872500 130.433997 
0.875000 126.635427 
0.877500 126.635427 
0.880000 122.836858 
0.882500 134.232566 
0.885000 120.937573 
0.887500 124.736143 
0.890000 130.433997 
0.892500 138.031135 
0.895000 122.836858 
0.897500 122.836858 
0.900000 122.836858 
0.902500 119.038289 
0.905000 134.232566 
0.907500 138.031135 
0.910000 126.635427 
0.912500 126.635427 
0.915000 134.232566 
0.917500 138.031135 
0.920000 138.031135 
0.922500 138.031135 
0.925000 143.728989 
0.927500 115.239719 
0.930000 139.930420 
0.932500 136.131851 
0.935000 136.131851 
0.937500 134.232566 
0.940000 143.728989 
0.942500 132.333281 
0.945000 136.131851 
0.947500 143.728989 
0.950000 151.326128 
0.952500 139.930420 
0.955000 141.829705 
0.957500 149.426843 
0.960000 143.728989 
0.962500 145.628274 
0.965000 145.628274 
0.967500 145.628274 
0.970000 151.326128 
0.972500 139.930420 
0.975000 141.829705 
0.977500 143.728989 
0.980000 143.728989 
0.982500 145.628274 
0.985000 143.728989 
0.987500 143.728989 
0.990000 151.326128 
0.992500 153.225412 
0.995000 138.031135 
0.997500 139.930420 
1.000000 153.225412 
1.002500 145.628274 
1.005000 145.628274 
1.007500 153.225412 
1.010000 151.326128 
1.012500 160.822551 
1.015000 155.124697 
1.017500 160.822551 
1.020000 166.520405 
1.022500 158.923266 
1.025000 151.326128 
1.027500 153.225412 
1.030000 151.326128 
1.032500 149.426843 
1.035000 149.426843 
1.037500 162.721836 
1.040000 153.225412 
1.042500 153.225412 
1.045000 155.124697 
1.047500 160.822551 
1.050000 149.426843 
1.052500 151.326128 
1.055000 151.326128 
1.057500 151.326128 
1.060000 151.326128 
1.062500 153.225412 
1.065000 153.225412 
1.067500 153.225412 
1.070000 151.326128 
1.072500 162.721836 
1.075000 162.721836 
1.077500 164.621120 
1.080000 157.023982 
1.082500 160.822551 
1.085000 160.822551 
1.087500 158.923266 
1.090000 153.225412 
1.092500 158.923266 
1.095000 160.822551 
1.097500 160.822551 
1.100000 160.822551 
1.102500 160.822551 
1.105000 158.923266 
1.107500 157.023982 
1.110000 160.822551 
1.112500 158.923266 
1.115000 160.822551 
1.117500 164.621120 
1.120000 158.923266 
1.122500 168.419690 
1.125000 164.621120 
1.127500 162.721836 
1.130000 166.520405 
1.132500 166.520405 
1.135000 164.621120 
1.137500 170.318974 
1.140000 166.520405 
1.142500 168.419690 
1.145000 166.520405 
1.147500 168.419690 
1.150000 170.318974 
1.152500 168.419690 
1.155000 174.117544 
1.157500 162.721836 
1.160000 170.318974 
1.162500 170.318974 
1.165000 174.117544 
1.167500 177.916113 
1.170000 174.117544 
1.172500 168.419690 
1.175000 174.117544 
1.177500 164.621120 
1.180000 174.117544 
1.182500 160.822551 
1.185000 172.218259 
1.187500 168.419690 
1.190000 164.621120 
1.192500 168.419690 
1.195000 170.318974 
1.197500 168.419690 
1.200000 170.318974 
1.202500 164.621120 
1.205000 168.419690 
1.207500 170.318974 
1.210000 179.815398 
1.212500 166.520405 
1.215000 176.016828 
1.217500 176.016828 
1.220000 162.721836 
1.222500 168.419690 
1.225000 174.117544 
1.227500 174.117544 
1.230000 170.318974 
1.232500 170.318974 
1.235000 166.520405 
1.237500 170.318974 
1.240000 176.016828 
1.242500 168.419690 
1.245000 174.117544 
1.247500 174.117544 
1.250000 176.016828 
1.252500 174.117544 
1.255000 179.815398 
1.257500 179.815398 
1.260000 181.714682 
1.262500 183.613967 
1.265000 191.211106 
1.267500 185.513252 
1.270000 195.009675 
1.272500 187.412536 
1.275000 191.211106 
1.277500 185.513252 
1.280000 195.009675 
1.282500 187.412536 
1.285000 196.908960 
1.287500 195.009675 
1.290000 196.908960 
1.292500 189.311821 
1.295000 196.908960 
1.297500 189.311821 
1.300000 166.520405 
1.302500 187.412536 
1.305000 191.211106 
1.307500 191.211106 
1.310000 191.211106 
1.312500 185.513252 
1.315000 189.311821 
1.317500 183.613967 
1.320000 187.412536 
1.322500 183.613967 
1.325000 179.815398 
1.327500 183.613967 
1.330000 185.513252 
1.332500 181.714682 
1.335000 176.016828 
1.337500 179.815398 
1.340000 176.016828 
1.342500 176.016828 
1.345000 176.016828 
1.347500 177.916113 
1.350000 177.916113 
1.352500 174.117544 
1.355000 168.419690 
1.357500 181.714682 
1.360000 181.714682 
1.362500 181.714682 
1.365000 185.513252 
1.367500 181.714682 
1.370000 185.513252 
1.372500 183.613967 
1.375000 187.412536 
1.377500 185.513252 
1.380000 181.714682 
1.382500 177.916113 
1.385000 179.815398 
1.387500 179.815398 
1.390000 187.412536 
1.392500 185.513252 
1.395000 179.815398 
1.397500 183.613967 
1.400000 187.412536 
1.402500 189.311821 
1.405000 193.110390 
1.407500 196.908960 
1.410000 191.211106 
1.412500 191.211106 
1.415000 195.009675 
1.417500 196.908960 
1.420000 196.908960 
1.422500 202.606814 
1.425000 196.908960 
1.427500 195.009675 
1.430000 198.808244 
1.432500 196.908960 
1.435000 198.808244 
1.437500 200.707529 
1.440000 204.506098 
1.442500 153.225412 
1.445000 208.304668 
1.447500 200.707529 
1.450000 202.606814 
1.452500 204.506098 
1.455000 204.506098 
1.457500 208.304668 
1.460000 206.405383 
1.462500 208.304668 
1.465000 208.304668 
1.467500 202.606814 
1.470000 200.707529 
1.472500 215.901806 
1.475000 204.506098 
1.477500 208.304668 
1.480000 215.901806 
1.482500 204.506098 
1.485000 206.405383 
1.487500 212.103237 
1.490000 202.606814 
1.492500 204.506098 
1.495000 214.002522 
1.497500 210.203952 
1.500000 208.304668 
1.502500 206.405383 
1.505000 198.808244 
1.507500 210.203952 
1.510000 215.901806 
1.512500 202.606814 
1.515000 214.002522 
1.517500 204.506098 
1.520000 219.700376 
1.522500 217.801091 
1.525000 204.506098 
1.527500 215.901806 
1.530000 214.002522 
1.532500 217.801091 
1.535000 215.901806 
1.537500 210.203952 
1.540000 219.700376 
1.542500 214.002522 
1.545000 225.398230 
1.547500 221.599660 
1.550000 214.002522 
1.552500 225.398230 
1.555000 214.002522 
1.557500 221.599660 
1.560000 214.002522 
1.562500 210.203952 
1.565000 221.599660 
1.567500 221.599660 
1.570000 225.398230 
1.572500 217.801091 
1.575000 214.002522 
1.577500 234.894653 
1.580000 223.498945 
1.582500 214.002522 
1.585000 208.304668 
1.587500 221.599660 
1.590000 227.297514 
1.592500 215.901806 
1.595000 225.398230 
1.597500 227.297514 
1.600000 210.203952 
1.602500 214.002522 
1.605000 210.203952 
1.607500 212.103237 
1.610000 214.002522 
1.612500 208.304668 
1.615000 225.398230 
1.617500 214.002522 
1.620000 210.203952 
1.622500 214.002522 
1.625000 210.203952 
1.627500 221.599660 
1.630000 215.901806 
1.632500 225.398230 
1.635000 217.801091 
1.637500 221.599660 
1.640000 212.103237 
1.642500 214.002522 
1.645000 225.398230 
1.647500 215.901806 
1.650000 215.901806 
1.652500 212.103237 
1.655000 210.203952 
1.657500 219.700376 
1.660000 212.103237 
1.662500 210.203952 
1.665000 214.002522 
1.667500 206.405383 
1.670000 215.901806 
1.672500 204.506098 
1.675000 198.808244 
1.677500 223.498945 
1.680000 210.203952 
1.682500 206.405383 
1.685000 212.103237 
1.687500 206.405383 
1.690000 206.405383 
1.692500 214.002522 
1.695000 210.203952 
1.697500 219.700376 
1.700000 210.203952 
1.702500 210.203952 
1.705000 221.599660 
1.707500 219.700376 
1.710000 217.801091 
1.712500 215.901806 
1.715000 210.203952 
1.717500 225.398230 
1.720000 214.002522 
1.722500 219.700376 
1.725000 223.498945 
1.727500 215.901806 
1.730000 232.995368 
1.732500 219.700376 
1.735000 225.398230 
1.737500 221.599660 
1.740000 219.700376 
1.742500 229.196799 
1.745000 225.398230 
1.747500 221.599660 
1.750000 221.599660 
1.752500 221.599660 
1.755000 231.096084 
1.757500 229.196799 
1.760000 219.700376 
1.762500 238.693222 
1.765000 223.498945 
1.767500 225.398230 
1.770000 236.793938 
1.772500 229.196799 
1.775000 242.491792 
1.777500 238.693222 
1.780000 227.297514 
1.782500 236.793938 
1.785000 234.894653 
1.787500 238.693222 
1.790000 240.592507 
1.792500 238.693222 
1.795000 250.088930 
1.797500 240.592507 
1.800000 250.088930 
1.802500 255.786784 
1.805000 244.391076 
1.807500 248.189646 
1.810000 236.793938 
1.812500 255.786784 
1.815000 257.686069 
1.817500 246.290361 
1.820000 248.189646 
1.822500 231.096084 
1.825000 248.189646 
1.827500 248.189646 
1.830000 242.491792 
1.832500 244.391076 
1.835000 244.391076 
1.837500 200.707529 
1.840000 238.693222 
1.842500 248.189646 
1.845000 255.786784 
1.847500 244.391076 
1.850000 255.786784 
1.852500 246.290361 
1.855000 269.081777 
1.857500 250.088930 
1.860000 255.786784 
1.862500 259.585354 
1.865000 255.786784 
1.867500 265.283208 
1.870000 257.686069 
1.872500 259.585354 
1.875000 250.088930 
1.877500 263.383923 
1.880000 257.686069 
1.882500 250.088930 
1.885000 248.189646 
1.887500 255.786784 
1.890000 248.189646 
1.892500 246.290361 
1.895000 251.988215 
1.897500 251.988215 
1.900000 250.088930 
1.902500 244.391076 
1.905000 240.592507 
1.907500 259.585354 
1.910000 248.189646 
1.912500 250.088930 
1.915000 255.786784 
1.917500 251.988215 
1.920000 251.988215 
1.922500 244.391076 
1.925000 250.088930 
1.927500 255.786784 
1.930000 259.585354 
1.932500 251.988215 
1.935000 255.786784 
1.937500 253.887500 
1.940000 255.786784 
1.942500 253.887500 
1.945000 257.686069 
1.947500 259.585354 
1.950000 255.786784 
1.952500 251.988215 
1.955000 255.786784 
1.957500 259.585354 
1.960000 259.585354 
1.962500 261.484638 
1.965000 272.880346 
1.967500 267.182492 
1.970000 272.880346 
1.972500 265.283208 
1.975000 272.880346 
1.977500 267.182492 
1.980000 270.981062 
1.982500 267.182492 
1.985000 267.182492 
1.987500 267.182492 
1.990000 276.678916 
1.992500 276.678916 
1.995000 276.678916 
1.997500 274.779631 
2.000000 278.578200 
2.002500 276.678916 
2.005000 289.973908 
2.007500 282.376770 
2.010000 293.772478 
2.012500 295.671762 
2.015000 295.671762 
2.017500 297.571047 
2.020000 295.671762 
2.022500 301.369616 
2.025000 293.772478 
2.027500 297.571047 
2.030000 291.873193 
2.032500 88.649734 
2.035000 67.757603 
2.037500 295.671762 
2.040000 295.671762 
2.042500 291.873193 
2.045000 295.671762 
2.047500 297.571047 
2.050000 295.671762 
2.052500 295.671762 
2.055000 289.973908 
2.057500 288.074624 
2.060000 288.074624 
2.062500 291.873193 
2.065000 286.175339 
2.067500 286.175339 
2.070000 289.973908 
2.072500 284.276054 
2.075000 280.477485 
2.077500 280.477485 
2.080000 274.779631 
2.082500 288.074624 
2.085000 289.973908 
2.087500 282.376770 
2.090000 280.477485 
2.092500 276.678916 
2.095000 282.376770 
2.097500 286.175339 
2.100000 286.175339 
2.102500 282.376770 
2.105000 282.376770 
2.107500 282.376770 
2.110000 286.175339 
2.112500 288.074624 
2.115000 288.074624 
2.117500 289.973908 
2.120000 289.973908 
2.122500 293.772478 
2.125000 293.772478 
2.127500 295.671762 
2.130000 286.175339 
2.132500 286.175339 
2.135000 286.175339 
2.137500 295.671762 
2.140000 289.973908 
2.142500 289.973908 
2.145000 291.873193 
2.147500 295.671762 
2.150000 301.369616 
2.152500 301.369616 
2.155000 305.168186 
2.157500 299.470332 
2.160000 305.168186 
2.162500 305.168186 
2.165000 301.369616 
2.167500 305.168186 
2.170000 305.168186 
2.172500 297.571047 
2.175000 303.268901 
2.177500 308.966755 
2.180000 299.470332 
2.182500 312.765324 
2.185000 316.563894 
2.187500 314.664609 
2.190000 308.966755 
2.192500 316.563894 
2.195000 314.664609 
2.197500 303.268901 
2.200000 305.168186 
2.202500 314.664609 
2.205000 308.966755 
2.207500 312.765324 
2.210000 307.067470 
2.212500 305.168186 
2.215000 307.067470 
2.217500 303.268901 
2.220000 312.765324 
2.222500 310.866040 
2.225000 310.866040 
2.227500 310.866040 
2.230000 312.765324 
2.232500 307.067470 
2.235000 301.369616 
2.237500 297.571047 
2.240000 307.067470 
2.242500 303.268901 
2.245000 310.866040 
2.247500 310.866040 
2.250000 299.470332 
2.252500 308.966755 
2.255000 295.671762 
2.257500 303.268901 
2.260000 303.268901 
2.262500 310.866040 
2.265000 293.772478 
2.267500 303.268901 
2.270000 301.369616 
2.272500 307.067470 
2.275000 297.571047 
2.277500 308.966755 
2.280000 297.571047 
2.282500 297.571047 
2.285000 295.671762 
2.287500 301.369616 
2.290000 305.168186 
2.292500 299.470332 
2.295000 270.981062 
2.297500 297.571047 
2.300000 303.268901 
2.302500 289.973908 
2.305000 305.168186 
2.307500 295.671762 
2.310000 295.671762 
2.312500 295.671762 
2.315000 307.067470 
2.317500 289.973908 
2.320000 303.268901 
2.322500 299.470332 
2.325000 305.168186 
2.327500 297.571047 
2.330000 307.067470 
2.332500 295.671762 
2.335000 307.067470 
2.337500 310.866040 
2.340000 314.664609 
2.342500 297.571047 
2.345000 312.765324 
2.347500 305.168186 
2.350000 303.268901 
2.352500 301.369616 
2.355000 314.664609 
2.357500 297.571047 
2.360000 312.765324 
2.362500 314.664609 
2.365000 320.362463 
2.367500 314.664609 
2.370000 318.463178 
2.372500 318.463178 
2.375000 318.463178 
2.377500 312.765324 
2.380000 318.463178 
2.382500 318.463178 
2.385000 316.563894 
2.387500 320.362463 
2.390000 322.261748 
2.392500 316.563894 
2.395000 318.463178 
2.397500 318.463178 
2.400000 320.362463 
2.402500 318.463178 
2.405000 312.765324 
2.407500 326.060317 
2.410000 310.866040 
2.412500 307.067470 
2.415000 320.362463 
2.417500 312.765324 
2.420000 308.966755 
2.422500 312.765324 
2.425000 316.563894 
2.427500 308.966755 
2.430000 312.765324 
2.432500 307.067470 
2.435000 305.168186 
2.437500 301.369616 
2.440000 305.168186 
2.442500 299.470332 
2.445000 308.966755 
2.447500 299.470332 
2.450000 305.168186 
2.452500 308.966755 
2.455000 303.268901 
2.457500 301.369616 
2.460000 303.268901 
2.462500 301.369616 
2.465000 303.268901 
2.467500 310.866040 
2.470000 295.671762 
2.472500 316.563894 
2.475000 303.268901 
2.477500 301.369616 
2.480000 310.866040 
2.482500 320.362463 
2.485000 276.678916 
2.487500 310.866040 
2.490000 322.261748 
2.492500 305.168186 
2.495000 308.966755 
2.497500 312.765324 
