0.000000 -13.911638 
0.025000 -15.810923 
0.050000 -15.810923 
0.075000 -6.314499 
0.100000 1.282639 
0.125000 -0.616645 
0.150000 1.282639 
0.175000 8.879778 
0.200000 12.678347 
0.225000 8.879778 
0.250000 18.376201 
0.275000 10.779063 
0.300000 8.879778 
0.325000 22.174771 
0.350000 12.678347 
0.375000 8.879778 
0.400000 20.275486 
0.425000 24.074055 
0.450000 31.671194 
0.475000 35.469763 
0.500000 44.966187 
0.525000 50.664041 
0.550000 62.059749 
0.575000 58.261179 
0.600000 56.361895 
0.625000 65.858318 
0.650000 63.959033 
0.675000 62.059749 
0.700000 71.556172 
0.725000 63.959033 
0.750000 69.656887 
0.775000 65.858318 
0.800000 73.455457 
0.825000 69.656887 
0.850000 77.254026 
0.875000 88.649734 
0.900000 86.750449 
0.925000 92.448303 
0.950000 92.448303 
0.975000 92.448303 
1.000000 100.045442 
1.025000 105.743296 
1.050000 105.743296 
1.075000 105.743296 
1.100000 109.541865 
1.125000 109.541865 
1.150000 107.642581 
1.175000 122.836858 
1.200000 122.836858 
1.225000 126.635427 
1.250000 128.534712 
1.275000 115.239719 
1.300000 122.836858 
1.325000 132.333281 
1.350000 134.232566 
1.375000 130.433997 
1.400000 141.829705 
1.425000 138.031135 
1.450000 134.232566 
1.475000 147.527558 
1.500000 138.031135 
1.525000 145.628274 
1.550000 155.124697 
1.575000 160.822551 
1.600000 160.822551 
1.625000 160.822551 
1.650000 170.318974 
1.675000 164.621120 
1.700000 166.520405 
1.725000 170.318974 
1.750000 174.117544 
1.775000 172.218259 
1.800000 166.520405 
1.825000 181.714682 
1.850000 174.117544 
1.875000 181.714682 
1.900000 179.815398 
1.925000 183.613967 
1.950000 193.110390 
1.975000 191.211106 
2.000000 191.211106 
2.025000 204.506098 
2.050000 196.908960 
2.075000 204.506098 
2.100000 204.506098 
2.125000 204.506098 
2.150000 204.506098 
2.175000 214.002522 
2.200000 223.498945 
2.225000 227.297514 
2.250000 223.498945 
2.275000 225.398230 
2.300000 223.498945 
2.325000 221.599660 
2.350000 236.793938 
2.375000 236.793938 
2.400000 232.995368 
2.425000 244.391076 
2.450000 240.592507 
2.475000 246.290361 
2.500000 242.491792 
2.475000 250.088930 
2.450000 251.988215 
2.425000 244.391076 
2.400000 255.786784 
2.375000 257.686069 
2.350000 253.887500 
2.325000 246.290361 
2.300000 255.786784 
2.275000 255.786784 
2.250000 250.088930 
2.225000 253.887500 
2.200000 263.383923 
2.175000 250.088930 
2.150000 261.484638 
2.125000 259.585354 
2.100000 251.988215 
2.075000 259.585354 
2.050000 251.988215 
2.025000 251.988215 
2.000000 259.585354 
1.975000 265.283208 
1.950000 244.391076 
1.925000 253.887500 
1.900000 253.887500 
1.875000 251.988215 
1.850000 244.391076 
1.825000 250.088930 
1.800000 255.786784 
1.775000 242.491792 
1.750000 240.592507 
1.725000 242.491792 
1.700000 240.592507 
1.675000 242.491792 
1.650000 231.096084 
1.625000 238.693222 
1.600000 238.693222 
1.575000 232.995368 
1.550000 227.297514 
1.525000 221.599660 
1.500000 229.196799 
1.475000 225.398230 
1.450000 217.801091 
1.425000 221.599660 
1.400000 217.801091 
1.375000 179.815398 
1.350000 208.304668 
1.325000 208.304668 
1.300000 214.002522 
1.275000 221.599660 
1.250000 206.405383 
1.225000 204.506098 
1.200000 200.707529 
1.175000 198.808244 
1.150000 204.506098 
1.125000 204.506098 
1.100000 189.311821 
1.075000 191.211106 
1.050000 191.211106 
1.025000 183.613967 
1.000000 183.613967 
0.975000 195.009675 
0.950000 183.613967 
0.925000 170.318974 
0.900000 170.318974 
0.875000 183.613967 
0.850000 168.419690 
0.825000 160.822551 
0.800000 162.721836 
0.775000 153.225412 
0.750000 149.426843 
0.725000 157.023982 
0.700000 153.225412 
0.675000 147.527558 
0.650000 139.930420 
0.625000 122.836858 
0.600000 139.930420 
0.575000 138.031135 
0.550000 138.031135 
0.525000 130.433997 
0.500000 134.232566 
0.475000 134.232566 
0.450000 126.635427 
0.425000 117.139004 
0.400000 113.340435 
0.375000 120.937573 
0.350000 122.836858 
0.325000 113.340435 
0.300000 115.239719 
0.275000 113.340435 
0.250000 113.340435 
0.225000 100.045442 
0.200000 103.844011 
0.175000 98.146157 
0.150000 92.448303 
0.125000 90.549019 
0.100000 96.246873 
0.075000 92.448303 
0.050000 90.549019 
0.025000 86.750449 
-0.000000 84.851165 
-0.025000 77.254026 
-0.050000 67.757603 
-0.075000 71.556172 
-0.100000 62.059749 
-0.125000 52.563325 
-0.150000 50.664041 
-0.175000 31.671194 
-0.200000 -2.515930 
-0.225000 -6.314499 
-0.250000 -17.710207 
-0.275000 -21.508777 
-0.300000 -21.508777 
-0.325000 -25.307346 
-0.350000 -27.206631 
-0.375000 -29.105915 
-0.400000 -38.602339 
-0.425000 -29.105915 
-0.450000 -32.904485 
-0.475000 -34.803769 
-0.500000 -34.803769 
-0.525000 -38.602339 
-0.550000 -40.501623 
-0.575000 -46.199477 
-0.600000 -42.400908 
-0.625000 -46.199477 
-0.650000 -53.796616 
-0.675000 -51.897331 
-0.700000 -51.897331 
-0.725000 -53.796616 
-0.750000 -49.998047 
-0.775000 -61.393755 
-0.800000 -61.393755 
-0.825000 -55.695901 
-0.850000 -61.393755 
-0.875000 -63.293039 
-0.900000 -65.192324 
-0.925000 -74.688747 
-0.950000 -78.487316 
-0.975000 -80.386601 
-1.000000 -78.487316 
-1.025000 -78.487316 
-1.050000 -86.084455 
-1.075000 -91.782309 
-1.100000 -95.580878 
-1.125000 -99.379448 
-1.150000 -97.480163 
-1.175000 -101.278732 
-1.200000 -105.077302 
-1.225000 -108.875871 
-1.250000 -112.674440 
-1.275000 -112.674440 
-1.300000 -118.372294 
-1.325000 -144.962280 
-1.350000 -116.473010 
-1.375000 -129.768002 
-1.400000 -148.760849 
-1.425000 -133.566572 
-1.450000 -133.566572 
-1.475000 -163.955126 
-1.500000 -139.264426 
-1.525000 -146.861564 
-1.550000 -148.760849 
-1.575000 -148.760849 
-1.600000 -150.660134 
-1.625000 -152.559418 
-1.650000 -143.062995 
-1.675000 -143.062995 
-1.700000 -160.156557 
-1.725000 -165.854411 
-1.750000 -154.458703 
-1.775000 -167.753696 
-1.800000 -167.753696 
-1.825000 -169.652980 
-1.850000 -173.451550 
-1.875000 -179.149404 
-1.900000 -188.645827 
-1.925000 -181.048688 
-1.950000 -179.149404 
-1.975000 -194.343681 
-2.000000 -190.545112 
-2.025000 -194.343681 
-2.050000 -200.041535 
-2.075000 -192.444396 
-2.100000 -192.444396 
-2.125000 -200.041535 
-2.150000 -205.739389 
-2.175000 -209.537958 
-2.200000 -209.537958 
-2.225000 -198.142250 
-2.250000 -205.739389 
-2.275000 -213.336528 
-2.300000 -215.235812 
-2.325000 -215.235812 
-2.350000 -222.832951 
-2.375000 -224.732236 
-2.400000 -238.027228 
-2.425000 -230.430090 
-2.450000 -238.027228 
-2.475000 -253.221506 
-2.500000 -241.825798 
-2.475000 -247.523652 
-2.450000 -253.221506 
-2.425000 -255.120790 
-2.400000 -270.315068 
-2.375000 -260.818644 
-2.350000 -274.113637 
-2.325000 -260.818644 
-2.300000 -270.315068 
-2.275000 -262.717929 
-2.250000 -257.020075 
-2.225000 -268.415783 
-2.200000 -258.919360 
-2.175000 -266.516498 
-2.150000 -253.221506 
-2.125000 -260.818644 
-2.100000 -260.818644 
-2.075000 -253.221506 
-2.050000 -274.113637 
-2.025000 -264.617214 
-2.000000 -260.818644 
-1.975000 -264.617214 
-1.950000 -264.617214 
-1.925000 -268.415783 
-1.900000 -245.624367 
-1.875000 -262.717929 
-1.850000 -253.221506 
-1.825000 -245.624367 
-1.800000 -251.322221 
-1.775000 -247.523652 
-1.750000 -251.322221 
-1.725000 -234.228659 
-1.700000 -243.725082 
-1.675000 -230.430090 
-1.650000 -236.127944 
-1.625000 -238.027228 
-1.600000 -228.530805 
-1.575000 -226.631520 
-1.550000 -222.832951 
-1.525000 -230.430090 
-1.500000 -213.336528 
-1.475000 -211.437243 
-1.450000 -220.933666 
-1.425000 -211.437243 
-1.400000 -194.343681 
-1.375000 -211.437243 
-1.350000 -205.739389 
-1.325000 -196.242966 
-1.300000 -207.638674 
-1.275000 -194.343681 
-1.250000 -190.545112 
-1.225000 -186.746542 
-1.200000 -190.545112 
-1.175000 -194.343681 
-1.150000 -181.048688 
-1.125000 -175.350834 
-1.100000 -167.753696 
-1.075000 -181.048688 
-1.050000 -173.451550 
-1.025000 -173.451550 
-1.000000 -175.350834 
-0.975000 -167.753696 
-0.950000 -158.257272 
-0.925000 -154.458703 
-0.900000 -158.257272 
-0.875000 -160.156557 
-0.850000 -154.458703 
-0.825000 -148.760849 
-0.800000 -150.660134 
-0.775000 -150.660134 
-0.750000 -141.163710 
-0.725000 -135.465856 
-0.700000 -143.062995 
-0.675000 -135.465856 
-0.650000 -129.768002 
-0.625000 -125.969433 
-0.600000 -127.868718 
-0.575000 -131.667287 
-0.550000 -133.566572 
-0.525000 -127.868718 
-0.500000 -122.170864 
-0.475000 -122.170864 
-0.450000 -118.372294 
-0.425000 -118.372294 
-0.400000 -116.473010 
-0.375000 -108.875871 
-0.350000 -103.178017 
-0.325000 -112.674440 
-0.300000 -110.775156 
-0.275000 -106.976586 
-0.250000 -103.178017 
-0.225000 -91.782309 
-0.200000 -89.883024 
-0.175000 -93.681594 
-0.150000 -82.285886 
-0.125000 -74.688747 
-0.100000 -76.588032 
-0.075000 -68.990893 
-0.050000 -61.393755 
-0.025000 -61.393755 
0.000000 -61.393755 
0.025000 -51.897331 
0.050000 -51.897331 
0.075000 -48.098762 
0.100000 -36.703054 
0.125000 -27.206631 
0.150000 -17.710207 
0.175000 -15.810923 
0.200000 -6.314499 
0.225000 -2.515930 
0.250000 -0.616645 
0.275000 10.779063 
0.300000 8.879778 
0.325000 14.577632 
0.350000 22.174771 
0.375000 33.570479 
0.400000 35.469763 
0.425000 35.469763 
0.450000 44.966187 
0.475000 44.966187 
0.500000 39.268333 
0.525000 48.764756 
0.550000 50.664041 
0.575000 54.462610 
0.600000 48.764756 
0.625000 60.160464 
0.650000 62.059749 
0.675000 58.261179 
0.700000 56.361895 
0.725000 62.059749 
0.750000 65.858318 
0.775000 63.959033 
0.800000 67.757603 
0.825000 73.455457 
0.850000 81.052595 
0.875000 81.052595 
0.900000 81.052595 
0.925000 82.951880 
0.950000 75.354741 
0.975000 82.951880 
1.000000 79.153311 
1.025000 86.750449 
1.050000 100.045442 
1.075000 92.448303 
1.100000 100.045442 
1.125000 105.743296 
1.150000 107.642581 
1.175000 107.642581 
1.200000 105.743296 
1.225000 109.541865 
1.250000 117.139004 
1.275000 113.340435 
1.300000 120.937573 
1.325000 122.836858 
1.350000 119.038289 
1.375000 126.635427 
1.400000 126.635427 
1.425000 128.534712 
1.450000 141.829705 
1.475000 138.031135 
1.500000 138.031135 
1.525000 138.031135 
1.550000 151.326128 
1.575000 147.527558 
1.600000 153.225412 
1.625000 151.326128 
1.650000 151.326128 
1.675000 157.023982 
1.700000 158.923266 
1.725000 164.621120 
1.750000 164.621120 
1.775000 166.520405 
1.800000 168.419690 
1.825000 179.815398 
1.850000 176.016828 
1.875000 185.513252 
1.900000 177.916113 
1.925000 196.908960 
1.950000 191.211106 
1.975000 181.714682 
2.000000 191.211106 
2.025000 198.808244 
2.050000 198.808244 
2.075000 210.203952 
2.100000 204.506098 
2.125000 196.908960 
2.150000 212.103237 
2.175000 204.506098 
2.200000 200.707529 
2.225000 227.297514 
2.250000 219.700376 
2.275000 210.203952 
2.300000 234.894653 
2.325000 225.398230 
2.350000 223.498945 
2.375000 234.894653 
2.400000 231.096084 
2.425000 229.196799 
2.450000 236.793938 
2.475000 248.189646 
2.500000 251.988215 
2.475000 238.693222 
2.450000 244.391076 
2.425000 244.391076 
2.400000 246.290361 
2.375000 250.088930 
2.350000 250.088930 
2.325000 251.988215 
2.300000 251.988215 
2.275000 250.088930 
2.250000 261.484638 
2.225000 257.686069 
2.200000 251.988215 
2.175000 253.887500 
2.150000 251.988215 
2.125000 257.686069 
2.100000 259.585354 
2.075000 257.686069 
2.050000 251.988215 
2.025000 257.686069 
2.000000 250.088930 
1.975000 246.290361 
1.950000 257.686069 
1.925000 248.189646 
1.900000 246.290361 
1.875000 250.088930 
1.850000 253.887500 
1.825000 248.189646 
1.800000 244.391076 
1.775000 248.189646 
1.750000 240.592507 
1.725000 246.290361 
1.700000 242.491792 
1.675000 244.391076 
1.650000 229.196799 
1.625000 225.398230 
1.600000 234.894653 
1.575000 229.196799 
1.550000 223.498945 
1.525000 227.297514 
1.500000 217.801091 
1.475000 219.700376 
1.450000 217.801091 
1.425000 214.002522 
1.400000 221.599660 
1.375000 217.801091 
1.350000 204.506098 
1.325000 210.203952 
1.300000 210.203952 
1.275000 204.506098 
1.250000 225.398230 
1.225000 202.606814 
1.200000 198.808244 
1.175000 206.405383 
1.150000 189.311821 
1.125000 187.412536 
1.100000 202.606814 
1.075000 198.808244 
1.050000 181.714682 
1.025000 179.815398 
1.000000 183.613967 
0.975000 181.714682 
0.950000 174.117544 
0.925000 179.815398 
0.900000 166.520405 
0.875000 162.721836 
0.850000 168.419690 
0.825000 170.318974 
0.800000 155.124697 
0.775000 160.822551 
0.750000 158.923266 
0.725000 143.728989 
0.700000 157.023982 
0.675000 153.225412 
0.650000 138.031135 
0.625000 143.728989 
0.600000 143.728989 
0.575000 130.433997 
0.550000 139.930420 
0.525000 138.031135 
0.500000 130.433997 
0.475000 132.333281 
0.450000 132.333281 
0.425000 132.333281 
0.400000 126.635427 
0.375000 117.139004 
0.350000 120.937573 
0.325000 109.541865 
0.300000 115.239719 
0.275000 113.340435 
0.250000 113.340435 
0.225000 105.743296 
0.200000 98.146157 
0.175000 105.743296 
0.150000 100.045442 
0.125000 92.448303 
0.100000 92.448303 
0.075000 84.851165 
0.050000 88.649734 
0.025000 81.052595 
-0.000000 82.951880 
-0.025000 75.354741 
-0.050000 75.354741 
-0.075000 65.858318 
-0.100000 77.254026 
-0.125000 54.462610 
-0.150000 43.066902 
-0.175000 39.268333 
-0.200000 14.577632 
-0.225000 -13.911638 
-0.250000 -12.012353 
-0.275000 -23.408061 
-0.300000 -31.005200 
-0.325000 -29.105915 
-0.350000 -21.508777 
-0.375000 -31.005200 
-0.400000 -27.206631 
-0.425000 -31.005200 
-0.450000 -40.501623 
-0.475000 -31.005200 
-0.500000 -31.005200 
-0.525000 -44.300193 
-0.550000 -38.602339 
-0.575000 -36.703054 
-0.600000 -46.199477 
-0.625000 -46.199477 
-0.650000 -48.098762 
-0.675000 -48.098762 
-0.700000 -53.796616 
-0.725000 -53.796616 
-0.750000 -55.695901 
-0.775000 -68.990893 
-0.800000 -67.091609 
-0.825000 -61.393755 
-0.850000 -76.588032 
-0.875000 -68.990893 
-0.900000 -67.091609 
-0.925000 -74.688747 
-0.950000 -78.487316 
-0.975000 -80.386601 
-1.000000 -82.285886 
-1.025000 -86.084455 
-1.050000 -89.883024 
-1.075000 -87.983740 
-1.100000 -93.681594 
-1.125000 -93.681594 
-1.150000 -91.782309 
-1.175000 -97.480163 
-1.200000 -101.278732 
-1.225000 -103.178017 
-1.250000 -108.875871 
-1.275000 -99.379448 
-1.300000 -112.674440 
-1.325000 -120.271579 
-1.350000 -114.573725 
-1.375000 -122.170864 
-1.400000 -124.070148 
-1.425000 -125.969433 
-1.450000 -141.163710 
-1.475000 -135.465856 
-1.500000 -137.365141 
-1.525000 -133.566572 
-1.550000 -143.062995 
-1.575000 -146.861564 
-1.600000 -135.465856 
-1.625000 -150.660134 
-1.650000 -160.156557 
-1.675000 -150.660134 
-1.700000 -163.955126 
-1.725000 -163.955126 
-1.750000 -160.156557 
-1.775000 -173.451550 
-1.800000 -160.156557 
-1.825000 -158.257272 
-1.850000 -198.142250 
-1.875000 -165.854411 
-1.900000 -169.652980 
-1.925000 -181.048688 
-1.950000 -169.652980 
-1.975000 -182.947973 
-2.000000 -184.847258 
-2.025000 -192.444396 
-2.050000 -188.645827 
-2.075000 -182.947973 
-2.100000 -200.041535 
-2.125000 -201.940820 
-2.150000 -196.242966 
-2.175000 -209.537958 
-2.200000 -203.840104 
-2.225000 -207.638674 
-2.250000 -211.437243 
-2.275000 -213.336528 
-2.300000 -220.933666 
-2.325000 -220.933666 
-2.350000 -213.336528 
-2.375000 -222.832951 
-2.400000 -228.530805 
-2.425000 -232.329374 
-2.450000 -228.530805 
-2.475000 -234.228659 
-2.500000 -230.430090 
-2.475000 -255.120790 
-2.450000 -245.624367 
-2.425000 -251.322221 
-2.400000 -257.020075 
-2.375000 -243.725082 
-2.350000 -257.020075 
-2.325000 -260.818644 
-2.300000 -291.207199 
-2.275000 -258.919360 
-2.250000 -272.214352 
-2.225000 -268.415783 
-2.200000 -260.818644 
-2.175000 -268.415783 
-2.150000 -255.120790 
-2.125000 -260.818644 
-2.100000 -257.020075 
-2.075000 -270.315068 
-2.050000 -260.818644 
-2.025000 -257.020075 
-2.000000 -260.818644 
-1.975000 -257.020075 
-1.950000 -260.818644 
-1.925000 -260.818644 
-1.900000 -257.020075 
-1.875000 -249.422936 
-1.850000 -251.322221 
-1.825000 -266.516498 
-1.800000 -249.422936 
-1.775000 -255.120790 
-1.750000 -249.422936 
-1.725000 -241.825798 
-1.700000 -243.725082 
-1.675000 -238.027228 
-1.650000 -239.926513 
-1.625000 -226.631520 
-1.600000 -234.228659 
-1.575000 -238.027228 
-1.550000 -224.732236 
-1.525000 -232.329374 
-1.500000 -213.336528 
-1.475000 -220.933666 
-1.450000 -226.631520 
-1.425000 -205.739389 
-1.400000 -213.336528 
-1.375000 -205.739389 
-1.350000 -198.142250 
-1.325000 -205.739389 
-1.300000 -198.142250 
-1.275000 -186.746542 
-1.250000 -194.343681 
-1.225000 -186.746542 
-1.200000 -190.545112 
-1.175000 -182.947973 
-1.150000 -190.545112 
-1.125000 -173.451550 
-1.100000 -175.350834 
-1.075000 -182.947973 
-1.050000 -192.444396 
-1.025000 -173.451550 
-1.000000 -173.451550 
-0.975000 -165.854411 
-0.950000 -154.458703 
-0.925000 -169.652980 
-0.900000 -167.753696 
-0.875000 -154.458703 
-0.850000 -154.458703 
-0.825000 -150.660134 
-0.800000 -146.861564 
-0.775000 -146.861564 
-0.750000 -143.062995 
-0.725000 -144.962280 
-0.700000 -143.062995 
-0.675000 -131.667287 
-0.650000 -133.566572 
-0.625000 -127.868718 
-0.600000 -112.674440 
-0.575000 -120.271579 
-0.550000 -122.170864 
-0.525000 -112.674440 
-0.500000 -124.070148 
-0.475000 -114.573725 
-0.450000 -105.077302 
-0.425000 -106.976586 
-0.400000 -105.077302 
-0.375000 -97.480163 
-0.350000 -105.077302 
-0.325000 -108.875871 
-0.300000 -103.178017 
-0.275000 -87.983740 
-0.250000 -93.681594 
-0.225000 -87.983740 
-0.200000 -78.487316 
-0.175000 -87.983740 
-0.150000 -87.983740 
-0.125000 -67.091609 
-0.100000 -78.487316 
-0.075000 -78.487316 
-0.050000 -63.293039 
-0.025000 -78.487316 
0.000000 -61.393755 
0.025000 -57.595185 
0.050000 -53.796616 
0.075000 -46.199477 
0.100000 -38.602339 
0.125000 -29.105915 
0.150000 -25.307346 
0.175000 -13.911638 
0.200000 -0.616645 
0.225000 -0.616645 
0.250000 12.678347 
0.275000 6.980493 
0.300000 1.282639 
0.325000 8.879778 
0.350000 6.980493 
0.375000 5.081209 
0.400000 22.174771 
0.425000 37.369048 
0.450000 37.369048 
0.475000 37.369048 
0.500000 44.966187 
0.525000 39.268333 
0.550000 43.066902 
0.575000 58.261179 
0.600000 43.066902 
0.625000 48.764756 
0.650000 50.664041 
0.675000 60.160464 
0.700000 52.563325 
0.725000 54.462610 
0.750000 65.858318 
0.775000 56.361895 
0.800000 62.059749 
0.825000 60.160464 
0.850000 62.059749 
0.875000 71.556172 
0.900000 75.354741 
0.925000 75.354741 
0.950000 79.153311 
0.975000 75.354741 
1.000000 75.354741 
1.025000 84.851165 
1.050000 88.649734 
1.075000 90.549019 
1.100000 92.448303 
1.125000 94.347588 
1.150000 105.743296 
1.175000 92.448303 
1.200000 98.146157 
1.225000 105.743296 
1.250000 115.239719 
1.275000 113.340435 
1.300000 107.642581 
1.325000 117.139004 
1.350000 120.937573 
1.375000 115.239719 
1.400000 130.433997 
1.425000 128.534712 
1.450000 124.736143 
1.475000 128.534712 
1.500000 136.131851 
1.525000 141.829705 
1.550000 138.031135 
1.575000 138.031135 
1.600000 151.326128 
1.625000 145.628274 
1.650000 147.527558 
1.675000 160.822551 
1.700000 158.923266 
1.725000 164.621120 
1.750000 168.419690 
1.775000 164.621120 
1.800000 174.117544 
1.825000 183.613967 
1.850000 174.117544 
1.875000 176.016828 
1.900000 187.412536 
1.925000 183.613967 
1.950000 195.009675 
1.975000 196.908960 
2.000000 185.513252 
2.025000 191.211106 
2.050000 200.707529 
2.075000 195.009675 
2.100000 195.009675 
2.125000 212.103237 
2.150000 206.405383 
2.175000 198.808244 
2.200000 219.700376 
2.225000 214.002522 
2.250000 214.002522 
2.275000 231.096084 
2.300000 221.599660 
2.325000 221.599660 
2.350000 229.196799 
2.375000 227.297514 
2.400000 231.096084 
2.425000 231.096084 
2.450000 240.592507 
2.475000 236.793938 
2.500000 240.592507 
2.475000 242.491792 
2.450000 242.491792 
2.425000 246.290361 
2.400000 250.088930 
2.375000 246.290361 
2.350000 257.686069 
2.325000 255.786784 
2.300000 248.189646 
2.275000 257.686069 
2.250000 255.786784 
2.225000 259.585354 
2.200000 257.686069 
2.175000 267.182492 
2.150000 259.585354 
2.125000 251.988215 
2.100000 259.585354 
2.075000 250.088930 
2.050000 255.786784 
2.025000 257.686069 
2.000000 257.686069 
1.975000 251.988215 
1.950000 255.786784 
1.925000 255.786784 
1.900000 248.189646 
1.875000 250.088930 
1.850000 244.391076 
1.825000 255.786784 
1.800000 244.391076 
1.775000 250.088930 
1.750000 248.189646 
1.725000 236.793938 
1.700000 246.290361 
1.675000 231.096084 
1.650000 229.196799 
1.625000 231.096084 
1.600000 232.995368 
1.575000 217.801091 
1.550000 229.196799 
1.525000 227.297514 
1.500000 227.297514 
1.475000 231.096084 
1.450000 215.901806 
1.425000 219.700376 
1.400000 217.801091 
1.375000 223.498945 
1.350000 217.801091 
1.325000 212.103237 
1.300000 208.304668 
1.275000 206.405383 
1.250000 202.606814 
1.225000 204.506098 
1.200000 210.203952 
1.175000 198.808244 
1.150000 198.808244 
1.125000 191.211106 
1.100000 191.211106 
1.075000 187.412536 
1.050000 183.613967 
1.025000 172.218259 
1.000000 177.916113 
0.975000 181.714682 
0.950000 164.621120 
0.925000 172.218259 
0.900000 168.419690 
0.875000 172.218259 
0.850000 164.621120 
0.825000 168.419690 
0.800000 162.721836 
0.775000 155.124697 
0.750000 166.520405 
0.725000 155.124697 
0.700000 151.326128 
0.675000 155.124697 
0.650000 153.225412 
0.625000 141.829705 
0.600000 147.527558 
0.575000 149.426843 
0.550000 141.829705 
0.525000 132.333281 
0.500000 134.232566 
0.475000 139.930420 
0.450000 130.433997 
0.425000 124.736143 
0.400000 117.139004 
0.375000 124.736143 
0.350000 119.038289 
0.325000 105.743296 
0.300000 115.239719 
0.275000 115.239719 
0.250000 105.743296 
0.225000 103.844011 
0.200000 109.541865 
0.175000 94.347588 
0.150000 88.649734 
0.125000 84.851165 
0.100000 90.549019 
0.075000 90.549019 
0.050000 84.851165 
0.025000 75.354741 
-0.000000 75.354741 
-0.025000 73.455457 
-0.050000 65.858318 
-0.075000 63.959033 
-0.100000 50.664041 
-0.125000 52.563325 
-0.150000 44.966187 
-0.175000 33.570479 
-0.200000 24.074055 
-0.225000 3.181924 
-0.250000 -15.810923 
-0.275000 -19.609492 
-0.300000 -25.307346 
-0.325000 -12.012353 
-0.350000 -25.307346 
-0.375000 -31.005200 
-0.400000 -32.904485 
-0.425000 -38.602339 
-0.450000 -36.703054 
-0.475000 -38.602339 
-0.500000 -36.703054 
-0.525000 -32.904485 
-0.550000 -36.703054 
-0.575000 -38.602339 
-0.600000 -46.199477 
-0.625000 -46.199477 
-0.650000 -49.998047 
-0.675000 -59.494470 
-0.700000 -53.796616 
-0.725000 -51.897331 
-0.750000 -49.998047 
-0.775000 -63.293039 
-0.800000 -63.293039 
-0.825000 -55.695901 
-0.850000 -70.890178 
-0.875000 -68.990893 
-0.900000 -67.091609 
-0.925000 -82.285886 
-0.950000 -76.588032 
-0.975000 -80.386601 
-1.000000 -82.285886 
-1.025000 -80.386601 
-1.050000 -89.883024 
-1.075000 -91.782309 
-1.100000 -89.883024 
-1.125000 -93.681594 
-1.150000 -99.379448 
-1.175000 -97.480163 
-1.200000 -103.178017 
-1.225000 -120.271579 
-1.250000 -108.875871 
-1.275000 -108.875871 
-1.300000 -105.077302 
-1.325000 -114.573725 
-1.350000 -114.573725 
-1.375000 -116.473010 
-1.400000 -122.170864 
-1.425000 -127.868718 
-1.450000 -135.465856 
-1.475000 -127.868718 
-1.500000 -141.163710 
-1.525000 -141.163710 
-1.550000 -135.465856 
-1.575000 -146.861564 
-1.600000 -146.861564 
-1.625000 -158.257272 
-1.650000 -158.257272 
-1.675000 -150.660134 
-1.700000 -158.257272 
-1.725000 -173.451550 
-1.750000 -163.955126 
-1.775000 -173.451550 
-1.800000 -173.451550 
-1.825000 -177.250119 
-1.850000 -184.847258 
-1.875000 -179.149404 
-1.900000 -179.149404 
-1.925000 -184.847258 
-1.950000 -184.847258 
-1.975000 -196.242966 
-2.000000 -190.545112 
-2.025000 -184.847258 
-2.050000 -196.242966 
-2.075000 -198.142250 
-2.100000 -200.041535 
-2.125000 -207.638674 
-2.150000 -203.840104 
-2.175000 -203.840104 
-2.200000 -215.235812 
-2.225000 -215.235812 
-2.250000 -224.732236 
-2.275000 -219.034382 
-2.300000 -222.832951 
-2.325000 -217.135097 
-2.350000 -224.732236 
-2.375000 -230.430090 
-2.400000 -241.825798 
-2.425000 -232.329374 
-2.450000 -220.933666 
-2.475000 -243.725082 
-2.500000 -243.725082 
-2.475000 -236.127944 
-2.450000 -249.422936 
-2.425000 -245.624367 
-2.400000 -255.120790 
-2.375000 -257.020075 
-2.350000 -258.919360 
-2.325000 -264.617214 
-2.300000 -257.020075 
-2.275000 -262.717929 
-2.250000 -264.617214 
-2.225000 -277.912206 
-2.200000 -264.617214 
-2.175000 -276.012922 
-2.150000 -260.818644 
-2.125000 -270.315068 
-2.100000 -270.315068 
-2.075000 -258.919360 
-2.050000 -255.120790 
-2.025000 -260.818644 
-2.000000 -264.617214 
-1.975000 -251.322221 
-1.950000 -264.617214 
-1.925000 -258.919360 
-1.900000 -260.818644 
-1.875000 -266.516498 
-1.850000 -253.221506 
-1.825000 -276.012922 
-1.800000 -257.020075 
-1.775000 -243.725082 
-1.750000 -260.818644 
-1.725000 -251.322221 
-1.700000 -249.422936 
-1.675000 -239.926513 
-1.650000 -245.624367 
-1.625000 -239.926513 
-1.600000 -234.228659 
-1.575000 -236.127944 
-1.550000 -222.832951 
-1.525000 -228.530805 
-1.500000 -226.631520 
-1.475000 -226.631520 
-1.450000 -222.832951 
-1.425000 -219.034382 
-1.400000 -217.135097 
-1.375000 -211.437243 
-1.350000 -209.537958 
-1.325000 -217.135097 
-1.300000 -203.840104 
-1.275000 -196.242966 
-1.250000 -203.840104 
-1.225000 -198.142250 
-1.200000 -181.048688 
-1.175000 -184.847258 
-1.150000 -182.947973 
-1.125000 -175.350834 
-1.100000 -179.149404 
-1.075000 -184.847258 
-1.050000 -167.753696 
-1.025000 -169.652980 
-1.000000 -179.149404 
-0.975000 -167.753696 
-0.950000 -181.048688 
-0.925000 -163.955126 
-0.900000 -160.156557 
-0.875000 -165.854411 
-0.850000 -160.156557 
-0.825000 -156.357988 
-0.800000 -158.257272 
-0.775000 -154.458703 
-0.750000 -148.760849 
-0.725000 -152.559418 
-0.700000 -143.062995 
-0.675000 -137.365141 
-0.650000 -137.365141 
-0.625000 -139.264426 
-0.600000 -129.768002 
-0.575000 -124.070148 
-0.550000 -127.868718 
-0.525000 -124.070148 
-0.500000 -118.372294 
-0.475000 -120.271579 
-0.450000 -116.473010 
-0.425000 -112.674440 
-0.400000 -112.674440 
-0.375000 -112.674440 
-0.350000 -112.674440 
-0.325000 -101.278732 
-0.300000 -105.077302 
-0.275000 -95.580878 
-0.250000 -97.480163 
-0.225000 -89.883024 
-0.200000 -89.883024 
-0.175000 -86.084455 
-0.150000 -84.185170 
-0.125000 -89.883024 
-0.100000 -78.487316 
-0.075000 -82.285886 
-0.050000 -78.487316 
-0.025000 -63.293039 
0.000000 -67.091609 
0.025000 -63.293039 
0.050000 -49.998047 
0.075000 -44.300193 
0.100000 -40.501623 
0.125000 -13.911638 
0.150000 -12.012353 
0.175000 -0.616645 
0.200000 8.879778 
0.225000 1.282639 
0.250000 3.181924 
0.275000 14.577632 
0.300000 -2.515930 
0.325000 6.980493 
0.350000 -0.616645 
0.375000 6.980493 
0.400000 6.980493 
0.425000 12.678347 
0.450000 31.671194 
0.475000 39.268333 
0.500000 44.966187 
0.525000 39.268333 
0.550000 35.469763 
0.575000 39.268333 
0.600000 48.764756 
0.625000 48.764756 
0.650000 52.563325 
0.675000 54.462610 
0.700000 62.059749 
0.725000 54.462610 
0.750000 60.160464 
0.775000 63.959033 
0.800000 52.563325 
0.825000 65.858318 
0.850000 73.455457 
0.875000 60.160464 
0.900000 67.757603 
0.925000 79.153311 
0.950000 84.851165 
0.975000 77.254026 
1.000000 90.549019 
1.025000 92.448303 
1.050000 100.045442 
1.075000 96.246873 
1.100000 92.448303 
1.125000 92.448303 
1.150000 105.743296 
1.175000 103.844011 
1.200000 98.146157 
1.225000 113.340435 
1.250000 105.743296 
1.275000 107.642581 
1.300000 119.038289 
1.325000 122.836858 
1.350000 119.038289 
1.375000 124.736143 
1.400000 120.937573 
1.425000 130.433997 
1.450000 130.433997 
1.475000 134.232566 
1.500000 130.433997 
1.525000 139.930420 
1.550000 139.930420 
1.575000 134.232566 
1.600000 145.628274 
1.625000 153.225412 
1.650000 172.218259 
1.675000 157.023982 
1.700000 153.225412 
1.725000 189.311821 
1.750000 168.419690 
1.775000 170.318974 
1.800000 164.621120 
1.825000 181.714682 
1.850000 183.613967 
1.875000 176.016828 
1.900000 187.412536 
1.925000 183.613967 
1.950000 187.412536 
1.975000 183.613967 
2.000000 191.211106 
2.025000 189.311821 
2.050000 189.311821 
2.075000 202.606814 
2.100000 202.606814 
2.125000 200.707529 
2.150000 215.901806 
2.175000 214.002522 
2.200000 212.103237 
2.225000 215.901806 
2.250000 217.801091 
2.275000 215.901806 
2.300000 215.901806 
2.325000 223.498945 
2.350000 232.995368 
2.375000 229.196799 
2.400000 229.196799 
2.425000 238.693222 
2.450000 232.995368 
2.475000 244.391076 
2.500000 246.290361 
2.475000 238.693222 
2.450000 250.088930 
2.425000 246.290361 
2.400000 255.786784 
2.375000 255.786784 
2.350000 248.189646 
2.325000 255.786784 
2.300000 255.786784 
2.275000 250.088930 
2.250000 265.283208 
2.225000 253.887500 
2.200000 263.383923 
2.175000 255.786784 
2.150000 265.283208 
2.125000 251.988215 
2.100000 227.297514 
2.075000 257.686069 
2.050000 250.088930 
2.025000 257.686069 
2.000000 244.391076 
1.975000 255.786784 
1.950000 236.793938 
1.925000 251.988215 
1.900000 257.686069 
1.875000 244.391076 
1.850000 257.686069 
1.825000 250.088930 
1.800000 250.088930 
1.775000 240.592507 
1.750000 229.196799 
1.725000 244.391076 
1.700000 232.995368 
1.675000 229.196799 
1.650000 238.693222 
1.625000 225.398230 
1.600000 223.498945 
1.575000 231.096084 
1.550000 223.498945 
1.525000 236.793938 
1.500000 223.498945 
1.475000 219.700376 
1.450000 227.297514 
1.425000 223.498945 
1.400000 227.297514 
1.375000 219.700376 
1.350000 217.801091 
1.325000 217.801091 
1.300000 210.203952 
1.275000 202.606814 
1.250000 219.700376 
1.225000 198.808244 
1.200000 198.808244 
1.175000 196.908960 
1.150000 193.110390 
1.125000 198.808244 
1.100000 189.311821 
1.075000 181.714682 
1.050000 187.412536 
1.025000 191.211106 
1.000000 183.613967 
0.975000 179.815398 
0.950000 174.117544 
0.925000 170.318974 
0.900000 179.815398 
0.875000 176.016828 
0.850000 174.117544 
0.825000 158.923266 
0.800000 164.621120 
0.775000 160.822551 
0.750000 155.124697 
0.725000 160.822551 
0.700000 157.023982 
0.675000 158.923266 
0.650000 160.822551 
0.625000 151.326128 
0.600000 151.326128 
0.575000 145.628274 
0.550000 143.728989 
0.525000 138.031135 
0.500000 138.031135 
0.475000 130.433997 
0.450000 130.433997 
0.425000 119.038289 
0.400000 128.534712 
0.375000 117.139004 
0.350000 111.441150 
0.325000 115.239719 
0.300000 109.541865 
0.275000 109.541865 
0.250000 109.541865 
0.225000 96.246873 
0.200000 100.045442 
0.175000 94.347588 
0.150000 90.549019 
0.125000 88.649734 
0.100000 81.052595 
0.075000 79.153311 
0.050000 92.448303 
0.025000 86.750449 
-0.000000 84.851165 
-0.025000 75.354741 
-0.050000 75.354741 
-0.075000 65.858318 
-0.100000 62.059749 
-0.125000 52.563325 
-0.150000 46.865471 
-0.175000 35.469763 
-0.200000 8.879778 
-0.225000 -15.810923 
-0.250000 -17.710207 
-0.275000 -27.206631 
-0.300000 -23.408061 
-0.325000 -29.105915 
-0.350000 -29.105915 
-0.375000 -21.508777 
-0.400000 -34.803769 
-0.425000 -32.904485 
-0.450000 -27.206631 
-0.475000 -34.803769 
-0.500000 -38.602339 
-0.525000 -34.803769 
-0.550000 -44.300193 
-0.575000 -42.400908 
-0.600000 -48.098762 
-0.625000 -42.400908 
-0.650000 -46.199477 
-0.675000 -55.695901 
-0.700000 -51.897331 
-0.725000 -55.695901 
-0.750000 -59.494470 
-0.775000 -51.897331 
-0.800000 -68.990893 
-0.825000 -72.789462 
-0.850000 -68.990893 
-0.875000 -68.990893 
-0.900000 -80.386601 
-0.925000 -72.789462 
-0.950000 -67.091609 
-0.975000 -82.285886 
-1.000000 -89.883024 
-1.025000 -82.285886 
-1.050000 -89.883024 
-1.075000 -91.782309 
-1.100000 -87.983740 
-1.125000 -86.084455 
-1.150000 -97.480163 
-1.175000 -97.480163 
-1.200000 -93.681594 
-1.225000 -105.077302 
-1.250000 -103.178017 
-1.275000 -108.875871 
-1.300000 -141.163710 
-1.325000 -108.875871 
-1.350000 -114.573725 
-1.375000 -112.674440 
-1.400000 -120.271579 
-1.425000 -116.473010 
-1.450000 -118.372294 
-1.475000 -129.768002 
-1.500000 -129.768002 
-1.525000 -133.566572 
-1.550000 -135.465856 
-1.575000 -137.365141 
-1.600000 -137.365141 
-1.625000 -144.962280 
-1.650000 -148.760849 
-1.675000 -160.156557 
-1.700000 -160.156557 
-1.725000 -167.753696 
-1.750000 -160.156557 
-1.775000 -152.559418 
-1.800000 -181.048688 
-1.825000 -173.451550 
-1.850000 -169.652980 
-1.875000 -179.149404 
-1.900000 -173.451550 
-1.925000 -179.149404 
-1.950000 -177.250119 
-1.975000 -182.947973 
-2.000000 -175.350834 
-2.025000 -184.847258 
-2.050000 -188.645827 
-2.075000 -190.545112 
-2.100000 -194.343681 
-2.125000 -196.242966 
-2.150000 -194.343681 
-2.175000 -203.840104 
-2.200000 -213.336528 
-2.225000 -211.437243 
-2.250000 -209.537958 
-2.275000 -211.437243 
-2.300000 -217.135097 
-2.325000 -224.732236 
-2.350000 -222.832951 
-2.375000 -215.235812 
-2.400000 -234.228659 
-2.425000 -232.329374 
-2.450000 -224.732236 
-2.475000 -238.027228 
-2.500000 -226.631520 
-2.475000 -241.825798 
-2.450000 -245.624367 
-2.425000 -241.825798 
-2.400000 -249.422936 
-2.375000 -249.422936 
-2.350000 -247.523652 
-2.325000 -258.919360 
-2.300000 -258.919360 
-2.275000 -260.818644 
-2.250000 -262.717929 
-2.225000 -257.020075 
-2.200000 -272.214352 
-2.175000 -264.617214 
-2.150000 -270.315068 
-2.125000 -260.818644 
-2.100000 -268.415783 
-2.075000 -262.717929 
-2.050000 -274.113637 
-2.025000 -249.422936 
-2.000000 -257.020075 
-1.975000 -257.020075 
-1.950000 -243.725082 
-1.925000 -258.919360 
-1.900000 -245.624367 
-1.875000 -245.624367 
-1.850000 -253.221506 
-1.825000 -241.825798 
-1.800000 -257.020075 
-1.775000 -245.624367 
-1.750000 -249.422936 
-1.725000 -251.322221 
-1.700000 -238.027228 
-1.675000 -245.624367 
-1.650000 -243.725082 
-1.625000 -249.422936 
-1.600000 -238.027228 
-1.575000 -236.127944 
-1.550000 -238.027228 
-1.525000 -226.631520 
-1.500000 -222.832951 
-1.475000 -226.631520 
-1.450000 -211.437243 
-1.425000 -219.034382 
-1.400000 -219.034382 
-1.375000 -224.732236 
-1.350000 -213.336528 
-1.325000 -205.739389 
-1.300000 -213.336528 
-1.275000 -203.840104 
-1.250000 -190.545112 
-1.225000 -198.142250 
-1.200000 -194.343681 
-1.175000 -181.048688 
-1.150000 -196.242966 
-1.125000 -188.645827 
-1.100000 -181.048688 
-1.075000 -171.552265 
-1.050000 -169.652980 
-1.025000 -169.652980 
-1.000000 -169.652980 
-0.975000 -167.753696 
-0.950000 -160.156557 
-0.925000 -156.357988 
-0.900000 -158.257272 
-0.875000 -156.357988 
-0.850000 -154.458703 
-0.825000 -152.559418 
-0.800000 -150.660134 
-0.775000 -152.559418 
-0.750000 -143.062995 
-0.725000 -141.163710 
-0.700000 -131.667287 
-0.675000 -144.962280 
-0.650000 -135.465856 
-0.625000 -131.667287 
-0.600000 -127.868718 
-0.575000 -127.868718 
-0.550000 -127.868718 
-0.525000 -124.070148 
-0.500000 -120.271579 
-0.475000 -116.473010 
-0.450000 -118.372294 
-0.425000 -108.875871 
-0.400000 -99.379448 
-0.375000 -105.077302 
-0.350000 -91.782309 
-0.325000 -93.681594 
-0.300000 -99.379448 
-0.275000 -82.285886 
-0.250000 -87.983740 
-0.225000 -78.487316 
-0.200000 -78.487316 
-0.175000 -93.681594 
-0.150000 -80.386601 
-0.125000 -74.688747 
-0.100000 -68.990893 
-0.075000 -68.990893 
-0.050000 -63.293039 
-0.025000 -57.595185 
0.000000 -57.595185 
0.025000 -53.796616 
0.050000 -46.199477 
0.075000 -38.602339 
0.100000 -34.803769 
0.125000 -13.911638 
0.150000 -0.616645 
0.175000 6.980493 
0.200000 5.081209 
0.225000 3.181924 
0.250000 -0.616645 
0.275000 -0.616645 
0.300000 5.081209 
0.325000 6.980493 
0.350000 8.879778 
0.375000 -2.515930 
0.400000 1.282639 
0.425000 14.577632 
0.450000 29.771909 
0.475000 33.570479 
0.500000 44.966187 
0.525000 43.066902 
0.550000 43.066902 
0.575000 46.865471 
0.600000 48.764756 
0.625000 54.462610 
0.650000 58.261179 
0.675000 52.563325 
0.700000 62.059749 
0.725000 63.959033 
0.750000 63.959033 
0.775000 58.261179 
0.800000 54.462610 
0.825000 60.160464 
0.850000 65.858318 
0.875000 65.858318 
0.900000 73.455457 
0.925000 67.757603 
0.950000 71.556172 
0.975000 79.153311 
1.000000 84.851165 
1.025000 88.649734 
1.050000 84.851165 
1.075000 88.649734 
1.100000 90.549019 
1.125000 92.448303 
1.150000 92.448303 
1.175000 100.045442 
1.200000 103.844011 
1.225000 111.441150 
1.250000 109.541865 
1.275000 109.541865 
1.300000 119.038289 
1.325000 117.139004 
1.350000 117.139004 
1.375000 134.232566 
1.400000 130.433997 
1.425000 128.534712 
1.450000 134.232566 
1.475000 141.829705 
1.500000 141.829705 
1.525000 143.728989 
1.550000 141.829705 
1.575000 155.124697 
1.600000 147.527558 
1.625000 149.426843 
1.650000 153.225412 
1.675000 158.923266 
1.700000 166.520405 
1.725000 164.621120 
1.750000 170.318974 
1.775000 166.520405 
1.800000 176.016828 
1.825000 176.016828 
1.850000 174.117544 
1.875000 174.117544 
1.900000 177.916113 
1.925000 187.412536 
1.950000 189.311821 
1.975000 191.211106 
2.000000 196.908960 
2.025000 196.908960 
2.050000 196.908960 
2.075000 212.103237 
2.100000 204.506098 
2.125000 202.606814 
2.150000 214.002522 
2.175000 206.405383 
2.200000 214.002522 
2.225000 221.599660 
2.250000 217.801091 
2.275000 208.304668 
2.300000 229.196799 
2.325000 225.398230 
2.350000 225.398230 
2.375000 227.297514 
2.400000 225.398230 
2.425000 223.498945 
2.450000 236.793938 
2.475000 227.297514 
2.500000 238.693222 
2.475000 246.290361 
2.450000 242.491792 
2.425000 250.088930 
2.400000 250.088930 
2.375000 246.290361 
2.350000 248.189646 
2.325000 257.686069 
2.300000 257.686069 
2.275000 251.988215 
2.250000 259.585354 
2.225000 261.484638 
2.200000 255.786784 
2.175000 263.383923 
2.150000 259.585354 
2.125000 267.182492 
2.100000 253.887500 
2.075000 263.383923 
2.050000 257.686069 
2.025000 251.988215 
2.000000 259.585354 
1.975000 251.988215 
1.950000 259.585354 
1.925000 255.786784 
1.900000 257.686069 
1.875000 242.491792 
1.850000 238.693222 
1.825000 242.491792 
1.800000 244.391076 
1.775000 250.088930 
1.750000 242.491792 
1.725000 248.189646 
1.700000 242.491792 
1.675000 240.592507 
1.650000 242.491792 
1.625000 229.196799 
1.600000 236.793938 
1.575000 236.793938 
1.550000 238.693222 
1.525000 238.693222 
1.500000 238.693222 
1.475000 240.592507 
1.450000 223.498945 
1.425000 219.700376 
1.400000 229.196799 
1.375000 227.297514 
1.350000 221.599660 
1.325000 225.398230 
1.300000 210.203952 
1.275000 212.103237 
1.250000 214.002522 
1.225000 206.405383 
1.200000 206.405383 
1.175000 198.808244 
1.150000 198.808244 
1.125000 198.808244 
1.100000 200.707529 
1.075000 196.908960 
1.050000 195.009675 
1.025000 198.808244 
1.000000 185.513252 
0.975000 189.311821 
0.950000 185.513252 
0.925000 181.714682 
0.900000 191.211106 
0.875000 185.513252 
0.850000 181.714682 
0.825000 179.815398 
0.800000 170.318974 
0.775000 170.318974 
0.750000 168.419690 
0.725000 166.520405 
0.700000 158.923266 
0.675000 149.426843 
0.650000 153.225412 
0.625000 153.225412 
0.600000 153.225412 
0.575000 153.225412 
0.550000 145.628274 
0.525000 141.829705 
0.500000 139.930420 
0.475000 143.728989 
0.450000 130.433997 
0.425000 138.031135 
0.400000 134.232566 
0.375000 138.031135 
0.350000 128.534712 
0.325000 120.937573 
0.300000 126.635427 
0.275000 115.239719 
0.250000 113.340435 
0.225000 113.340435 
0.200000 101.944727 
0.175000 101.944727 
0.150000 113.340435 
0.125000 103.844011 
0.100000 100.045442 
0.075000 98.146157 
0.050000 94.347588 
0.025000 90.549019 
-0.000000 86.750449 
-0.025000 73.455457 
-0.050000 69.656887 
-0.075000 67.757603 
-0.100000 63.959033 
-0.125000 58.261179 
-0.150000 50.664041 
-0.175000 46.865471 
-0.200000 18.376201 
-0.225000 -6.314499 
-0.250000 -15.810923 
-0.275000 -27.206631 
-0.300000 -31.005200 
-0.325000 -23.408061 
-0.350000 -29.105915 
-0.375000 -31.005200 
-0.400000 -25.307346 
-0.425000 -36.703054 
-0.450000 -38.602339 
-0.475000 -44.300193 
-0.500000 -31.005200 
-0.525000 -36.703054 
-0.550000 -42.400908 
-0.575000 -32.904485 
-0.600000 -42.400908 
-0.625000 -51.897331 
-0.650000 -44.300193 
-0.675000 -48.098762 
-0.700000 -48.098762 
-0.725000 -49.998047 
-0.750000 -55.695901 
-0.775000 -53.796616 
-0.800000 -59.494470 
-0.825000 -63.293039 
-0.850000 -63.293039 
-0.875000 -72.789462 
-0.900000 -63.293039 
-0.925000 -65.192324 
-0.950000 -68.990893 
-0.975000 -67.091609 
-1.000000 -78.487316 
-1.025000 -87.983740 
-1.050000 -87.983740 
-1.075000 -93.681594 
-1.100000 -93.681594 
-1.125000 -93.681594 
-1.150000 -101.278732 
-1.175000 -106.976586 
-1.200000 -106.976586 
-1.225000 -99.379448 
-1.250000 -112.674440 
-1.275000 -110.775156 
-1.300000 -135.465856 
-1.325000 -120.271579 
-1.350000 -127.868718 
-1.375000 -124.070148 
-1.400000 -127.868718 
-1.425000 -135.465856 
-1.450000 -135.465856 
-1.475000 -135.465856 
-1.500000 -129.768002 
-1.525000 -135.465856 
-1.550000 -144.962280 
-1.575000 -144.962280 
-1.600000 -150.660134 
-1.625000 -141.163710 
-1.650000 -144.962280 
-1.675000 -156.357988 
-1.700000 -150.660134 
-1.725000 -150.660134 
-1.750000 -165.854411 
-1.775000 -169.652980 
-1.800000 -167.753696 
-1.825000 -169.652980 
-1.850000 -175.350834 
-1.875000 -179.149404 
-1.900000 -175.350834 
-1.925000 -188.645827 
-1.950000 -181.048688 
-1.975000 -192.444396 
-2.000000 -181.048688 
-2.025000 -198.142250 
-2.050000 -198.142250 
-2.075000 -188.645827 
-2.100000 -190.545112 
-2.125000 -201.940820 
-2.150000 -205.739389 
-2.175000 -203.840104 
-2.200000 -196.242966 
-2.225000 -207.638674 
-2.250000 -215.235812 
-2.275000 -211.437243 
-2.300000 -222.832951 
-2.325000 -209.537958 
-2.350000 -222.832951 
-2.375000 -236.127944 
-2.400000 -228.530805 
-2.425000 -230.430090 
-2.450000 -234.228659 
-2.475000 -234.228659 
-2.500000 -245.624367 
-2.475000 -245.624367 
-2.450000 -234.228659 
-2.425000 -253.221506 
-2.400000 -247.523652 
-2.375000 -251.322221 
-2.350000 -253.221506 
-2.325000 -247.523652 
-2.300000 -257.020075 
-2.275000 -249.422936 
-2.250000 -255.120790 
-2.225000 -260.818644 
-2.200000 -255.120790 
-2.175000 -262.717929 
-2.150000 -260.818644 
-2.125000 -266.516498 
-2.100000 -258.919360 
-2.075000 -249.422936 
-2.050000 -266.516498 
-2.025000 -264.617214 
-2.000000 -257.020075 
-1.975000 -264.617214 
-1.950000 -272.214352 
-1.925000 -251.322221 
-1.900000 -262.717929 
-1.875000 -251.322221 
-1.850000 -247.523652 
-1.825000 -258.919360 
-1.800000 -241.825798 
-1.775000 -253.221506 
-1.750000 -234.228659 
-1.725000 -243.725082 
-1.700000 -243.725082 
-1.675000 -239.926513 
-1.650000 -247.523652 
-1.625000 -236.127944 
-1.600000 -236.127944 
-1.575000 -270.315068 
-1.550000 -234.228659 
-1.525000 -241.825798 
-1.500000 -234.228659 
-1.475000 -234.228659 
-1.450000 -236.127944 
-1.425000 -215.235812 
-1.400000 -226.631520 
-1.375000 -213.336528 
-1.350000 -213.336528 
-1.325000 -211.437243 
-1.300000 -198.142250 
-1.275000 -205.739389 
-1.250000 -200.041535 
-1.225000 -198.142250 
-1.200000 -203.840104 
-1.175000 -181.048688 
-1.150000 -175.350834 
-1.125000 -198.142250 
-1.100000 -190.545112 
-1.075000 -177.250119 
-1.050000 -186.746542 
-1.025000 -181.048688 
-1.000000 -163.955126 
-0.975000 -165.854411 
-0.950000 -165.854411 
-0.925000 -154.458703 
-0.900000 -156.357988 
-0.875000 -154.458703 
-0.850000 -158.257272 
-0.825000 -152.559418 
-0.800000 -135.465856 
-0.775000 -139.264426 
-0.750000 -150.660134 
-0.725000 -144.962280 
-0.700000 -137.365141 
-0.675000 -129.768002 
-0.650000 -139.264426 
-0.625000 -135.465856 
-0.600000 -127.868718 
-0.575000 -127.868718 
-0.550000 -124.070148 
-0.525000 -125.969433 
-0.500000 -118.372294 
-0.475000 -108.875871 
-0.450000 -116.473010 
-0.425000 -108.875871 
-0.400000 -114.573725 
-0.375000 -106.976586 
-0.350000 -125.969433 
-0.325000 -97.480163 
-0.300000 -89.883024 
-0.275000 -97.480163 
-0.250000 -97.480163 
-0.225000 -89.883024 
-0.200000 -89.883024 
-0.175000 -78.487316 
-0.150000 -78.487316 
-0.125000 -68.990893 
-0.100000 -67.091609 
-0.075000 -74.688747 
-0.050000 -59.494470 
-0.025000 -57.595185 
