0.000000 -68.990893 
0.095000 -72.789462 
0.190000 -63.293039 
0.285000 -49.998047 
0.380000 -38.602339 
0.475000 -27.206631 
0.570000 -13.911638 
0.665000 -0.616645 
0.760000 8.879778 
0.855000 -6.314499 
0.950000 3.181924 
1.045000 22.174771 
1.140000 43.066902 
1.235000 52.563325 
1.330000 62.059749 
1.425000 75.354741 
1.520000 75.354741 
1.615000 84.851165 
1.710000 100.045442 
1.805000 98.146157 
1.900000 113.340435 
1.995000 132.333281 
2.090000 138.031135 
2.185000 136.131851 
2.280000 153.225412 
2.375000 149.426843 
2.470000 164.621120 
2.435000 176.016828 
2.340000 183.613967 
2.245000 189.311821 
2.150000 200.707529 
2.055000 206.405383 
1.960000 200.707529 
1.865000 196.908960 
1.770000 206.405383 
1.675000 204.506098 
1.580000 200.707529 
1.485000 200.707529 
1.390000 191.211106 
1.295000 196.908960 
1.200000 212.103237 
1.105000 206.405383 
1.010000 198.808244 
0.915000 196.908960 
0.820000 196.908960 
0.725000 185.513252 
0.630000 191.211106 
0.535000 181.714682 
0.440000 189.311821 
0.345000 181.714682 
0.250000 176.016828 
0.155000 172.218259 
0.060000 170.318974 
-0.035000 166.520405 
-0.130000 149.426843 
-0.225000 155.124697 
-0.320000 139.930420 
-0.415000 134.232566 
-0.510000 86.750449 
-0.605000 24.074055 
-0.700000 -8.213784 
-0.795000 -8.213784 
-0.890000 -36.703054 
-0.985000 -48.098762 
-1.080000 -51.897331 
-1.175000 -57.595185 
-1.270000 -61.393755 
-1.365000 -55.695901 
-1.460000 -67.091609 
-1.555000 -76.588032 
-1.650000 -93.681594 
-1.745000 -105.077302 
-1.840000 -114.573725 
-1.935000 -120.271579 
-2.030000 -124.070148 
-2.125000 -127.868718 
-2.220000 -150.660134 
-2.315000 -158.257272 
-2.410000 -173.451550 
-2.495000 -179.149404 
-2.400000 -181.048688 
-2.305000 -196.242966 
-2.210000 -205.739389 
-2.115000 -207.638674 
-2.020000 -196.242966 
-1.925000 -196.242966 
-1.830000 -213.336528 
-1.735000 -200.041535 
-1.640000 -205.739389 
-1.545000 -209.537958 
-1.450000 -200.041535 
-1.355000 -200.041535 
-1.260000 -196.242966 
-1.165000 -188.645827 
-1.070000 -200.041535 
-0.975000 -196.242966 
-0.880000 -179.149404 
-0.785000 -181.048688 
-0.690000 -184.847258 
-0.595000 -181.048688 
-0.500000 -167.753696 
-0.405000 -169.652980 
-0.310000 -158.257272 
-0.215000 -148.760849 
-0.120000 -143.062995 
-0.025000 -150.660134 
0.070000 -137.365141 
0.165000 -135.465856 
0.260000 -114.573725 
0.355000 -97.480163 
0.450000 -86.084455 
0.545000 -59.494470 
0.640000 -48.098762 
0.735000 -13.911638 
0.830000 12.678347 
0.925000 37.369048 
1.020000 43.066902 
1.115000 48.764756 
1.210000 58.261179 
1.305000 67.757603 
1.400000 73.455457 
1.495000 79.153311 
1.590000 92.448303 
1.685000 101.944727 
1.780000 103.844011 
1.875000 109.541865 
1.970000 122.836858 
2.065000 124.736143 
2.160000 136.131851 
2.255000 143.728989 
2.350000 157.023982 
2.445000 162.721836 
2.460000 174.117544 
2.365000 187.412536 
2.270000 191.211106 
2.175000 202.606814 
2.080000 206.405383 
1.985000 204.506098 
1.890000 202.606814 
1.795000 206.405383 
1.700000 204.506098 
1.605000 204.506098 
1.510000 200.707529 
1.415000 200.707529 
1.320000 206.405383 
1.225000 212.103237 
1.130000 202.606814 
1.035000 196.908960 
0.940000 196.908960 
0.845000 191.211106 
0.750000 195.009675 
0.655000 198.808244 
0.560000 193.110390 
0.465000 181.714682 
0.370000 177.916113 
0.275000 179.815398 
0.180000 170.318974 
0.085000 162.721836 
-0.010000 166.520405 
-0.105000 158.923266 
-0.200000 151.326128 
-0.295000 143.728989 
-0.390000 130.433997 
-0.485000 84.851165 
-0.580000 27.872625 
-0.675000 -12.012353 
-0.770000 -13.911638 
-0.865000 -32.904485 
-0.960000 -86.084455 
-1.055000 -51.897331 
-1.150000 -57.595185 
-1.245000 -59.494470 
-1.340000 -68.990893 
-1.435000 -63.293039 
-1.530000 -76.588032 
-1.625000 -93.681594 
-1.720000 -97.480163 
-1.815000 -106.976586 
-1.910000 -114.573725 
-2.005000 -120.271579 
-2.100000 -129.768002 
-2.195000 -146.861564 
-2.290000 -165.854411 
-2.385000 -163.955126 
-2.480000 -173.451550 
-2.425000 -188.645827 
-2.330000 -194.343681 
-2.235000 -192.444396 
-2.140000 -211.437243 
-2.045000 -211.437243 
-1.950000 -201.940820 
-1.855000 -201.940820 
-1.760000 -211.437243 
-1.665000 -209.537958 
-1.570000 -213.336528 
-1.475000 -211.437243 
-1.380000 -205.739389 
-1.285000 -211.437243 
-1.190000 -196.242966 
-1.095000 -196.242966 
-1.000000 -198.142250 
-0.905000 -186.746542 
-0.810000 -177.250119 
-0.715000 -188.645827 
-0.620000 -184.847258 
-0.525000 -182.947973 
-0.430000 -169.652980 
-0.335000 -165.854411 
-0.240000 -163.955126 
-0.145000 -167.753696 
-0.050000 -144.962280 
0.045000 -143.062995 
0.140000 -141.163710 
0.235000 -127.868718 
0.330000 -103.178017 
0.425000 -95.580878 
0.520000 -82.285886 
0.615000 -59.494470 
0.710000 -55.695901 
0.805000 -8.213784 
0.900000 31.671194 
0.995000 39.268333 
1.090000 44.966187 
1.185000 48.764756 
1.280000 58.261179 
1.375000 69.656887 
1.470000 73.455457 
1.565000 79.153311 
1.660000 101.944727 
1.755000 101.944727 
1.850000 107.642581 
1.945000 128.534712 
2.040000 128.534712 
2.135000 136.131851 
2.230000 153.225412 
2.325000 157.023982 
2.420000 166.520405 
2.485000 174.117544 
2.390000 185.513252 
2.295000 191.211106 
2.200000 195.009675 
2.105000 210.203952 
2.010000 200.707529 
1.915000 198.808244 
1.820000 217.801091 
1.725000 202.606814 
1.630000 204.506098 
1.535000 221.599660 
1.440000 198.808244 
1.345000 187.412536 
1.250000 214.002522 
1.155000 206.405383 
1.060000 198.808244 
0.965000 196.908960 
0.870000 200.707529 
0.775000 193.110390 
0.680000 196.908960 
0.585000 189.311821 
0.490000 187.412536 
0.395000 183.613967 
0.300000 183.613967 
0.205000 176.016828 
0.110000 164.621120 
0.015000 164.621120 
-0.080000 162.721836 
-0.175000 157.023982 
-0.270000 143.728989 
-0.365000 143.728989 
-0.460000 119.038289 
-0.555000 62.059749 
-0.650000 18.376201 
-0.745000 -10.113069 
-0.840000 -17.710207 
-0.935000 -38.602339 
-1.030000 -57.595185 
-1.125000 -61.393755 
-1.220000 -61.393755 
-1.315000 -68.990893 
-1.410000 -72.789462 
-1.505000 -76.588032 
-1.600000 -93.681594 
-1.695000 -99.379448 
-1.790000 -105.077302 
-1.885000 -112.674440 
-1.980000 -122.170864 
-2.075000 -129.768002 
-2.170000 -144.962280 
-2.265000 -143.062995 
-2.360000 -167.753696 
-2.455000 -179.149404 
-2.450000 -182.947973 
-2.355000 -190.545112 
-2.260000 -196.242966 
-2.165000 -226.631520 
-2.070000 -219.034382 
-1.975000 -205.739389 
-1.880000 -203.840104 
-1.785000 -209.537958 
-1.690000 -211.437243 
-1.595000 -211.437243 
-1.500000 -220.933666 
-1.405000 -198.142250 
-1.310000 -205.739389 
-1.215000 -205.739389 
-1.120000 -198.142250 
-1.025000 -192.444396 
-0.930000 -194.343681 
-0.835000 -181.048688 
-0.740000 -177.250119 
-0.645000 -186.746542 
-0.550000 -171.552265 
-0.455000 -167.753696 
-0.360000 -160.156557 
-0.265000 -156.357988 
-0.170000 -144.962280 
-0.075000 -143.062995 
0.020000 -150.660134 
0.115000 -141.163710 
0.210000 -129.768002 
0.305000 -116.473010 
0.400000 -103.178017 
0.495000 -86.084455 
0.590000 -68.990893 
0.685000 -55.695901 
0.780000 -0.616645 
0.875000 18.376201 
0.970000 35.469763 
1.065000 43.066902 
1.160000 60.160464 
1.255000 62.059749 
1.350000 63.959033 
1.445000 75.354741 
1.540000 84.851165 
1.635000 94.347588 
1.730000 71.556172 
1.825000 105.743296 
1.920000 117.139004 
2.015000 94.347588 
2.110000 128.534712 
2.205000 136.131851 
2.300000 145.628274 
2.395000 151.326128 
2.490000 170.318974 
2.415000 174.117544 
2.320000 191.211106 
2.225000 195.009675 
2.130000 196.908960 
2.035000 202.606814 
1.940000 204.506098 
1.845000 204.506098 
1.750000 208.304668 
1.655000 206.405383 
1.560000 206.405383 
1.465000 206.405383 
1.370000 200.707529 
1.275000 210.203952 
1.180000 204.506098 
1.085000 195.009675 
0.990000 200.707529 
0.895000 195.009675 
0.800000 193.110390 
0.705000 198.808244 
0.610000 185.513252 
0.515000 193.110390 
0.420000 189.311821 
0.325000 183.613967 
0.230000 176.016828 
0.135000 176.016828 
0.040000 164.621120 
-0.055000 160.822551 
-0.150000 157.023982 
-0.245000 143.728989 
-0.340000 124.736143 
-0.435000 130.433997 
-0.530000 75.354741 
-0.625000 20.275486 
-0.720000 -0.616645 
-0.815000 -6.314499 
-0.910000 -38.602339 
-1.005000 -48.098762 
-1.100000 -57.595185 
-1.195000 -57.595185 
-1.290000 -67.091609 
-1.385000 -70.890178 
-1.480000 -68.990893 
-1.575000 -80.386601 
-1.670000 -87.983740 
-1.765000 -105.077302 
-1.860000 -116.473010 
-1.955000 -124.070148 
-2.050000 -131.667287 
-2.145000 -133.566572 
-2.240000 -154.458703 
-2.335000 -160.156557 
-2.430000 -163.955126 
-2.475000 -181.048688 
-2.380000 -186.746542 
-2.285000 -196.242966 
-2.190000 -203.840104 
-2.095000 -211.437243 
-2.000000 -215.235812 
-1.905000 -205.739389 
-1.810000 -209.537958 
-1.715000 -241.825798 
-1.620000 -207.638674 
-1.525000 -211.437243 
-1.430000 -211.437243 
-1.335000 -200.041535 
-1.240000 -205.739389 
-1.145000 -200.041535 
-1.050000 -198.142250 
-0.955000 -200.041535 
-0.860000 -186.746542 
-0.765000 -182.947973 
-0.670000 -181.048688 
-0.575000 -177.250119 
-0.480000 -175.350834 
-0.385000 -169.652980 
-0.290000 -167.753696 
-0.195000 -158.257272 
-0.100000 -144.962280 
-0.005000 -143.062995 
0.090000 -143.062995 
0.185000 -139.264426 
0.280000 -122.170864 
0.375000 -106.976586 
0.470000 -91.782309 
0.565000 -72.789462 
0.660000 -44.300193 
0.755000 -6.314499 
0.850000 24.074055 
0.945000 33.570479 
1.040000 43.066902 
1.135000 58.261179 
1.230000 60.160464 
1.325000 69.656887 
1.420000 77.254026 
1.515000 90.549019 
1.610000 96.246873 
1.705000 100.045442 
1.800000 100.045442 
1.895000 115.239719 
1.990000 119.038289 
2.085000 138.031135 
2.180000 136.131851 
2.275000 143.728989 
2.370000 162.721836 
2.465000 176.016828 
2.440000 183.613967 
2.345000 185.513252 
2.250000 198.808244 
2.155000 206.405383 
2.060000 206.405383 
1.965000 198.808244 
1.870000 210.203952 
1.775000 198.808244 
1.680000 198.808244 
1.585000 214.002522 
1.490000 198.808244 
1.395000 198.808244 
1.300000 215.901806 
1.205000 200.707529 
1.110000 200.707529 
1.015000 202.606814 
0.920000 193.110390 
0.825000 196.908960 
0.730000 198.808244 
0.635000 196.908960 
0.540000 183.613967 
0.445000 193.110390 
0.350000 183.613967 
0.255000 183.613967 
0.160000 174.117544 
0.065000 166.520405 
-0.030000 160.822551 
-0.125000 155.124697 
-0.220000 145.628274 
-0.315000 145.628274 
-0.410000 128.534712 
-0.505000 75.354741 
-0.600000 24.074055 
-0.695000 3.181924 
-0.790000 -21.508777 
-0.885000 -29.105915 
-0.980000 -42.400908 
-1.075000 -51.897331 
-1.170000 -59.494470 
-1.265000 -67.091609 
-1.360000 -67.091609 
-1.455000 -76.588032 
-1.550000 -76.588032 
-1.645000 -97.480163 
-1.740000 -99.379448 
-1.835000 -105.077302 
-1.930000 -118.372294 
-2.025000 -124.070148 
-2.120000 -129.768002 
-2.215000 -148.760849 
-2.310000 -163.955126 
-2.405000 -175.350834 
-2.500000 -179.149404 
-2.405000 -184.847258 
-2.310000 -198.142250 
-2.215000 -200.041535 
-2.120000 -205.739389 
-2.025000 -213.336528 
-1.930000 -224.732236 
-1.835000 -203.840104 
-1.740000 -213.336528 
-1.645000 -215.235812 
-1.550000 -203.840104 
-1.455000 -217.135097 
-1.360000 -200.041535 
-1.265000 -207.638674 
-1.170000 -198.142250 
-1.075000 -200.041535 
-0.980000 -198.142250 
-0.885000 -192.444396 
-0.790000 -182.947973 
-0.695000 -175.350834 
-0.600000 -181.048688 
-0.505000 -179.149404 
-0.410000 -169.652980 
-0.315000 -165.854411 
-0.220000 -158.257272 
-0.125000 -152.559418 
-0.030000 -141.163710 
0.065000 -152.559418 
0.160000 -139.264426 
0.255000 -122.170864 
0.350000 -108.875871 
0.445000 -101.278732 
0.540000 -84.185170 
0.635000 -57.595185 
0.730000 -10.113069 
0.825000 16.476917 
0.920000 25.973340 
1.015000 41.167617 
1.110000 44.966187 
1.205000 52.563325 
1.300000 56.361895 
1.395000 73.455457 
1.490000 82.951880 
1.585000 90.549019 
1.680000 98.146157 
1.775000 107.642581 
1.870000 113.340435 
1.965000 120.937573 
2.060000 128.534712 
2.155000 128.534712 
2.250000 143.728989 
2.345000 151.326128 
2.440000 164.621120 
2.465000 170.318974 
2.370000 191.211106 
2.275000 196.908960 
2.180000 204.506098 
2.085000 200.707529 
1.990000 206.405383 
1.895000 204.506098 
1.800000 202.606814 
1.705000 204.506098 
1.610000 204.506098 
1.515000 206.405383 
1.420000 206.405383 
1.325000 215.901806 
1.230000 198.808244 
1.135000 198.808244 
1.040000 200.707529 
0.945000 200.707529 
0.850000 191.211106 
0.755000 204.506098 
0.660000 198.808244 
0.565000 185.513252 
0.470000 195.009675 
0.375000 185.513252 
0.280000 181.714682 
0.185000 172.218259 
0.090000 176.016828 
-0.005000 166.520405 
-0.100000 162.721836 
-0.195000 157.023982 
-0.290000 149.426843 
-0.385000 134.232566 
-0.480000 90.549019 
-0.575000 29.771909 
-0.670000 1.282639 
-0.765000 -19.609492 
-0.860000 -34.803769 
-0.955000 -82.285886 
-1.050000 -59.494470 
-1.145000 -61.393755 
-1.240000 -103.178017 
-1.335000 -68.990893 
-1.430000 -76.588032 
-1.525000 -80.386601 
-1.620000 -82.285886 
-1.715000 -105.077302 
-1.810000 -112.674440 
-1.905000 -112.674440 
-2.000000 -122.170864 
-2.095000 -135.465856 
-2.190000 -139.264426 
-2.285000 -156.357988 
-2.380000 -173.451550 
-2.475000 -171.552265 
-2.430000 -188.645827 
-2.335000 -201.940820 
-2.240000 -201.940820 
-2.145000 -200.041535 
-2.050000 -213.336528 
-1.955000 -209.537958 
-1.860000 -209.537958 
-1.765000 -220.933666 
-1.670000 -215.235812 
-1.575000 -203.840104 
-1.480000 -220.933666 
-1.385000 -211.437243 
-1.290000 -201.940820 
-1.195000 -203.840104 
-1.100000 -200.041535 
-1.005000 -188.645827 
-0.910000 -196.242966 
-0.815000 -192.444396 
-0.720000 -179.149404 
-0.625000 -177.250119 
-0.530000 -182.947973 
-0.435000 -177.250119 
-0.340000 -165.854411 
-0.245000 -156.357988 
-0.150000 -150.660134 
-0.055000 -148.760849 
0.040000 -146.861564 
0.135000 -143.062995 
0.230000 -135.465856 
0.325000 -112.674440 
0.420000 -97.480163 
0.515000 -89.883024 
0.610000 -68.990893 
0.705000 -40.501623 
0.800000 -10.113069 
0.895000 20.275486 
0.990000 37.369048 
1.085000 46.865471 
1.180000 54.462610 
1.275000 62.059749 
1.370000 79.153311 
1.465000 75.354741 
1.560000 82.951880 
1.655000 90.549019 
1.750000 101.944727 
1.845000 103.844011 
1.940000 120.937573 
2.035000 130.433997 
2.130000 138.031135 
2.225000 138.031135 
2.320000 153.225412 
2.415000 164.621120 
2.490000 174.117544 
2.395000 179.815398 
2.300000 191.211106 
2.205000 212.103237 
2.110000 198.808244 
2.015000 198.808244 
1.920000 206.405383 
1.825000 210.203952 
1.730000 198.808244 
1.635000 208.304668 
1.540000 210.203952 
1.445000 202.606814 
1.350000 204.506098 
1.255000 214.002522 
1.160000 200.707529 
1.065000 198.808244 
0.970000 198.808244 
0.875000 196.908960 
0.780000 200.707529 
0.685000 196.908960 
0.590000 191.211106 
0.495000 191.211106 
0.400000 191.211106 
0.305000 183.613967 
0.210000 176.016828 
0.115000 179.815398 
0.020000 160.822551 
-0.075000 155.124697 
-0.170000 158.923266 
-0.265000 155.124697 
-0.360000 136.131851 
-0.455000 119.038289 
-0.550000 60.160464 
-0.645000 12.678347 
-0.740000 -15.810923 
-0.835000 -21.508777 
-0.930000 -68.990893 
-1.025000 -53.796616 
-1.120000 -61.393755 
-1.215000 -51.897331 
-1.310000 -67.091609 
-1.405000 -72.789462 
-1.500000 -82.285886 
-1.595000 -91.782309 
-1.690000 -99.379448 
-1.785000 -91.782309 
-1.880000 -108.875871 
-1.975000 -122.170864 
-2.070000 -120.271579 
-2.165000 -139.264426 
-2.260000 -156.357988 
-2.355000 -160.156557 
-2.450000 -171.552265 
-2.455000 -177.250119 
-2.360000 -198.142250 
-2.265000 -200.041535 
-2.170000 -196.242966 
-2.075000 -213.336528 
-1.980000 -217.135097 
-1.885000 -200.041535 
-1.790000 -209.537958 
-1.695000 -211.437243 
-1.600000 -207.638674 
-1.505000 -207.638674 
-1.410000 -215.235812 
-1.315000 -196.242966 
-1.220000 -200.041535 
-1.125000 -201.940820 
-1.030000 -196.242966 
-0.935000 -184.847258 
-0.840000 -190.545112 
-0.745000 -179.149404 
-0.650000 -175.350834 
-0.555000 -182.947973 
-0.460000 -175.350834 
-0.365000 -163.955126 
-0.270000 -160.156557 
-0.175000 -162.055842 
-0.080000 -148.760849 
0.015000 -135.465856 
0.110000 -143.062995 
0.205000 -131.667287 
0.300000 -122.170864 
0.395000 -112.674440 
0.490000 -93.681594 
0.585000 -67.091609 
0.680000 -42.400908 
0.775000 6.980493 
0.870000 24.074055 
0.965000 22.174771 
1.060000 46.865471 
1.155000 50.664041 
1.250000 62.059749 
1.345000 73.455457 
1.440000 82.951880 
1.535000 77.254026 
1.630000 94.347588 
1.725000 109.541865 
1.820000 103.844011 
1.915000 113.340435 
2.010000 124.736143 
2.105000 103.844011 
2.200000 139.930420 
2.295000 145.628274 
2.390000 160.822551 
2.485000 172.218259 
2.420000 177.916113 
2.325000 183.613967 
2.230000 200.707529 
2.135000 198.808244 
2.040000 202.606814 
1.945000 204.506098 
1.850000 215.901806 
1.755000 208.304668 
1.660000 206.405383 
1.565000 208.304668 
1.470000 204.506098 
1.375000 200.707529 
1.280000 208.304668 
1.185000 204.506098 
1.090000 202.606814 
0.995000 198.808244 
0.900000 198.808244 
0.805000 196.908960 
0.710000 198.808244 
0.615000 206.405383 
0.520000 191.211106 
0.425000 189.311821 
0.330000 183.613967 
0.235000 181.714682 
0.140000 168.419690 
0.045000 172.218259 
-0.050000 164.621120 
-0.145000 151.326128 
-0.240000 149.426843 
-0.335000 151.326128 
-0.430000 128.534712 
-0.525000 71.556172 
-0.620000 31.671194 
-0.715000 -8.213784 
-0.810000 -21.508777 
-0.905000 -36.703054 
-1.000000 -51.897331 
-1.095000 -57.595185 
-1.190000 -63.293039 
-1.285000 -61.393755 
-1.380000 -76.588032 
-1.475000 -70.890178 
-1.570000 -82.285886 
-1.665000 -87.983740 
-1.760000 -99.379448 
-1.855000 -106.976586 
-1.950000 -105.077302 
-2.045000 -131.667287 
-2.140000 -143.062995 
-2.235000 -144.962280 
-2.330000 -152.559418 
-2.425000 -179.149404 
-2.480000 -177.250119 
-2.385000 -181.048688 
-2.290000 -190.545112 
-2.195000 -205.739389 
-2.100000 -200.041535 
-2.005000 -209.537958 
-1.910000 -215.235812 
-1.815000 -200.041535 
-1.720000 -211.437243 
-1.625000 -205.739389 
-1.530000 -211.437243 
-1.435000 -213.336528 
-1.340000 -211.437243 
-1.245000 -205.739389 
-1.150000 -196.242966 
-1.055000 -198.142250 
-0.960000 -190.545112 
-0.865000 -182.947973 
-0.770000 -179.149404 
-0.675000 -175.350834 
-0.580000 -171.552265 
-0.485000 -169.652980 
-0.390000 -169.652980 
-0.295000 -165.854411 
-0.200000 -156.357988 
-0.105000 -146.861564 
-0.010000 -150.660134 
0.085000 -135.465856 
0.180000 -124.070148 
0.275000 -118.372294 
0.370000 -105.077302 
0.465000 -86.084455 
0.560000 -82.285886 
0.655000 -57.595185 
0.750000 -6.314499 
0.845000 14.577632 
0.940000 25.973340 
1.035000 37.369048 
1.130000 50.664041 
1.225000 54.462610 
1.320000 67.757603 
1.415000 71.556172 
1.510000 84.851165 
1.605000 86.750449 
1.700000 101.944727 
1.795000 105.743296 
1.890000 113.340435 
1.985000 115.239719 
2.080000 134.232566 
2.175000 136.131851 
2.270000 143.728989 
2.365000 166.520405 
2.460000 170.318974 
2.445000 179.815398 
2.350000 196.908960 
2.255000 193.110390 
2.160000 196.908960 
2.065000 204.506098 
1.970000 210.203952 
1.875000 198.808244 
1.780000 210.203952 
1.685000 210.203952 
1.590000 202.606814 
1.495000 214.002522 
1.400000 219.700376 
1.305000 206.405383 
1.210000 206.405383 
1.115000 202.606814 
1.020000 195.009675 
0.925000 202.606814 
0.830000 198.808244 
0.735000 193.110390 
0.640000 198.808244 
0.545000 198.808244 
0.450000 191.211106 
0.355000 181.714682 
0.260000 187.412536 
0.165000 176.016828 
0.070000 166.520405 
-0.025000 162.721836 
-0.120000 166.520405 
-0.215000 157.023982 
-0.310000 139.930420 
-0.405000 132.333281 
-0.500000 92.448303 
-0.595000 27.872625 
-0.690000 -4.415215 
-0.785000 -21.508777 
-0.880000 -32.904485 
-0.975000 -55.695901 
-1.070000 -51.897331 
-1.165000 -63.293039 
-1.260000 -63.293039 
-1.355000 -67.091609 
-1.450000 -63.293039 
-1.545000 -78.487316 
-1.640000 -89.883024 
-1.735000 -103.178017 
-1.830000 -105.077302 
-1.925000 -108.875871 
-2.020000 -120.271579 
-2.115000 -127.868718 
-2.210000 -148.760849 
-2.305000 -150.660134 
-2.400000 -162.055842 
-2.495000 -177.250119 
-2.410000 -190.545112 
-2.315000 -188.645827 
-2.220000 -196.242966 
-2.125000 -213.336528 
-2.030000 -203.840104 
-1.935000 -211.437243 
-1.840000 -222.832951 
-1.745000 -205.739389 
-1.650000 -209.537958 
-1.555000 -219.034382 
-1.460000 -220.933666 
-1.365000 -215.235812 
-1.270000 -232.329374 
-1.175000 -198.142250 
-1.080000 -205.739389 
-0.985000 -200.041535 
-0.890000 -192.444396 
-0.795000 -188.645827 
-0.700000 -182.947973 
-0.605000 -167.753696 
-0.510000 -165.854411 
-0.415000 -179.149404 
-0.320000 -169.652980 
-0.225000 -162.055842 
-0.130000 -156.357988 
-0.035000 -150.660134 
0.060000 -146.861564 
0.155000 -131.667287 
0.250000 -118.372294 
0.345000 -105.077302 
0.440000 -89.883024 
0.535000 -80.386601 
0.630000 -61.393755 
0.725000 -15.810923 
0.820000 16.476917 
0.915000 33.570479 
1.010000 43.066902 
1.105000 48.764756 
1.200000 54.462610 
1.295000 62.059749 
1.390000 69.656887 
1.485000 92.448303 
1.580000 79.153311 
1.675000 46.865471 
1.770000 105.743296 
1.865000 113.340435 
1.960000 124.736143 
2.055000 120.937573 
2.150000 130.433997 
2.245000 153.225412 
2.340000 155.124697 
2.435000 158.923266 
2.470000 170.318974 
2.375000 179.815398 
2.280000 193.110390 
2.185000 193.110390 
2.090000 198.808244 
1.995000 206.405383 
1.900000 198.808244 
1.805000 210.203952 
1.710000 206.405383 
1.615000 210.203952 
1.520000 212.103237 
1.425000 204.506098 
1.330000 210.203952 
1.235000 200.707529 
1.140000 206.405383 
1.045000 200.707529 
0.950000 198.808244 
0.855000 198.808244 
0.760000 193.110390 
0.665000 193.110390 
0.570000 185.513252 
0.475000 187.412536 
0.380000 181.714682 
0.285000 174.117544 
0.190000 174.117544 
0.095000 168.419690 
-0.000000 162.721836 
-0.095000 151.326128 
-0.190000 153.225412 
-0.285000 143.728989 
-0.380000 138.031135 
-0.475000 124.736143 
-0.570000 73.455457 
-0.665000 12.678347 
-0.760000 -8.213784 
-0.855000 -19.609492 
-0.950000 -36.703054 
-1.045000 -51.897331 
-1.140000 -55.695901 
-1.235000 -63.293039 
-1.330000 -76.588032 
-1.425000 -76.588032 
-1.520000 -76.588032 
-1.615000 -82.285886 
-1.710000 -120.271579 
-1.805000 -106.976586 
-1.900000 -106.976586 
-1.995000 -124.070148 
-2.090000 -129.768002 
-2.185000 -135.465856 
-2.280000 -158.257272 
-2.375000 -165.854411 
-2.470000 -173.451550 
-2.435000 -190.545112 
-2.340000 -194.343681 
-2.245000 -196.242966 
-2.150000 -203.840104 
-2.055000 -219.034382 
-1.960000 -215.235812 
-1.865000 -209.537958 
-1.770000 -219.034382 
-1.675000 -203.840104 
-1.580000 -207.638674 
-1.485000 -217.135097 
-1.390000 -207.638674 
-1.295000 -219.034382 
-1.200000 -219.034382 
-1.105000 -198.142250 
-1.010000 -203.840104 
-0.915000 -215.235812 
-0.820000 -186.746542 
-0.725000 -188.645827 
-0.630000 -173.451550 
-0.535000 -169.652980 
-0.440000 -163.955126 
-0.345000 -169.652980 
-0.250000 -165.854411 
-0.155000 -158.257272 
-0.060000 -144.962280 
0.035000 -144.962280 
0.130000 -137.365141 
0.225000 -125.969433 
0.320000 -116.473010 
0.415000 -99.379448 
0.510000 -82.285886 
0.605000 -70.890178 
0.700000 -49.998047 
0.795000 -12.012353 
0.890000 16.476917 
0.985000 31.671194 
1.080000 37.369048 
1.175000 56.361895 
1.270000 54.462610 
1.365000 65.858318 
1.460000 77.254026 
1.555000 86.750449 
1.650000 90.549019 
1.745000 103.844011 
1.840000 105.743296 
1.935000 113.340435 
2.030000 124.736143 
2.125000 136.131851 
2.220000 143.728989 
2.315000 158.923266 
2.410000 164.621120 
2.495000 168.419690 
2.400000 177.916113 
2.305000 187.412536 
2.210000 187.412536 
2.115000 198.808244 
2.020000 206.405383 
1.925000 196.908960 
1.830000 196.908960 
1.735000 206.405383 
1.640000 204.506098 
1.545000 214.002522 
1.450000 204.506098 
1.355000 200.707529 
1.260000 198.808244 
1.165000 198.808244 
1.070000 196.908960 
0.975000 202.606814 
0.880000 196.908960 
0.785000 196.908960 
0.690000 191.211106 
0.595000 187.412536 
0.500000 191.211106 
0.405000 189.311821 
0.310000 183.613967 
0.215000 174.117544 
0.120000 162.721836 
0.025000 162.721836 
-0.070000 157.023982 
-0.165000 153.225412 
-0.260000 143.728989 
-0.355000 138.031135 
-0.450000 117.139004 
-0.545000 77.254026 
-0.640000 16.476917 
-0.735000 -2.515930 
-0.830000 -12.012353 
-0.925000 -29.105915 
-1.020000 -51.897331 
-1.115000 -61.393755 
-1.210000 -59.494470 
-1.305000 -61.393755 
-1.400000 -67.091609 
-1.495000 -80.386601 
-1.590000 -80.386601 
-1.685000 -89.883024 
-1.780000 -114.573725 
-1.875000 -112.674440 
-1.970000 -122.170864 
-2.065000 -127.868718 
-2.160000 -135.465856 
-2.255000 -141.163710 
-2.350000 -165.854411 
-2.445000 -169.652980 
-2.460000 -181.048688 
-2.365000 -188.645827 
-2.270000 -203.840104 
-2.175000 -205.739389 
-2.080000 -209.537958 
-1.985000 -219.034382 
-1.890000 -211.437243 
-1.795000 -215.235812 
-1.700000 -209.537958 
-1.605000 -213.336528 
-1.510000 -211.437243 
-1.415000 -215.235812 
-1.320000 -217.135097 
-1.225000 -217.135097 
-1.130000 -200.041535 
-1.035000 -196.242966 
-0.940000 -198.142250 
-0.845000 -186.746542 
-0.750000 -184.847258 
-0.655000 -182.947973 
-0.560000 -173.451550 
-0.465000 -165.854411 
-0.370000 -167.753696 
-0.275000 -160.156557 
-0.180000 -154.458703 
-0.085000 -154.458703 
0.010000 -141.163710 
0.105000 -139.264426 
0.200000 -131.667287 
0.295000 -118.372294 
0.390000 -97.480163 
0.485000 -91.782309 
0.580000 -74.688747 
0.675000 -51.897331 
0.770000 -25.307346 
0.865000 8.879778 
0.960000 31.671194 
1.055000 39.268333 
1.150000 43.066902 
1.245000 58.261179 
1.340000 65.858318 
1.435000 77.254026 
1.530000 82.951880 
1.625000 98.146157 
1.720000 96.246873 
1.815000 111.441150 
1.910000 117.139004 
2.005000 120.937573 
2.100000 128.534712 
2.195000 147.527558 
2.290000 151.326128 
2.385000 160.822551 
2.480000 170.318974 
2.425000 181.714682 
2.330000 185.513252 
2.235000 189.311821 
2.140000 204.506098 
2.045000 198.808244 
1.950000 204.506098 
1.855000 195.009675 
1.760000 200.707529 
1.665000 206.405383 
1.570000 214.002522 
1.475000 206.405383 
1.380000 204.506098 
1.285000 206.405383 
1.190000 200.707529 
1.095000 200.707529 
1.000000 208.304668 
0.905000 200.707529 
0.810000 195.009675 
0.715000 198.808244 
0.620000 195.009675 
0.525000 191.211106 
0.430000 193.110390 
0.335000 179.815398 
0.240000 176.016828 
0.145000 176.016828 
0.050000 160.822551 
-0.045000 160.822551 
-0.140000 158.923266 
-0.235000 149.426843 
-0.330000 138.031135 
-0.425000 132.333281 
-0.520000 86.750449 
-0.615000 24.074055 
-0.710000 3.181924 
-0.805000 -21.508777 
-0.900000 -34.803769 
-0.995000 -53.796616 
-1.090000 -51.897331 
-1.185000 -57.595185 
-1.280000 -68.990893 
-1.375000 -70.890178 
-1.470000 -78.487316 
-1.565000 -76.588032 
-1.660000 -89.883024 
-1.755000 -99.379448 
-1.850000 -108.875871 
-1.945000 -105.077302 
-2.040000 -133.566572 
-2.135000 -131.667287 
-2.230000 -135.465856 
-2.325000 -158.257272 
-2.420000 -165.854411 
-2.485000 -173.451550 
-2.390000 -198.142250 
-2.295000 -200.041535 
-2.200000 -196.242966 
-2.105000 -201.940820 
-2.010000 -215.235812 
-1.915000 -211.437243 
-1.820000 -211.437243 
-1.725000 -220.933666 
-1.630000 -211.437243 
-1.535000 -213.336528 
-1.440000 -219.034382 
-1.345000 -203.840104 
-1.250000 -213.336528 
-1.155000 -217.135097 
-1.060000 -203.840104 
-0.965000 -198.142250 
-0.870000 -196.242966 
-0.775000 -173.451550 
-0.680000 -186.746542 
-0.585000 -175.350834 
-0.490000 -156.357988 
-0.395000 -162.055842 
-0.300000 -162.055842 
-0.205000 -160.156557 
-0.110000 -154.458703 
-0.015000 -148.760849 
0.080000 -143.062995 
0.175000 -124.070148 
0.270000 -125.969433 
0.365000 -108.875871 
0.460000 -86.084455 
0.555000 -70.890178 
0.650000 -61.393755 
0.745000 -15.810923 
0.840000 18.376201 
0.935000 22.174771 
1.030000 39.268333 
1.125000 54.462610 
1.220000 50.664041 
1.315000 62.059749 
1.410000 65.858318 
1.505000 86.750449 
1.600000 86.750449 
1.695000 100.045442 
1.790000 107.642581 
1.885000 117.139004 
1.980000 119.038289 
2.075000 128.534712 
2.170000 145.628274 
2.265000 149.426843 
2.360000 157.023982 
2.455000 166.520405 
2.450000 183.613967 
2.355000 168.419690 
2.260000 191.211106 
2.165000 196.908960 
2.070000 204.506098 
1.975000 200.707529 
1.880000 208.304668 
1.785000 206.405383 
1.690000 200.707529 
1.595000 212.103237 
1.500000 204.506098 
1.405000 206.405383 
1.310000 210.203952 
1.215000 204.506098 
1.120000 198.808244 
1.025000 208.304668 
0.930000 195.009675 
0.835000 198.808244 
0.740000 196.908960 
0.645000 195.009675 
0.550000 195.009675 
0.455000 185.513252 
0.360000 179.815398 
0.265000 176.016828 
0.170000 176.016828 
0.075000 166.520405 
-0.020000 158.923266 
-0.115000 153.225412 
-0.210000 157.023982 
-0.305000 141.829705 
-0.400000 130.433997 
-0.495000 96.246873 
-0.590000 31.671194 
-0.685000 -0.616645 
-0.780000 -15.810923 
-0.875000 -21.508777 
-0.970000 -63.293039 
-1.065000 -59.494470 
-1.160000 -61.393755 
-1.255000 -61.393755 
-1.350000 -61.393755 
-1.445000 -70.890178 
-1.540000 -89.883024 
-1.635000 -82.285886 
-1.730000 -105.077302 
-1.825000 -106.976586 
-1.920000 -112.674440 
-2.015000 -124.070148 
-2.110000 -139.264426 
-2.205000 -139.264426 
-2.300000 -144.962280 
-2.395000 -169.652980 
-2.490000 -182.947973 
-2.415000 -184.847258 
-2.320000 -200.041535 
-2.225000 -200.041535 
-2.130000 -196.242966 
-2.035000 -203.840104 
-1.940000 -213.336528 
-1.845000 -217.135097 
-1.750000 -219.034382 
-1.655000 -205.739389 
-1.560000 -209.537958 
-1.465000 -215.235812 
-1.370000 -209.537958 
-1.275000 -217.135097 
-1.180000 -205.739389 
-1.085000 -198.142250 
-0.990000 -198.142250 
-0.895000 -196.242966 
-0.800000 -190.545112 
-0.705000 -181.048688 
-0.610000 -179.149404 
-0.515000 -165.854411 
-0.420000 -165.854411 
-0.325000 -167.753696 
-0.230000 -158.257272 
-0.135000 -162.055842 
-0.040000 -150.660134 
0.055000 -139.264426 
0.150000 -135.465856 
0.245000 -118.372294 
0.340000 -103.178017 
0.435000 -93.681594 
0.530000 -76.588032 
0.625000 -51.897331 
0.720000 -25.307346 
0.815000 8.879778 
0.910000 22.174771 
1.005000 37.369048 
1.100000 43.066902 
1.195000 69.656887 
1.290000 63.959033 
1.385000 69.656887 
1.480000 84.851165 
1.575000 88.649734 
1.670000 92.448303 
1.765000 107.642581 
1.860000 109.541865 
1.955000 117.139004 
2.050000 130.433997 
2.145000 134.232566 
2.240000 130.433997 
2.335000 158.923266 
2.430000 166.520405 
2.475000 181.714682 
2.380000 181.714682 
2.285000 193.110390 
2.190000 198.808244 
2.095000 198.808244 
2.000000 198.808244 
1.905000 208.304668 
1.810000 212.103237 
1.715000 204.506098 
1.620000 215.901806 
1.525000 212.103237 
1.430000 200.707529 
1.335000 208.304668 
1.240000 204.506098 
1.145000 200.707529 
1.050000 206.405383 
0.955000 202.606814 
0.860000 198.808244 
0.765000 195.009675 
0.670000 172.218259 
0.575000 191.211106 
0.480000 189.311821 
0.385000 185.513252 
0.290000 181.714682 
0.195000 177.916113 
0.100000 172.218259 
0.005000 160.822551 
-0.090000 157.023982 
-0.185000 153.225412 
-0.280000 141.829705 
-0.375000 143.728989 
-0.470000 117.139004 
-0.565000 73.455457 
-0.660000 18.376201 
-0.755000 -6.314499 
-0.850000 -21.508777 
-0.945000 -31.005200 
-1.040000 -49.998047 
-1.135000 -53.796616 
-1.230000 -70.890178 
-1.325000 -72.789462 
-1.420000 -78.487316 
-1.515000 -68.990893 
-1.610000 -86.084455 
-1.705000 -93.681594 
-1.800000 -105.077302 
-1.895000 -112.674440 
-1.990000 -120.271579 
-2.085000 -127.868718 
-2.180000 -141.163710 
-2.275000 -146.861564 
-2.370000 -154.458703 
-2.465000 -179.149404 
-2.440000 -182.947973 
-2.345000 -198.142250 
-2.250000 -201.940820 
-2.155000 -198.142250 
-2.060000 -201.940820 
-1.965000 -213.336528 
-1.870000 -205.739389 
-1.775000 -213.336528 
-1.680000 -220.933666 
-1.585000 -201.940820 
-1.490000 -203.840104 
-1.395000 -211.437243 
-1.300000 -207.638674 
-1.205000 -211.437243 
-1.110000 -211.437243 
-1.015000 -198.142250 
-0.920000 -207.638674 
-0.825000 -194.343681 
-0.730000 -182.947973 
-0.635000 -192.444396 
-0.540000 -177.250119 
-0.445000 -165.854411 
-0.350000 -182.947973 
-0.255000 -160.156557 
-0.160000 -156.357988 
-0.065000 -148.760849 
0.030000 -146.861564 
0.125000 -139.264426 
0.220000 -131.667287 
0.315000 -114.573725 
0.410000 -105.077302 
0.505000 -67.091609 
0.600000 -70.890178 
0.695000 -48.098762 
0.790000 -12.012353 
0.885000 16.476917 
0.980000 27.872625 
1.075000 43.066902 
1.170000 50.664041 
1.265000 60.160464 
1.360000 73.455457 
1.455000 84.851165 
1.550000 84.851165 
1.645000 100.045442 
1.740000 107.642581 
1.835000 109.541865 
1.930000 113.340435 
2.025000 130.433997 
2.120000 141.829705 
2.215000 149.426843 
2.310000 160.822551 
2.405000 166.520405 
2.500000 181.714682 
2.405000 187.412536 
2.310000 187.412536 
2.215000 200.707529 
2.120000 200.707529 
2.025000 204.506098 
1.930000 219.700376 
1.835000 210.203952 
1.740000 204.506098 
1.645000 214.002522 
1.550000 215.901806 
1.455000 198.808244 
1.360000 204.506098 
1.265000 204.506098 
1.170000 200.707529 
1.075000 214.002522 
0.980000 208.304668 
0.885000 204.506098 
0.790000 206.405383 
0.695000 200.707529 
0.600000 189.311821 
0.505000 191.211106 
0.410000 183.613967 
0.315000 179.815398 
0.220000 177.916113 
0.125000 164.621120 
0.030000 164.621120 
-0.065000 160.822551 
-0.160000 155.124697 
-0.255000 149.426843 
-0.350000 134.232566 
-0.445000 117.139004 
-0.540000 82.951880 
-0.635000 20.275486 
-0.730000 -8.213784 
-0.825000 -17.710207 
-0.920000 -27.206631 
-1.015000 -44.300193 
-1.110000 -42.400908 
-1.205000 -57.595185 
-1.300000 -67.091609 
-1.395000 -76.588032 
-1.490000 -72.789462 
-1.585000 -93.681594 
-1.680000 -91.782309 
-1.775000 -97.480163 
-1.870000 -106.976586 
-1.965000 -124.070148 
-2.060000 -118.372294 
-2.155000 -133.566572 
-2.250000 -146.861564 
-2.345000 -150.660134 
-2.440000 -169.652980 
-2.465000 -177.250119 
-2.370000 -184.847258 
-2.275000 -205.739389 
-2.180000 -205.739389 
-2.085000 -201.940820 
-1.990000 -207.638674 
-1.895000 -209.537958 
-1.800000 -215.235812 
-1.705000 -226.631520 
-1.610000 -215.235812 
-1.515000 -207.638674 
-1.420000 -211.437243 
-1.325000 -222.832951 
-1.230000 -211.437243 
-1.135000 -215.235812 
-1.040000 -198.142250 
-0.945000 -190.545112 
-0.850000 -200.041535 
-0.755000 -188.645827 
-0.660000 -182.947973 
-0.565000 -181.048688 
-0.470000 -169.652980 
-0.375000 -165.854411 
-0.280000 -165.854411 
-0.185000 -163.955126 
-0.090000 -162.055842 
0.005000 -148.760849 
0.100000 -139.264426 
0.195000 -131.667287 
0.290000 -110.775156 
0.385000 -101.278732 
0.480000 -89.883024 
0.575000 -63.293039 
0.670000 -53.796616 
0.765000 -15.810923 
0.860000 8.879778 
0.955000 29.771909 
1.050000 33.570479 
1.145000 46.865471 
1.240000 63.959033 
1.335000 67.757603 
1.430000 75.354741 
1.525000 77.254026 
1.620000 100.045442 
1.715000 103.844011 
1.810000 103.844011 
1.905000 113.340435 
2.000000 98.146157 
2.095000 138.031135 
2.190000 151.326128 
2.285000 160.822551 
2.380000 164.621120 
2.475000 149.426843 
2.430000 179.815398 
2.335000 189.311821 
2.240000 191.211106 
2.145000 198.808244 
2.050000 196.908960 
1.955000 217.801091 
1.860000 200.707529 
1.765000 198.808244 
1.670000 217.801091 
1.575000 210.203952 
1.480000 204.506098 
1.385000 208.304668 
1.290000 204.506098 
1.195000 204.506098 
1.100000 223.498945 
1.005000 200.707529 
0.910000 204.506098 
0.815000 198.808244 
0.720000 193.110390 
0.625000 193.110390 
0.530000 195.009675 
0.435000 189.311821 
0.340000 179.815398 
0.245000 174.117544 
0.150000 174.117544 
0.055000 168.419690 
-0.040000 153.225412 
-0.135000 153.225412 
-0.230000 151.326128 
-0.325000 145.628274 
-0.420000 138.031135 
-0.515000 92.448303 
-0.610000 16.476917 
-0.705000 5.081209 
-0.800000 -19.609492 
-0.895000 -25.307346 
-0.990000 -42.400908 
-1.085000 -57.595185 
-1.180000 -78.487316 
-1.275000 -61.393755 
-1.370000 -76.588032 
-1.465000 -120.271579 
-1.560000 -91.782309 
-1.655000 -99.379448 
-1.750000 -105.077302 
-1.845000 -108.875871 
-1.940000 -114.573725 
-2.035000 -127.868718 
-2.130000 -127.868718 
-2.225000 -150.660134 
-2.320000 -152.559418 
-2.415000 -163.955126 
-2.490000 -177.250119 
-2.395000 -186.746542 
-2.300000 -190.545112 
-2.205000 -203.840104 
-2.110000 -198.142250 
-2.015000 -203.840104 
-1.920000 -219.034382 
-1.825000 -201.940820 
-1.730000 -211.437243 
-1.635000 -217.135097 
-1.540000 -211.437243 
-1.445000 -211.437243 
-1.350000 -217.135097 
-1.255000 -209.537958 
-1.160000 -217.135097 
-1.065000 -215.235812 
-0.970000 -190.545112 
-0.875000 -184.847258 
-0.780000 -184.847258 
-0.685000 -175.350834 
-0.590000 -175.350834 
-0.495000 -165.854411 
-0.400000 -160.156557 
-0.305000 -160.156557 
-0.210000 -165.854411 
-0.115000 -165.854411 
-0.020000 -144.962280 
0.075000 -137.365141 
0.170000 -129.768002 
0.265000 -112.674440 
0.360000 -108.875871 
0.455000 -93.681594 
0.550000 -72.789462 
0.645000 -59.494470 
0.740000 -27.206631 
0.835000 6.980493 
0.930000 16.476917 
1.025000 33.570479 
1.120000 50.664041 
1.215000 54.462610 
1.310000 63.959033 
1.405000 77.254026 
1.500000 82.951880 
1.595000 92.448303 
1.690000 92.448303 
1.785000 107.642581 
1.880000 107.642581 
1.975000 136.131851 
2.070000 134.232566 
2.165000 145.628274 
2.260000 145.628274 
2.355000 164.621120 
2.450000 162.721836 
2.455000 174.117544 
2.360000 198.808244 
2.265000 200.707529 
2.170000 198.808244 
2.075000 202.606814 
1.980000 215.901806 
1.885000 206.405383 
1.790000 176.016828 
1.695000 214.002522 
1.600000 212.103237 
1.505000 204.506098 
1.410000 206.405383 
1.315000 206.405383 
1.220000 208.304668 
1.125000 210.203952 
1.030000 202.606814 
0.935000 202.606814 
0.840000 200.707529 
0.745000 196.908960 
0.650000 198.808244 
0.555000 195.009675 
0.460000 187.412536 
0.365000 183.613967 
0.270000 181.714682 
0.175000 176.016828 
0.080000 172.218259 
-0.015000 158.923266 
-0.110000 155.124697 
-0.205000 151.326128 
-0.300000 143.728989 
-0.395000 122.836858 
-0.490000 88.649734 
-0.585000 18.376201 
-0.680000 6.980493 
-0.775000 -0.616645 
-0.870000 -29.105915 
-0.965000 -46.199477 
-1.060000 -51.897331 
-1.155000 -51.897331 
-1.250000 -61.393755 
-1.345000 -67.091609 
-1.440000 -78.487316 
-1.535000 -89.883024 
-1.630000 -89.883024 
-1.725000 -99.379448 
-1.820000 -103.178017 
-1.915000 -105.077302 
-2.010000 -133.566572 
-2.105000 -133.566572 
-2.200000 -148.760849 
-2.295000 -158.257272 
-2.390000 -158.257272 
-2.485000 -179.149404 
-2.420000 -188.645827 
-2.325000 -188.645827 
-2.230000 -201.940820 
-2.135000 -205.739389 
-2.040000 -203.840104 
-1.945000 -217.135097 
-1.850000 -211.437243 
-1.755000 -213.336528 
-1.660000 -219.034382 
-1.565000 -207.638674 
-1.470000 -211.437243 
-1.375000 -220.933666 
-1.280000 -209.537958 
-1.185000 -211.437243 
-1.090000 -213.336528 
-0.995000 -196.242966 
-0.900000 -196.242966 
-0.805000 -190.545112 
-0.710000 -179.149404 
-0.615000 -173.451550 
-0.520000 -175.350834 
-0.425000 -162.055842 
-0.330000 -154.458703 
-0.235000 -167.753696 
-0.140000 -160.156557 
-0.045000 -150.660134 
0.050000 -133.566572 
0.145000 -135.465856 
0.240000 -122.170864 
0.335000 -89.883024 
0.430000 -91.782309 
0.525000 -80.386601 
0.620000 -48.098762 
0.715000 -15.810923 
0.810000 1.282639 
0.905000 27.872625 
1.000000 29.771909 
1.095000 37.369048 
1.190000 54.462610 
1.285000 67.757603 
1.380000 75.354741 
1.475000 82.951880 
1.570000 90.549019 
1.665000 100.045442 
1.760000 100.045442 
1.855000 105.743296 
1.950000 75.354741 
2.045000 126.635427 
2.140000 130.433997 
2.235000 136.131851 
2.330000 157.023982 
2.425000 164.621120 
2.480000 174.117544 
2.385000 160.822551 
2.290000 196.908960 
2.195000 191.211106 
2.100000 172.218259 
2.005000 210.203952 
1.910000 198.808244 
1.815000 185.513252 
1.720000 210.203952 
1.625000 210.203952 
1.530000 206.405383 
1.435000 217.801091 
1.340000 206.405383 
1.245000 206.405383 
1.150000 210.203952 
1.055000 208.304668 
0.960000 198.808244 
0.865000 206.405383 
0.770000 204.506098 
0.675000 200.707529 
0.580000 198.808244 
0.485000 181.714682 
0.390000 187.412536 
0.295000 179.815398 
0.200000 170.318974 
0.105000 176.016828 
0.010000 158.923266 
-0.085000 149.426843 
-0.180000 147.527558 
-0.275000 136.131851 
-0.370000 130.433997 
-0.465000 130.433997 
-0.560000 73.455457 
-0.655000 8.879778 
-0.750000 1.282639 
-0.845000 -23.408061 
-0.940000 -36.703054 
-1.035000 -49.998047 
-1.130000 -48.098762 
-1.225000 -57.595185 
-1.320000 -63.293039 
-1.415000 -76.588032 
-1.510000 -82.285886 
-1.605000 -89.883024 
-1.700000 -116.473010 
-1.795000 -106.976586 
-1.890000 -105.077302 
-1.985000 -118.372294 
-2.080000 -133.566572 
-2.175000 -139.264426 
-2.270000 -148.760849 
-2.365000 -167.753696 
-2.460000 -165.854411 
-2.445000 -184.847258 
-2.350000 -194.343681 
-2.255000 -192.444396 
-2.160000 -207.638674 
-2.065000 -209.537958 
-1.970000 -205.739389 
-1.875000 -217.135097 
-1.780000 -211.437243 
-1.685000 -213.336528 
-1.590000 -219.034382 
-1.495000 -213.336528 
-1.400000 -213.336528 
-1.305000 -207.638674 
-1.210000 -209.537958 
-1.115000 -211.437243 
-1.020000 -200.041535 
-0.925000 -196.242966 
-0.830000 -184.847258 
-0.735000 -181.048688 
-0.640000 -184.847258 
-0.545000 -175.350834 
-0.450000 -173.451550 
-0.355000 -160.156557 
-0.260000 -152.559418 
-0.165000 -152.559418 
-0.070000 -152.559418 
0.025000 -150.660134 
0.120000 -139.264426 
0.215000 -127.868718 
0.310000 -110.775156 
0.405000 -91.782309 
0.500000 -76.588032 
0.595000 -67.091609 
0.690000 -49.998047 
0.785000 -15.810923 
0.880000 -0.616645 
0.975000 29.771909 
1.070000 44.966187 
1.165000 50.664041 
1.260000 58.261179 
1.355000 75.354741 
1.450000 79.153311 
1.545000 82.951880 
1.640000 100.045442 
1.735000 109.541865 
1.830000 122.836858 
1.925000 119.038289 
2.020000 130.433997 
2.115000 126.635427 
2.210000 145.628274 
2.305000 149.426843 
2.400000 166.520405 
2.495000 170.318974 
2.410000 176.016828 
2.315000 196.908960 
2.220000 183.613967 
2.125000 204.506098 
2.030000 204.506098 
1.935000 198.808244 
1.840000 208.304668 
1.745000 210.203952 
1.650000 210.203952 
1.555000 208.304668 
1.460000 210.203952 
1.365000 212.103237 
1.270000 210.203952 
1.175000 214.002522 
1.080000 204.506098 
0.985000 206.405383 
0.890000 208.304668 
0.795000 200.707529 
0.700000 200.707529 
0.605000 191.211106 
0.510000 185.513252 
0.415000 181.714682 
0.320000 179.815398 
0.225000 170.318974 
0.130000 170.318974 
0.035000 162.721836 
-0.060000 157.023982 
-0.155000 151.326128 
-0.250000 143.728989 
-0.345000 119.038289 
-0.440000 69.656887 
-0.535000 24.074055 
-0.630000 -12.012353 
-0.725000 -17.710207 
-0.820000 -31.005200 
-0.915000 -42.400908 
-1.010000 -53.796616 
-1.105000 -48.098762 
-1.200000 -53.796616 
-1.295000 -61.393755 
-1.390000 -65.192324 
-1.485000 -91.782309 
-1.580000 -97.480163 
-1.675000 -86.084455 
-1.770000 -97.480163 
-1.865000 -97.480163 
-1.960000 -124.070148 
-2.055000 -135.465856 
-2.150000 -137.365141 
-2.245000 -160.156557 
-2.340000 -156.357988 
-2.435000 -173.451550 
-2.470000 -177.250119 
-2.375000 -186.746542 
-2.280000 -198.142250 
-2.185000 -203.840104 
-2.090000 -201.940820 
-1.995000 -196.242966 
-1.900000 -209.537958 
-1.805000 -209.537958 
-1.710000 -222.832951 
-1.615000 -213.336528 
-1.520000 -211.437243 
-1.425000 -247.523652 
-1.330000 -222.832951 
-1.235000 -213.336528 
-1.140000 -220.933666 
-1.045000 -203.840104 
-0.950000 -184.847258 
-0.855000 -190.545112 
-0.760000 -182.947973 
-0.665000 -179.149404 
-0.570000 -179.149404 
-0.475000 -173.451550 
-0.380000 -169.652980 
-0.285000 -165.854411 
-0.190000 -160.156557 
-0.095000 -154.458703 
