0.000000 -46.199477 
0.050000 -32.904485 
0.100000 -25.307346 
0.150000 -15.810923 
0.200000 -10.113069 
0.250000 1.282639 
0.300000 3.181924 
0.350000 1.282639 
0.400000 -0.616645 
0.450000 6.980493 
0.500000 1.282639 
0.550000 3.181924 
0.600000 1.282639 
0.650000 8.879778 
0.700000 29.771909 
0.750000 31.671194 
0.800000 44.966187 
0.850000 50.664041 
0.900000 54.462610 
0.950000 52.563325 
1.000000 67.757603 
1.050000 69.656887 
1.100000 69.656887 
1.150000 82.951880 
1.200000 79.153311 
1.250000 86.750449 
1.300000 100.045442 
1.350000 100.045442 
1.400000 90.549019 
1.450000 107.642581 
1.500000 109.541865 
1.550000 109.541865 
1.600000 128.534712 
1.650000 122.836858 
1.700000 122.836858 
1.750000 130.433997 
1.800000 136.131851 
1.850000 138.031135 
1.900000 147.527558 
1.950000 149.426843 
2.000000 160.822551 
2.050000 168.419690 
2.100000 164.621120 
2.150000 168.419690 
2.200000 179.815398 
2.250000 179.815398 
2.300000 189.311821 
2.350000 195.009675 
2.400000 204.506098 
2.450000 195.009675 
2.500000 219.700376 
2.450000 215.901806 
2.400000 210.203952 
2.350000 229.196799 
2.300000 221.599660 
2.250000 227.297514 
2.200000 236.793938 
2.150000 232.995368 
2.100000 231.096084 
2.050000 242.491792 
2.000000 234.894653 
1.950000 236.793938 
1.900000 242.491792 
1.850000 236.793938 
1.800000 246.290361 
1.750000 234.894653 
1.700000 231.096084 
1.650000 240.592507 
1.600000 232.995368 
1.550000 236.793938 
1.500000 227.297514 
1.450000 221.599660 
1.400000 227.297514 
1.350000 221.599660 
1.300000 221.599660 
1.250000 217.801091 
1.200000 217.801091 
1.150000 214.002522 
1.100000 212.103237 
1.050000 210.203952 
1.000000 212.103237 
0.950000 198.808244 
0.900000 196.908960 
0.850000 195.009675 
0.800000 181.714682 
0.750000 179.815398 
0.700000 181.714682 
0.650000 174.117544 
0.600000 176.016828 
0.550000 166.520405 
0.500000 164.621120 
0.450000 153.225412 
0.400000 153.225412 
0.350000 157.023982 
0.300000 143.728989 
0.250000 143.728989 
0.200000 141.829705 
0.150000 134.232566 
0.100000 134.232566 
0.050000 128.534712 
-0.000000 120.937573 
-0.050000 111.441150 
-0.100000 105.743296 
-0.150000 105.743296 
-0.200000 98.146157 
-0.250000 81.052595 
-0.300000 50.664041 
-0.350000 5.081209 
-0.400000 -2.515930 
-0.450000 -15.810923 
-0.500000 -27.206631 
-0.550000 -40.501623 
-0.600000 -34.803769 
-0.650000 -36.703054 
-0.700000 -44.300193 
-0.750000 -44.300193 
-0.800000 -55.695901 
-0.850000 -61.393755 
-0.900000 -55.695901 
-0.950000 -65.192324 
-1.000000 -72.789462 
-1.050000 -65.192324 
-1.100000 -72.789462 
-1.150000 -76.588032 
-1.200000 -89.883024 
-1.250000 -89.883024 
-1.300000 -103.178017 
-1.350000 -108.875871 
-1.400000 -99.379448 
-1.450000 -106.976586 
-1.500000 -122.170864 
-1.550000 -124.070148 
-1.600000 -131.667287 
-1.650000 -129.768002 
-1.700000 -131.667287 
-1.750000 -135.465856 
-1.800000 -144.962280 
-1.850000 -154.458703 
-1.900000 -158.257272 
-1.950000 -160.156557 
-2.000000 -167.753696 
-2.050000 -175.350834 
-2.100000 -179.149404 
-2.150000 -190.545112 
-2.200000 -179.149404 
-2.250000 -179.149404 
-2.300000 -194.343681 
-2.350000 -200.041535 
-2.400000 -184.847258 
-2.450000 -201.940820 
-2.500000 -200.041535 
-2.450000 -201.940820 
-2.400000 -217.135097 
-2.350000 -222.832951 
-2.300000 -226.631520 
-2.250000 -230.430090 
-2.200000 -220.933666 
-2.150000 -228.530805 
-2.100000 -230.430090 
-2.050000 -222.832951 
-2.000000 -239.926513 
-1.950000 -230.430090 
-1.900000 -230.430090 
-1.850000 -238.027228 
-1.800000 -220.933666 
-1.750000 -220.933666 
-1.700000 -220.933666 
-1.650000 -220.933666 
-1.600000 -238.027228 
-1.550000 -224.732236 
-1.500000 -224.732236 
-1.450000 -234.228659 
-1.400000 -215.235812 
-1.350000 -219.034382 
-1.300000 -220.933666 
-1.250000 -203.840104 
-1.200000 -200.041535 
-1.150000 -213.336528 
-1.100000 -205.739389 
-1.050000 -200.041535 
-1.000000 -192.444396 
-0.950000 -175.350834 
-0.900000 -177.250119 
-0.850000 -190.545112 
-0.800000 -177.250119 
-0.750000 -169.652980 
-0.700000 -162.055842 
-0.650000 -163.955126 
-0.600000 -165.854411 
-0.550000 -160.156557 
-0.500000 -150.660134 
-0.450000 -143.062995 
-0.400000 -135.465856 
-0.350000 -137.365141 
-0.300000 -133.566572 
-0.250000 -127.868718 
-0.200000 -125.969433 
-0.150000 -124.070148 
-0.100000 -114.573725 
-0.050000 -110.775156 
0.000000 -99.379448 
0.050000 -99.379448 
0.100000 -86.084455 
0.150000 -68.990893 
0.200000 -48.098762 
0.250000 -36.703054 
0.300000 -36.703054 
0.350000 -23.408061 
0.400000 -8.213784 
0.450000 -2.515930 
0.500000 3.181924 
0.550000 3.181924 
0.600000 20.275486 
0.650000 29.771909 
0.700000 39.268333 
0.750000 43.066902 
0.800000 52.563325 
0.850000 43.066902 
0.900000 54.462610 
0.950000 67.757603 
1.000000 56.361895 
1.050000 71.556172 
1.100000 69.656887 
1.150000 84.851165 
1.200000 77.254026 
1.250000 86.750449 
1.300000 100.045442 
1.350000 90.549019 
1.400000 98.146157 
1.450000 103.844011 
1.500000 107.642581 
1.550000 113.340435 
1.600000 117.139004 
1.650000 109.541865 
1.700000 124.736143 
1.750000 136.131851 
1.800000 136.131851 
1.850000 138.031135 
1.900000 141.829705 
1.950000 157.023982 
2.000000 158.923266 
2.050000 157.023982 
2.100000 172.218259 
2.150000 172.218259 
2.200000 174.117544 
2.250000 174.117544 
2.300000 195.009675 
2.350000 185.513252 
2.400000 191.211106 
2.450000 202.606814 
2.500000 206.405383 
2.450000 204.506098 
2.400000 221.599660 
2.350000 221.599660 
2.300000 215.901806 
2.250000 240.592507 
2.200000 229.196799 
2.150000 221.599660 
2.100000 232.995368 
2.050000 225.398230 
2.000000 236.793938 
1.950000 236.793938 
1.900000 225.398230 
1.850000 240.592507 
1.800000 221.599660 
1.750000 229.196799 
1.700000 229.196799 
1.650000 231.096084 
1.600000 232.995368 
1.550000 221.599660 
1.500000 229.196799 
1.450000 229.196799 
1.400000 219.700376 
1.350000 219.700376 
1.300000 227.297514 
1.250000 219.700376 
1.200000 214.002522 
1.150000 212.103237 
1.100000 212.103237 
1.050000 208.304668 
1.000000 206.405383 
0.950000 196.908960 
0.900000 191.211106 
0.850000 195.009675 
0.800000 189.311821 
0.750000 179.815398 
0.700000 179.815398 
0.650000 174.117544 
0.600000 170.318974 
0.550000 174.117544 
0.500000 162.721836 
0.450000 160.822551 
0.400000 157.023982 
0.350000 157.023982 
0.300000 139.930420 
0.250000 138.031135 
0.200000 139.930420 
0.150000 134.232566 
0.100000 130.433997 
0.050000 128.534712 
-0.000000 120.937573 
-0.050000 109.541865 
-0.100000 105.743296 
-0.150000 107.642581 
-0.200000 98.146157 
-0.250000 84.851165 
-0.300000 58.261179 
-0.350000 5.081209 
-0.400000 -8.213784 
-0.450000 -13.911638 
-0.500000 -27.206631 
-0.550000 -38.602339 
-0.600000 -42.400908 
-0.650000 -36.703054 
-0.700000 -42.400908 
-0.750000 -44.300193 
-0.800000 -46.199477 
-0.850000 -55.695901 
-0.900000 -57.595185 
-0.950000 -59.494470 
-1.000000 -70.890178 
-1.050000 -67.091609 
-1.100000 -68.990893 
-1.150000 -72.789462 
-1.200000 -89.883024 
-1.250000 -89.883024 
-1.300000 -89.883024 
-1.350000 -101.278732 
-1.400000 -106.976586 
-1.450000 -108.875871 
-1.500000 -112.674440 
-1.550000 -122.170864 
-1.600000 -131.667287 
-1.650000 -139.264426 
-1.700000 -137.365141 
-1.750000 -137.365141 
-1.800000 -144.962280 
-1.850000 -148.760849 
-1.900000 -163.955126 
-1.950000 -165.854411 
-2.000000 -167.753696 
-2.050000 -184.847258 
-2.100000 -179.149404 
-2.150000 -182.947973 
-2.200000 -184.847258 
-2.250000 -184.847258 
-2.300000 -194.343681 
-2.350000 -190.545112 
-2.400000 -200.041535 
-2.450000 -198.142250 
-2.500000 -207.638674 
-2.450000 -217.135097 
-2.400000 -207.638674 
-2.350000 -220.933666 
-2.300000 -222.832951 
-2.250000 -226.631520 
-2.200000 -236.127944 
-2.150000 -226.631520 
-2.100000 -228.530805 
-2.050000 -234.228659 
-2.000000 -220.933666 
-1.950000 -238.027228 
-1.900000 -226.631520 
-1.850000 -224.732236 
-1.800000 -236.127944 
-1.750000 -220.933666 
-1.700000 -224.732236 
-1.650000 -219.034382 
-1.600000 -215.235812 
-1.550000 -228.530805 
-1.500000 -215.235812 
-1.450000 -222.832951 
-1.400000 -224.732236 
-1.350000 -215.235812 
-1.300000 -219.034382 
-1.250000 -211.437243 
-1.200000 -209.537958 
-1.150000 -211.437243 
-1.100000 -205.739389 
-1.050000 -196.242966 
-1.000000 -190.545112 
-0.950000 -190.545112 
-0.900000 -175.350834 
-0.850000 -171.552265 
-0.800000 -181.048688 
-0.750000 -173.451550 
-0.700000 -169.652980 
-0.650000 -163.955126 
-0.600000 -156.357988 
-0.550000 -160.156557 
-0.500000 -156.357988 
-0.450000 -143.062995 
-0.400000 -139.264426 
-0.350000 -133.566572 
-0.300000 -124.070148 
-0.250000 -133.566572 
-0.200000 -122.170864 
-0.150000 -116.473010 
-0.100000 -114.573725 
-0.050000 -112.674440 
0.000000 -112.674440 
0.050000 -99.379448 
0.100000 -82.285886 
0.150000 -76.588032 
0.200000 -59.494470 
0.250000 -36.703054 
0.300000 -23.408061 
0.350000 -10.113069 
0.400000 3.181924 
0.450000 6.980493 
0.500000 1.282639 
0.550000 1.282639 
0.600000 -6.314499 
0.650000 8.879778 
0.700000 24.074055 
0.750000 31.671194 
0.800000 43.066902 
0.850000 46.865471 
0.900000 46.865471 
0.950000 52.563325 
1.000000 58.261179 
1.050000 54.462610 
1.100000 65.858318 
1.150000 73.455457 
1.200000 86.750449 
1.250000 92.448303 
1.300000 98.146157 
1.350000 67.757603 
1.400000 100.045442 
1.450000 105.743296 
1.500000 111.441150 
1.550000 103.844011 
1.600000 113.340435 
1.650000 124.736143 
1.700000 120.937573 
1.750000 130.433997 
1.800000 134.232566 
1.850000 145.628274 
1.900000 143.728989 
1.950000 149.426843 
2.000000 153.225412 
2.050000 170.318974 
2.100000 162.721836 
2.150000 170.318974 
2.200000 174.117544 
2.250000 176.016828 
2.300000 181.714682 
2.350000 177.916113 
2.400000 195.009675 
2.450000 196.908960 
2.500000 193.110390 
2.450000 206.405383 
2.400000 219.700376 
2.350000 214.002522 
2.300000 227.297514 
2.250000 231.096084 
2.200000 214.002522 
2.150000 236.793938 
2.100000 234.894653 
2.050000 231.096084 
2.000000 242.491792 
1.950000 234.894653 
1.900000 240.592507 
1.850000 229.196799 
1.800000 227.297514 
1.750000 229.196799 
1.700000 225.398230 
1.650000 225.398230 
1.600000 232.995368 
1.550000 229.196799 
1.500000 225.398230 
1.450000 229.196799 
1.400000 227.297514 
1.350000 231.096084 
1.300000 225.398230 
1.250000 219.700376 
1.200000 223.498945 
1.150000 212.103237 
1.100000 212.103237 
1.050000 208.304668 
1.000000 198.808244 
0.950000 198.808244 
0.900000 196.908960 
0.850000 183.613967 
0.800000 177.916113 
0.750000 181.714682 
0.700000 176.016828 
0.650000 177.916113 
0.600000 172.218259 
0.550000 166.520405 
0.500000 155.124697 
0.450000 158.923266 
0.400000 158.923266 
0.350000 145.628274 
0.300000 147.527558 
0.250000 143.728989 
0.200000 141.829705 
0.150000 134.232566 
0.100000 128.534712 
0.050000 126.635427 
-0.000000 115.239719 
-0.050000 113.340435 
-0.100000 122.836858 
-0.150000 100.045442 
-0.200000 94.347588 
-0.250000 90.549019 
-0.300000 60.160464 
-0.350000 5.081209 
-0.400000 -4.415215 
-0.450000 -12.012353 
-0.500000 -25.307346 
-0.550000 -34.803769 
-0.600000 -34.803769 
-0.650000 -40.501623 
-0.700000 -38.602339 
-0.750000 -42.400908 
-0.800000 -51.897331 
-0.850000 -51.897331 
-0.900000 -51.897331 
-0.950000 -61.393755 
-1.000000 -61.393755 
-1.050000 -57.595185 
-1.100000 -72.789462 
-1.150000 -82.285886 
-1.200000 -74.688747 
-1.250000 -93.681594 
-1.300000 -103.178017 
-1.350000 -106.976586 
-1.400000 -112.674440 
-1.450000 -114.573725 
-1.500000 -122.170864 
-1.550000 -116.473010 
-1.600000 -118.372294 
-1.650000 -124.070148 
-1.700000 -131.667287 
-1.750000 -152.559418 
-1.800000 -146.861564 
-1.850000 -156.357988 
-1.900000 -154.458703 
-1.950000 -163.955126 
-2.000000 -167.753696 
-2.050000 -167.753696 
-2.100000 -177.250119 
-2.150000 -184.847258 
-2.200000 -181.048688 
-2.250000 -190.545112 
-2.300000 -182.947973 
-2.350000 -198.142250 
-2.400000 -194.343681 
-2.450000 -192.444396 
-2.500000 -205.739389 
-2.450000 -217.135097 
-2.400000 -203.840104 
-2.350000 -220.933666 
-2.300000 -232.329374 
-2.250000 -224.732236 
-2.200000 -234.228659 
-2.150000 -234.228659 
-2.100000 -228.530805 
-2.050000 -226.631520 
-2.000000 -230.430090 
-1.950000 -226.631520 
-1.900000 -239.926513 
-1.850000 -220.933666 
-1.800000 -222.832951 
-1.750000 -226.631520 
-1.700000 -215.235812 
-1.650000 -215.235812 
-1.600000 -215.235812 
-1.550000 -219.034382 
-1.500000 -230.430090 
-1.450000 -213.336528 
-1.400000 -217.135097 
-1.350000 -211.437243 
-1.300000 -211.437243 
-1.250000 -205.739389 
-1.200000 -205.739389 
-1.150000 -198.142250 
-1.100000 -198.142250 
-1.050000 -205.739389 
-1.000000 -194.343681 
-0.950000 -188.645827 
-0.900000 -179.149404 
-0.850000 -179.149404 
-0.800000 -171.552265 
-0.750000 -177.250119 
-0.700000 -177.250119 
-0.650000 -165.854411 
-0.600000 -160.156557 
-0.550000 -152.559418 
-0.500000 -148.760849 
-0.450000 -146.861564 
-0.400000 -137.365141 
-0.350000 -143.062995 
-0.300000 -127.868718 
-0.250000 -122.170864 
-0.200000 -127.868718 
-0.150000 -116.473010 
-0.100000 -110.775156 
-0.050000 -108.875871 
0.000000 -105.077302 
0.050000 -105.077302 
0.100000 -95.580878 
0.150000 -80.386601 
0.200000 -63.293039 
0.250000 -49.998047 
0.300000 -34.803769 
0.350000 -21.508777 
0.400000 -12.012353 
0.450000 3.181924 
0.500000 -4.415215 
0.550000 -0.616645 
0.600000 6.980493 
0.650000 18.376201 
0.700000 31.671194 
0.750000 39.268333 
0.800000 43.066902 
0.850000 46.865471 
0.900000 50.664041 
0.950000 56.361895 
1.000000 63.959033 
1.050000 71.556172 
1.100000 73.455457 
1.150000 73.455457 
1.200000 75.354741 
1.250000 79.153311 
1.300000 92.448303 
1.350000 100.045442 
1.400000 98.146157 
1.450000 98.146157 
1.500000 109.541865 
1.550000 105.743296 
1.600000 119.038289 
1.650000 128.534712 
1.700000 120.937573 
1.750000 122.836858 
1.800000 143.728989 
1.850000 143.728989 
1.900000 147.527558 
1.950000 143.728989 
2.000000 157.023982 
2.050000 153.225412 
2.100000 166.520405 
2.150000 170.318974 
2.200000 172.218259 
2.250000 176.016828 
2.300000 179.815398 
2.350000 183.613967 
2.400000 198.808244 
2.450000 195.009675 
2.500000 200.707529 
2.450000 219.700376 
2.400000 212.103237 
2.350000 221.599660 
2.300000 232.995368 
2.250000 215.901806 
2.200000 232.995368 
2.150000 232.995368 
2.100000 227.297514 
2.050000 234.894653 
2.000000 231.096084 
1.950000 242.491792 
1.900000 231.096084 
1.850000 225.398230 
1.800000 232.995368 
1.750000 227.297514 
1.700000 202.606814 
1.650000 229.196799 
1.600000 227.297514 
1.550000 232.995368 
1.500000 231.096084 
1.450000 229.196799 
1.400000 221.599660 
1.350000 217.801091 
1.300000 229.196799 
1.250000 223.498945 
1.200000 214.002522 
1.150000 215.901806 
1.100000 206.405383 
1.050000 198.808244 
1.000000 198.808244 
0.950000 202.606814 
0.900000 198.808244 
0.850000 195.009675 
0.800000 187.412536 
0.750000 179.815398 
0.700000 172.218259 
0.650000 172.218259 
0.600000 164.621120 
0.550000 160.822551 
0.500000 157.023982 
0.450000 155.124697 
0.400000 151.326128 
0.350000 149.426843 
0.300000 149.426843 
0.250000 143.728989 
0.200000 136.131851 
0.150000 136.131851 
0.100000 122.836858 
0.050000 120.937573 
-0.000000 115.239719 
-0.050000 115.239719 
-0.100000 101.944727 
-0.150000 94.347588 
-0.200000 92.448303 
-0.250000 82.951880 
-0.300000 63.959033 
-0.350000 14.577632 
-0.400000 -8.213784 
-0.450000 -12.012353 
-0.500000 -27.206631 
-0.550000 -32.904485 
-0.600000 -42.400908 
-0.650000 -42.400908 
-0.700000 -86.084455 
-0.750000 -46.199477 
-0.800000 -44.300193 
-0.850000 -42.400908 
-0.900000 -55.695901 
-0.950000 -57.595185 
-1.000000 -57.595185 
-1.050000 -67.091609 
-1.100000 -70.890178 
-1.150000 -68.990893 
-1.200000 -84.185170 
-1.250000 -86.084455 
-1.300000 -93.681594 
-1.350000 -116.473010 
-1.400000 -112.674440 
-1.450000 -114.573725 
-1.500000 -118.372294 
-1.550000 -127.868718 
-1.600000 -129.768002 
-1.650000 -135.465856 
-1.700000 -137.365141 
-1.750000 -135.465856 
-1.800000 -144.962280 
-1.850000 -146.861564 
-1.900000 -156.357988 
-1.950000 -163.955126 
-2.000000 -165.854411 
-2.050000 -167.753696 
-2.100000 -173.451550 
-2.150000 -175.350834 
-2.200000 -179.149404 
-2.250000 -194.343681 
-2.300000 -194.343681 
-2.350000 -194.343681 
-2.400000 -203.840104 
-2.450000 -203.840104 
-2.500000 -205.739389 
-2.450000 -211.437243 
-2.400000 -224.732236 
-2.350000 -220.933666 
-2.300000 -234.228659 
-2.250000 -228.530805 
-2.200000 -230.430090 
-2.150000 -239.926513 
-2.100000 -226.631520 
-2.050000 -226.631520 
-2.000000 -228.530805 
-1.950000 -230.430090 
-1.900000 -236.127944 
-1.850000 -226.631520 
-1.800000 -215.235812 
-1.750000 -224.732236 
-1.700000 -217.135097 
-1.650000 -219.034382 
-1.600000 -211.437243 
-1.550000 -220.933666 
-1.500000 -222.832951 
-1.450000 -213.336528 
-1.400000 -215.235812 
-1.350000 -220.933666 
-1.300000 -211.437243 
-1.250000 -205.739389 
-1.200000 -215.235812 
-1.150000 -196.242966 
-1.100000 -198.142250 
-1.050000 -198.142250 
-1.000000 -194.343681 
-0.950000 -192.444396 
-0.900000 -181.048688 
-0.850000 -167.753696 
-0.800000 -169.652980 
-0.750000 -169.652980 
-0.700000 -167.753696 
-0.650000 -156.357988 
-0.600000 -152.559418 
-0.550000 -146.861564 
-0.500000 -146.861564 
-0.450000 -148.760849 
-0.400000 -137.365141 
-0.350000 -135.465856 
-0.300000 -129.768002 
-0.250000 -120.271579 
-0.200000 -120.271579 
-0.150000 -118.372294 
-0.100000 -120.271579 
-0.050000 -110.775156 
0.000000 -106.976586 
0.050000 -101.278732 
0.100000 -89.883024 
0.150000 -87.983740 
0.200000 -72.789462 
0.250000 -59.494470 
0.300000 -44.300193 
0.350000 -29.105915 
0.400000 -10.113069 
0.450000 5.081209 
0.500000 5.081209 
0.550000 5.081209 
0.600000 18.376201 
0.650000 22.174771 
0.700000 37.369048 
0.750000 39.268333 
0.800000 43.066902 
0.850000 46.865471 
0.900000 50.664041 
0.950000 60.160464 
1.000000 54.462610 
1.050000 58.261179 
1.100000 67.757603 
1.150000 69.656887 
1.200000 71.556172 
1.250000 77.254026 
1.300000 84.851165 
1.350000 82.951880 
1.400000 98.146157 
1.450000 105.743296 
1.500000 109.541865 
1.550000 119.038289 
1.600000 117.139004 
1.650000 117.139004 
1.700000 119.038289 
1.750000 134.232566 
1.800000 143.728989 
1.850000 147.527558 
1.900000 147.527558 
1.950000 149.426843 
2.000000 153.225412 
2.050000 164.621120 
2.100000 174.117544 
2.150000 176.016828 
2.200000 176.016828 
2.250000 170.318974 
2.300000 187.412536 
2.350000 202.606814 
2.400000 191.211106 
2.450000 193.110390 
2.500000 204.506098 
2.450000 212.103237 
2.400000 217.801091 
2.350000 231.096084 
2.300000 221.599660 
2.250000 217.801091 
2.200000 242.491792 
2.150000 229.196799 
2.100000 236.793938 
2.050000 246.290361 
2.000000 240.592507 
1.950000 242.491792 
1.900000 234.894653 
1.850000 231.096084 
1.800000 238.693222 
1.750000 227.297514 
1.700000 234.894653 
1.650000 231.096084 
1.600000 231.096084 
1.550000 231.096084 
1.500000 221.599660 
1.450000 227.297514 
1.400000 229.196799 
1.350000 231.096084 
1.300000 221.599660 
1.250000 219.700376 
1.200000 214.002522 
1.150000 217.801091 
1.100000 214.002522 
1.050000 206.405383 
1.000000 198.808244 
0.950000 198.808244 
0.900000 193.110390 
0.850000 189.311821 
0.800000 189.311821 
0.750000 181.714682 
0.700000 179.815398 
0.650000 166.520405 
0.600000 164.621120 
0.550000 166.520405 
0.500000 160.822551 
0.450000 158.923266 
0.400000 153.225412 
0.350000 145.628274 
0.300000 143.728989 
0.250000 138.031135 
0.200000 138.031135 
0.150000 128.534712 
0.100000 128.534712 
0.050000 111.441150 
-0.000000 120.937573 
-0.050000 119.038289 
-0.100000 109.541865 
-0.150000 100.045442 
-0.200000 98.146157 
-0.250000 86.750449 
-0.300000 62.059749 
-0.350000 1.282639 
-0.400000 -8.213784 
-0.450000 -12.012353 
-0.500000 -25.307346 
-0.550000 -36.703054 
-0.600000 -38.602339 
-0.650000 -36.703054 
-0.700000 -42.400908 
-0.750000 -44.300193 
-0.800000 -51.897331 
-0.850000 -59.494470 
-0.900000 -61.393755 
-0.950000 -55.695901 
-1.000000 -61.393755 
-1.050000 -61.393755 
-1.100000 -68.990893 
-1.150000 -65.192324 
-1.200000 -87.983740 
-1.250000 -87.983740 
-1.300000 -93.681594 
-1.350000 -93.681594 
-1.400000 -108.875871 
-1.450000 -114.573725 
-1.500000 -122.170864 
-1.550000 -129.768002 
-1.600000 -127.868718 
-1.650000 -124.070148 
-1.700000 -154.458703 
-1.750000 -139.264426 
-1.800000 -139.264426 
-1.850000 -146.861564 
-1.900000 -156.357988 
-1.950000 -165.854411 
-2.000000 -186.746542 
-2.050000 -173.451550 
-2.100000 -175.350834 
-2.150000 -179.149404 
-2.200000 -190.545112 
-2.250000 -192.444396 
-2.300000 -205.739389 
-2.350000 -192.444396 
-2.400000 -201.940820 
-2.450000 -203.840104 
-2.500000 -209.537958 
-2.450000 -207.638674 
-2.400000 -226.631520 
-2.350000 -215.235812 
-2.300000 -226.631520 
-2.250000 -232.329374 
-2.200000 -224.732236 
-2.150000 -234.228659 
-2.100000 -234.228659 
-2.050000 -232.329374 
-2.000000 -228.530805 
-1.950000 -228.530805 
-1.900000 -226.631520 
-1.850000 -226.631520 
-1.800000 -219.034382 
-1.750000 -228.530805 
-1.700000 -228.530805 
-1.650000 -215.235812 
-1.600000 -217.135097 
-1.550000 -217.135097 
-1.500000 -222.832951 
-1.450000 -219.034382 
-1.400000 -211.437243 
-1.350000 -215.235812 
-1.300000 -239.926513 
-1.250000 -203.840104 
-1.200000 -205.739389 
-1.150000 -205.739389 
-1.100000 -198.142250 
-1.050000 -203.840104 
-1.000000 -186.746542 
-0.950000 -198.142250 
-0.900000 -186.746542 
-0.850000 -173.451550 
-0.800000 -173.451550 
-0.750000 -165.854411 
-0.700000 -169.652980 
-0.650000 -171.552265 
-0.600000 -158.257272 
-0.550000 -152.559418 
-0.500000 -143.062995 
-0.450000 -148.760849 
-0.400000 -143.062995 
-0.350000 -135.465856 
-0.300000 -135.465856 
-0.250000 -127.868718 
-0.200000 -116.473010 
-0.150000 -112.674440 
-0.100000 -105.077302 
-0.050000 -101.278732 
0.000000 -103.178017 
0.050000 -99.379448 
0.100000 -87.983740 
0.150000 -82.285886 
0.200000 -61.393755 
0.250000 -57.595185 
0.300000 -51.897331 
0.350000 -36.703054 
0.400000 -25.307346 
0.450000 -17.710207 
0.500000 8.879778 
0.550000 18.376201 
0.600000 27.872625 
0.650000 24.074055 
0.700000 39.268333 
0.750000 39.268333 
0.800000 48.764756 
0.850000 50.664041 
0.900000 52.563325 
0.950000 69.656887 
1.000000 63.959033 
1.050000 58.261179 
1.100000 75.354741 
1.150000 69.656887 
1.200000 82.951880 
1.250000 75.354741 
1.300000 88.649734 
1.350000 92.448303 
1.400000 100.045442 
1.450000 98.146157 
1.500000 105.743296 
1.550000 111.441150 
1.600000 119.038289 
1.650000 117.139004 
1.700000 126.635427 
1.750000 141.829705 
1.800000 147.527558 
1.850000 138.031135 
1.900000 139.930420 
1.950000 151.326128 
2.000000 151.326128 
2.050000 168.419690 
2.100000 168.419690 
2.150000 166.520405 
2.200000 174.117544 
2.250000 177.916113 
2.300000 189.311821 
2.350000 196.908960 
2.400000 196.908960 
2.450000 210.203952 
2.500000 210.203952 
2.450000 210.203952 
2.400000 229.196799 
2.350000 217.801091 
2.300000 212.103237 
2.250000 232.995368 
2.200000 229.196799 
2.150000 225.398230 
2.100000 240.592507 
2.050000 248.189646 
2.000000 232.995368 
1.950000 236.793938 
1.900000 217.801091 
1.850000 232.995368 
1.800000 232.995368 
1.750000 223.498945 
1.700000 234.894653 
1.650000 236.793938 
1.600000 227.297514 
1.550000 231.096084 
1.500000 227.297514 
1.450000 231.096084 
1.400000 223.498945 
1.350000 219.700376 
1.300000 221.599660 
1.250000 217.801091 
1.200000 210.203952 
1.150000 208.304668 
1.100000 204.506098 
1.050000 206.405383 
1.000000 198.808244 
0.950000 198.808244 
0.900000 195.009675 
0.850000 195.009675 
0.800000 181.714682 
0.750000 181.714682 
0.700000 176.016828 
0.650000 168.419690 
0.600000 166.520405 
0.550000 166.520405 
0.500000 160.822551 
0.450000 155.124697 
0.400000 155.124697 
0.350000 143.728989 
0.300000 143.728989 
0.250000 143.728989 
0.200000 138.031135 
0.150000 124.736143 
0.100000 130.433997 
0.050000 105.743296 
-0.000000 111.441150 
-0.050000 113.340435 
-0.100000 101.944727 
-0.150000 98.146157 
-0.200000 92.448303 
-0.250000 81.052595 
-0.300000 65.858318 
-0.350000 29.771909 
-0.400000 -8.213784 
-0.450000 -12.012353 
-0.500000 -23.408061 
-0.550000 -36.703054 
-0.600000 -36.703054 
-0.650000 -48.098762 
-0.700000 -46.199477 
-0.750000 -46.199477 
-0.800000 -53.796616 
-0.850000 -59.494470 
-0.900000 -51.897331 
-0.950000 -59.494470 
-1.000000 -59.494470 
-1.050000 -68.990893 
-1.100000 -63.293039 
-1.150000 -74.688747 
-1.200000 -76.588032 
-1.250000 -87.983740 
-1.300000 -93.681594 
-1.350000 -106.976586 
-1.400000 -105.077302 
-1.450000 -112.674440 
-1.500000 -112.674440 
-1.550000 -124.070148 
-1.600000 -122.170864 
-1.650000 -135.465856 
-1.700000 -131.667287 
-1.750000 -133.566572 
-1.800000 -139.264426 
-1.850000 -150.660134 
-1.900000 -154.458703 
-1.950000 -160.156557 
-2.000000 -169.652980 
-2.050000 -171.552265 
-2.100000 -173.451550 
-2.150000 -181.048688 
-2.200000 -179.149404 
-2.250000 -186.746542 
-2.300000 -205.739389 
-2.350000 -209.537958 
-2.400000 -196.242966 
-2.450000 -209.537958 
-2.500000 -201.940820 
-2.450000 -211.437243 
-2.400000 -217.135097 
-2.350000 -222.832951 
-2.300000 -220.933666 
-2.250000 -232.329374 
-2.200000 -228.530805 
-2.150000 -232.329374 
-2.100000 -236.127944 
-2.050000 -224.732236 
-2.000000 -238.027228 
-1.950000 -241.825798 
-1.900000 -230.430090 
-1.850000 -234.228659 
-1.800000 -228.530805 
-1.750000 -220.933666 
-1.700000 -226.631520 
-1.650000 -222.832951 
-1.600000 -215.235812 
-1.550000 -213.336528 
-1.500000 -215.235812 
-1.450000 -224.732236 
-1.400000 -211.437243 
-1.350000 -207.638674 
-1.300000 -219.034382 
-1.250000 -205.739389 
-1.200000 -200.041535 
-1.150000 -205.739389 
-1.100000 -201.940820 
-1.050000 -192.444396 
-1.000000 -196.242966 
-0.950000 -192.444396 
-0.900000 -188.645827 
-0.850000 -184.847258 
-0.800000 -167.753696 
-0.750000 -158.257272 
-0.700000 -169.652980 
-0.650000 -165.854411 
-0.600000 -150.660134 
-0.550000 -152.559418 
-0.500000 -144.962280 
-0.450000 -137.365141 
-0.400000 -139.264426 
-0.350000 -139.264426 
-0.300000 -125.969433 
-0.250000 -124.070148 
-0.200000 -118.372294 
-0.150000 -120.271579 
-0.100000 -108.875871 
-0.050000 -99.379448 
0.000000 -105.077302 
0.050000 -97.480163 
0.100000 -89.883024 
0.150000 -78.487316 
0.200000 -68.990893 
0.250000 -61.393755 
0.300000 -46.199477 
0.350000 -36.703054 
0.400000 -23.408061 
0.450000 -2.515930 
0.500000 -6.314499 
0.550000 22.174771 
0.600000 27.872625 
0.650000 35.469763 
0.700000 41.167617 
0.750000 44.966187 
0.800000 44.966187 
0.850000 39.268333 
0.900000 58.261179 
0.950000 58.261179 
1.000000 63.959033 
1.050000 60.160464 
1.100000 73.455457 
1.150000 77.254026 
1.200000 81.052595 
1.250000 81.052595 
1.300000 77.254026 
1.350000 94.347588 
1.400000 105.743296 
1.450000 98.146157 
1.500000 109.541865 
1.550000 115.239719 
1.600000 107.642581 
1.650000 120.937573 
1.700000 134.232566 
1.750000 139.930420 
1.800000 141.829705 
1.850000 141.829705 
1.900000 151.326128 
1.950000 157.023982 
2.000000 157.023982 
2.050000 157.023982 
2.100000 168.419690 
2.150000 168.419690 
2.200000 166.520405 
2.250000 181.714682 
2.300000 181.714682 
2.350000 183.613967 
2.400000 185.513252 
2.450000 206.405383 
2.500000 193.110390 
2.450000 206.405383 
2.400000 229.196799 
2.350000 212.103237 
2.300000 217.801091 
2.250000 238.693222 
2.200000 221.599660 
2.150000 236.793938 
2.100000 244.391076 
2.050000 229.196799 
2.000000 236.793938 
1.950000 234.894653 
1.900000 223.498945 
1.850000 234.894653 
1.800000 231.096084 
1.750000 227.297514 
1.700000 227.297514 
1.650000 232.995368 
1.600000 238.693222 
1.550000 229.196799 
1.500000 223.498945 
1.450000 231.096084 
1.400000 227.297514 
1.350000 221.599660 
1.300000 219.700376 
1.250000 212.103237 
1.200000 214.002522 
1.150000 214.002522 
1.100000 195.009675 
1.050000 198.808244 
1.000000 198.808244 
0.950000 193.110390 
0.900000 191.211106 
0.850000 195.009675 
0.800000 181.714682 
0.750000 183.613967 
0.700000 177.916113 
0.650000 170.318974 
0.600000 168.419690 
0.550000 166.520405 
0.500000 164.621120 
0.450000 151.326128 
0.400000 149.426843 
0.350000 145.628274 
0.300000 145.628274 
0.250000 138.031135 
0.200000 130.433997 
0.150000 124.736143 
0.100000 130.433997 
0.050000 119.038289 
-0.000000 109.541865 
-0.050000 107.642581 
-0.100000 98.146157 
-0.150000 94.347588 
-0.200000 86.750449 
-0.250000 82.951880 
-0.300000 75.354741 
-0.350000 44.966187 
-0.400000 -6.314499 
-0.450000 -13.911638 
-0.500000 -21.508777 
-0.550000 -21.508777 
-0.600000 -32.904485 
-0.650000 -44.300193 
-0.700000 -32.904485 
-0.750000 -44.300193 
-0.800000 -53.796616 
-0.850000 -48.098762 
-0.900000 -53.796616 
-0.950000 -53.796616 
-1.000000 -61.393755 
-1.050000 -65.192324 
-1.100000 -65.192324 
-1.150000 -78.487316 
-1.200000 -72.789462 
-1.250000 -86.084455 
-1.300000 -93.681594 
-1.350000 -95.580878 
-1.400000 -110.775156 
-1.450000 -114.573725 
-1.500000 -114.573725 
-1.550000 -122.170864 
-1.600000 -122.170864 
-1.650000 -129.768002 
-1.700000 -137.365141 
-1.750000 -137.365141 
-1.800000 -144.962280 
-1.850000 -146.861564 
-1.900000 -152.559418 
-1.950000 -160.156557 
-2.000000 -167.753696 
-2.050000 -167.753696 
-2.100000 -177.250119 
-2.150000 -181.048688 
-2.200000 -181.048688 
-2.250000 -190.545112 
-2.300000 -194.343681 
-2.350000 -205.739389 
-2.400000 -198.142250 
-2.450000 -205.739389 
-2.500000 -217.135097 
-2.450000 -203.840104 
-2.400000 -213.336528 
-2.350000 -230.430090 
-2.300000 -226.631520 
-2.250000 -219.034382 
-2.200000 -230.430090 
-2.150000 -228.530805 
-2.100000 -230.430090 
-2.050000 -228.530805 
-2.000000 -220.933666 
-1.950000 -228.530805 
-1.900000 -226.631520 
-1.850000 -220.933666 
-1.800000 -230.430090 
-1.750000 -205.739389 
-1.700000 -219.034382 
-1.650000 -224.732236 
-1.600000 -211.437243 
-1.550000 -215.235812 
-1.500000 -209.537958 
-1.450000 -205.739389 
-1.400000 -217.135097 
-1.350000 -205.739389 
-1.300000 -207.638674 
-1.250000 -209.537958 
-1.200000 -203.840104 
-1.150000 -198.142250 
-1.100000 -203.840104 
-1.050000 -196.242966 
-1.000000 -196.242966 
-0.950000 -196.242966 
-0.900000 -182.947973 
-0.850000 -179.149404 
-0.800000 -173.451550 
-0.750000 -160.156557 
-0.700000 -156.357988 
-0.650000 -160.156557 
-0.600000 -163.955126 
-0.550000 -152.559418 
-0.500000 -144.962280 
-0.450000 -144.962280 
-0.400000 -144.962280 
-0.350000 -135.465856 
-0.300000 -135.465856 
-0.250000 -135.465856 
-0.200000 -127.868718 
-0.150000 -122.170864 
-0.100000 -112.674440 
-0.050000 -105.077302 
0.000000 -93.681594 
0.050000 -86.084455 
0.100000 -91.782309 
0.150000 -76.588032 
0.200000 -59.494470 
0.250000 -48.098762 
0.300000 -40.501623 
0.350000 -29.105915 
0.400000 -15.810923 
0.450000 1.282639 
0.500000 -0.616645 
0.550000 1.282639 
0.600000 18.376201 
0.650000 20.275486 
0.700000 31.671194 
0.750000 43.066902 
0.800000 48.764756 
0.850000 50.664041 
0.900000 52.563325 
0.950000 58.261179 
1.000000 62.059749 
1.050000 77.254026 
1.100000 77.254026 
1.150000 69.656887 
1.200000 88.649734 
1.250000 92.448303 
1.300000 92.448303 
1.350000 92.448303 
1.400000 100.045442 
1.450000 111.441150 
1.500000 105.743296 
1.550000 122.836858 
1.600000 124.736143 
1.650000 122.836858 
1.700000 96.246873 
1.750000 122.836858 
1.800000 130.433997 
1.850000 138.031135 
1.900000 155.124697 
1.950000 147.527558 
2.000000 151.326128 
2.050000 155.124697 
2.100000 155.124697 
2.150000 162.721836 
2.200000 176.016828 
2.250000 166.520405 
2.300000 181.714682 
2.350000 185.513252 
2.400000 195.009675 
2.450000 196.908960 
2.500000 204.506098 
2.450000 217.801091 
2.400000 204.506098 
2.350000 221.599660 
2.300000 225.398230 
2.250000 215.901806 
2.200000 236.793938 
2.150000 234.894653 
2.100000 221.599660 
2.050000 229.196799 
2.000000 232.995368 
1.950000 227.297514 
1.900000 231.096084 
1.850000 223.498945 
1.800000 232.995368 
1.750000 229.196799 
1.700000 231.096084 
1.650000 231.096084 
1.600000 229.196799 
1.550000 231.096084 
1.500000 223.498945 
1.450000 221.599660 
1.400000 219.700376 
1.350000 221.599660 
1.300000 215.901806 
1.250000 217.801091 
1.200000 214.002522 
1.150000 210.203952 
1.100000 208.304668 
1.050000 206.405383 
1.000000 202.606814 
0.950000 196.908960 
0.900000 202.606814 
0.850000 193.110390 
0.800000 183.613967 
0.750000 181.714682 
0.700000 177.916113 
0.650000 166.520405 
0.600000 168.419690 
0.550000 155.124697 
0.500000 158.923266 
0.450000 155.124697 
0.400000 151.326128 
0.350000 145.628274 
0.300000 145.628274 
0.250000 143.728989 
0.200000 139.930420 
0.150000 130.433997 
0.100000 139.930420 
0.050000 122.836858 
-0.000000 115.239719 
-0.050000 105.743296 
-0.100000 107.642581 
-0.150000 98.146157 
-0.200000 94.347588 
-0.250000 86.750449 
-0.300000 75.354741 
-0.350000 37.369048 
-0.400000 -2.515930 
-0.450000 -17.710207 
-0.500000 -13.911638 
-0.550000 -29.105915 
-0.600000 -38.602339 
-0.650000 -36.703054 
-0.700000 -44.300193 
-0.750000 -40.501623 
-0.800000 -44.300193 
-0.850000 -55.695901 
-0.900000 -46.199477 
-0.950000 -55.695901 
-1.000000 -59.494470 
-1.050000 -61.393755 
-1.100000 -76.588032 
-1.150000 -67.091609 
-1.200000 -82.285886 
-1.250000 -89.883024 
-1.300000 -82.285886 
-1.350000 -95.580878 
-1.400000 -105.077302 
-1.450000 -112.674440 
-1.500000 -114.573725 
-1.550000 -118.372294 
-1.600000 -118.372294 
-1.650000 -122.170864 
-1.700000 -137.365141 
-1.750000 -137.365141 
-1.800000 -139.264426 
-1.850000 -139.264426 
-1.900000 -154.458703 
-1.950000 -160.156557 
-2.000000 -169.652980 
-2.050000 -171.552265 
-2.100000 -173.451550 
-2.150000 -182.947973 
-2.200000 -177.250119 
-2.250000 -192.444396 
-2.300000 -198.142250 
-2.350000 -196.242966 
-2.400000 -211.437243 
-2.450000 -203.840104 
-2.500000 -203.840104 
-2.450000 -219.034382 
-2.400000 -220.933666 
-2.350000 -213.336528 
-2.300000 -232.329374 
-2.250000 -228.530805 
-2.200000 -219.034382 
-2.150000 -230.430090 
-2.100000 -226.631520 
-2.050000 -222.832951 
-2.000000 -230.430090 
-1.950000 -226.631520 
-1.900000 -230.430090 
-1.850000 -228.530805 
-1.800000 -215.235812 
-1.750000 -224.732236 
-1.700000 -215.235812 
-1.650000 -238.027228 
-1.600000 -226.631520 
-1.550000 -217.135097 
-1.500000 -211.437243 
-1.450000 -198.142250 
-1.400000 -201.940820 
-1.350000 -236.127944 
-1.300000 -211.437243 
-1.250000 -201.940820 
-1.200000 -205.739389 
-1.150000 -205.739389 
-1.100000 -196.242966 
-1.050000 -188.645827 
-1.000000 -196.242966 
-0.950000 -186.746542 
-0.900000 -182.947973 
-0.850000 -188.645827 
-0.800000 -181.048688 
-0.750000 -173.451550 
-0.700000 -165.854411 
-0.650000 -150.660134 
-0.600000 -152.559418 
-0.550000 -160.156557 
-0.500000 -154.458703 
-0.450000 -137.365141 
-0.400000 -143.062995 
-0.350000 -143.062995 
-0.300000 -129.768002 
-0.250000 -120.271579 
-0.200000 -116.473010 
-0.150000 -106.976586 
-0.100000 -112.674440 
-0.050000 -112.674440 
0.000000 -105.077302 
0.050000 -95.580878 
0.100000 -84.185170 
0.150000 -65.192324 
0.200000 -44.300193 
0.250000 -42.400908 
0.300000 -29.105915 
0.350000 -15.810923 
0.400000 -4.415215 
0.450000 6.980493 
0.500000 10.779063 
0.550000 6.980493 
0.600000 22.174771 
0.650000 35.469763 
0.700000 39.268333 
0.750000 44.966187 
0.800000 41.167617 
0.850000 20.275486 
0.900000 54.462610 
0.950000 60.160464 
1.000000 67.757603 
1.050000 69.656887 
1.100000 75.354741 
1.150000 81.052595 
1.200000 81.052595 
1.250000 82.951880 
1.300000 82.951880 
1.350000 86.750449 
1.400000 101.944727 
1.450000 103.844011 
1.500000 103.844011 
1.550000 113.340435 
1.600000 113.340435 
1.650000 120.937573 
1.700000 120.937573 
1.750000 136.131851 
1.800000 143.728989 
1.850000 141.829705 
1.900000 147.527558 
1.950000 138.031135 
2.000000 149.426843 
2.050000 160.822551 
2.100000 168.419690 
2.150000 172.218259 
2.200000 174.117544 
2.250000 176.016828 
2.300000 183.613967 
2.350000 181.714682 
2.400000 196.908960 
2.450000 206.405383 
2.500000 196.908960 
2.450000 196.908960 
2.400000 229.196799 
2.350000 214.002522 
2.300000 223.498945 
2.250000 238.693222 
2.200000 229.196799 
2.150000 227.297514 
2.100000 234.894653 
2.050000 221.599660 
2.000000 227.297514 
1.950000 234.894653 
1.900000 232.995368 
1.850000 229.196799 
1.800000 231.096084 
1.750000 231.096084 
1.700000 231.096084 
1.650000 227.297514 
1.600000 242.491792 
1.550000 227.297514 
1.500000 223.498945 
1.450000 229.196799 
1.400000 215.901806 
1.350000 219.700376 
1.300000 225.398230 
1.250000 215.901806 
1.200000 214.002522 
1.150000 210.203952 
1.100000 214.002522 
1.050000 202.606814 
1.000000 195.009675 
0.950000 196.908960 
0.900000 193.110390 
0.850000 185.513252 
0.800000 183.613967 
0.750000 155.124697 
0.700000 179.815398 
0.650000 179.815398 
0.600000 170.318974 
0.550000 160.822551 
0.500000 164.621120 
0.450000 160.822551 
0.400000 149.426843 
0.350000 151.326128 
0.300000 149.426843 
0.250000 139.930420 
0.200000 136.131851 
0.150000 136.131851 
0.100000 126.635427 
0.050000 117.139004 
-0.000000 113.340435 
-0.050000 109.541865 
-0.100000 94.347588 
-0.150000 94.347588 
-0.200000 92.448303 
-0.250000 82.951880 
-0.300000 69.656887 
-0.350000 41.167617 
-0.400000 -2.515930 
-0.450000 -13.911638 
-0.500000 -15.810923 
-0.550000 -29.105915 
-0.600000 -38.602339 
-0.650000 -46.199477 
-0.700000 -44.300193 
-0.750000 -44.300193 
-0.800000 -44.300193 
-0.850000 -57.595185 
-0.900000 -57.595185 
-0.950000 -51.897331 
-1.000000 -67.091609 
-1.050000 -65.192324 
-1.100000 -63.293039 
-1.150000 -70.890178 
-1.200000 -84.185170 
-1.250000 -82.285886 
-1.300000 -89.883024 
-1.350000 -99.379448 
-1.400000 -105.077302 
-1.450000 -106.976586 
-1.500000 -108.875871 
-1.550000 -118.372294 
-1.600000 -137.365141 
-1.650000 -105.077302 
-1.700000 -133.566572 
-1.750000 -137.365141 
-1.800000 -133.566572 
-1.850000 -144.962280 
-1.900000 -152.559418 
-1.950000 -154.458703 
-2.000000 -160.156557 
-2.050000 -169.652980 
-2.100000 -182.947973 
-2.150000 -179.149404 
-2.200000 -186.746542 
-2.250000 -186.746542 
-2.300000 -184.847258 
-2.350000 -201.940820 
-2.400000 -200.041535 
-2.450000 -200.041535 
-2.500000 -220.933666 
-2.450000 -219.034382 
-2.400000 -215.235812 
-2.350000 -224.732236 
-2.300000 -228.530805 
-2.250000 -226.631520 
-2.200000 -224.732236 
-2.150000 -226.631520 
-2.100000 -230.430090 
-2.050000 -226.631520 
-2.000000 -230.430090 
-1.950000 -238.027228 
-1.900000 -219.034382 
-1.850000 -228.530805 
-1.800000 -230.430090 
-1.750000 -219.034382 
-1.700000 -251.322221 
-1.650000 -224.732236 
-1.600000 -219.034382 
-1.550000 -219.034382 
-1.500000 -207.638674 
-1.450000 -203.840104 
-1.400000 -220.933666 
-1.350000 -211.437243 
-1.300000 -207.638674 
-1.250000 -211.437243 
-1.200000 -203.840104 
-1.150000 -200.041535 
-1.100000 -201.940820 
-1.050000 -201.940820 
-1.000000 -198.142250 
-0.950000 -190.545112 
-0.900000 -186.746542 
-0.850000 -190.545112 
-0.800000 -194.343681 
-0.750000 -184.847258 
-0.700000 -173.451550 
-0.650000 -165.854411 
-0.600000 -158.257272 
-0.550000 -158.257272 
-0.500000 -150.660134 
-0.450000 -150.660134 
-0.400000 -144.962280 
-0.350000 -137.365141 
-0.300000 -131.667287 
-0.250000 -129.768002 
-0.200000 -129.768002 
-0.150000 -118.372294 
-0.100000 -116.473010 
-0.050000 -112.674440 
0.000000 -103.178017 
0.050000 -105.077302 
0.100000 -86.084455 
0.150000 -74.688747 
0.200000 -65.192324 
0.250000 -53.796616 
0.300000 -42.400908 
0.350000 -21.508777 
0.400000 -8.213784 
0.450000 10.779063 
0.500000 8.879778 
0.550000 22.174771 
0.600000 27.872625 
0.650000 37.369048 
0.700000 37.369048 
0.750000 43.066902 
0.800000 52.563325 
0.850000 52.563325 
0.900000 58.261179 
0.950000 71.556172 
1.000000 62.059749 
1.050000 63.959033 
1.100000 71.556172 
1.150000 82.951880 
1.200000 77.254026 
1.250000 82.951880 
1.300000 92.448303 
1.350000 92.448303 
1.400000 103.844011 
1.450000 101.944727 
1.500000 100.045442 
1.550000 115.239719 
1.600000 124.736143 
1.650000 134.232566 
1.700000 132.333281 
1.750000 120.937573 
1.800000 130.433997 
1.850000 132.333281 
1.900000 139.930420 
1.950000 147.527558 
2.000000 160.822551 
2.050000 166.520405 
2.100000 170.318974 
2.150000 160.822551 
2.200000 174.117544 
2.250000 185.513252 
2.300000 185.513252 
2.350000 196.908960 
2.400000 198.808244 
2.450000 200.707529 
2.500000 210.203952 
2.450000 219.700376 
2.400000 212.103237 
2.350000 227.297514 
2.300000 234.894653 
2.250000 221.599660 
2.200000 225.398230 
2.150000 232.995368 
2.100000 229.196799 
2.050000 242.491792 
2.000000 240.592507 
1.950000 229.196799 
1.900000 232.995368 
1.850000 240.592507 
1.800000 229.196799 
1.750000 236.793938 
1.700000 234.894653 
1.650000 236.793938 
1.600000 236.793938 
1.550000 229.196799 
1.500000 227.297514 
1.450000 223.498945 
1.400000 221.599660 
1.350000 223.498945 
1.300000 221.599660 
1.250000 214.002522 
1.200000 219.700376 
1.150000 210.203952 
1.100000 202.606814 
1.050000 196.908960 
1.000000 204.506098 
0.950000 196.908960 
0.900000 185.513252 
0.850000 193.110390 
0.800000 193.110390 
0.750000 187.412536 
0.700000 179.815398 
0.650000 168.419690 
0.600000 174.117544 
0.550000 174.117544 
0.500000 166.520405 
0.450000 166.520405 
0.400000 155.124697 
0.350000 128.534712 
0.300000 141.829705 
0.250000 145.628274 
0.200000 130.433997 
0.150000 128.534712 
0.100000 122.836858 
0.050000 119.038289 
-0.000000 113.340435 
-0.050000 103.844011 
-0.100000 100.045442 
-0.150000 98.146157 
-0.200000 86.750449 
-0.250000 77.254026 
-0.300000 73.455457 
-0.350000 37.369048 
-0.400000 -2.515930 
-0.450000 -15.810923 
-0.500000 -17.710207 
-0.550000 -34.803769 
-0.600000 -40.501623 
-0.650000 -40.501623 
-0.700000 -38.602339 
-0.750000 -44.300193 
-0.800000 -53.796616 
-0.850000 -48.098762 
-0.900000 -59.494470 
-0.950000 -57.595185 
-1.000000 -59.494470 
-1.050000 -68.990893 
-1.100000 -63.293039 
-1.150000 -76.588032 
-1.200000 -84.185170 
-1.250000 -86.084455 
-1.300000 -91.782309 
-1.350000 -87.983740 
-1.400000 -103.178017 
-1.450000 -112.674440 
-1.500000 -112.674440 
-1.550000 -114.573725 
-1.600000 -118.372294 
-1.650000 -124.070148 
-1.700000 -127.868718 
-1.750000 -135.465856 
-1.800000 -141.163710 
-1.850000 -143.062995 
-1.900000 -154.458703 
-1.950000 -158.257272 
-2.000000 -167.753696 
-2.050000 -162.055842 
-2.100000 -177.250119 
-2.150000 -175.350834 
-2.200000 -184.847258 
-2.250000 -194.343681 
-2.300000 -192.444396 
-2.350000 -198.142250 
-2.400000 -203.840104 
-2.450000 -200.041535 
-2.500000 -209.537958 
-2.450000 -215.235812 
-2.400000 -222.832951 
-2.350000 -220.933666 
-2.300000 -226.631520 
-2.250000 -228.530805 
-2.200000 -219.034382 
-2.150000 -228.530805 
-2.100000 -230.430090 
-2.050000 -226.631520 
-2.000000 -236.127944 
-1.950000 -222.832951 
-1.900000 -234.228659 
-1.850000 -228.530805 
-1.800000 -245.624367 
-1.750000 -228.530805 
-1.700000 -220.933666 
-1.650000 -213.336528 
-1.600000 -228.530805 
-1.550000 -215.235812 
-1.500000 -211.437243 
-1.450000 -219.034382 
-1.400000 -201.940820 
-1.350000 -201.940820 
-1.300000 -201.940820 
-1.250000 -196.242966 
-1.200000 -200.041535 
-1.150000 -203.840104 
-1.100000 -184.847258 
-1.050000 -190.545112 
-1.000000 -192.444396 
-0.950000 -190.545112 
-0.900000 -186.746542 
-0.850000 -182.947973 
-0.800000 -173.451550 
-0.750000 -165.854411 
-0.700000 -177.250119 
-0.650000 -167.753696 
-0.600000 -150.660134 
-0.550000 -160.156557 
-0.500000 -146.861564 
-0.450000 -137.365141 
-0.400000 -135.465856 
-0.350000 -135.465856 
-0.300000 -143.062995 
-0.250000 -127.868718 
-0.200000 -122.170864 
-0.150000 -122.170864 
-0.100000 -112.674440 
-0.050000 -105.077302 
