0.000000 -80.386601 
0.080000 -68.990893 
0.160000 -65.192324 
0.240000 -36.703054 
0.320000 -38.602339 
0.400000 -21.508777 
0.480000 -4.415215 
0.560000 8.879778 
0.640000 3.181924 
0.720000 3.181924 
0.800000 10.779063 
0.880000 -2.515930 
0.960000 25.973340 
1.040000 46.865471 
1.120000 52.563325 
1.200000 62.059749 
1.280000 69.656887 
1.360000 71.556172 
1.440000 82.951880 
1.520000 88.649734 
1.600000 100.045442 
1.680000 111.441150 
1.760000 115.239719 
1.840000 122.836858 
1.920000 139.930420 
2.000000 138.031135 
2.080000 153.225412 
2.160000 151.326128 
2.240000 155.124697 
2.320000 176.016828 
2.400000 179.815398 
2.480000 168.419690 
2.440000 191.211106 
2.360000 200.707529 
2.280000 191.211106 
2.200000 206.405383 
2.120000 208.304668 
2.040000 210.203952 
1.960000 219.700376 
1.880000 221.599660 
1.800000 212.103237 
1.720000 221.599660 
1.640000 217.801091 
1.560000 214.002522 
1.480000 212.103237 
1.400000 212.103237 
1.320000 208.304668 
1.240000 196.908960 
1.160000 202.606814 
1.080000 200.707529 
1.000000 196.908960 
0.920000 196.908960 
0.840000 193.110390 
0.760000 196.908960 
0.680000 193.110390 
0.600000 179.815398 
0.520000 177.916113 
0.440000 179.815398 
0.360000 166.520405 
0.280000 168.419690 
0.200000 164.621120 
0.120000 151.326128 
0.040000 145.628274 
-0.040000 147.527558 
-0.120000 138.031135 
-0.200000 134.232566 
-0.280000 122.836858 
-0.360000 120.937573 
-0.440000 75.354741 
-0.520000 31.671194 
-0.600000 -6.314499 
-0.680000 -15.810923 
-0.760000 -29.105915 
-0.840000 -32.904485 
-0.920000 -48.098762 
-1.000000 -49.998047 
-1.080000 -57.595185 
-1.160000 -55.695901 
-1.240000 -63.293039 
-1.320000 -65.192324 
-1.400000 -70.890178 
-1.480000 -84.185170 
-1.560000 -97.480163 
-1.640000 -91.782309 
-1.720000 -106.976586 
-1.800000 -108.875871 
-1.880000 -122.170864 
-1.960000 -129.768002 
-2.040000 -144.962280 
-2.120000 -148.760849 
-2.200000 -154.458703 
-2.280000 -158.257272 
-2.360000 -167.753696 
-2.440000 -160.156557 
-2.480000 -182.947973 
-2.400000 -188.645827 
-2.320000 -201.940820 
-2.240000 -196.242966 
-2.160000 -194.343681 
-2.080000 -203.840104 
-2.000000 -205.739389 
-1.920000 -203.840104 
-1.840000 -211.437243 
-1.760000 -209.537958 
-1.680000 -201.940820 
-1.600000 -203.840104 
-1.520000 -211.437243 
-1.440000 -201.940820 
-1.360000 -209.537958 
-1.280000 -201.940820 
-1.200000 -192.444396 
-1.120000 -188.645827 
-1.040000 -196.242966 
-0.960000 -190.545112 
-0.880000 -177.250119 
-0.800000 -179.149404 
-0.720000 -179.149404 
-0.640000 -163.955126 
-0.560000 -163.955126 
-0.480000 -165.854411 
-0.400000 -158.257272 
-0.320000 -127.868718 
-0.240000 -141.163710 
-0.160000 -129.768002 
-0.080000 -133.566572 
0.000000 -120.271579 
0.080000 -124.070148 
0.160000 -112.674440 
0.240000 -93.681594 
0.320000 -84.185170 
0.400000 -59.494470 
0.480000 -49.998047 
0.560000 -34.803769 
0.640000 -15.810923 
0.720000 8.879778 
0.800000 24.074055 
0.880000 29.771909 
0.960000 41.167617 
1.040000 43.066902 
1.120000 52.563325 
1.200000 62.059749 
1.280000 75.354741 
1.360000 75.354741 
1.440000 84.851165 
1.520000 67.757603 
1.600000 98.146157 
1.680000 107.642581 
1.760000 105.743296 
1.840000 122.836858 
1.920000 119.038289 
2.000000 96.246873 
2.080000 136.131851 
2.160000 141.829705 
2.240000 151.326128 
2.320000 160.822551 
2.400000 176.016828 
2.480000 185.513252 
2.440000 191.211106 
2.360000 196.908960 
2.280000 202.606814 
2.200000 204.506098 
2.120000 210.203952 
2.040000 217.801091 
1.960000 208.304668 
1.880000 206.405383 
1.800000 223.498945 
1.720000 214.002522 
1.640000 214.002522 
1.560000 219.700376 
1.480000 214.002522 
1.400000 204.506098 
1.320000 204.506098 
1.240000 204.506098 
1.160000 195.009675 
1.080000 196.908960 
1.000000 183.613967 
0.920000 196.908960 
0.840000 195.009675 
0.760000 179.815398 
0.680000 177.916113 
0.600000 174.117544 
0.520000 174.117544 
0.440000 166.520405 
0.360000 166.520405 
0.280000 160.822551 
0.200000 155.124697 
0.120000 151.326128 
0.040000 147.527558 
-0.040000 141.829705 
-0.120000 138.031135 
-0.200000 132.333281 
-0.280000 126.635427 
-0.360000 117.139004 
-0.440000 79.153311 
-0.520000 22.174771 
-0.600000 10.779063 
-0.680000 -13.911638 
-0.760000 -29.105915 
-0.840000 -40.501623 
-0.920000 -55.695901 
-1.000000 -55.695901 
-1.080000 -55.695901 
-1.160000 -53.796616 
-1.240000 -61.393755 
-1.320000 -67.091609 
-1.400000 -76.588032 
-1.480000 -84.185170 
-1.560000 -99.379448 
-1.640000 -97.480163 
-1.720000 -114.573725 
-1.800000 -118.372294 
-1.880000 -112.674440 
-1.960000 -122.170864 
-2.040000 -148.760849 
-2.120000 -156.357988 
-2.200000 -144.962280 
-2.280000 -165.854411 
-2.360000 -171.552265 
-2.440000 -169.652980 
-2.480000 -179.149404 
-2.400000 -192.444396 
-2.320000 -194.343681 
-2.240000 -203.840104 
-2.160000 -215.235812 
-2.080000 -203.840104 
-2.000000 -207.638674 
-1.920000 -211.437243 
-1.840000 -211.437243 
-1.760000 -209.537958 
-1.680000 -213.336528 
-1.600000 -205.739389 
-1.520000 -211.437243 
-1.440000 -211.437243 
-1.360000 -209.537958 
-1.280000 -207.638674 
-1.200000 -196.242966 
-1.120000 -190.545112 
-1.040000 -190.545112 
-0.960000 -196.242966 
-0.880000 -182.947973 
-0.800000 -181.048688 
-0.720000 -190.545112 
-0.640000 -171.552265 
-0.560000 -158.257272 
-0.480000 -186.746542 
-0.400000 -163.955126 
-0.320000 -150.660134 
-0.240000 -141.163710 
-0.160000 -137.365141 
-0.080000 -125.969433 
0.000000 -122.170864 
0.080000 -116.473010 
0.160000 -105.077302 
0.240000 -101.278732 
0.320000 -93.681594 
0.400000 -76.588032 
0.480000 -61.393755 
0.560000 -46.199477 
0.640000 -17.710207 
0.720000 12.678347 
0.800000 25.973340 
0.880000 29.771909 
0.960000 39.268333 
1.040000 56.361895 
1.120000 50.664041 
1.200000 63.959033 
1.280000 71.556172 
1.360000 79.153311 
1.440000 82.951880 
1.520000 90.549019 
1.600000 101.944727 
1.680000 105.743296 
1.760000 115.239719 
1.840000 115.239719 
1.920000 122.836858 
2.000000 136.131851 
2.080000 149.426843 
2.160000 147.527558 
2.240000 153.225412 
2.320000 168.419690 
2.400000 170.318974 
2.480000 179.815398 
2.440000 183.613967 
2.360000 191.211106 
2.280000 198.808244 
2.200000 206.405383 
2.120000 206.405383 
2.040000 208.304668 
1.960000 206.405383 
1.880000 219.700376 
1.800000 219.700376 
1.720000 214.002522 
1.640000 225.398230 
1.560000 208.304668 
1.480000 202.606814 
1.400000 210.203952 
1.320000 206.405383 
1.240000 204.506098 
1.160000 204.506098 
1.080000 202.606814 
1.000000 195.009675 
0.920000 191.211106 
0.840000 191.211106 
0.760000 185.513252 
0.680000 189.311821 
0.600000 183.613967 
0.520000 183.613967 
0.440000 166.520405 
0.360000 166.520405 
0.280000 157.023982 
0.200000 157.023982 
0.120000 153.225412 
0.040000 134.232566 
-0.040000 143.728989 
-0.120000 138.031135 
-0.200000 134.232566 
-0.280000 126.635427 
-0.360000 113.340435 
-0.440000 75.354741 
-0.520000 24.074055 
-0.600000 1.282639 
-0.680000 -15.810923 
-0.760000 -29.105915 
-0.840000 -40.501623 
-0.920000 -48.098762 
-1.000000 -57.595185 
-1.080000 -53.796616 
-1.160000 -51.897331 
-1.240000 -68.990893 
-1.320000 -76.588032 
-1.400000 -82.285886 
-1.480000 -86.084455 
-1.560000 -93.681594 
-1.640000 -99.379448 
-1.720000 -110.775156 
-1.800000 -112.674440 
-1.880000 -127.868718 
-1.960000 -139.264426 
-2.040000 -152.559418 
-2.120000 -148.760849 
-2.200000 -163.955126 
-2.280000 -167.753696 
-2.360000 -182.947973 
-2.440000 -175.350834 
-2.480000 -179.149404 
-2.400000 -196.242966 
-2.320000 -200.041535 
-2.240000 -196.242966 
-2.160000 -211.437243 
-2.080000 -203.840104 
-2.000000 -207.638674 
-1.920000 -220.933666 
-1.840000 -203.840104 
-1.760000 -205.739389 
-1.680000 -213.336528 
-1.600000 -207.638674 
-1.520000 -205.739389 
-1.440000 -209.537958 
-1.360000 -215.235812 
-1.280000 -243.725082 
-1.200000 -211.437243 
-1.120000 -200.041535 
-1.040000 -188.645827 
-0.960000 -194.343681 
-0.880000 -196.242966 
-0.800000 -188.645827 
-0.720000 -186.746542 
-0.640000 -179.149404 
-0.560000 -165.854411 
-0.480000 -165.854411 
-0.400000 -160.156557 
-0.320000 -160.156557 
-0.240000 -135.465856 
-0.160000 -131.667287 
-0.080000 -131.667287 
0.000000 -122.170864 
0.080000 -120.271579 
0.160000 -110.775156 
0.240000 -105.077302 
0.320000 -91.782309 
0.400000 -76.588032 
0.480000 -57.595185 
0.560000 -38.602339 
0.640000 -4.415215 
0.720000 14.577632 
0.800000 27.872625 
0.880000 31.671194 
0.960000 41.167617 
1.040000 46.865471 
1.120000 60.160464 
1.200000 62.059749 
1.280000 75.354741 
1.360000 79.153311 
1.440000 46.865471 
1.520000 105.743296 
1.600000 96.246873 
1.680000 81.052595 
1.760000 109.541865 
1.840000 120.937573 
1.920000 92.448303 
2.000000 130.433997 
2.080000 141.829705 
2.160000 149.426843 
2.240000 158.923266 
2.320000 164.621120 
2.400000 164.621120 
2.480000 179.815398 
2.440000 183.613967 
2.360000 191.211106 
2.280000 198.808244 
2.200000 204.506098 
2.120000 214.002522 
2.040000 214.002522 
1.960000 208.304668 
1.880000 217.801091 
1.800000 217.801091 
1.720000 215.901806 
1.640000 214.002522 
1.560000 206.405383 
1.480000 206.405383 
1.400000 212.103237 
1.320000 212.103237 
1.240000 198.808244 
1.160000 196.908960 
1.080000 195.009675 
1.000000 191.211106 
0.920000 200.707529 
0.840000 191.211106 
0.760000 187.412536 
0.680000 185.513252 
0.600000 181.714682 
0.520000 176.016828 
0.440000 174.117544 
0.360000 162.721836 
0.280000 168.419690 
0.200000 153.225412 
0.120000 153.225412 
0.040000 155.124697 
-0.040000 145.628274 
-0.120000 138.031135 
-0.200000 136.131851 
-0.280000 124.736143 
-0.360000 115.239719 
-0.440000 84.851165 
-0.520000 24.074055 
-0.600000 5.081209 
-0.680000 -8.213784 
-0.760000 -27.206631 
-0.840000 -36.703054 
-0.920000 -44.300193 
-1.000000 -61.393755 
-1.080000 -57.595185 
-1.160000 -63.293039 
-1.240000 -55.695901 
-1.320000 -74.688747 
-1.400000 -87.983740 
-1.480000 -76.588032 
-1.560000 -91.782309 
-1.640000 -97.480163 
-1.720000 -112.674440 
-1.800000 -120.271579 
-1.880000 -127.868718 
-1.960000 -135.465856 
-2.040000 -135.465856 
-2.120000 -160.156557 
-2.200000 -162.055842 
-2.280000 -203.840104 
-2.360000 -175.350834 
-2.440000 -182.947973 
-2.480000 -179.149404 
-2.400000 -182.947973 
-2.320000 -203.840104 
-2.240000 -207.638674 
-2.160000 -213.336528 
-2.080000 -211.437243 
-2.000000 -211.437243 
-1.920000 -213.336528 
-1.840000 -215.235812 
-1.760000 -215.235812 
-1.680000 -213.336528 
-1.600000 -207.638674 
-1.520000 -207.638674 
-1.440000 -211.437243 
-1.360000 -203.840104 
-1.280000 -209.537958 
-1.200000 -205.739389 
-1.120000 -196.242966 
-1.040000 -188.645827 
-0.960000 -188.645827 
-0.880000 -192.444396 
-0.800000 -182.947973 
-0.720000 -177.250119 
-0.640000 -184.847258 
-0.560000 -169.652980 
-0.480000 -158.257272 
-0.400000 -162.055842 
-0.320000 -148.760849 
-0.240000 -150.660134 
-0.160000 -133.566572 
-0.080000 -127.868718 
0.000000 -122.170864 
0.080000 -118.372294 
0.160000 -114.573725 
0.240000 -97.480163 
0.320000 -87.983740 
0.400000 -74.688747 
0.480000 -63.293039 
0.560000 -42.400908 
0.640000 -10.113069 
0.720000 14.577632 
0.800000 29.771909 
0.880000 39.268333 
0.960000 44.966187 
1.040000 52.563325 
1.120000 48.764756 
1.200000 62.059749 
1.280000 77.254026 
1.360000 81.052595 
1.440000 88.649734 
1.520000 88.649734 
1.600000 96.246873 
1.680000 109.541865 
1.760000 109.541865 
1.840000 84.851165 
1.920000 124.736143 
2.000000 134.232566 
2.080000 139.930420 
2.160000 139.930420 
2.240000 155.124697 
2.320000 164.621120 
2.400000 174.117544 
2.480000 183.613967 
2.440000 193.110390 
2.360000 191.211106 
2.280000 196.908960 
2.200000 198.808244 
2.120000 214.002522 
2.040000 210.203952 
1.960000 212.103237 
1.880000 221.599660 
1.800000 214.002522 
1.720000 215.901806 
1.640000 214.002522 
1.560000 200.707529 
1.480000 210.203952 
1.400000 208.304668 
1.320000 196.908960 
1.240000 202.606814 
1.160000 195.009675 
1.080000 200.707529 
1.000000 206.405383 
0.920000 193.110390 
0.840000 193.110390 
0.760000 183.613967 
0.680000 174.117544 
0.600000 185.513252 
0.520000 183.613967 
0.440000 185.513252 
0.360000 176.016828 
0.280000 164.621120 
0.200000 160.822551 
0.120000 153.225412 
0.040000 157.023982 
-0.040000 153.225412 
-0.120000 151.326128 
-0.200000 138.031135 
-0.280000 132.333281 
-0.360000 126.635427 
-0.440000 77.254026 
-0.520000 24.074055 
-0.600000 3.181924 
-0.680000 -15.810923 
-0.760000 -34.803769 
-0.840000 -44.300193 
-0.920000 -51.897331 
-1.000000 -53.796616 
-1.080000 -49.998047 
-1.160000 -59.494470 
-1.240000 -68.990893 
-1.320000 -70.890178 
-1.400000 -80.386601 
-1.480000 -89.883024 
-1.560000 -91.782309 
-1.640000 -97.480163 
-1.720000 -105.077302 
-1.800000 -122.170864 
-1.880000 -129.768002 
-1.960000 -133.566572 
-2.040000 -135.465856 
-2.120000 -156.357988 
-2.200000 -167.753696 
-2.280000 -169.652980 
-2.360000 -179.149404 
-2.440000 -186.746542 
-2.480000 -201.940820 
-2.400000 -186.746542 
-2.320000 -196.242966 
-2.240000 -209.537958 
-2.160000 -211.437243 
-2.080000 -211.437243 
-2.000000 -219.034382 
-1.920000 -213.336528 
-1.840000 -211.437243 
-1.760000 -209.537958 
-1.680000 -205.739389 
-1.600000 -205.739389 
-1.520000 -211.437243 
-1.440000 -201.940820 
-1.360000 -205.739389 
-1.280000 -205.739389 
-1.200000 -196.242966 
-1.120000 -200.041535 
-1.040000 -190.545112 
-0.960000 -188.645827 
-0.880000 -188.645827 
-0.800000 -182.947973 
-0.720000 -173.451550 
-0.640000 -181.048688 
-0.560000 -175.350834 
-0.480000 -167.753696 
-0.400000 -158.257272 
-0.320000 -150.660134 
-0.240000 -154.458703 
-0.160000 -144.962280 
-0.080000 -125.969433 
0.000000 -122.170864 
0.080000 -112.674440 
0.160000 -101.278732 
0.240000 -105.077302 
0.320000 -86.084455 
0.400000 -67.091609 
0.480000 -57.595185 
0.560000 -49.998047 
0.640000 -15.810923 
0.720000 18.376201 
0.800000 24.074055 
0.880000 39.268333 
0.960000 44.966187 
1.040000 48.764756 
1.120000 54.462610 
1.200000 62.059749 
1.280000 69.656887 
1.360000 73.455457 
1.440000 82.951880 
1.520000 90.549019 
1.600000 107.642581 
1.680000 103.844011 
1.760000 107.642581 
1.840000 122.836858 
1.920000 130.433997 
2.000000 128.534712 
2.080000 134.232566 
2.160000 157.023982 
2.240000 151.326128 
2.320000 164.621120 
2.400000 160.822551 
2.480000 179.815398 
2.440000 193.110390 
2.360000 191.211106 
2.280000 204.506098 
2.200000 198.808244 
2.120000 204.506098 
2.040000 212.103237 
1.960000 223.498945 
1.880000 208.304668 
1.800000 214.002522 
1.720000 221.599660 
1.640000 204.506098 
1.560000 206.405383 
1.480000 208.304668 
1.400000 202.606814 
1.320000 202.606814 
1.240000 204.506098 
1.160000 204.506098 
1.080000 200.707529 
1.000000 200.707529 
0.920000 202.606814 
0.840000 189.311821 
0.760000 191.211106 
0.680000 185.513252 
0.600000 181.714682 
0.520000 181.714682 
0.440000 176.016828 
0.360000 168.419690 
0.280000 160.822551 
0.200000 164.621120 
0.120000 158.923266 
0.040000 155.124697 
-0.040000 149.426843 
-0.120000 147.527558 
-0.200000 139.930420 
-0.280000 128.534712 
-0.360000 124.736143 
-0.440000 79.153311 
-0.520000 22.174771 
-0.600000 -0.616645 
-0.680000 -10.113069 
-0.760000 -31.005200 
-0.840000 -46.199477 
-0.920000 -48.098762 
-1.000000 -51.897331 
-1.080000 -53.796616 
-1.160000 -59.494470 
-1.240000 -57.595185 
-1.320000 -72.789462 
-1.400000 -84.185170 
-1.480000 -80.386601 
-1.560000 -101.278732 
-1.640000 -99.379448 
-1.720000 -103.178017 
-1.800000 -114.573725 
-1.880000 -127.868718 
-1.960000 -135.465856 
-2.040000 -148.760849 
-2.120000 -144.962280 
-2.200000 -160.156557 
-2.280000 -167.753696 
-2.360000 -177.250119 
-2.440000 -188.645827 
-2.480000 -194.343681 
-2.400000 -196.242966 
-2.320000 -188.645827 
-2.240000 -203.840104 
-2.160000 -219.034382 
-2.080000 -209.537958 
-2.000000 -220.933666 
-1.920000 -213.336528 
-1.840000 -211.437243 
-1.760000 -219.034382 
-1.680000 -217.135097 
-1.600000 -215.235812 
-1.520000 -211.437243 
-1.440000 -207.638674 
-1.360000 -200.041535 
-1.280000 -213.336528 
-1.200000 -205.739389 
-1.120000 -200.041535 
-1.040000 -205.739389 
-0.960000 -184.847258 
-0.880000 -182.947973 
-0.800000 -186.746542 
-0.720000 -184.847258 
-0.640000 -175.350834 
-0.560000 -175.350834 
-0.480000 -169.652980 
-0.400000 -165.854411 
-0.320000 -150.660134 
-0.240000 -156.357988 
-0.160000 -150.660134 
-0.080000 -135.465856 
0.000000 -116.473010 
0.080000 -112.674440 
0.160000 -105.077302 
0.240000 -95.580878 
0.320000 -78.487316 
0.400000 -63.293039 
0.480000 -59.494470 
0.560000 -46.199477 
0.640000 -29.105915 
0.720000 8.879778 
0.800000 27.872625 
0.880000 39.268333 
0.960000 37.369048 
1.040000 44.966187 
1.120000 62.059749 
1.200000 67.757603 
1.280000 79.153311 
1.360000 79.153311 
1.440000 94.347588 
1.520000 92.448303 
1.600000 96.246873 
1.680000 115.239719 
1.760000 115.239719 
1.840000 120.937573 
1.920000 132.333281 
2.000000 107.642581 
2.080000 149.426843 
2.160000 149.426843 
2.240000 157.023982 
2.320000 155.124697 
2.400000 172.218259 
2.480000 166.520405 
2.440000 189.311821 
2.360000 200.707529 
2.280000 204.506098 
2.200000 206.405383 
2.120000 210.203952 
2.040000 217.801091 
1.960000 210.203952 
1.880000 219.700376 
1.800000 210.203952 
1.720000 214.002522 
1.640000 210.203952 
1.560000 204.506098 
1.480000 202.606814 
1.400000 210.203952 
1.320000 200.707529 
1.240000 202.606814 
1.160000 208.304668 
1.080000 210.203952 
1.000000 200.707529 
0.920000 198.808244 
0.840000 195.009675 
0.760000 193.110390 
0.680000 189.311821 
0.600000 191.211106 
0.520000 179.815398 
0.440000 177.916113 
0.360000 177.916113 
0.280000 164.621120 
0.200000 166.520405 
0.120000 160.822551 
0.040000 158.923266 
-0.040000 153.225412 
-0.120000 147.527558 
-0.200000 139.930420 
-0.280000 122.836858 
-0.360000 113.340435 
-0.440000 63.959033 
-0.520000 24.074055 
-0.600000 -4.415215 
-0.680000 -21.508777 
-0.760000 -29.105915 
-0.840000 -46.199477 
-0.920000 -53.796616 
-1.000000 -48.098762 
-1.080000 -44.300193 
-1.160000 -61.393755 
-1.240000 -61.393755 
-1.320000 -76.588032 
-1.400000 -80.386601 
-1.480000 -89.883024 
-1.560000 -95.580878 
-1.640000 -99.379448 
-1.720000 -105.077302 
-1.800000 -116.473010 
-1.880000 -120.271579 
-1.960000 -139.264426 
-2.040000 -144.962280 
-2.120000 -144.962280 
-2.200000 -163.955126 
-2.280000 -169.652980 
-2.360000 -167.753696 
-2.440000 -182.947973 
-2.480000 -194.343681 
-2.400000 -194.343681 
-2.320000 -201.940820 
-2.240000 -200.041535 
-2.160000 -207.638674 
-2.080000 -220.933666 
-2.000000 -215.235812 
-1.920000 -228.530805 
-1.840000 -215.235812 
-1.760000 -211.437243 
-1.680000 -224.732236 
-1.600000 -213.336528 
-1.520000 -228.530805 
-1.440000 -207.638674 
-1.360000 -205.739389 
-1.280000 -211.437243 
-1.200000 -205.739389 
-1.120000 -207.638674 
-1.040000 -198.142250 
-0.960000 -201.940820 
-0.880000 -190.545112 
-0.800000 -173.451550 
-0.720000 -192.444396 
-0.640000 -179.149404 
-0.560000 -175.350834 
-0.480000 -169.652980 
-0.400000 -163.955126 
-0.320000 -160.156557 
-0.240000 -144.962280 
-0.160000 -146.861564 
-0.080000 -144.962280 
0.000000 -127.868718 
0.080000 -112.674440 
0.160000 -101.278732 
0.240000 -91.782309 
0.320000 -65.192324 
0.400000 -63.293039 
0.480000 -53.796616 
0.560000 -32.904485 
0.640000 -8.213784 
0.720000 6.980493 
0.800000 18.376201 
0.880000 39.268333 
0.960000 33.570479 
1.040000 46.865471 
1.120000 52.563325 
1.200000 60.160464 
1.280000 73.455457 
1.360000 77.254026 
1.440000 92.448303 
1.520000 88.649734 
1.600000 96.246873 
1.680000 109.541865 
1.760000 113.340435 
1.840000 120.937573 
1.920000 124.736143 
2.000000 138.031135 
2.080000 138.031135 
2.160000 149.426843 
2.240000 153.225412 
2.320000 160.822551 
2.400000 168.419690 
2.480000 179.815398 
2.440000 183.613967 
2.360000 198.808244 
2.280000 204.506098 
2.200000 198.808244 
2.120000 215.901806 
2.040000 202.606814 
1.960000 212.103237 
1.880000 214.002522 
1.800000 214.002522 
1.720000 206.405383 
1.640000 206.405383 
1.560000 212.103237 
1.480000 204.506098 
1.400000 208.304668 
1.320000 202.606814 
1.240000 204.506098 
1.160000 215.901806 
1.080000 206.405383 
1.000000 202.606814 
0.920000 196.908960 
0.840000 196.908960 
0.760000 191.211106 
0.680000 195.009675 
0.600000 193.110390 
0.520000 181.714682 
0.440000 179.815398 
0.360000 179.815398 
0.280000 170.318974 
0.200000 162.721836 
0.120000 160.822551 
0.040000 160.822551 
-0.040000 151.326128 
-0.120000 143.728989 
-0.200000 138.031135 
-0.280000 130.433997 
-0.360000 122.836858 
-0.440000 81.052595 
-0.520000 12.678347 
-0.600000 -4.415215 
-0.680000 -8.213784 
-0.760000 -36.703054 
-0.840000 -44.300193 
-0.920000 -53.796616 
-1.000000 -51.897331 
-1.080000 -55.695901 
-1.160000 -57.595185 
-1.240000 -63.293039 
-1.320000 -76.588032 
-1.400000 -80.386601 
-1.480000 -78.487316 
-1.560000 -89.883024 
-1.640000 -97.480163 
-1.720000 -106.976586 
-1.800000 -108.875871 
-1.880000 -122.170864 
-1.960000 -135.465856 
-2.040000 -148.760849 
-2.120000 -158.257272 
-2.200000 -160.156557 
-2.280000 -163.955126 
-2.360000 -177.250119 
-2.440000 -182.947973 
-2.480000 -188.645827 
-2.400000 -198.142250 
-2.320000 -198.142250 
-2.240000 -207.638674 
-2.160000 -203.840104 
-2.080000 -203.840104 
-2.000000 -219.034382 
-1.920000 -219.034382 
-1.840000 -226.631520 
-1.760000 -236.127944 
-1.680000 -213.336528 
-1.600000 -207.638674 
-1.520000 -215.235812 
-1.440000 -192.444396 
-1.360000 -211.437243 
-1.280000 -201.940820 
-1.200000 -200.041535 
-1.120000 -203.840104 
-1.040000 -205.739389 
-0.960000 -190.545112 
-0.880000 -192.444396 
-0.800000 -182.947973 
-0.720000 -181.048688 
-0.640000 -181.048688 
-0.560000 -177.250119 
-0.480000 -167.753696 
-0.400000 -171.552265 
-0.320000 -154.458703 
-0.240000 -146.861564 
-0.160000 -139.264426 
-0.080000 -139.264426 
0.000000 -135.465856 
0.080000 -122.170864 
0.160000 -106.976586 
0.240000 -91.782309 
0.320000 -72.789462 
0.400000 -59.494470 
0.480000 -46.199477 
0.560000 -29.105915 
0.640000 -8.213784 
0.720000 5.081209 
0.800000 18.376201 
0.880000 29.771909 
0.960000 33.570479 
1.040000 48.764756 
1.120000 62.059749 
1.200000 75.354741 
1.280000 75.354741 
1.360000 77.254026 
1.440000 92.448303 
1.520000 96.246873 
1.600000 100.045442 
1.680000 107.642581 
1.760000 111.441150 
1.840000 107.642581 
1.920000 126.635427 
2.000000 132.333281 
2.080000 139.930420 
2.160000 143.728989 
2.240000 153.225412 
2.320000 160.822551 
2.400000 168.419690 
2.480000 177.916113 
2.440000 193.110390 
2.360000 189.311821 
2.280000 191.211106 
2.200000 210.203952 
2.120000 212.103237 
2.040000 204.506098 
1.960000 214.002522 
1.880000 217.801091 
1.800000 210.203952 
1.720000 214.002522 
1.640000 221.599660 
1.560000 202.606814 
1.480000 210.203952 
1.400000 198.808244 
1.320000 210.203952 
1.240000 221.599660 
1.160000 210.203952 
1.080000 206.405383 
1.000000 198.808244 
0.920000 193.110390 
0.840000 193.110390 
0.760000 191.211106 
0.680000 195.009675 
0.600000 195.009675 
0.520000 185.513252 
0.440000 181.714682 
0.360000 179.815398 
0.280000 176.016828 
0.200000 166.520405 
0.120000 166.520405 
0.040000 164.621120 
-0.040000 151.326128 
-0.120000 143.728989 
-0.200000 138.031135 
-0.280000 128.534712 
-0.360000 115.239719 
-0.440000 69.656887 
-0.520000 16.476917 
-0.600000 1.282639 
-0.680000 -10.113069 
-0.760000 -21.508777 
-0.840000 -40.501623 
-0.920000 -51.897331 
-1.000000 -42.400908 
-1.080000 -48.098762 
-1.160000 -53.796616 
-1.240000 -63.293039 
-1.320000 -76.588032 
-1.400000 -76.588032 
-1.480000 -86.084455 
-1.560000 -101.278732 
-1.640000 -91.782309 
-1.720000 -99.379448 
-1.800000 -116.473010 
-1.880000 -127.868718 
-1.960000 -129.768002 
-2.040000 -137.365141 
-2.120000 -146.861564 
-2.200000 -160.156557 
-2.280000 -165.854411 
-2.360000 -173.451550 
-2.440000 -188.645827 
-2.480000 -190.545112 
-2.400000 -188.645827 
-2.320000 -190.545112 
-2.240000 -211.437243 
-2.160000 -205.739389 
-2.080000 -203.840104 
-2.000000 -219.034382 
-1.920000 -220.933666 
-1.840000 -222.832951 
-1.760000 -228.530805 
-1.680000 -213.336528 
-1.600000 -211.437243 
-1.520000 -219.034382 
-1.440000 -209.537958 
-1.360000 -207.638674 
-1.280000 -198.142250 
-1.200000 -201.940820 
-1.120000 -201.940820 
-1.040000 -198.142250 
-0.960000 -198.142250 
-0.880000 -192.444396 
-0.800000 -188.645827 
-0.720000 -182.947973 
-0.640000 -175.350834 
-0.560000 -177.250119 
-0.480000 -173.451550 
-0.400000 -165.854411 
-0.320000 -158.257272 
-0.240000 -154.458703 
-0.160000 -143.062995 
-0.080000 -133.566572 
0.000000 -135.465856 
0.080000 -125.969433 
0.160000 -116.473010 
0.240000 -99.379448 
0.320000 -84.185170 
0.400000 -63.293039 
0.480000 -42.400908 
0.560000 -32.904485 
0.640000 -13.911638 
0.720000 14.577632 
0.800000 29.771909 
0.880000 33.570479 
0.960000 41.167617 
1.040000 46.865471 
1.120000 54.462610 
1.200000 75.354741 
1.280000 75.354741 
1.360000 79.153311 
1.440000 100.045442 
1.520000 88.649734 
1.600000 98.146157 
1.680000 109.541865 
1.760000 109.541865 
1.840000 109.541865 
1.920000 122.836858 
2.000000 122.836858 
2.080000 130.433997 
2.160000 139.930420 
2.240000 153.225412 
2.320000 160.822551 
2.400000 172.218259 
2.480000 183.613967 
2.440000 187.412536 
2.360000 183.613967 
2.280000 195.009675 
2.200000 214.002522 
2.120000 204.506098 
2.040000 210.203952 
1.960000 212.103237 
1.880000 212.103237 
1.800000 206.405383 
1.720000 214.002522 
1.640000 212.103237 
1.560000 214.002522 
1.480000 214.002522 
1.400000 210.203952 
1.320000 210.203952 
1.240000 214.002522 
1.160000 202.606814 
1.080000 202.606814 
1.000000 198.808244 
0.920000 200.707529 
0.840000 193.110390 
0.760000 196.908960 
0.680000 195.009675 
0.600000 191.211106 
0.520000 185.513252 
0.440000 181.714682 
0.360000 183.613967 
0.280000 172.218259 
0.200000 162.721836 
0.120000 168.419690 
0.040000 155.124697 
-0.040000 145.628274 
-0.120000 143.728989 
-0.200000 143.728989 
-0.280000 122.836858 
-0.360000 111.441150 
-0.440000 82.951880 
-0.520000 16.476917 
-0.600000 6.980493 
-0.680000 -13.911638 
-0.760000 -31.005200 
-0.840000 -44.300193 
-0.920000 -36.703054 
-1.000000 -48.098762 
-1.080000 -53.796616 
-1.160000 -59.494470 
-1.240000 -55.695901 
-1.320000 -67.091609 
-1.400000 -74.688747 
-1.480000 -89.883024 
-1.560000 -95.580878 
-1.640000 -105.077302 
-1.720000 -101.278732 
-1.800000 -105.077302 
-1.880000 -108.875871 
-1.960000 -139.264426 
-2.040000 -143.062995 
-2.120000 -143.062995 
-2.200000 -160.156557 
-2.280000 -167.753696 
-2.360000 -179.149404 
-2.440000 -184.847258 
-2.480000 -181.048688 
-2.400000 -200.041535 
-2.320000 -200.041535 
-2.240000 -201.940820 
-2.160000 -217.135097 
-2.080000 -211.437243 
-2.000000 -211.437243 
-1.920000 -230.430090 
-1.840000 -219.034382 
-1.760000 -226.631520 
-1.680000 -224.732236 
-1.600000 -211.437243 
-1.520000 -217.135097 
-1.440000 -211.437243 
-1.360000 -205.739389 
-1.280000 -205.739389 
-1.200000 -200.041535 
-1.120000 -192.444396 
-1.040000 -201.940820 
-0.960000 -196.242966 
-0.880000 -200.041535 
-0.800000 -188.645827 
-0.720000 -182.947973 
-0.640000 -169.652980 
-0.560000 -177.250119 
-0.480000 -181.048688 
-0.400000 -163.955126 
-0.320000 -158.257272 
-0.240000 -186.746542 
-0.160000 -143.062995 
-0.080000 -141.163710 
0.000000 -133.566572 
0.080000 -127.868718 
0.160000 -118.372294 
0.240000 -143.062995 
0.320000 -91.782309 
0.400000 -70.890178 
0.480000 -49.998047 
0.560000 -38.602339 
0.640000 -6.314499 
0.720000 8.879778 
0.800000 22.174771 
0.880000 31.671194 
0.960000 43.066902 
1.040000 46.865471 
1.120000 54.462610 
1.200000 73.455457 
1.280000 81.052595 
1.360000 81.052595 
1.440000 79.153311 
1.520000 94.347588 
1.600000 92.448303 
1.680000 100.045442 
1.760000 115.239719 
1.840000 115.239719 
1.920000 117.139004 
2.000000 124.736143 
2.080000 138.031135 
2.160000 149.426843 
2.240000 153.225412 
2.320000 160.822551 
2.400000 174.117544 
2.480000 187.412536 
2.440000 193.110390 
2.360000 193.110390 
2.280000 208.304668 
2.200000 210.203952 
2.120000 214.002522 
2.040000 219.700376 
1.960000 208.304668 
1.880000 206.405383 
1.800000 208.304668 
1.720000 195.009675 
1.640000 204.506098 
1.560000 215.901806 
1.480000 212.103237 
1.400000 206.405383 
1.320000 221.599660 
1.240000 215.901806 
1.160000 214.002522 
1.080000 208.304668 
1.000000 196.908960 
0.920000 202.606814 
0.840000 204.506098 
0.760000 202.606814 
0.680000 195.009675 
0.600000 195.009675 
0.520000 195.009675 
0.440000 179.815398 
0.360000 179.815398 
0.280000 176.016828 
0.200000 168.419690 
0.120000 166.520405 
0.040000 166.520405 
-0.040000 143.728989 
-0.120000 138.031135 
-0.200000 139.930420 
-0.280000 128.534712 
-0.360000 115.239719 
-0.440000 94.347588 
-0.520000 24.074055 
-0.600000 3.181924 
-0.680000 -19.609492 
-0.760000 -27.206631 
-0.840000 -42.400908 
-0.920000 -48.098762 
-1.000000 -57.595185 
-1.080000 -59.494470 
-1.160000 -61.393755 
-1.240000 -57.595185 
-1.320000 -70.890178 
-1.400000 -76.588032 
-1.480000 -84.185170 
-1.560000 -99.379448 
-1.640000 -99.379448 
-1.720000 -105.077302 
-1.800000 -114.573725 
-1.880000 -116.473010 
-1.960000 -131.667287 
-2.040000 -144.962280 
-2.120000 -156.357988 
-2.200000 -160.156557 
-2.280000 -163.955126 
-2.360000 -179.149404 
-2.440000 -186.746542 
-2.480000 -192.444396 
-2.400000 -196.242966 
-2.320000 -201.940820 
-2.240000 -209.537958 
-2.160000 -213.336528 
-2.080000 -220.933666 
-2.000000 -207.638674 
-1.920000 -222.832951 
-1.840000 -226.631520 
-1.760000 -211.437243 
-1.680000 -232.329374 
-1.600000 -226.631520 
-1.520000 -215.235812 
-1.440000 -209.537958 
-1.360000 -209.537958 
-1.280000 -200.041535 
-1.200000 -207.638674 
-1.120000 -200.041535 
-1.040000 -182.947973 
-0.960000 -198.142250 
-0.880000 -200.041535 
-0.800000 -190.545112 
-0.720000 -190.545112 
-0.640000 -181.048688 
-0.560000 -171.552265 
-0.480000 -167.753696 
-0.400000 -171.552265 
-0.320000 -156.357988 
-0.240000 -146.861564 
-0.160000 -139.264426 
-0.080000 -139.264426 
0.000000 -133.566572 
0.080000 -120.271579 
0.160000 -120.271579 
0.240000 -105.077302 
0.320000 -99.379448 
0.400000 -80.386601 
0.480000 -61.393755 
0.560000 -36.703054 
0.640000 1.282639 
0.720000 16.476917 
0.800000 31.671194 
0.880000 39.268333 
0.960000 44.966187 
1.040000 41.167617 
1.120000 54.462610 
1.200000 71.556172 
1.280000 69.656887 
1.360000 77.254026 
1.440000 82.951880 
1.520000 82.951880 
1.600000 96.246873 
1.680000 100.045442 
1.760000 105.743296 
1.840000 109.541865 
1.920000 117.139004 
2.000000 132.333281 
2.080000 130.433997 
2.160000 139.930420 
2.240000 158.923266 
2.320000 166.520405 
2.400000 166.520405 
2.480000 179.815398 
2.440000 181.714682 
2.360000 204.506098 
2.280000 200.707529 
2.200000 198.808244 
2.120000 215.901806 
2.040000 206.405383 
1.960000 202.606814 
1.880000 212.103237 
1.800000 217.801091 
1.720000 204.506098 
1.640000 210.203952 
1.560000 214.002522 
1.480000 206.405383 
1.400000 219.700376 
1.320000 219.700376 
1.240000 210.203952 
1.160000 183.613967 
1.080000 210.203952 
1.000000 204.506098 
0.920000 210.203952 
0.840000 204.506098 
0.760000 198.808244 
0.680000 189.311821 
0.600000 193.110390 
0.520000 189.311821 
0.440000 177.916113 
0.360000 174.117544 
0.280000 172.218259 
0.200000 168.419690 
0.120000 162.721836 
0.040000 155.124697 
-0.040000 141.829705 
-0.120000 141.829705 
-0.200000 139.930420 
-0.280000 128.534712 
-0.360000 119.038289 
-0.440000 86.750449 
-0.520000 35.469763 
-0.600000 3.181924 
-0.680000 -17.710207 
-0.760000 -19.609492 
-0.840000 -36.703054 
-0.920000 -42.400908 
-1.000000 -46.199477 
-1.080000 -51.897331 
-1.160000 -53.796616 
-1.240000 -68.990893 
-1.320000 -76.588032 
-1.400000 -76.588032 
-1.480000 -78.487316 
-1.560000 -99.379448 
-1.640000 -99.379448 
-1.720000 -108.875871 
-1.800000 -103.178017 
-1.880000 -127.868718 
-1.960000 -133.566572 
-2.040000 -127.868718 
-2.120000 -139.264426 
-2.200000 -165.854411 
-2.280000 -163.955126 
-2.360000 -179.149404 
-2.440000 -182.947973 
-2.480000 -190.545112 
-2.400000 -198.142250 
-2.320000 -201.940820 
-2.240000 -211.437243 
-2.160000 -213.336528 
-2.080000 -220.933666 
-2.000000 -217.135097 
-1.920000 -222.832951 
-1.840000 -224.732236 
-1.760000 -220.933666 
-1.680000 -226.631520 
-1.600000 -224.732236 
-1.520000 -211.437243 
-1.440000 -211.437243 
-1.360000 -217.135097 
-1.280000 -203.840104 
-1.200000 -201.940820 
-1.120000 -200.041535 
-1.040000 -186.746542 
-0.960000 -198.142250 
-0.880000 -196.242966 
-0.800000 -186.746542 
-0.720000 -190.545112 
-0.640000 -181.048688 
-0.560000 -169.652980 
-0.480000 -160.156557 
-0.400000 -179.149404 
-0.320000 -165.854411 
-0.240000 -150.660134 
-0.160000 -150.660134 
-0.080000 -143.062995 
0.000000 -131.667287 
0.080000 -131.667287 
0.160000 -112.674440 
0.240000 -99.379448 
0.320000 -97.480163 
0.400000 -84.185170 
0.480000 -63.293039 
0.560000 -42.400908 
0.640000 -12.012353 
0.720000 8.879778 
0.800000 24.074055 
0.880000 39.268333 
0.960000 44.966187 
1.040000 52.563325 
1.120000 75.354741 
1.200000 63.959033 
1.280000 67.757603 
1.360000 75.354741 
1.440000 88.649734 
1.520000 92.448303 
1.600000 92.448303 
1.680000 107.642581 
1.760000 107.642581 
1.840000 105.743296 
1.920000 119.038289 
2.000000 128.534712 
2.080000 132.333281 
2.160000 157.023982 
2.240000 153.225412 
2.320000 164.621120 
2.400000 172.218259 
2.480000 179.815398 
2.440000 189.311821 
2.360000 206.405383 
2.280000 204.506098 
2.200000 212.103237 
2.120000 210.203952 
2.040000 212.103237 
1.960000 208.304668 
1.880000 221.599660 
1.800000 210.203952 
1.720000 215.901806 
1.640000 214.002522 
1.560000 204.506098 
1.480000 221.599660 
1.400000 225.398230 
1.320000 208.304668 
1.240000 206.405383 
1.160000 210.203952 
1.080000 206.405383 
1.000000 214.002522 
0.920000 214.002522 
0.840000 206.405383 
0.760000 196.908960 
0.680000 196.908960 
0.600000 191.211106 
0.520000 191.211106 
0.440000 181.714682 
0.360000 172.218259 
0.280000 172.218259 
0.200000 170.318974 
0.120000 153.225412 
0.040000 153.225412 
-0.040000 149.426843 
-0.120000 130.433997 
-0.200000 128.534712 
-0.280000 130.433997 
-0.360000 115.239719 
-0.440000 77.254026 
-0.520000 39.268333 
-0.600000 3.181924 
-0.680000 -15.810923 
-0.760000 -21.508777 
-0.840000 -42.400908 
-0.920000 -44.300193 
-1.000000 -53.796616 
-1.080000 -61.393755 
-1.160000 -53.796616 
-1.240000 -78.487316 
-1.320000 -76.588032 
-1.400000 -80.386601 
-1.480000 -84.185170 
-1.560000 -89.883024 
-1.640000 -99.379448 
-1.720000 -105.077302 
-1.800000 -120.271579 
-1.880000 -114.573725 
-1.960000 -135.465856 
-2.040000 -141.163710 
-2.120000 -141.163710 
-2.200000 -163.955126 
-2.280000 -162.055842 
-2.360000 -167.753696 
-2.440000 -190.545112 
-2.480000 -205.739389 
-2.400000 -194.343681 
-2.320000 -205.739389 
-2.240000 -209.537958 
-2.160000 -211.437243 
-2.080000 -213.336528 
-2.000000 -224.732236 
-1.920000 -222.832951 
-1.840000 -215.235812 
-1.760000 -224.732236 
-1.680000 -222.832951 
-1.600000 -234.228659 
-1.520000 -215.235812 
-1.440000 -213.336528 
-1.360000 -203.840104 
-1.280000 -207.638674 
-1.200000 -205.739389 
-1.120000 -200.041535 
-1.040000 -198.142250 
-0.960000 -184.847258 
-0.880000 -200.041535 
-0.800000 -188.645827 
-0.720000 -181.048688 
-0.640000 -181.048688 
-0.560000 -181.048688 
-0.480000 -163.955126 
-0.400000 -169.652980 
-0.320000 -167.753696 
-0.240000 -150.660134 
-0.160000 -148.760849 
-0.080000 -137.365141 
0.000000 -137.365141 
0.080000 -127.868718 
0.160000 -116.473010 
0.240000 -97.480163 
0.320000 -84.185170 
0.400000 -74.688747 
0.480000 -70.890178 
0.560000 -53.796616 
0.640000 -6.314499 
0.720000 16.476917 
0.800000 35.469763 
0.880000 39.268333 
0.960000 48.764756 
1.040000 50.664041 
1.120000 54.462610 
1.200000 65.858318 
1.280000 69.656887 
1.360000 75.354741 
1.440000 82.951880 
1.520000 84.851165 
1.600000 96.246873 
1.680000 105.743296 
1.760000 105.743296 
1.840000 113.340435 
1.920000 120.937573 
2.000000 126.635427 
2.080000 143.728989 
2.160000 145.628274 
2.240000 153.225412 
2.320000 166.520405 
2.400000 174.117544 
2.480000 176.016828 
2.440000 198.808244 
2.360000 196.908960 
2.280000 198.808244 
2.200000 212.103237 
2.120000 208.304668 
2.040000 210.203952 
1.960000 204.506098 
1.880000 210.203952 
1.800000 202.606814 
1.720000 212.103237 
1.640000 210.203952 
1.560000 206.405383 
1.480000 219.700376 
1.400000 214.002522 
1.320000 206.405383 
1.240000 208.304668 
1.160000 206.405383 
1.080000 206.405383 
1.000000 210.203952 
0.920000 204.506098 
0.840000 208.304668 
0.760000 198.808244 
0.680000 200.707529 
0.600000 191.211106 
0.520000 187.412536 
0.440000 179.815398 
0.360000 177.916113 
0.280000 166.520405 
0.200000 157.023982 
0.120000 160.822551 
0.040000 155.124697 
-0.040000 149.426843 
-0.120000 149.426843 
-0.200000 130.433997 
-0.280000 119.038289 
-0.360000 115.239719 
-0.440000 94.347588 
-0.520000 35.469763 
-0.600000 1.282639 
-0.680000 -6.314499 
-0.760000 -23.408061 
-0.840000 -38.602339 
-0.920000 -51.897331 
-1.000000 -46.199477 
-1.080000 -42.400908 
-1.160000 -57.595185 
-1.240000 -65.192324 
-1.320000 -74.688747 
-1.400000 -84.185170 
-1.480000 -89.883024 
-1.560000 -105.077302 
-1.640000 -99.379448 
-1.720000 -106.976586 
-1.800000 -118.372294 
-1.880000 -131.667287 
-1.960000 -133.566572 
-2.040000 -143.062995 
-2.120000 -148.760849 
-2.200000 -154.458703 
-2.280000 -167.753696 
-2.360000 -167.753696 
-2.440000 -177.250119 
-2.480000 -196.242966 
-2.400000 -201.940820 
-2.320000 -200.041535 
-2.240000 -203.840104 
-2.160000 -213.336528 
-2.080000 -211.437243 
-2.000000 -219.034382 
-1.920000 -226.631520 
-1.840000 -220.933666 
-1.760000 -222.832951 
-1.680000 -224.732236 
-1.600000 -219.034382 
-1.520000 -226.631520 
-1.440000 -215.235812 
-1.360000 -211.437243 
-1.280000 -203.840104 
-1.200000 -207.638674 
-1.120000 -205.739389 
-1.040000 -192.444396 
-0.960000 -186.746542 
-0.880000 -196.242966 
-0.800000 -192.444396 
-0.720000 -192.444396 
-0.640000 -184.847258 
-0.560000 -173.451550 
-0.480000 -173.451550 
-0.400000 -165.854411 
-0.320000 -169.652980 
-0.240000 -165.854411 
-0.160000 -150.660134 
-0.080000 -139.264426 
0.000000 -135.465856 
0.080000 -127.868718 
0.160000 -120.271579 
0.240000 -110.775156 
0.320000 -97.480163 
0.400000 -82.285886 
0.480000 -68.990893 
0.560000 -49.998047 
0.640000 -10.113069 
0.720000 14.577632 
0.800000 31.671194 
0.880000 37.369048 
0.960000 44.966187 
1.040000 48.764756 
1.120000 60.160464 
1.200000 58.261179 
1.280000 73.455457 
1.360000 90.549019 
1.440000 82.951880 
1.520000 88.649734 
1.600000 90.549019 
1.680000 101.944727 
1.760000 105.743296 
1.840000 107.642581 
1.920000 132.333281 
2.000000 130.433997 
2.080000 139.930420 
2.160000 145.628274 
2.240000 158.923266 
2.320000 160.822551 
2.400000 172.218259 
2.480000 174.117544 
2.440000 191.211106 
2.360000 195.009675 
2.280000 200.707529 
2.200000 208.304668 
2.120000 204.506098 
2.040000 206.405383 
1.960000 215.901806 
1.880000 214.002522 
1.800000 210.203952 
1.720000 215.901806 
1.640000 204.506098 
1.560000 206.405383 
1.480000 225.398230 
1.400000 221.599660 
1.320000 210.203952 
1.240000 210.203952 
1.160000 206.405383 
1.080000 208.304668 
1.000000 214.002522 
0.920000 204.506098 
0.840000 198.808244 
0.760000 202.606814 
0.680000 195.009675 
0.600000 189.311821 
0.520000 189.311821 
0.440000 177.916113 
0.360000 170.318974 
0.280000 170.318974 
0.200000 160.822551 
0.120000 162.721836 
0.040000 143.728989 
-0.040000 141.829705 
-0.120000 138.031135 
-0.200000 138.031135 
-0.280000 124.736143 
-0.360000 107.642581 
-0.440000 82.951880 
-0.520000 24.074055 
-0.600000 1.282639 
-0.680000 -15.810923 
-0.760000 -76.588032 
-0.840000 -31.005200 
-0.920000 -48.098762 
-1.000000 -53.796616 
-1.080000 -55.695901 
-1.160000 -55.695901 
-1.240000 -63.293039 
-1.320000 -70.890178 
-1.400000 -84.185170 
-1.480000 -97.480163 
-1.560000 -99.379448 
-1.640000 -103.178017 
-1.720000 -105.077302 
-1.800000 -118.372294 
-1.880000 -124.070148 
-1.960000 -127.868718 
-2.040000 -144.962280 
-2.120000 -150.660134 
-2.200000 -150.660134 
-2.280000 -167.753696 
-2.360000 -175.350834 
-2.440000 -181.048688 
-2.480000 -194.343681 
-2.400000 -196.242966 
-2.320000 -198.142250 
-2.240000 -213.336528 
-2.160000 -215.235812 
-2.080000 -222.832951 
-2.000000 -226.631520 
-1.920000 -222.832951 
-1.840000 -211.437243 
-1.760000 -226.631520 
-1.680000 -226.631520 
-1.600000 -215.235812 
-1.520000 -226.631520 
-1.440000 -213.336528 
-1.360000 -211.437243 
-1.280000 -211.437243 
-1.200000 -200.041535 
-1.120000 -203.840104 
-1.040000 -196.242966 
-0.960000 -190.545112 
-0.880000 -190.545112 
-0.800000 -196.242966 
-0.720000 -188.645827 
-0.640000 -179.149404 
-0.560000 -181.048688 
-0.480000 -175.350834 
-0.400000 -163.955126 
-0.320000 -167.753696 
-0.240000 -171.552265 
-0.160000 -143.062995 
-0.080000 -129.768002 
0.000000 -127.868718 
0.080000 -127.868718 
0.160000 -114.573725 
0.240000 -106.976586 
0.320000 -89.883024 
0.400000 -86.084455 
0.480000 -68.990893 
0.560000 -48.098762 
0.640000 -10.113069 
0.720000 3.181924 
0.800000 31.671194 
0.880000 43.066902 
0.960000 39.268333 
1.040000 48.764756 
1.120000 54.462610 
1.200000 62.059749 
1.280000 69.656887 
1.360000 82.951880 
1.440000 79.153311 
1.520000 92.448303 
1.600000 94.347588 
1.680000 107.642581 
1.760000 103.844011 
1.840000 107.642581 
1.920000 119.038289 
2.000000 139.930420 
2.080000 139.930420 
2.160000 145.628274 
2.240000 158.923266 
2.320000 164.621120 
2.400000 162.721836 
2.480000 183.613967 
2.440000 191.211106 
2.360000 191.211106 
2.280000 206.405383 
2.200000 214.002522 
2.120000 204.506098 
2.040000 204.506098 
1.960000 215.901806 
1.880000 214.002522 
1.800000 204.506098 
1.720000 212.103237 
1.640000 206.405383 
1.560000 212.103237 
1.480000 221.599660 
1.400000 221.599660 
1.320000 206.405383 
1.240000 206.405383 
1.160000 214.002522 
1.080000 206.405383 
1.000000 212.103237 
0.920000 204.506098 
0.840000 200.707529 
0.760000 202.606814 
0.680000 193.110390 
0.600000 185.513252 
0.520000 181.714682 
0.440000 176.016828 
0.360000 176.016828 
0.280000 174.117544 
0.200000 155.124697 
0.120000 151.326128 
0.040000 153.225412 
-0.040000 143.728989 
-0.120000 141.829705 
-0.200000 128.534712 
-0.280000 122.836858 
-0.360000 115.239719 
-0.440000 88.649734 
-0.520000 29.771909 
-0.600000 -2.515930 
-0.680000 -13.911638 
-0.760000 -27.206631 
-0.840000 -36.703054 
-0.920000 -42.400908 
-1.000000 -59.494470 
-1.080000 -57.595185 
-1.160000 -55.695901 
-1.240000 -68.990893 
-1.320000 -82.285886 
-1.400000 -76.588032 
-1.480000 -103.178017 
-1.560000 -99.379448 
-1.640000 -101.278732 
-1.720000 -103.178017 
-1.800000 -103.178017 
-1.880000 -127.868718 
-1.960000 -135.465856 
-2.040000 -139.264426 
-2.120000 -146.861564 
-2.200000 -150.660134 
-2.280000 -163.955126 
-2.360000 -173.451550 
-2.440000 -182.947973 
-2.480000 -190.545112 
-2.400000 -196.242966 
-2.320000 -194.343681 
-2.240000 -211.437243 
-2.160000 -215.235812 
-2.080000 -213.336528 
-2.000000 -226.631520 
-1.920000 -217.135097 
-1.840000 -207.638674 
-1.760000 -224.732236 
-1.680000 -226.631520 
-1.600000 -220.933666 
-1.520000 -224.732236 
-1.440000 -213.336528 
-1.360000 -207.638674 
-1.280000 -215.235812 
-1.200000 -203.840104 
-1.120000 -196.242966 
-1.040000 -198.142250 
-0.960000 -188.645827 
-0.880000 -196.242966 
-0.800000 -196.242966 
-0.720000 -188.645827 
-0.640000 -182.947973 
-0.560000 -173.451550 
-0.480000 -163.955126 
-0.400000 -148.760849 
-0.320000 -165.854411 
-0.240000 -167.753696 
-0.160000 -150.660134 
-0.080000 -137.365141 
