0.000000 -63.293039 
0.070000 -61.393755 
0.140000 -49.998047 
0.210000 -38.602339 
0.280000 -19.609492 
0.350000 -4.415215 
0.420000 5.081209 
0.490000 6.980493 
0.560000 6.980493 
0.630000 1.282639 
0.700000 -0.616645 
0.770000 3.181924 
0.840000 8.879778 
0.910000 25.973340 
0.980000 43.066902 
1.050000 60.160464 
1.120000 58.261179 
1.190000 67.757603 
1.260000 82.951880 
1.330000 75.354741 
1.400000 81.052595 
1.470000 101.944727 
1.540000 98.146157 
1.610000 109.541865 
1.680000 119.038289 
1.750000 115.239719 
1.820000 113.340435 
1.890000 130.433997 
1.960000 134.232566 
2.030000 138.031135 
2.100000 143.728989 
2.170000 160.822551 
2.240000 158.923266 
2.310000 168.419690 
2.380000 179.815398 
2.450000 185.513252 
2.480000 189.311821 
2.410000 196.908960 
2.340000 208.304668 
2.270000 219.700376 
2.200000 212.103237 
2.130000 208.304668 
2.060000 229.196799 
1.990000 214.002522 
1.920000 221.599660 
1.850000 229.196799 
1.780000 214.002522 
1.710000 219.700376 
1.640000 217.801091 
1.570000 219.700376 
1.500000 219.700376 
1.430000 214.002522 
1.360000 210.203952 
1.290000 210.203952 
1.220000 210.203952 
1.150000 212.103237 
1.080000 200.707529 
1.010000 200.707529 
0.940000 198.808244 
0.870000 196.908960 
0.800000 183.613967 
0.730000 177.916113 
0.660000 181.714682 
0.590000 176.016828 
0.520000 170.318974 
0.450000 170.318974 
0.380000 168.419690 
0.310000 158.923266 
0.240000 157.023982 
0.170000 151.326128 
0.100000 138.031135 
0.030000 138.031135 
-0.040000 136.131851 
-0.110000 122.836858 
-0.180000 113.340435 
-0.250000 111.441150 
-0.320000 113.340435 
-0.390000 79.153311 
-0.460000 24.074055 
-0.530000 6.980493 
-0.600000 -15.810923 
-0.670000 -29.105915 
-0.740000 -34.803769 
-0.810000 -49.998047 
-0.880000 -48.098762 
-0.950000 -46.199477 
-1.020000 -48.098762 
-1.090000 -51.897331 
-1.160000 -65.192324 
-1.230000 -70.890178 
-1.300000 -74.688747 
-1.370000 -84.185170 
-1.440000 -89.883024 
-1.510000 -87.983740 
-1.580000 -103.178017 
-1.650000 -105.077302 
-1.720000 -108.875871 
-1.790000 -127.868718 
-1.860000 -127.868718 
-1.930000 -137.365141 
-2.000000 -139.264426 
-2.070000 -154.458703 
-2.140000 -154.458703 
-2.210000 -162.055842 
-2.280000 -163.955126 
-2.350000 -165.854411 
-2.420000 -169.652980 
-2.490000 -181.048688 
-2.440000 -186.746542 
-2.370000 -194.343681 
-2.300000 -198.142250 
-2.230000 -205.739389 
-2.160000 -205.739389 
-2.090000 -211.437243 
-2.020000 -222.832951 
-1.950000 -215.235812 
-1.880000 -219.034382 
-1.810000 -220.933666 
-1.740000 -209.537958 
-1.670000 -219.034382 
-1.600000 -220.933666 
-1.530000 -201.940820 
-1.460000 -217.135097 
-1.390000 -203.840104 
-1.320000 -201.940820 
-1.250000 -209.537958 
-1.180000 -203.840104 
-1.110000 -194.343681 
-1.040000 -188.645827 
-0.970000 -203.840104 
-0.900000 -186.746542 
-0.830000 -190.545112 
-0.760000 -203.840104 
-0.690000 -179.149404 
-0.620000 -171.552265 
-0.550000 -179.149404 
-0.480000 -160.156557 
-0.410000 -150.660134 
-0.340000 -150.660134 
-0.270000 -143.062995 
-0.200000 -143.062995 
-0.130000 -139.264426 
-0.060000 -135.465856 
0.010000 -127.868718 
0.080000 -122.170864 
0.150000 -112.674440 
0.220000 -91.782309 
0.290000 -72.789462 
0.360000 -67.091609 
0.430000 -44.300193 
0.500000 -29.105915 
0.570000 -21.508777 
0.640000 5.081209 
0.710000 24.074055 
0.780000 39.268333 
0.850000 31.671194 
0.920000 37.369048 
0.990000 56.361895 
1.060000 54.462610 
1.130000 58.261179 
1.200000 73.455457 
1.270000 75.354741 
1.340000 77.254026 
1.410000 90.549019 
1.480000 94.347588 
1.550000 98.146157 
1.620000 100.045442 
1.690000 96.246873 
1.760000 109.541865 
1.830000 124.736143 
1.900000 122.836858 
1.970000 138.031135 
2.040000 141.829705 
2.110000 153.225412 
2.180000 160.822551 
2.250000 168.419690 
2.320000 162.721836 
2.390000 181.714682 
2.460000 181.714682 
2.470000 193.110390 
2.400000 202.606814 
2.330000 198.808244 
2.260000 198.808244 
2.190000 204.506098 
2.120000 221.599660 
2.050000 210.203952 
1.980000 225.398230 
1.910000 225.398230 
1.840000 214.002522 
1.770000 227.297514 
1.700000 221.599660 
1.630000 214.002522 
1.560000 215.901806 
1.490000 214.002522 
1.420000 212.103237 
1.350000 215.901806 
1.280000 210.203952 
1.210000 206.405383 
1.140000 212.103237 
1.070000 200.707529 
1.000000 198.808244 
0.930000 189.311821 
0.860000 195.009675 
0.790000 191.211106 
0.720000 176.016828 
0.650000 181.714682 
0.580000 181.714682 
0.510000 174.117544 
0.440000 170.318974 
0.370000 160.822551 
0.300000 160.822551 
0.230000 153.225412 
0.160000 149.426843 
0.090000 141.829705 
0.020000 134.232566 
-0.050000 138.031135 
-0.120000 128.534712 
-0.190000 120.937573 
-0.260000 122.836858 
-0.330000 107.642581 
-0.400000 77.254026 
-0.470000 22.174771 
-0.540000 -6.314499 
-0.610000 -10.113069 
-0.680000 -27.206631 
-0.750000 -40.501623 
-0.820000 -46.199477 
-0.890000 -49.998047 
-0.960000 -53.796616 
-1.030000 -55.695901 
-1.100000 -59.494470 
-1.170000 -68.990893 
-1.240000 -76.588032 
-1.310000 -70.890178 
-1.380000 -82.285886 
-1.450000 -91.782309 
-1.520000 -93.681594 
-1.590000 -93.681594 
-1.660000 -99.379448 
-1.730000 -122.170864 
-1.800000 -129.768002 
-1.870000 -131.667287 
-1.940000 -129.768002 
-2.010000 -143.062995 
-2.080000 -152.559418 
-2.150000 -162.055842 
-2.220000 -163.955126 
-2.290000 -169.652980 
-2.360000 -167.753696 
-2.430000 -175.350834 
-2.500000 -182.947973 
-2.430000 -188.645827 
-2.360000 -196.242966 
-2.290000 -205.739389 
-2.220000 -209.537958 
-2.150000 -207.638674 
-2.080000 -203.840104 
-2.010000 -219.034382 
-1.940000 -217.135097 
-1.870000 -224.732236 
-1.800000 -220.933666 
-1.730000 -211.437243 
-1.660000 -203.840104 
-1.590000 -222.832951 
-1.520000 -215.235812 
-1.450000 -196.242966 
-1.380000 -211.437243 
-1.310000 -211.437243 
-1.240000 -196.242966 
-1.170000 -203.840104 
-1.100000 -194.343681 
-1.030000 -182.947973 
-0.960000 -179.149404 
-0.890000 -182.947973 
-0.820000 -184.847258 
-0.750000 -182.947973 
-0.680000 -175.350834 
-0.610000 -165.854411 
-0.540000 -167.753696 
-0.470000 -160.156557 
-0.400000 -158.257272 
-0.330000 -154.458703 
-0.260000 -139.264426 
-0.190000 -137.365141 
-0.120000 -131.667287 
-0.050000 -129.768002 
0.020000 -131.667287 
0.090000 -120.271579 
0.160000 -112.674440 
0.230000 -105.077302 
0.300000 -89.883024 
0.370000 -78.487316 
0.440000 -57.595185 
0.510000 -40.501623 
0.580000 -13.911638 
0.650000 10.779063 
0.720000 24.074055 
0.790000 27.872625 
0.860000 31.671194 
0.930000 44.966187 
1.000000 60.160464 
1.070000 60.160464 
1.140000 63.959033 
1.210000 81.052595 
1.280000 75.354741 
1.350000 79.153311 
1.420000 81.052595 
1.490000 88.649734 
1.560000 90.549019 
1.630000 98.146157 
1.700000 107.642581 
1.770000 120.937573 
1.840000 122.836858 
1.910000 136.131851 
1.980000 136.131851 
2.050000 145.628274 
2.120000 158.923266 
2.190000 160.822551 
2.260000 168.419690 
2.330000 179.815398 
2.400000 183.613967 
2.470000 181.714682 
2.460000 196.908960 
2.390000 204.506098 
2.320000 204.506098 
2.250000 208.304668 
2.180000 219.700376 
2.110000 210.203952 
2.040000 227.297514 
1.970000 219.700376 
1.900000 215.901806 
1.830000 221.599660 
1.760000 223.498945 
1.690000 227.297514 
1.620000 225.398230 
1.550000 212.103237 
1.480000 212.103237 
1.410000 215.901806 
1.340000 210.203952 
1.270000 204.506098 
1.200000 210.203952 
1.130000 198.808244 
1.060000 196.908960 
0.990000 202.606814 
0.920000 189.311821 
0.850000 183.613967 
0.780000 189.311821 
0.710000 181.714682 
0.640000 177.916113 
0.570000 170.318974 
0.500000 172.218259 
0.430000 162.721836 
0.360000 162.721836 
0.290000 153.225412 
0.220000 145.628274 
0.150000 141.829705 
0.080000 145.628274 
0.010000 134.232566 
-0.060000 136.131851 
-0.130000 126.635427 
-0.200000 115.239719 
-0.270000 120.937573 
-0.340000 107.642581 
-0.410000 71.556172 
-0.480000 16.476917 
-0.550000 3.181924 
-0.620000 -15.810923 
-0.690000 -31.005200 
-0.760000 -38.602339 
-0.830000 -53.796616 
-0.900000 -51.897331 
-0.970000 -48.098762 
-1.040000 -57.595185 
-1.110000 -53.796616 
-1.180000 -57.595185 
-1.250000 -70.890178 
-1.320000 -68.990893 
-1.390000 -80.386601 
-1.460000 -89.883024 
-1.530000 -89.883024 
-1.600000 -101.278732 
-1.670000 -108.875871 
-1.740000 -118.372294 
-1.810000 -127.868718 
-1.880000 -135.465856 
-1.950000 -137.365141 
-2.020000 -150.660134 
-2.090000 -143.062995 
-2.160000 -162.055842 
-2.230000 -173.451550 
-2.300000 -158.257272 
-2.370000 -165.854411 
-2.440000 -188.645827 
-2.490000 -181.048688 
-2.420000 -182.947973 
-2.350000 -186.746542 
-2.280000 -200.041535 
-2.210000 -198.142250 
-2.140000 -213.336528 
-2.070000 -211.437243 
-2.000000 -201.940820 
-1.930000 -220.933666 
-1.860000 -222.832951 
-1.790000 -219.034382 
-1.720000 -220.933666 
-1.650000 -215.235812 
-1.580000 -209.537958 
-1.510000 -226.631520 
-1.440000 -213.336528 
-1.370000 -207.638674 
-1.300000 -213.336528 
-1.230000 -200.041535 
-1.160000 -196.242966 
-1.090000 -200.041535 
-1.020000 -192.444396 
-0.950000 -184.847258 
-0.880000 -182.947973 
-0.810000 -179.149404 
-0.740000 -171.552265 
-0.670000 -179.149404 
-0.600000 -163.955126 
-0.530000 -156.357988 
-0.460000 -160.156557 
-0.390000 -158.257272 
-0.320000 -146.861564 
-0.250000 -150.660134 
-0.180000 -135.465856 
-0.110000 -135.465856 
-0.040000 -131.667287 
0.030000 -120.271579 
0.100000 -118.372294 
0.170000 -108.875871 
0.240000 -84.185170 
0.310000 -82.285886 
0.380000 -63.293039 
0.450000 -55.695901 
0.520000 -42.400908 
0.590000 -25.307346 
0.660000 16.476917 
0.730000 27.872625 
0.800000 25.973340 
0.870000 37.369048 
0.940000 52.563325 
1.010000 54.462610 
1.080000 52.563325 
1.150000 62.059749 
1.220000 65.858318 
1.290000 73.455457 
1.360000 82.951880 
1.430000 79.153311 
1.500000 92.448303 
1.570000 105.743296 
1.640000 101.944727 
1.710000 115.239719 
1.780000 117.139004 
1.850000 122.836858 
1.920000 139.930420 
1.990000 143.728989 
2.060000 145.628274 
2.130000 157.023982 
2.200000 160.822551 
2.270000 166.520405 
2.340000 183.613967 
2.410000 183.613967 
2.480000 187.412536 
2.450000 195.009675 
2.380000 204.506098 
2.310000 214.002522 
2.240000 208.304668 
2.170000 210.203952 
2.100000 225.398230 
2.030000 215.901806 
1.960000 217.801091 
1.890000 221.599660 
1.820000 223.498945 
1.750000 221.599660 
1.680000 225.398230 
1.610000 208.304668 
1.540000 219.700376 
1.470000 215.901806 
1.400000 214.002522 
1.330000 221.599660 
1.260000 214.002522 
1.190000 202.606814 
1.120000 198.808244 
1.050000 200.707529 
0.980000 193.110390 
0.910000 189.311821 
0.840000 187.412536 
0.770000 189.311821 
0.700000 181.714682 
0.630000 181.714682 
0.560000 174.117544 
0.490000 162.721836 
0.420000 168.419690 
0.350000 158.923266 
0.280000 155.124697 
0.210000 153.225412 
0.140000 145.628274 
0.070000 134.232566 
-0.000000 139.930420 
-0.070000 130.433997 
-0.140000 119.038289 
-0.210000 120.937573 
-0.280000 113.340435 
-0.350000 84.851165 
-0.420000 31.671194 
-0.490000 -4.415215 
-0.560000 -13.911638 
-0.630000 -19.609492 
-0.700000 -34.803769 
-0.770000 -42.400908 
-0.840000 -51.897331 
-0.910000 -46.199477 
-0.980000 -49.998047 
-1.050000 -59.494470 
-1.120000 -67.091609 
-1.190000 -61.393755 
-1.260000 -68.990893 
-1.330000 -70.890178 
-1.400000 -86.084455 
-1.470000 -82.285886 
-1.540000 -97.480163 
-1.610000 -106.976586 
-1.680000 -112.674440 
-1.750000 -129.768002 
-1.820000 -127.868718 
-1.890000 -135.465856 
-1.960000 -146.861564 
-2.030000 -143.062995 
-2.100000 -160.156557 
-2.170000 -158.257272 
-2.240000 -160.156557 
-2.310000 -175.350834 
-2.380000 -167.753696 
-2.450000 -182.947973 
-2.480000 -181.048688 
-2.410000 -188.645827 
-2.340000 -196.242966 
-2.270000 -198.142250 
-2.200000 -209.537958 
-2.130000 -211.437243 
-2.060000 -215.235812 
-1.990000 -211.437243 
-1.920000 -213.336528 
-1.850000 -219.034382 
-1.780000 -213.336528 
-1.710000 -213.336528 
-1.640000 -217.135097 
-1.570000 -209.537958 
-1.500000 -209.537958 
-1.430000 -213.336528 
-1.360000 -196.242966 
-1.290000 -201.940820 
-1.220000 -205.739389 
-1.150000 -196.242966 
-1.080000 -196.242966 
-1.010000 -188.645827 
-0.940000 -175.350834 
-0.870000 -175.350834 
-0.800000 -179.149404 
-0.730000 -165.854411 
-0.660000 -163.955126 
-0.590000 -165.854411 
-0.520000 -158.257272 
-0.450000 -148.760849 
-0.380000 -152.559418 
-0.310000 -148.760849 
-0.240000 -139.264426 
-0.170000 -141.163710 
-0.100000 -127.868718 
-0.030000 -122.170864 
0.040000 -124.070148 
0.110000 -106.976586 
0.180000 -105.077302 
0.250000 -91.782309 
0.320000 -76.588032 
0.390000 -51.897331 
0.460000 -46.199477 
0.530000 -38.602339 
0.600000 -15.810923 
0.670000 6.980493 
0.740000 16.476917 
0.810000 31.671194 
0.880000 43.066902 
0.950000 39.268333 
1.020000 46.865471 
1.090000 50.664041 
1.160000 62.059749 
1.230000 75.354741 
1.300000 75.354741 
1.370000 79.153311 
1.440000 86.750449 
1.510000 92.448303 
1.580000 103.844011 
1.650000 105.743296 
1.720000 117.139004 
1.790000 120.937573 
1.860000 128.534712 
1.930000 134.232566 
2.000000 139.930420 
2.070000 151.326128 
2.140000 155.124697 
2.210000 158.923266 
2.280000 168.419690 
2.350000 172.218259 
2.420000 187.412536 
2.490000 189.311821 
2.440000 195.009675 
2.370000 202.606814 
2.300000 206.405383 
2.230000 215.901806 
2.160000 214.002522 
2.090000 208.304668 
2.020000 221.599660 
1.950000 219.700376 
1.880000 212.103237 
1.810000 223.498945 
1.740000 214.002522 
1.670000 214.002522 
1.600000 225.398230 
1.530000 214.002522 
1.460000 219.700376 
1.390000 219.700376 
1.320000 214.002522 
1.250000 204.506098 
1.180000 198.808244 
1.110000 202.606814 
1.040000 196.908960 
0.970000 193.110390 
0.900000 181.714682 
0.830000 162.721836 
0.760000 179.815398 
0.690000 183.613967 
0.620000 164.621120 
0.550000 170.318974 
0.480000 160.822551 
0.410000 160.822551 
0.340000 153.225412 
0.270000 153.225412 
0.200000 153.225412 
0.130000 143.728989 
0.060000 138.031135 
-0.010000 134.232566 
-0.080000 128.534712 
-0.150000 124.736143 
-0.220000 122.836858 
-0.290000 111.441150 
-0.360000 92.448303 
-0.430000 41.167617 
-0.500000 8.879778 
-0.570000 -10.113069 
-0.640000 -17.710207 
-0.710000 -34.803769 
-0.780000 -48.098762 
-0.850000 -46.199477 
-0.920000 -51.897331 
-0.990000 -51.897331 
-1.060000 -48.098762 
-1.130000 -59.494470 
-1.200000 -70.890178 
-1.270000 -68.990893 
-1.340000 -82.285886 
-1.410000 -80.386601 
-1.480000 -82.285886 
-1.550000 -99.379448 
-1.620000 -99.379448 
-1.690000 -116.473010 
-1.760000 -124.070148 
-1.830000 -135.465856 
-1.900000 -135.465856 
-1.970000 -133.566572 
-2.040000 -154.458703 
-2.110000 -152.559418 
-2.180000 -150.660134 
-2.250000 -158.257272 
-2.320000 -169.652980 
-2.390000 -181.048688 
-2.460000 -175.350834 
-2.470000 -196.242966 
-2.400000 -200.041535 
-2.330000 -198.142250 
-2.260000 -209.537958 
-2.190000 -207.638674 
-2.120000 -203.840104 
-2.050000 -219.034382 
-1.980000 -220.933666 
-1.910000 -213.336528 
-1.840000 -219.034382 
-1.770000 -224.732236 
-1.700000 -213.336528 
-1.630000 -217.135097 
-1.560000 -211.437243 
-1.490000 -198.142250 
-1.420000 -234.228659 
-1.350000 -205.739389 
-1.280000 -200.041535 
-1.210000 -211.437243 
-1.140000 -201.940820 
-1.070000 -192.444396 
-1.000000 -194.343681 
-0.930000 -190.545112 
-0.860000 -165.854411 
-0.790000 -173.451550 
-0.720000 -171.552265 
-0.650000 -165.854411 
-0.580000 -167.753696 
-0.510000 -162.055842 
-0.440000 -150.660134 
-0.370000 -154.458703 
-0.300000 -154.458703 
-0.230000 -146.861564 
-0.160000 -139.264426 
-0.090000 -139.264426 
-0.020000 -125.969433 
0.050000 -116.473010 
0.120000 -120.271579 
0.190000 -99.379448 
0.260000 -84.185170 
0.330000 -82.285886 
0.400000 -67.091609 
0.470000 -44.300193 
0.540000 -13.911638 
0.610000 8.879778 
0.680000 22.174771 
0.750000 29.771909 
0.820000 39.268333 
0.890000 35.469763 
0.960000 43.066902 
1.030000 43.066902 
1.100000 58.261179 
1.170000 67.757603 
1.240000 75.354741 
1.310000 69.656887 
1.380000 82.951880 
1.450000 88.649734 
1.520000 94.347588 
1.590000 92.448303 
1.660000 111.441150 
1.730000 119.038289 
1.800000 119.038289 
1.870000 130.433997 
1.940000 134.232566 
2.010000 141.829705 
2.080000 155.124697 
2.150000 153.225412 
2.220000 160.822551 
2.290000 172.218259 
2.360000 183.613967 
2.430000 189.311821 
2.500000 185.513252 
2.430000 200.707529 
2.360000 206.405383 
2.290000 200.707529 
2.220000 215.901806 
2.150000 208.304668 
2.080000 214.002522 
2.010000 214.002522 
1.940000 214.002522 
1.870000 227.297514 
1.800000 219.700376 
1.730000 212.103237 
1.660000 227.297514 
1.590000 217.801091 
1.520000 214.002522 
1.450000 225.398230 
1.380000 212.103237 
1.310000 204.506098 
1.240000 208.304668 
1.170000 200.707529 
1.100000 191.211106 
1.030000 200.707529 
0.960000 183.613967 
0.890000 187.412536 
0.820000 189.311821 
0.750000 176.016828 
0.680000 172.218259 
0.610000 179.815398 
0.540000 176.016828 
0.470000 160.822551 
0.400000 160.822551 
0.330000 160.822551 
0.260000 155.124697 
0.190000 147.527558 
0.120000 138.031135 
0.050000 139.930420 
-0.020000 138.031135 
-0.090000 128.534712 
-0.160000 122.836858 
-0.230000 113.340435 
-0.300000 117.139004 
-0.370000 77.254026 
-0.440000 31.671194 
-0.510000 -2.515930 
-0.580000 -15.810923 
-0.650000 -23.408061 
-0.720000 -40.501623 
-0.790000 -48.098762 
-0.860000 -53.796616 
-0.930000 -48.098762 
-1.000000 -55.695901 
-1.070000 -53.796616 
-1.140000 -59.494470 
-1.210000 -57.595185 
-1.280000 -74.688747 
-1.350000 -80.386601 
-1.420000 -76.588032 
-1.490000 -91.782309 
-1.560000 -99.379448 
-1.630000 -101.278732 
-1.700000 -112.674440 
-1.770000 -124.070148 
-1.840000 -129.768002 
-1.910000 -127.868718 
-1.980000 -143.062995 
-2.050000 -146.861564 
-2.120000 -150.660134 
-2.190000 -162.055842 
-2.260000 -171.552265 
-2.330000 -162.055842 
-2.400000 -181.048688 
-2.470000 -184.847258 
-2.460000 -198.142250 
-2.390000 -203.840104 
-2.320000 -203.840104 
-2.250000 -211.437243 
-2.180000 -207.638674 
-2.110000 -209.537958 
-2.040000 -209.537958 
-1.970000 -220.933666 
-1.900000 -213.336528 
-1.830000 -219.034382 
-1.760000 -222.832951 
-1.690000 -217.135097 
-1.620000 -222.832951 
-1.550000 -209.537958 
-1.480000 -200.041535 
-1.410000 -213.336528 
-1.340000 -209.537958 
-1.270000 -198.142250 
-1.200000 -203.840104 
-1.130000 -201.940820 
-1.060000 -190.545112 
-0.990000 -200.041535 
-0.920000 -192.444396 
-0.850000 -182.947973 
-0.780000 -177.250119 
-0.710000 -171.552265 
-0.640000 -167.753696 
-0.570000 -171.552265 
-0.500000 -162.055842 
-0.430000 -154.458703 
-0.360000 -154.458703 
-0.290000 -152.559418 
-0.220000 -150.660134 
-0.150000 -143.062995 
-0.080000 -137.365141 
-0.010000 -124.070148 
0.060000 -120.271579 
0.130000 -112.674440 
0.200000 -89.883024 
0.270000 -91.782309 
0.340000 -80.386601 
0.410000 -61.393755 
0.480000 -38.602339 
0.550000 -21.508777 
0.620000 8.879778 
0.690000 16.476917 
0.760000 29.771909 
0.830000 37.369048 
0.900000 37.369048 
0.970000 37.369048 
1.040000 56.361895 
1.110000 60.160464 
1.180000 81.052595 
1.250000 67.757603 
1.320000 81.052595 
1.390000 84.851165 
1.460000 94.347588 
1.530000 101.944727 
1.600000 107.642581 
1.670000 124.736143 
1.740000 122.836858 
1.810000 124.736143 
1.880000 134.232566 
1.950000 130.433997 
2.020000 138.031135 
2.090000 145.628274 
2.160000 158.923266 
2.230000 158.923266 
2.300000 172.218259 
2.370000 179.815398 
2.440000 177.916113 
2.490000 187.412536 
2.420000 198.808244 
2.350000 193.110390 
2.280000 204.506098 
2.210000 221.599660 
2.140000 210.203952 
2.070000 221.599660 
2.000000 217.801091 
1.930000 221.599660 
1.860000 221.599660 
1.790000 219.700376 
1.720000 210.203952 
1.650000 219.700376 
1.580000 212.103237 
1.510000 214.002522 
1.440000 215.901806 
1.370000 204.506098 
1.300000 202.606814 
1.230000 200.707529 
1.160000 204.506098 
1.090000 200.707529 
1.020000 189.311821 
0.950000 195.009675 
0.880000 191.211106 
0.810000 187.412536 
0.740000 185.513252 
0.670000 174.117544 
0.600000 170.318974 
0.530000 174.117544 
0.460000 168.419690 
0.390000 157.023982 
0.320000 157.023982 
0.250000 157.023982 
0.180000 151.326128 
0.110000 145.628274 
0.040000 141.829705 
-0.030000 132.333281 
-0.100000 122.836858 
-0.170000 138.031135 
-0.240000 115.239719 
-0.310000 107.642581 
-0.380000 75.354741 
-0.450000 16.476917 
-0.520000 -2.515930 
-0.590000 -12.012353 
-0.660000 -31.005200 
-0.730000 -40.501623 
-0.800000 -46.199477 
-0.870000 -51.897331 
-0.940000 -53.796616 
-1.010000 -57.595185 
-1.080000 -51.897331 
-1.150000 -61.393755 
-1.220000 -67.091609 
-1.290000 -76.588032 
-1.360000 -76.588032 
-1.430000 -87.983740 
-1.500000 -108.875871 
-1.570000 -93.681594 
-1.640000 -103.178017 
-1.710000 -112.674440 
-1.780000 -125.969433 
-1.850000 -133.566572 
-1.920000 -139.264426 
-1.990000 -143.062995 
-2.060000 -146.861564 
-2.130000 -160.156557 
-2.200000 -163.955126 
-2.270000 -171.552265 
-2.340000 -173.451550 
-2.410000 -182.947973 
-2.480000 -184.847258 
-2.450000 -198.142250 
-2.380000 -205.739389 
-2.310000 -201.940820 
-2.240000 -211.437243 
-2.170000 -217.135097 
-2.100000 -217.135097 
-2.030000 -207.638674 
-1.960000 -220.933666 
-1.890000 -217.135097 
-1.820000 -213.336528 
-1.750000 -220.933666 
-1.680000 -219.034382 
-1.610000 -222.832951 
-1.540000 -211.437243 
-1.470000 -200.041535 
-1.400000 -222.832951 
-1.330000 -211.437243 
-1.260000 -200.041535 
-1.190000 -213.336528 
-1.120000 -198.142250 
-1.050000 -196.242966 
-0.980000 -198.142250 
-0.910000 -184.847258 
-0.840000 -184.847258 
-0.770000 -173.451550 
-0.700000 -165.854411 
-0.630000 -165.854411 
-0.560000 -167.753696 
-0.490000 -160.156557 
-0.420000 -150.660134 
-0.350000 -154.458703 
-0.280000 -150.660134 
-0.210000 -143.062995 
-0.140000 -148.760849 
-0.070000 -129.768002 
0.000000 -122.170864 
0.070000 -118.372294 
0.140000 -116.473010 
0.210000 -89.883024 
0.280000 -80.386601 
0.350000 -70.890178 
0.420000 -59.494470 
0.490000 -38.602339 
0.560000 -21.508777 
0.630000 10.779063 
0.700000 25.973340 
0.770000 29.771909 
0.840000 29.771909 
0.910000 33.570479 
0.980000 37.369048 
1.050000 58.261179 
1.120000 62.059749 
1.190000 63.959033 
1.260000 77.254026 
1.330000 81.052595 
1.400000 81.052595 
1.470000 94.347588 
1.540000 90.549019 
1.610000 100.045442 
1.680000 122.836858 
1.750000 122.836858 
1.820000 122.836858 
1.890000 120.937573 
1.960000 132.333281 
2.030000 141.829705 
2.100000 157.023982 
2.170000 158.923266 
2.240000 162.721836 
2.310000 174.117544 
2.380000 189.311821 
2.450000 187.412536 
2.480000 189.311821 
2.410000 200.707529 
2.340000 198.808244 
2.270000 214.002522 
2.200000 214.002522 
2.130000 200.707529 
2.060000 215.901806 
1.990000 215.901806 
1.920000 214.002522 
1.850000 221.599660 
1.780000 219.700376 
1.710000 219.700376 
1.640000 223.498945 
1.570000 214.002522 
1.500000 214.002522 
1.430000 214.002522 
1.360000 208.304668 
1.290000 204.506098 
1.220000 206.405383 
1.150000 198.808244 
1.080000 196.908960 
1.010000 195.009675 
0.940000 189.311821 
0.870000 191.211106 
0.800000 185.513252 
0.730000 176.016828 
0.660000 181.714682 
0.590000 174.117544 
0.520000 166.520405 
0.450000 168.419690 
0.380000 162.721836 
0.310000 157.023982 
0.240000 155.124697 
0.170000 151.326128 
0.100000 141.829705 
0.030000 136.131851 
-0.040000 134.232566 
-0.110000 120.937573 
-0.180000 120.937573 
-0.250000 120.937573 
-0.320000 107.642581 
-0.390000 73.455457 
-0.460000 20.275486 
-0.530000 -8.213784 
-0.600000 -12.012353 
-0.670000 -27.206631 
-0.740000 -36.703054 
-0.810000 -49.998047 
-0.880000 -55.695901 
-0.950000 -59.494470 
-1.020000 -51.897331 
-1.090000 -57.595185 
-1.160000 -59.494470 
-1.230000 -63.293039 
-1.300000 -76.588032 
-1.370000 -86.084455 
-1.440000 -84.185170 
-1.510000 -87.983740 
-1.580000 -103.178017 
-1.650000 -105.077302 
-1.720000 -106.976586 
-1.790000 -127.868718 
-1.860000 -135.465856 
-1.930000 -137.365141 
-2.000000 -144.962280 
-2.070000 -154.458703 
-2.140000 -162.055842 
-2.210000 -165.854411 
-2.280000 -167.753696 
-2.350000 -162.055842 
-2.420000 -184.847258 
-2.490000 -182.947973 
-2.440000 -200.041535 
-2.370000 -209.537958 
-2.300000 -207.638674 
-2.230000 -211.437243 
-2.160000 -203.840104 
-2.090000 -211.437243 
-2.020000 -222.832951 
-1.950000 -217.135097 
-1.880000 -203.840104 
-1.810000 -222.832951 
-1.740000 -222.832951 
-1.670000 -209.537958 
-1.600000 -222.832951 
-1.530000 -215.235812 
-1.460000 -196.242966 
-1.390000 -211.437243 
-1.320000 -207.638674 
-1.250000 -196.242966 
-1.180000 -209.537958 
-1.110000 -198.142250 
-1.040000 -196.242966 
-0.970000 -190.545112 
-0.900000 -192.444396 
-0.830000 -182.947973 
-0.760000 -181.048688 
-0.690000 -167.753696 
-0.620000 -169.652980 
-0.550000 -171.552265 
-0.480000 -162.055842 
-0.410000 -154.458703 
-0.340000 -148.760849 
-0.270000 -152.559418 
-0.200000 -144.962280 
-0.130000 -137.365141 
-0.060000 -141.163710 
0.010000 -124.070148 
0.080000 -124.070148 
0.150000 -114.573725 
0.220000 -97.480163 
0.290000 -86.084455 
0.360000 -72.789462 
0.430000 -59.494470 
0.500000 -42.400908 
0.570000 -19.609492 
0.640000 5.081209 
0.710000 22.174771 
0.780000 35.469763 
0.850000 35.469763 
0.920000 39.268333 
0.990000 39.268333 
1.060000 54.462610 
1.130000 65.858318 
1.200000 67.757603 
1.270000 67.757603 
1.340000 86.750449 
1.410000 88.649734 
1.480000 92.448303 
1.550000 100.045442 
1.620000 107.642581 
1.690000 117.139004 
1.760000 122.836858 
1.830000 122.836858 
1.900000 134.232566 
1.970000 128.534712 
2.040000 149.426843 
2.110000 158.923266 
2.180000 162.721836 
2.250000 160.822551 
2.320000 179.815398 
2.390000 189.311821 
2.460000 179.815398 
2.470000 191.211106 
2.400000 204.506098 
2.330000 196.908960 
2.260000 219.700376 
2.190000 210.203952 
2.120000 206.405383 
2.050000 219.700376 
1.980000 219.700376 
1.910000 212.103237 
1.840000 221.599660 
1.770000 223.498945 
1.700000 214.002522 
1.630000 223.498945 
1.560000 210.203952 
1.490000 214.002522 
1.420000 217.801091 
1.350000 214.002522 
1.280000 210.203952 
1.210000 198.808244 
1.140000 195.009675 
1.070000 196.908960 
1.000000 195.009675 
0.930000 187.412536 
0.860000 189.311821 
0.790000 187.412536 
0.720000 179.815398 
0.650000 176.016828 
0.580000 174.117544 
0.510000 166.520405 
0.440000 166.520405 
0.370000 158.923266 
0.300000 155.124697 
0.230000 155.124697 
0.160000 145.628274 
0.090000 143.728989 
0.020000 134.232566 
-0.050000 134.232566 
-0.120000 132.333281 
-0.190000 134.232566 
-0.260000 113.340435 
-0.330000 107.642581 
-0.400000 82.951880 
-0.470000 16.476917 
-0.540000 -2.515930 
-0.610000 -13.911638 
-0.680000 -27.206631 
-0.750000 -38.602339 
-0.820000 -44.300193 
-0.890000 -51.897331 
-0.960000 -55.695901 
-1.030000 -48.098762 
-1.100000 -67.091609 
-1.170000 -68.990893 
-1.240000 -70.890178 
-1.310000 -70.890178 
-1.380000 -63.293039 
-1.450000 -89.883024 
-1.520000 -91.782309 
-1.590000 -105.077302 
-1.660000 -112.674440 
-1.730000 -118.372294 
-1.800000 -131.667287 
-1.870000 -135.465856 
-1.940000 -141.163710 
-2.010000 -146.861564 
-2.080000 -160.156557 
-2.150000 -163.955126 
-2.220000 -160.156557 
-2.290000 -165.854411 
-2.360000 -173.451550 
-2.430000 -181.048688 
-2.500000 -181.048688 
-2.430000 -200.041535 
-2.360000 -200.041535 
-2.290000 -200.041535 
-2.220000 -219.034382 
-2.150000 -211.437243 
-2.080000 -209.537958 
-2.010000 -213.336528 
-1.940000 -222.832951 
-1.870000 -211.437243 
-1.800000 -220.933666 
-1.730000 -224.732236 
-1.660000 -211.437243 
-1.590000 -219.034382 
-1.520000 -207.638674 
-1.450000 -209.537958 
-1.380000 -222.832951 
-1.310000 -207.638674 
-1.240000 -203.840104 
-1.170000 -217.135097 
-1.100000 -196.242966 
-1.030000 -194.343681 
-0.960000 -203.840104 
-0.890000 -200.041535 
-0.820000 -173.451550 
-0.750000 -175.350834 
-0.680000 -167.753696 
-0.610000 -165.854411 
-0.540000 -169.652980 
-0.470000 -163.955126 
-0.400000 -163.955126 
-0.330000 -158.257272 
-0.260000 -150.660134 
-0.190000 -154.458703 
-0.120000 -148.760849 
-0.050000 -133.566572 
0.020000 -129.768002 
0.090000 -116.473010 
0.160000 -108.875871 
0.230000 -95.580878 
0.300000 -87.983740 
0.370000 -68.990893 
0.440000 -61.393755 
0.510000 -42.400908 
0.580000 -21.508777 
0.650000 8.879778 
0.720000 20.275486 
0.790000 25.973340 
0.860000 35.469763 
0.930000 39.268333 
1.000000 43.066902 
1.070000 58.261179 
1.140000 58.261179 
1.210000 63.959033 
1.280000 75.354741 
1.350000 82.951880 
1.420000 84.851165 
1.490000 96.246873 
1.560000 98.146157 
1.630000 107.642581 
1.700000 124.736143 
1.770000 122.836858 
1.840000 122.836858 
1.910000 124.736143 
1.980000 134.232566 
2.050000 151.326128 
2.120000 158.923266 
2.190000 168.419690 
2.260000 176.016828 
2.330000 172.218259 
2.400000 185.513252 
2.470000 189.311821 
2.460000 195.009675 
2.390000 200.707529 
2.320000 200.707529 
2.250000 217.801091 
2.180000 210.203952 
2.110000 212.103237 
2.040000 221.599660 
1.970000 215.901806 
1.900000 217.801091 
1.830000 227.297514 
1.760000 214.002522 
1.690000 223.498945 
1.620000 221.599660 
1.550000 221.599660 
1.480000 214.002522 
1.410000 215.901806 
1.340000 206.405383 
1.270000 202.606814 
1.200000 204.506098 
1.130000 200.707529 
1.060000 196.908960 
0.990000 191.211106 
0.920000 196.908960 
0.850000 189.311821 
0.780000 185.513252 
0.710000 179.815398 
0.640000 176.016828 
0.570000 170.318974 
0.500000 164.621120 
0.430000 162.721836 
0.360000 164.621120 
0.290000 157.023982 
0.220000 151.326128 
0.150000 145.628274 
0.080000 139.930420 
0.010000 138.031135 
-0.060000 130.433997 
-0.130000 126.635427 
-0.200000 119.038289 
-0.270000 120.937573 
-0.340000 109.541865 
-0.410000 73.455457 
-0.480000 27.872625 
-0.550000 1.282639 
-0.620000 -13.911638 
-0.690000 -31.005200 
-0.760000 -42.400908 
-0.830000 -48.098762 
-0.900000 -51.897331 
-0.970000 -55.695901 
-1.040000 -63.293039 
-1.110000 -59.494470 
-1.180000 -59.494470 
-1.250000 -70.890178 
-1.320000 -70.890178 
-1.390000 -82.285886 
-1.460000 -89.883024 
-1.530000 -89.883024 
-1.600000 -103.178017 
-1.670000 -131.667287 
-1.740000 -118.372294 
-1.810000 -137.365141 
-1.880000 -135.465856 
-1.950000 -139.264426 
-2.020000 -150.660134 
-2.090000 -160.156557 
-2.160000 -154.458703 
-2.230000 -167.753696 
-2.300000 -165.854411 
-2.370000 -169.652980 
-2.440000 -188.645827 
-2.490000 -181.048688 
-2.420000 -201.940820 
-2.350000 -205.739389 
-2.280000 -205.739389 
-2.210000 -211.437243 
-2.140000 -213.336528 
-2.070000 -213.336528 
-2.000000 -219.034382 
-1.930000 -215.235812 
-1.860000 -213.336528 
-1.790000 -219.034382 
-1.720000 -217.135097 
-1.650000 -211.437243 
-1.580000 -215.235812 
-1.510000 -211.437243 
-1.440000 -207.638674 
-1.370000 -226.631520 
-1.300000 -211.437243 
-1.230000 -203.840104 
-1.160000 -211.437243 
-1.090000 -198.142250 
-1.020000 -196.242966 
-0.950000 -190.545112 
-0.880000 -190.545112 
-0.810000 -177.250119 
-0.740000 -171.552265 
-0.670000 -171.552265 
-0.600000 -162.055842 
-0.530000 -165.854411 
-0.460000 -165.854411 
-0.390000 -152.559418 
-0.320000 -150.660134 
-0.250000 -165.854411 
-0.180000 -150.660134 
-0.110000 -137.365141 
-0.040000 -137.365141 
0.030000 -124.070148 
0.100000 -122.170864 
0.170000 -106.976586 
0.240000 -93.681594 
0.310000 -89.883024 
0.380000 -80.386601 
0.450000 -55.695901 
0.520000 -42.400908 
0.590000 -8.213784 
0.660000 24.074055 
0.730000 31.671194 
0.800000 31.671194 
0.870000 39.268333 
0.940000 39.268333 
1.010000 43.066902 
1.080000 46.865471 
1.150000 60.160464 
1.220000 75.354741 
1.290000 75.354741 
1.360000 82.951880 
1.430000 86.750449 
1.500000 84.851165 
1.570000 98.146157 
1.640000 111.441150 
1.710000 122.836858 
1.780000 124.736143 
1.850000 120.937573 
1.920000 130.433997 
1.990000 136.131851 
2.060000 149.426843 
2.130000 162.721836 
2.200000 172.218259 
2.270000 172.218259 
2.340000 177.916113 
2.410000 168.419690 
2.480000 189.311821 
2.450000 196.908960 
2.380000 198.808244 
2.310000 198.808244 
2.240000 214.002522 
2.170000 212.103237 
2.100000 206.405383 
2.030000 215.901806 
1.960000 219.700376 
1.890000 217.801091 
1.820000 221.599660 
1.750000 217.801091 
1.680000 217.801091 
1.610000 217.801091 
1.540000 214.002522 
1.470000 219.700376 
1.400000 221.599660 
1.330000 204.506098 
1.260000 202.606814 
1.190000 200.707529 
1.120000 189.311821 
1.050000 191.211106 
0.980000 187.412536 
0.910000 185.513252 
0.840000 185.513252 
0.770000 179.815398 
0.700000 177.916113 
0.630000 176.016828 
0.560000 168.419690 
0.490000 168.419690 
0.420000 158.923266 
0.350000 160.822551 
0.280000 149.426843 
0.210000 151.326128 
0.140000 143.728989 
0.070000 147.527558 
-0.000000 136.131851 
-0.070000 130.433997 
-0.140000 138.031135 
-0.210000 122.836858 
-0.280000 113.340435 
-0.350000 92.448303 
-0.420000 37.369048 
-0.490000 6.980493 
-0.560000 -4.415215 
-0.630000 -21.508777 
-0.700000 -32.904485 
-0.770000 -46.199477 
-0.840000 -46.199477 
-0.910000 -48.098762 
-0.980000 -51.897331 
-1.050000 -51.897331 
-1.120000 -61.393755 
-1.190000 -63.293039 
-1.260000 -70.890178 
-1.330000 -93.681594 
-1.400000 -76.588032 
-1.470000 -82.285886 
-1.540000 -124.070148 
-1.610000 -97.480163 
-1.680000 -105.077302 
-1.750000 -133.566572 
-1.820000 -124.070148 
-1.890000 -129.768002 
-1.960000 -150.660134 
-2.030000 -150.660134 
-2.100000 -158.257272 
-2.170000 -160.156557 
-2.240000 -165.854411 
-2.310000 -165.854411 
-2.380000 -181.048688 
-2.450000 -177.250119 
-2.480000 -192.444396 
-2.410000 -196.242966 
-2.340000 -198.142250 
-2.270000 -209.537958 
-2.200000 -236.127944 
-2.130000 -207.638674 
-2.060000 -213.336528 
-1.990000 -213.336528 
-1.920000 -215.235812 
-1.850000 -217.135097 
-1.780000 -219.034382 
-1.710000 -220.933666 
-1.640000 -219.034382 
-1.570000 -219.034382 
-1.500000 -201.940820 
-1.430000 -215.235812 
-1.360000 -217.135097 
-1.290000 -200.041535 
-1.220000 -211.437243 
-1.150000 -203.840104 
-1.080000 -194.343681 
-1.010000 -203.840104 
-0.940000 -188.645827 
-0.870000 -181.048688 
-0.800000 -182.947973 
-0.730000 -169.652980 
-0.660000 -171.552265 
-0.590000 -177.250119 
-0.520000 -165.854411 
-0.450000 -154.458703 
-0.380000 -154.458703 
-0.310000 -152.559418 
-0.240000 -146.861564 
-0.170000 -144.962280 
-0.100000 -144.962280 
-0.030000 -127.868718 
0.040000 -125.969433 
0.110000 -125.969433 
0.180000 -105.077302 
0.250000 -97.480163 
0.320000 -86.084455 
0.390000 -76.588032 
0.460000 -57.595185 
0.530000 -38.602339 
0.600000 -12.012353 
0.670000 10.779063 
0.740000 22.174771 
0.810000 27.872625 
0.880000 25.973340 
0.950000 37.369048 
1.020000 44.966187 
1.090000 54.462610 
1.160000 62.059749 
1.230000 65.858318 
1.300000 75.354741 
1.370000 84.851165 
1.440000 92.448303 
1.510000 92.448303 
1.580000 101.944727 
1.650000 109.541865 
1.720000 105.743296 
1.790000 120.937573 
1.860000 132.333281 
1.930000 136.131851 
2.000000 138.031135 
2.070000 149.426843 
2.140000 151.326128 
2.210000 164.621120 
2.280000 166.520405 
2.350000 177.916113 
2.420000 183.613967 
2.490000 191.211106 
2.440000 204.506098 
2.370000 204.506098 
2.300000 196.908960 
2.230000 210.203952 
2.160000 214.002522 
2.090000 210.203952 
2.020000 221.599660 
1.950000 223.498945 
1.880000 215.901806 
1.810000 219.700376 
1.740000 227.297514 
1.670000 214.002522 
1.600000 221.599660 
1.530000 210.203952 
1.460000 217.801091 
1.390000 214.002522 
1.320000 214.002522 
1.250000 206.405383 
1.180000 206.405383 
1.110000 195.009675 
1.040000 196.908960 
0.970000 196.908960 
0.900000 191.211106 
0.830000 187.412536 
0.760000 187.412536 
0.690000 179.815398 
0.620000 168.419690 
0.550000 170.318974 
0.480000 162.721836 
0.410000 155.124697 
0.340000 160.822551 
0.270000 149.426843 
0.200000 149.426843 
0.130000 149.426843 
0.060000 138.031135 
-0.010000 130.433997 
-0.080000 130.433997 
-0.150000 128.534712 
-0.220000 120.937573 
-0.290000 107.642581 
-0.360000 86.750449 
-0.430000 35.469763 
-0.500000 8.879778 
-0.570000 -8.213784 
-0.640000 -21.508777 
-0.710000 -32.904485 
-0.780000 -48.098762 
-0.850000 -42.400908 
-0.920000 -51.897331 
-0.990000 -49.998047 
-1.060000 -49.998047 
-1.130000 -53.796616 
-1.200000 -67.091609 
-1.270000 -72.789462 
-1.340000 -70.890178 
-1.410000 -82.285886 
-1.480000 -89.883024 
-1.550000 -87.983740 
-1.620000 -97.480163 
-1.690000 -118.372294 
-1.760000 -120.271579 
-1.830000 -125.969433 
-1.900000 -135.465856 
-1.970000 -139.264426 
-2.040000 -150.660134 
-2.110000 -148.760849 
-2.180000 -160.156557 
-2.250000 -158.257272 
-2.320000 -167.753696 
-2.390000 -181.048688 
-2.460000 -177.250119 
-2.470000 -196.242966 
-2.400000 -196.242966 
-2.330000 -196.242966 
-2.260000 -211.437243 
-2.190000 -209.537958 
-2.120000 -207.638674 
-2.050000 -211.437243 
-1.980000 -217.135097 
-1.910000 -205.739389 
-1.840000 -217.135097 
-1.770000 -213.336528 
-1.700000 -222.832951 
-1.630000 -219.034382 
-1.560000 -213.336528 
-1.490000 -203.840104 
-1.420000 -211.437243 
-1.350000 -215.235812 
-1.280000 -205.739389 
-1.210000 -211.437243 
-1.140000 -205.739389 
-1.070000 -192.444396 
-1.000000 -196.242966 
-0.930000 -190.545112 
-0.860000 -173.451550 
-0.790000 -173.451550 
-0.720000 -173.451550 
-0.650000 -169.652980 
-0.580000 -171.552265 
-0.510000 -160.156557 
-0.440000 -150.660134 
-0.370000 -148.760849 
-0.300000 -150.660134 
-0.230000 -144.962280 
-0.160000 -144.962280 
-0.090000 -129.768002 
-0.020000 -124.070148 
0.050000 -118.372294 
0.120000 -112.674440 
0.190000 -101.278732 
0.260000 -87.983740 
0.330000 -76.588032 
0.400000 -65.192324 
0.470000 -44.300193 
0.540000 -27.206631 
0.610000 6.980493 
0.680000 20.275486 
0.750000 37.369048 
0.820000 35.469763 
0.890000 33.570479 
0.960000 41.167617 
1.030000 46.865471 
1.100000 62.059749 
1.170000 63.959033 
1.240000 65.858318 
1.310000 73.455457 
1.380000 79.153311 
1.450000 92.448303 
1.520000 100.045442 
1.590000 92.448303 
1.660000 107.642581 
1.730000 113.340435 
1.800000 120.937573 
1.870000 134.232566 
1.940000 128.534712 
2.010000 132.333281 
2.080000 145.628274 
2.150000 158.923266 
2.220000 162.721836 
2.290000 166.520405 
2.360000 179.815398 
2.430000 195.009675 
2.500000 179.815398 
2.430000 200.707529 
2.360000 204.506098 
2.290000 196.908960 
2.220000 219.700376 
2.150000 208.304668 
2.080000 219.700376 
2.010000 214.002522 
1.940000 215.901806 
1.870000 221.599660 
1.800000 227.297514 
1.730000 212.103237 
1.660000 217.801091 
1.590000 219.700376 
1.520000 217.801091 
1.450000 215.901806 
1.380000 214.002522 
1.310000 210.203952 
1.240000 208.304668 
1.170000 206.405383 
1.100000 191.211106 
1.030000 200.707529 
0.960000 195.009675 
0.890000 189.311821 
0.820000 179.815398 
0.750000 187.412536 
0.680000 179.815398 
0.610000 174.117544 
0.540000 168.419690 
0.470000 160.822551 
0.400000 168.419690 
0.330000 153.225412 
0.260000 158.923266 
0.190000 145.628274 
0.120000 143.728989 
0.050000 138.031135 
-0.020000 130.433997 
-0.090000 122.836858 
-0.160000 120.937573 
-0.230000 119.038289 
-0.300000 115.239719 
-0.370000 79.153311 
-0.440000 22.174771 
-0.510000 6.980493 
-0.580000 -6.314499 
-0.650000 -19.609492 
-0.720000 -44.300193 
-0.790000 -46.199477 
-0.860000 -46.199477 
-0.930000 -51.897331 
-1.000000 -51.897331 
-1.070000 -51.897331 
-1.140000 -63.293039 
-1.210000 -65.192324 
-1.280000 -78.487316 
-1.350000 -82.285886 
-1.420000 -78.487316 
-1.490000 -97.480163 
-1.560000 -99.379448 
-1.630000 -97.480163 
-1.700000 -124.070148 
-1.770000 -129.768002 
-1.840000 -137.365141 
-1.910000 -135.465856 
-1.980000 -143.062995 
-2.050000 -146.861564 
-2.120000 -160.156557 
-2.190000 -167.753696 
-2.260000 -162.055842 
-2.330000 -173.451550 
-2.400000 -181.048688 
-2.470000 -186.746542 
-2.460000 -200.041535 
-2.390000 -196.242966 
-2.320000 -196.242966 
-2.250000 -211.437243 
-2.180000 -205.739389 
-2.110000 -211.437243 
-2.040000 -215.235812 
-1.970000 -219.034382 
-1.900000 -211.437243 
-1.830000 -226.631520 
-1.760000 -226.631520 
-1.690000 -232.329374 
-1.620000 -217.135097 
-1.550000 -215.235812 
-1.480000 -222.832951 
-1.410000 -215.235812 
-1.340000 -211.437243 
-1.270000 -203.840104 
-1.200000 -211.437243 
-1.130000 -203.840104 
-1.060000 -200.041535 
-0.990000 -192.444396 
-0.920000 -184.847258 
-0.850000 -179.149404 
-0.780000 -182.947973 
-0.710000 -175.350834 
-0.640000 -169.652980 
-0.570000 -169.652980 
-0.500000 -162.055842 
-0.430000 -150.660134 
-0.360000 -154.458703 
-0.290000 -150.660134 
-0.220000 -150.660134 
-0.150000 -139.264426 
-0.080000 -135.465856 
-0.010000 -125.969433 
0.060000 -120.271579 
0.130000 -116.473010 
0.200000 -97.480163 
0.270000 -91.782309 
0.340000 -78.487316 
0.410000 -63.293039 
0.480000 -36.703054 
0.550000 -21.508777 
0.620000 5.081209 
0.690000 29.771909 
0.760000 24.074055 
0.830000 31.671194 
0.900000 46.865471 
0.970000 50.664041 
1.040000 46.865471 
1.110000 56.361895 
1.180000 69.656887 
1.250000 73.455457 
1.320000 77.254026 
1.390000 79.153311 
1.460000 88.649734 
1.530000 105.743296 
1.600000 98.146157 
1.670000 111.441150 
1.740000 119.038289 
1.810000 120.937573 
1.880000 130.433997 
1.950000 130.433997 
2.020000 139.930420 
2.090000 153.225412 
2.160000 157.023982 
2.230000 164.621120 
2.300000 179.815398 
2.370000 181.714682 
2.440000 189.311821 
2.490000 187.412536 
2.420000 200.707529 
2.350000 206.405383 
2.280000 204.506098 
2.210000 219.700376 
2.140000 214.002522 
2.070000 221.599660 
2.000000 221.599660 
1.930000 204.506098 
1.860000 221.599660 
1.790000 221.599660 
1.720000 214.002522 
1.650000 221.599660 
1.580000 214.002522 
1.510000 196.908960 
1.440000 215.901806 
1.370000 206.405383 
1.300000 204.506098 
1.230000 208.304668 
1.160000 204.506098 
1.090000 191.211106 
1.020000 200.707529 
0.950000 189.311821 
0.880000 191.211106 
0.810000 187.412536 
0.740000 185.513252 
0.670000 195.009675 
0.600000 168.419690 
0.530000 176.016828 
0.460000 164.621120 
0.390000 160.822551 
0.320000 160.822551 
0.250000 153.225412 
0.180000 151.326128 
0.110000 143.728989 
0.040000 136.131851 
-0.030000 134.232566 
-0.100000 132.333281 
-0.170000 122.836858 
-0.240000 117.139004 
-0.310000 115.239719 
-0.380000 79.153311 
-0.450000 41.167617 
-0.520000 1.282639 
-0.590000 -12.012353 
-0.660000 -15.810923 
-0.730000 -29.105915 
-0.800000 -49.998047 
-0.870000 -51.897331 
-0.940000 -80.386601 
-1.010000 -57.595185 
-1.080000 -57.595185 
-1.150000 -65.192324 
-1.220000 -67.091609 
-1.290000 -80.386601 
-1.360000 -78.487316 
-1.430000 -84.185170 
-1.500000 -97.480163 
-1.570000 -103.178017 
-1.640000 -95.580878 
-1.710000 -112.674440 
-1.780000 -131.667287 
-1.850000 -131.667287 
-1.920000 -135.465856 
-1.990000 -148.760849 
-2.060000 -154.458703 
-2.130000 -154.458703 
-2.200000 -167.753696 
-2.270000 -165.854411 
-2.340000 -165.854411 
-2.410000 -184.847258 
-2.480000 -188.645827 
-2.450000 -203.840104 
-2.380000 -196.242966 
-2.310000 -200.041535 
-2.240000 -215.235812 
-2.170000 -213.336528 
-2.100000 -219.034382 
-2.030000 -220.933666 
-1.960000 -211.437243 
-1.890000 -211.437243 
-1.820000 -226.631520 
-1.750000 -222.832951 
-1.680000 -219.034382 
-1.610000 -222.832951 
-1.540000 -219.034382 
-1.470000 -201.940820 
-1.400000 -213.336528 
-1.330000 -211.437243 
-1.260000 -211.437243 
-1.190000 -209.537958 
-1.120000 -198.142250 
-1.050000 -194.343681 
-0.980000 -196.242966 
-0.910000 -184.847258 
-0.840000 -175.350834 
-0.770000 -182.947973 
-0.700000 -173.451550 
-0.630000 -165.854411 
-0.560000 -173.451550 
-0.490000 -167.753696 
-0.420000 -150.660134 
-0.350000 -154.458703 
-0.280000 -148.760849 
-0.210000 -152.559418 
-0.140000 -150.660134 
-0.070000 -139.264426 
