0.000000 -13.911638 
0.020000 -12.012353 
0.040000 -8.213784 
0.060000 -2.515930 
0.080000 1.282639 
0.100000 5.081209 
0.120000 1.282639 
0.140000 8.879778 
0.160000 5.081209 
0.180000 5.081209 
0.200000 -0.616645 
0.220000 8.879778 
0.240000 8.879778 
0.260000 3.181924 
0.280000 5.081209 
0.300000 8.879778 
0.320000 3.181924 
0.340000 24.074055 
0.360000 31.671194 
0.380000 41.167617 
0.400000 43.066902 
0.420000 44.966187 
0.440000 44.966187 
0.460000 43.066902 
0.480000 54.462610 
0.500000 46.865471 
0.520000 46.865471 
0.540000 48.764756 
0.560000 48.764756 
0.580000 58.261179 
0.600000 54.462610 
0.620000 60.160464 
0.640000 60.160464 
0.660000 63.959033 
0.680000 71.556172 
0.700000 52.563325 
0.720000 75.354741 
0.740000 65.858318 
0.760000 58.261179 
0.780000 75.354741 
0.800000 81.052595 
0.820000 84.851165 
0.840000 81.052595 
0.860000 90.549019 
0.880000 82.951880 
0.900000 92.448303 
0.920000 109.541865 
0.940000 92.448303 
0.960000 100.045442 
0.980000 103.844011 
1.000000 100.045442 
1.020000 107.642581 
1.040000 105.743296 
1.060000 113.340435 
1.080000 107.642581 
1.100000 119.038289 
1.120000 113.340435 
1.140000 111.441150 
1.160000 124.736143 
1.180000 119.038289 
1.200000 120.937573 
1.220000 120.937573 
1.240000 132.333281 
1.260000 134.232566 
1.280000 128.534712 
1.300000 139.930420 
1.320000 134.232566 
1.340000 145.628274 
1.360000 143.728989 
1.380000 143.728989 
1.400000 149.426843 
1.420000 147.527558 
1.440000 155.124697 
1.460000 147.527558 
1.480000 153.225412 
1.500000 158.923266 
1.520000 166.520405 
1.540000 168.419690 
1.560000 170.318974 
1.580000 176.016828 
1.600000 176.016828 
1.620000 168.419690 
1.640000 177.916113 
1.660000 183.613967 
1.680000 183.613967 
1.700000 179.815398 
1.720000 189.311821 
1.740000 191.211106 
1.760000 195.009675 
1.780000 196.908960 
1.800000 195.009675 
1.820000 195.009675 
1.840000 195.009675 
1.860000 204.506098 
1.880000 193.110390 
1.900000 200.707529 
1.920000 200.707529 
1.940000 196.908960 
1.960000 204.506098 
1.980000 200.707529 
2.000000 208.304668 
2.020000 210.203952 
2.040000 214.002522 
2.060000 219.700376 
2.080000 215.901806 
2.100000 223.498945 
2.120000 219.700376 
2.140000 223.498945 
2.160000 221.599660 
2.180000 219.700376 
2.200000 232.995368 
2.220000 227.297514 
2.240000 234.894653 
2.260000 227.297514 
2.280000 225.398230 
2.300000 234.894653 
2.320000 234.894653 
2.340000 240.592507 
2.360000 242.491792 
2.380000 240.592507 
2.400000 246.290361 
2.420000 242.491792 
2.440000 244.391076 
2.460000 240.592507 
2.480000 248.189646 
2.500000 257.686069 
2.480000 259.585354 
2.460000 255.786784 
2.440000 259.585354 
2.420000 267.182492 
2.400000 274.779631 
2.380000 261.484638 
2.360000 265.283208 
2.340000 265.283208 
2.320000 261.484638 
2.300000 265.283208 
2.280000 257.686069 
2.260000 274.779631 
2.240000 261.484638 
2.220000 269.081777 
2.200000 261.484638 
2.180000 263.383923 
2.160000 261.484638 
2.140000 259.585354 
2.120000 274.779631 
2.100000 255.786784 
2.080000 259.585354 
2.060000 240.592507 
2.040000 259.585354 
2.020000 246.290361 
2.000000 246.290361 
1.980000 251.988215 
1.960000 246.290361 
1.940000 227.297514 
1.920000 240.592507 
1.900000 257.686069 
1.880000 240.592507 
1.860000 238.693222 
1.840000 236.793938 
1.820000 236.793938 
1.800000 240.592507 
1.780000 242.491792 
1.760000 244.391076 
1.740000 240.592507 
1.720000 231.096084 
1.700000 238.693222 
1.680000 229.196799 
1.660000 227.297514 
1.640000 234.894653 
1.620000 219.700376 
1.600000 221.599660 
1.580000 231.096084 
1.560000 214.002522 
1.540000 223.498945 
1.520000 221.599660 
1.500000 221.599660 
1.480000 217.801091 
1.460000 221.599660 
1.440000 219.700376 
1.420000 214.002522 
1.400000 215.901806 
1.380000 210.203952 
1.360000 206.405383 
1.340000 206.405383 
1.320000 204.506098 
1.300000 191.211106 
1.280000 193.110390 
1.260000 200.707529 
1.240000 193.110390 
1.220000 195.009675 
1.200000 193.110390 
1.180000 193.110390 
1.160000 191.211106 
1.140000 195.009675 
1.120000 193.110390 
1.100000 176.016828 
1.080000 183.613967 
1.060000 183.613967 
1.040000 183.613967 
1.020000 183.613967 
1.000000 185.513252 
0.980000 181.714682 
0.960000 174.117544 
0.940000 172.218259 
0.920000 168.419690 
0.900000 168.419690 
0.880000 164.621120 
0.860000 166.520405 
0.840000 170.318974 
0.820000 157.023982 
0.800000 160.822551 
0.780000 172.218259 
0.760000 153.225412 
0.740000 143.728989 
0.720000 158.923266 
0.700000 147.527558 
0.680000 138.031135 
0.660000 139.930420 
0.640000 141.829705 
0.620000 138.031135 
0.600000 130.433997 
0.580000 130.433997 
0.560000 122.836858 
0.540000 113.340435 
0.520000 120.937573 
0.500000 122.836858 
0.480000 119.038289 
0.460000 122.836858 
0.440000 109.541865 
0.420000 109.541865 
0.400000 113.340435 
0.380000 109.541865 
0.360000 103.844011 
0.340000 105.743296 
0.320000 105.743296 
0.300000 107.642581 
0.280000 94.347588 
0.260000 98.146157 
0.240000 98.146157 
0.220000 92.448303 
0.200000 101.944727 
0.180000 92.448303 
0.160000 90.549019 
0.140000 81.052595 
0.120000 88.649734 
0.100000 60.160464 
0.080000 77.254026 
0.060000 82.951880 
0.040000 69.656887 
0.020000 73.455457 
-0.000000 69.656887 
-0.020000 60.160464 
-0.040000 63.959033 
-0.060000 62.059749 
-0.080000 52.563325 
-0.100000 46.865471 
-0.120000 39.268333 
-0.140000 31.671194 
-0.160000 18.376201 
-0.180000 -8.213784 
-0.200000 -15.810923 
-0.220000 -13.911638 
-0.240000 -23.408061 
-0.260000 -17.710207 
-0.280000 -27.206631 
-0.300000 -23.408061 
-0.320000 -25.307346 
-0.340000 -29.105915 
-0.360000 -25.307346 
-0.380000 -29.105915 
-0.400000 -23.408061 
-0.420000 -12.012353 
-0.440000 -29.105915 
-0.460000 -32.904485 
-0.480000 -34.803769 
-0.500000 -36.703054 
-0.520000 -44.300193 
-0.540000 -44.300193 
-0.560000 -36.703054 
-0.580000 -46.199477 
-0.600000 -51.897331 
-0.620000 -46.199477 
-0.640000 -46.199477 
-0.660000 -61.393755 
-0.680000 -48.098762 
-0.700000 -49.998047 
-0.720000 -63.293039 
-0.740000 -59.494470 
-0.760000 -49.998047 
-0.780000 -63.293039 
-0.800000 -68.990893 
-0.820000 -67.091609 
-0.840000 -68.990893 
-0.860000 -82.285886 
-0.880000 -76.588032 
-0.900000 -70.890178 
-0.920000 -84.185170 
-0.940000 -87.983740 
-0.960000 -82.285886 
-0.980000 -91.782309 
-1.000000 -87.983740 
-1.020000 -91.782309 
-1.040000 -95.580878 
-1.060000 -101.278732 
-1.080000 -89.883024 
-1.100000 -101.278732 
-1.120000 -99.379448 
-1.140000 -118.372294 
-1.160000 -114.573725 
-1.180000 -106.976586 
-1.200000 -108.875871 
-1.220000 -112.674440 
-1.240000 -114.573725 
-1.260000 -116.473010 
-1.280000 -120.271579 
-1.300000 -125.969433 
-1.320000 -127.868718 
-1.340000 -127.868718 
-1.360000 -131.667287 
-1.380000 -131.667287 
-1.400000 -124.070148 
-1.420000 -129.768002 
-1.440000 -139.264426 
-1.460000 -139.264426 
-1.480000 -141.163710 
-1.500000 -135.465856 
-1.520000 -150.660134 
-1.540000 -146.861564 
-1.560000 -141.163710 
-1.580000 -150.660134 
-1.600000 -156.357988 
-1.620000 -158.257272 
-1.640000 -154.458703 
-1.660000 -156.357988 
-1.680000 -165.854411 
-1.700000 -167.753696 
-1.720000 -160.156557 
-1.740000 -165.854411 
-1.760000 -179.149404 
-1.780000 -173.451550 
-1.800000 -165.854411 
-1.820000 -167.753696 
-1.840000 -182.947973 
-1.860000 -190.545112 
-1.880000 -190.545112 
-1.900000 -184.847258 
-1.920000 -184.847258 
-1.940000 -190.545112 
-1.960000 -188.645827 
-1.980000 -196.242966 
-2.000000 -194.343681 
-2.020000 -200.041535 
-2.040000 -201.940820 
-2.060000 -207.638674 
-2.080000 -207.638674 
-2.100000 -220.933666 
-2.120000 -207.638674 
-2.140000 -226.631520 
-2.160000 -222.832951 
-2.180000 -211.437243 
-2.200000 -230.430090 
-2.220000 -226.631520 
-2.240000 -226.631520 
-2.260000 -245.624367 
-2.280000 -234.228659 
-2.300000 -245.624367 
-2.320000 -243.725082 
-2.340000 -241.825798 
-2.360000 -253.221506 
-2.380000 -234.228659 
-2.400000 -258.919360 
-2.420000 -245.624367 
-2.440000 -238.027228 
-2.460000 -258.919360 
-2.480000 -245.624367 
-2.500000 -260.818644 
-2.480000 -253.221506 
-2.460000 -264.617214 
-2.440000 -277.912206 
-2.420000 -255.120790 
-2.400000 -270.315068 
-2.380000 -264.617214 
-2.360000 -270.315068 
-2.340000 -283.610060 
-2.320000 -266.516498 
-2.300000 -272.214352 
-2.280000 -276.012922 
-2.260000 -277.912206 
-2.240000 -272.214352 
-2.220000 -268.415783 
-2.200000 -266.516498 
-2.180000 -272.214352 
-2.160000 -257.020075 
-2.140000 -277.912206 
-2.120000 -264.617214 
-2.100000 -264.617214 
-2.080000 -262.717929 
-2.060000 -255.120790 
-2.040000 -264.617214 
-2.020000 -249.422936 
-2.000000 -253.221506 
-1.980000 -257.020075 
-1.960000 -247.523652 
-1.940000 -243.725082 
-1.920000 -234.228659 
-1.900000 -249.422936 
-1.880000 -243.725082 
-1.860000 -245.624367 
-1.840000 -249.422936 
-1.820000 -238.027228 
-1.800000 -249.422936 
-1.780000 -234.228659 
-1.760000 -230.430090 
-1.740000 -239.926513 
-1.720000 -238.027228 
-1.700000 -241.825798 
-1.680000 -224.732236 
-1.660000 -220.933666 
-1.640000 -228.530805 
-1.620000 -224.732236 
-1.600000 -222.832951 
-1.580000 -220.933666 
-1.560000 -215.235812 
-1.540000 -213.336528 
-1.520000 -213.336528 
-1.500000 -211.437243 
-1.480000 -211.437243 
-1.460000 -213.336528 
-1.440000 -219.034382 
-1.420000 -215.235812 
-1.400000 -203.840104 
-1.380000 -203.840104 
-1.360000 -201.940820 
-1.340000 -196.242966 
-1.320000 -205.739389 
-1.300000 -200.041535 
-1.280000 -188.645827 
-1.260000 -196.242966 
-1.240000 -194.343681 
-1.220000 -182.947973 
-1.200000 -188.645827 
-1.180000 -190.545112 
-1.160000 -181.048688 
-1.140000 -181.048688 
-1.120000 -182.947973 
-1.100000 -184.847258 
-1.080000 -182.947973 
-1.060000 -182.947973 
-1.040000 -179.149404 
-1.020000 -173.451550 
-1.000000 -175.350834 
-0.980000 -173.451550 
-0.960000 -167.753696 
-0.940000 -154.458703 
-0.920000 -156.357988 
-0.900000 -160.156557 
-0.880000 -148.760849 
-0.860000 -150.660134 
-0.840000 -152.559418 
-0.820000 -144.962280 
-0.800000 -139.264426 
-0.780000 -143.062995 
-0.760000 -143.062995 
-0.740000 -143.062995 
-0.720000 -129.768002 
-0.700000 -129.768002 
-0.680000 -120.271579 
-0.660000 -131.667287 
-0.640000 -118.372294 
-0.620000 -122.170864 
-0.600000 -120.271579 
-0.580000 -118.372294 
-0.560000 -108.875871 
-0.540000 -110.775156 
-0.520000 -103.178017 
-0.500000 -105.077302 
-0.480000 -97.480163 
-0.460000 -99.379448 
-0.440000 -106.976586 
-0.420000 -97.480163 
-0.400000 -95.580878 
-0.380000 -99.379448 
-0.360000 -87.983740 
-0.340000 -87.983740 
-0.320000 -84.185170 
-0.300000 -95.580878 
-0.280000 -89.883024 
-0.260000 -82.285886 
-0.240000 -89.883024 
-0.220000 -87.983740 
-0.200000 -82.285886 
-0.180000 -76.588032 
-0.160000 -87.983740 
-0.140000 -76.588032 
-0.120000 -72.789462 
-0.100000 -76.588032 
-0.080000 -65.192324 
-0.060000 -70.890178 
-0.040000 -61.393755 
-0.020000 -61.393755 
0.000000 -61.393755 
0.020000 -59.494470 
0.040000 -59.494470 
0.060000 -48.098762 
0.080000 -40.501623 
0.100000 -40.501623 
0.120000 -29.105915 
0.140000 -25.307346 
0.160000 -15.810923 
0.180000 -12.012353 
0.200000 -15.810923 
0.220000 -4.415215 
0.240000 14.577632 
0.260000 8.879778 
0.280000 22.174771 
0.300000 39.268333 
0.320000 31.671194 
0.340000 35.469763 
0.360000 37.369048 
0.380000 39.268333 
0.400000 46.865471 
0.420000 39.268333 
0.440000 39.268333 
0.460000 44.966187 
0.480000 58.261179 
0.500000 48.764756 
0.520000 54.462610 
0.540000 46.865471 
0.560000 63.959033 
0.580000 54.462610 
0.600000 56.361895 
0.620000 62.059749 
0.640000 62.059749 
0.660000 67.757603 
0.680000 63.959033 
0.700000 63.959033 
0.720000 73.455457 
0.740000 71.556172 
0.760000 77.254026 
0.780000 77.254026 
0.800000 81.052595 
0.820000 86.750449 
0.840000 86.750449 
0.860000 88.649734 
0.880000 86.750449 
0.900000 90.549019 
0.920000 96.246873 
0.940000 101.944727 
0.960000 109.541865 
0.980000 105.743296 
1.000000 107.642581 
1.020000 109.541865 
1.040000 109.541865 
1.060000 109.541865 
1.080000 115.239719 
1.100000 120.937573 
1.120000 119.038289 
1.140000 113.340435 
1.160000 130.433997 
1.180000 130.433997 
1.200000 126.635427 
1.220000 134.232566 
1.240000 139.930420 
1.260000 143.728989 
1.280000 138.031135 
1.300000 147.527558 
1.320000 138.031135 
1.340000 153.225412 
1.360000 155.124697 
1.380000 151.326128 
1.400000 151.326128 
1.420000 155.124697 
1.440000 164.621120 
1.460000 158.923266 
1.480000 158.923266 
1.500000 166.520405 
1.520000 174.117544 
1.540000 174.117544 
1.560000 166.520405 
1.580000 170.318974 
1.600000 176.016828 
1.620000 174.117544 
1.640000 174.117544 
1.660000 176.016828 
1.680000 177.916113 
1.700000 160.822551 
1.720000 195.009675 
1.740000 174.117544 
1.760000 151.326128 
1.780000 191.211106 
1.800000 193.110390 
1.820000 195.009675 
1.840000 189.311821 
1.860000 198.808244 
1.880000 196.908960 
1.900000 208.304668 
1.920000 206.405383 
1.940000 191.211106 
1.960000 210.203952 
1.980000 200.707529 
2.000000 206.405383 
2.020000 219.700376 
2.040000 215.901806 
2.060000 202.606814 
2.080000 221.599660 
2.100000 214.002522 
2.120000 214.002522 
2.140000 223.498945 
2.160000 225.398230 
2.180000 221.599660 
2.200000 227.297514 
2.220000 217.801091 
2.240000 238.693222 
2.260000 234.894653 
2.280000 227.297514 
2.300000 240.592507 
2.320000 236.793938 
2.340000 242.491792 
2.360000 246.290361 
2.380000 242.491792 
2.400000 246.290361 
2.420000 246.290361 
2.440000 253.887500 
2.460000 257.686069 
2.480000 250.088930 
2.500000 263.383923 
2.480000 259.585354 
2.460000 265.283208 
2.440000 255.786784 
2.420000 259.585354 
2.400000 272.880346 
2.380000 265.283208 
2.360000 265.283208 
2.340000 267.182492 
2.320000 267.182492 
2.300000 259.585354 
2.280000 270.981062 
2.260000 269.081777 
2.240000 270.981062 
2.220000 263.383923 
2.200000 263.383923 
2.180000 263.383923 
2.160000 255.786784 
2.140000 257.686069 
2.120000 265.283208 
2.100000 259.585354 
2.080000 251.988215 
2.060000 253.887500 
2.040000 257.686069 
2.020000 244.391076 
2.000000 250.088930 
1.980000 242.491792 
1.960000 240.592507 
1.940000 251.988215 
1.920000 250.088930 
1.900000 244.391076 
1.880000 236.793938 
1.860000 242.491792 
1.840000 234.894653 
1.820000 236.793938 
1.800000 248.189646 
1.780000 229.196799 
1.760000 232.995368 
1.740000 234.894653 
1.720000 227.297514 
1.700000 227.297514 
1.680000 225.398230 
1.660000 232.995368 
1.640000 223.498945 
1.620000 223.498945 
1.600000 223.498945 
1.580000 221.599660 
1.560000 223.498945 
1.540000 221.599660 
1.520000 204.506098 
1.500000 214.002522 
1.480000 214.002522 
1.460000 200.707529 
1.440000 214.002522 
1.420000 214.002522 
1.400000 196.908960 
1.380000 202.606814 
1.360000 208.304668 
1.340000 200.707529 
1.320000 200.707529 
1.300000 204.506098 
1.280000 187.412536 
1.260000 198.808244 
1.240000 195.009675 
1.220000 195.009675 
1.200000 196.908960 
1.180000 189.311821 
1.160000 183.613967 
1.140000 189.311821 
1.120000 183.613967 
1.100000 185.513252 
1.080000 183.613967 
1.060000 185.513252 
1.040000 177.916113 
1.020000 168.419690 
1.000000 143.728989 
0.980000 174.117544 
0.960000 168.419690 
0.940000 166.520405 
0.920000 162.721836 
0.900000 153.225412 
0.880000 158.923266 
0.860000 160.822551 
0.840000 160.822551 
0.820000 145.628274 
0.800000 149.426843 
0.780000 153.225412 
0.760000 147.527558 
0.740000 139.930420 
0.720000 139.930420 
0.700000 143.728989 
0.680000 134.232566 
0.660000 145.628274 
0.640000 130.433997 
0.620000 126.635427 
0.600000 141.829705 
0.580000 134.232566 
0.560000 126.635427 
0.540000 143.728989 
0.520000 132.333281 
0.500000 130.433997 
0.480000 120.937573 
0.460000 126.635427 
0.440000 119.038289 
0.420000 109.541865 
0.400000 119.038289 
0.380000 115.239719 
0.360000 111.441150 
0.340000 111.441150 
0.320000 101.944727 
0.300000 109.541865 
0.280000 94.347588 
0.260000 103.844011 
0.240000 92.448303 
0.220000 92.448303 
0.200000 84.851165 
0.180000 86.750449 
0.160000 84.851165 
0.140000 88.649734 
0.120000 79.153311 
0.100000 82.951880 
0.080000 77.254026 
0.060000 52.563325 
0.040000 65.858318 
0.020000 65.858318 
-0.000000 69.656887 
-0.020000 60.160464 
-0.040000 62.059749 
-0.060000 58.261179 
-0.080000 50.664041 
-0.100000 39.268333 
-0.120000 33.570479 
-0.140000 33.570479 
-0.160000 22.174771 
-0.180000 1.282639 
-0.200000 -12.012353 
-0.220000 -19.609492 
-0.240000 -21.508777 
-0.260000 -21.508777 
-0.280000 -31.005200 
-0.300000 -29.105915 
-0.320000 -29.105915 
-0.340000 -29.105915 
-0.360000 -40.501623 
-0.380000 -36.703054 
-0.400000 -32.904485 
-0.420000 -36.703054 
-0.440000 -40.501623 
-0.460000 -31.005200 
-0.480000 -32.904485 
-0.500000 -59.494470 
-0.520000 -46.199477 
-0.540000 -44.300193 
-0.560000 -51.897331 
-0.580000 -48.098762 
-0.600000 -46.199477 
-0.620000 -59.494470 
-0.640000 -57.595185 
-0.660000 -57.595185 
-0.680000 -68.990893 
-0.700000 -61.393755 
-0.720000 -63.293039 
-0.740000 -89.883024 
-0.760000 -63.293039 
-0.780000 -57.595185 
-0.800000 -61.393755 
-0.820000 -68.990893 
-0.840000 -68.990893 
-0.860000 -76.588032 
-0.880000 -84.185170 
-0.900000 -65.192324 
-0.920000 -82.285886 
-0.940000 -89.883024 
-0.960000 -72.789462 
-0.980000 -89.883024 
-1.000000 -89.883024 
-1.020000 -87.983740 
-1.040000 -97.480163 
-1.060000 -91.782309 
-1.080000 -93.681594 
-1.100000 -95.580878 
-1.120000 -101.278732 
-1.140000 -103.178017 
-1.160000 -108.875871 
-1.180000 -106.976586 
-1.200000 -105.077302 
-1.220000 -112.674440 
-1.240000 -118.372294 
-1.260000 -120.271579 
-1.280000 -129.768002 
-1.300000 -122.170864 
-1.320000 -129.768002 
-1.340000 -137.365141 
-1.360000 -131.667287 
-1.380000 -137.365141 
-1.400000 -135.465856 
-1.420000 -137.365141 
-1.440000 -143.062995 
-1.460000 -144.962280 
-1.480000 -135.465856 
-1.500000 -158.257272 
-1.520000 -156.357988 
-1.540000 -150.660134 
-1.560000 -148.760849 
-1.580000 -156.357988 
-1.600000 -154.458703 
-1.620000 -152.559418 
-1.640000 -156.357988 
-1.660000 -162.055842 
-1.680000 -163.955126 
-1.700000 -165.854411 
-1.720000 -165.854411 
-1.740000 -167.753696 
-1.760000 -158.257272 
-1.780000 -175.350834 
-1.800000 -177.250119 
-1.820000 -179.149404 
-1.840000 -175.350834 
-1.860000 -177.250119 
-1.880000 -184.847258 
-1.900000 -188.645827 
-1.920000 -184.847258 
-1.940000 -211.437243 
-1.960000 -186.746542 
-1.980000 -184.847258 
-2.000000 -190.545112 
-2.020000 -198.142250 
-2.040000 -192.444396 
-2.060000 -198.142250 
-2.080000 -205.739389 
-2.100000 -196.242966 
-2.120000 -209.537958 
-2.140000 -201.940820 
-2.160000 -207.638674 
-2.180000 -213.336528 
-2.200000 -217.135097 
-2.220000 -213.336528 
-2.240000 -217.135097 
-2.260000 -222.832951 
-2.280000 -230.430090 
-2.300000 -230.430090 
-2.320000 -230.430090 
-2.340000 -234.228659 
-2.360000 -241.825798 
-2.380000 -234.228659 
-2.400000 -258.919360 
-2.420000 -236.127944 
-2.440000 -251.322221 
-2.460000 -258.919360 
-2.480000 -251.322221 
-2.500000 -264.617214 
-2.480000 -249.422936 
-2.460000 -266.516498 
-2.440000 -257.020075 
-2.420000 -255.120790 
-2.400000 -266.516498 
-2.380000 -258.919360 
-2.360000 -266.516498 
-2.340000 -264.617214 
-2.320000 -268.415783 
-2.300000 -274.113637 
-2.280000 -264.617214 
-2.260000 -270.315068 
-2.240000 -264.617214 
-2.220000 -276.012922 
-2.200000 -272.214352 
-2.180000 -272.214352 
-2.160000 -274.113637 
-2.140000 -272.214352 
-2.120000 -272.214352 
-2.100000 -270.315068 
-2.080000 -264.617214 
-2.060000 -251.322221 
-2.040000 -272.214352 
-2.020000 -253.221506 
-2.000000 -262.717929 
-1.980000 -255.120790 
-1.960000 -255.120790 
-1.940000 -251.322221 
-1.920000 -247.523652 
-1.900000 -258.919360 
-1.880000 -241.825798 
-1.860000 -243.725082 
-1.840000 -238.027228 
-1.820000 -245.624367 
-1.800000 -234.228659 
-1.780000 -234.228659 
-1.760000 -262.717929 
-1.740000 -226.631520 
-1.720000 -232.329374 
-1.700000 -230.430090 
-1.680000 -220.933666 
-1.660000 -230.430090 
-1.640000 -230.430090 
-1.620000 -215.235812 
-1.600000 -220.933666 
-1.580000 -232.329374 
-1.560000 -222.832951 
-1.540000 -219.034382 
-1.520000 -205.739389 
-1.500000 -211.437243 
-1.480000 -213.336528 
-1.460000 -201.940820 
-1.440000 -209.537958 
-1.420000 -203.840104 
-1.400000 -203.840104 
-1.380000 -209.537958 
-1.360000 -201.940820 
-1.340000 -198.142250 
-1.320000 -205.739389 
-1.300000 -196.242966 
-1.280000 -196.242966 
-1.260000 -207.638674 
-1.240000 -196.242966 
-1.220000 -188.645827 
-1.200000 -192.444396 
-1.180000 -188.645827 
-1.160000 -192.444396 
-1.140000 -186.746542 
-1.120000 -179.149404 
-1.100000 -175.350834 
-1.080000 -165.854411 
-1.060000 -181.048688 
-1.040000 -181.048688 
-1.020000 -165.854411 
-1.000000 -171.552265 
-0.980000 -167.753696 
-0.960000 -163.955126 
-0.940000 -160.156557 
-0.920000 -165.854411 
-0.900000 -165.854411 
-0.880000 -162.055842 
-0.860000 -160.156557 
-0.840000 -158.257272 
-0.820000 -160.156557 
-0.800000 -148.760849 
-0.780000 -148.760849 
-0.760000 -141.163710 
-0.740000 -143.062995 
-0.720000 -144.962280 
-0.700000 -135.465856 
-0.680000 -129.768002 
-0.660000 -135.465856 
-0.640000 -127.868718 
-0.620000 -114.573725 
-0.600000 -124.070148 
-0.580000 -116.473010 
-0.560000 -114.573725 
-0.540000 -118.372294 
-0.520000 -106.976586 
-0.500000 -112.674440 
-0.480000 -105.077302 
-0.460000 -97.480163 
-0.440000 -105.077302 
-0.420000 -95.580878 
-0.400000 -82.285886 
-0.380000 -87.983740 
-0.360000 -91.782309 
-0.340000 -78.487316 
-0.320000 -82.285886 
-0.300000 -82.285886 
-0.280000 -65.192324 
-0.260000 -76.588032 
-0.240000 -80.386601 
-0.220000 -78.487316 
-0.200000 -68.990893 
-0.180000 -67.091609 
-0.160000 -67.091609 
-0.140000 -55.695901 
-0.120000 -57.595185 
-0.100000 -57.595185 
-0.080000 -51.897331 
-0.060000 -49.998047 
-0.040000 -46.199477 
-0.020000 -49.998047 
0.000000 -46.199477 
0.020000 -42.400908 
0.040000 -40.501623 
0.060000 -29.105915 
0.080000 -19.609492 
0.100000 -15.810923 
0.120000 -13.911638 
0.140000 3.181924 
0.160000 8.879778 
0.180000 6.980493 
0.200000 12.678347 
0.220000 8.879778 
0.240000 5.081209 
0.260000 8.879778 
0.280000 18.376201 
0.300000 6.980493 
0.320000 12.678347 
0.340000 16.476917 
0.360000 22.174771 
0.380000 31.671194 
0.400000 31.671194 
0.420000 39.268333 
0.440000 48.764756 
0.460000 46.865471 
0.480000 24.074055 
0.500000 46.865471 
0.520000 58.261179 
0.540000 62.059749 
0.560000 62.059749 
0.580000 67.757603 
0.600000 62.059749 
0.620000 65.858318 
0.640000 71.556172 
0.660000 69.656887 
0.680000 69.656887 
0.700000 73.455457 
0.720000 73.455457 
0.740000 73.455457 
0.760000 84.851165 
0.780000 84.851165 
0.800000 90.549019 
0.820000 88.649734 
0.840000 94.347588 
0.860000 96.246873 
0.880000 94.347588 
0.900000 100.045442 
0.920000 103.844011 
0.940000 101.944727 
0.960000 107.642581 
0.980000 105.743296 
1.000000 107.642581 
1.020000 115.239719 
1.040000 109.541865 
1.060000 113.340435 
1.080000 117.139004 
1.100000 115.239719 
1.120000 122.836858 
1.140000 124.736143 
1.160000 124.736143 
1.180000 119.038289 
1.200000 124.736143 
1.220000 132.333281 
1.240000 134.232566 
1.260000 132.333281 
1.280000 128.534712 
1.300000 136.131851 
1.320000 134.232566 
1.340000 143.728989 
1.360000 139.930420 
1.380000 145.628274 
1.400000 153.225412 
1.420000 130.433997 
1.440000 153.225412 
1.460000 147.527558 
1.480000 147.527558 
1.500000 151.326128 
1.520000 151.326128 
1.540000 160.822551 
1.560000 168.419690 
1.580000 166.520405 
1.600000 160.822551 
1.620000 166.520405 
1.640000 179.815398 
1.660000 170.318974 
1.680000 176.016828 
1.700000 191.211106 
1.720000 176.016828 
1.740000 177.916113 
1.760000 183.613967 
1.780000 181.714682 
1.800000 187.412536 
1.820000 191.211106 
1.840000 189.311821 
1.860000 191.211106 
1.880000 196.908960 
1.900000 198.808244 
1.920000 191.211106 
1.940000 208.304668 
1.960000 204.506098 
1.980000 198.808244 
2.000000 204.506098 
2.020000 206.405383 
2.040000 200.707529 
2.060000 214.002522 
2.080000 206.405383 
2.100000 200.707529 
2.120000 212.103237 
2.140000 219.700376 
2.160000 214.002522 
2.180000 227.297514 
2.200000 217.801091 
2.220000 223.498945 
2.240000 236.793938 
2.260000 231.096084 
2.280000 236.793938 
2.300000 238.693222 
2.320000 236.793938 
2.340000 244.391076 
2.360000 234.894653 
2.380000 246.290361 
2.400000 250.088930 
2.420000 229.196799 
2.440000 253.887500 
2.460000 253.887500 
2.480000 259.585354 
2.500000 257.686069 
2.480000 257.686069 
2.460000 255.786784 
2.440000 263.383923 
2.420000 259.585354 
2.400000 265.283208 
2.380000 267.182492 
2.360000 261.484638 
2.340000 263.383923 
2.320000 263.383923 
2.300000 257.686069 
2.280000 263.383923 
2.260000 267.182492 
2.240000 263.383923 
2.220000 263.383923 
2.200000 265.283208 
2.180000 265.283208 
2.160000 253.887500 
2.140000 265.283208 
2.120000 253.887500 
2.100000 263.383923 
2.080000 261.484638 
2.060000 265.283208 
2.040000 257.686069 
2.020000 250.088930 
2.000000 259.585354 
1.980000 253.887500 
1.960000 259.585354 
1.940000 251.988215 
1.920000 246.290361 
1.900000 257.686069 
1.880000 246.290361 
1.860000 246.290361 
1.840000 231.096084 
1.820000 251.988215 
1.800000 244.391076 
1.780000 219.700376 
1.760000 250.088930 
1.740000 246.290361 
1.720000 242.491792 
1.700000 229.196799 
1.680000 232.995368 
1.660000 229.196799 
1.640000 225.398230 
1.620000 234.894653 
1.600000 227.297514 
1.580000 221.599660 
1.560000 231.096084 
1.540000 215.901806 
1.520000 225.398230 
1.500000 219.700376 
1.480000 212.103237 
1.460000 217.801091 
1.440000 219.700376 
1.420000 217.801091 
1.400000 225.398230 
1.380000 215.901806 
1.360000 210.203952 
1.340000 212.103237 
1.320000 204.506098 
1.300000 204.506098 
1.280000 221.599660 
1.260000 196.908960 
1.240000 200.707529 
1.220000 204.506098 
1.200000 196.908960 
1.180000 196.908960 
1.160000 196.908960 
1.140000 183.613967 
1.120000 187.412536 
1.100000 191.211106 
1.080000 185.513252 
1.060000 174.117544 
1.040000 172.218259 
1.020000 136.131851 
1.000000 166.520405 
0.980000 176.016828 
0.960000 166.520405 
0.940000 160.822551 
0.920000 160.822551 
0.900000 168.419690 
0.880000 168.419690 
0.860000 160.822551 
0.840000 164.621120 
0.820000 160.822551 
0.800000 164.621120 
0.780000 157.023982 
0.760000 155.124697 
0.740000 158.923266 
0.720000 149.426843 
0.700000 147.527558 
0.680000 145.628274 
0.660000 143.728989 
0.640000 138.031135 
0.620000 138.031135 
0.600000 136.131851 
0.580000 132.333281 
0.560000 130.433997 
0.540000 130.433997 
0.520000 128.534712 
0.500000 119.038289 
0.480000 120.937573 
0.460000 115.239719 
0.440000 119.038289 
0.420000 111.441150 
0.400000 109.541865 
0.380000 120.937573 
0.360000 111.441150 
0.340000 109.541865 
0.320000 98.146157 
0.300000 100.045442 
0.280000 88.649734 
0.260000 94.347588 
0.240000 94.347588 
0.220000 54.462610 
0.200000 88.649734 
0.180000 88.649734 
0.160000 82.951880 
0.140000 81.052595 
0.120000 92.448303 
0.100000 79.153311 
0.080000 82.951880 
0.060000 75.354741 
0.040000 69.656887 
0.020000 69.656887 
-0.000000 67.757603 
-0.020000 63.959033 
-0.040000 58.261179 
-0.060000 46.865471 
-0.080000 46.865471 
-0.100000 44.966187 
-0.120000 39.268333 
-0.140000 29.771909 
-0.160000 24.074055 
-0.180000 12.678347 
-0.200000 -6.314499 
-0.220000 -21.508777 
-0.240000 -23.408061 
-0.260000 -21.508777 
-0.280000 -27.206631 
-0.300000 -31.005200 
-0.320000 -34.803769 
-0.340000 -21.508777 
-0.360000 -31.005200 
-0.380000 -38.602339 
-0.400000 -21.508777 
-0.420000 -38.602339 
-0.440000 -32.904485 
-0.460000 -34.803769 
-0.480000 -34.803769 
-0.500000 -40.501623 
-0.520000 -42.400908 
-0.540000 -40.501623 
-0.560000 -51.897331 
-0.580000 -48.098762 
-0.600000 -42.400908 
-0.620000 -53.796616 
-0.640000 -55.695901 
-0.660000 -51.897331 
-0.680000 -63.293039 
-0.700000 -61.393755 
-0.720000 -51.897331 
-0.740000 -57.595185 
-0.760000 -53.796616 
-0.780000 -63.293039 
-0.800000 -59.494470 
-0.820000 -76.588032 
-0.840000 -70.890178 
-0.860000 -68.990893 
-0.880000 -87.983740 
-0.900000 -86.084455 
-0.920000 -78.487316 
-0.940000 -93.681594 
-0.960000 -95.580878 
-0.980000 -89.883024 
-1.000000 -93.681594 
-1.020000 -89.883024 
-1.040000 -95.580878 
-1.060000 -91.782309 
-1.080000 -99.379448 
-1.100000 -106.976586 
-1.120000 -114.573725 
-1.140000 -108.875871 
-1.160000 -108.875871 
-1.180000 -114.573725 
-1.200000 -120.271579 
-1.220000 -112.674440 
-1.240000 -112.674440 
-1.260000 -120.271579 
-1.280000 -108.875871 
-1.300000 -116.473010 
-1.320000 -122.170864 
-1.340000 -129.768002 
-1.360000 -129.768002 
-1.380000 -133.566572 
-1.400000 -131.667287 
-1.420000 -125.969433 
-1.440000 -135.465856 
-1.460000 -137.365141 
-1.480000 -129.768002 
-1.500000 -143.062995 
-1.520000 -148.760849 
-1.540000 -148.760849 
-1.560000 -139.264426 
-1.580000 -148.760849 
-1.600000 -150.660134 
-1.620000 -150.660134 
-1.640000 -163.955126 
-1.660000 -162.055842 
-1.680000 -169.652980 
-1.700000 -165.854411 
-1.720000 -169.652980 
-1.740000 -173.451550 
-1.760000 -177.250119 
-1.780000 -169.652980 
-1.800000 -184.847258 
-1.820000 -177.250119 
-1.840000 -181.048688 
-1.860000 -181.048688 
-1.880000 -184.847258 
-1.900000 -181.048688 
-1.920000 -188.645827 
-1.940000 -192.444396 
-1.960000 -188.645827 
-1.980000 -190.545112 
-2.000000 -196.242966 
-2.020000 -186.746542 
-2.040000 -200.041535 
-2.060000 -201.940820 
-2.080000 -201.940820 
-2.100000 -198.142250 
-2.120000 -213.336528 
-2.140000 -209.537958 
-2.160000 -203.840104 
-2.180000 -215.235812 
-2.200000 -209.537958 
-2.220000 -211.437243 
-2.240000 -222.832951 
-2.260000 -220.933666 
-2.280000 -228.530805 
-2.300000 -230.430090 
-2.320000 -213.336528 
-2.340000 -234.228659 
-2.360000 -226.631520 
-2.380000 -228.530805 
-2.400000 -234.228659 
-2.420000 -245.624367 
-2.440000 -238.027228 
-2.460000 -251.322221 
-2.480000 -245.624367 
-2.500000 -258.919360 
-2.480000 -253.221506 
-2.460000 -249.422936 
-2.440000 -262.717929 
-2.420000 -264.617214 
-2.400000 -281.710775 
-2.380000 -264.617214 
-2.360000 -266.516498 
-2.340000 -266.516498 
-2.320000 -276.012922 
-2.300000 -262.717929 
-2.280000 -266.516498 
-2.260000 -272.214352 
-2.240000 -258.919360 
-2.220000 -272.214352 
-2.200000 -257.020075 
-2.180000 -266.516498 
-2.160000 -264.617214 
-2.140000 -270.315068 
-2.120000 -279.811491 
-2.100000 -258.919360 
-2.080000 -264.617214 
-2.060000 -264.617214 
-2.040000 -274.113637 
-2.020000 -266.516498 
-2.000000 -264.617214 
-1.980000 -268.415783 
-1.960000 -260.818644 
-1.940000 -258.919360 
-1.920000 -257.020075 
-1.900000 -264.617214 
-1.880000 -247.523652 
-1.860000 -245.624367 
-1.840000 -255.120790 
-1.820000 -247.523652 
-1.800000 -253.221506 
-1.780000 -234.228659 
-1.760000 -249.422936 
-1.740000 -234.228659 
-1.720000 -238.027228 
-1.700000 -238.027228 
-1.680000 -226.631520 
-1.660000 -228.530805 
-1.640000 -224.732236 
-1.620000 -224.732236 
-1.600000 -217.135097 
-1.580000 -215.235812 
-1.560000 -220.933666 
-1.540000 -220.933666 
-1.520000 -211.437243 
-1.500000 -211.437243 
-1.480000 -211.437243 
-1.460000 -207.638674 
-1.440000 -219.034382 
-1.420000 -201.940820 
-1.400000 -188.645827 
-1.380000 -220.933666 
-1.360000 -205.739389 
-1.340000 -200.041535 
-1.320000 -203.840104 
-1.300000 -192.444396 
-1.280000 -190.545112 
-1.260000 -196.242966 
-1.240000 -184.847258 
-1.220000 -177.250119 
-1.200000 -190.545112 
-1.180000 -179.149404 
-1.160000 -179.149404 
-1.140000 -184.847258 
-1.120000 -173.451550 
-1.100000 -154.458703 
-1.080000 -169.652980 
-1.060000 -173.451550 
-1.040000 -169.652980 
-1.020000 -165.854411 
-1.000000 -165.854411 
-0.980000 -160.156557 
-0.960000 -160.156557 
-0.940000 -152.559418 
-0.920000 -162.055842 
-0.900000 -162.055842 
-0.880000 -152.559418 
-0.860000 -152.559418 
-0.840000 -143.062995 
-0.820000 -148.760849 
-0.800000 -141.163710 
-0.780000 -133.566572 
-0.760000 -146.861564 
-0.740000 -146.861564 
-0.720000 -137.365141 
-0.700000 -124.070148 
-0.680000 -124.070148 
-0.660000 -133.566572 
-0.640000 -120.271579 
-0.620000 -122.170864 
-0.600000 -118.372294 
-0.580000 -122.170864 
-0.560000 -122.170864 
-0.540000 -112.674440 
-0.520000 -122.170864 
-0.500000 -118.372294 
-0.480000 -112.674440 
-0.460000 -108.875871 
-0.440000 -108.875871 
-0.420000 -106.976586 
-0.400000 -105.077302 
-0.380000 -93.681594 
-0.360000 -103.178017 
-0.340000 -106.976586 
-0.320000 -93.681594 
-0.300000 -93.681594 
-0.280000 -84.185170 
-0.260000 -78.487316 
-0.240000 -82.285886 
-0.220000 -82.285886 
-0.200000 -70.890178 
-0.180000 -78.487316 
-0.160000 -72.789462 
-0.140000 -65.192324 
-0.120000 -65.192324 
-0.100000 -57.595185 
-0.080000 -49.998047 
-0.060000 -57.595185 
-0.040000 -57.595185 
-0.020000 -46.199477 
0.000000 -46.199477 
0.020000 -42.400908 
0.040000 -38.602339 
0.060000 -29.105915 
0.080000 -21.508777 
0.100000 -21.508777 
0.120000 -2.515930 
0.140000 1.282639 
0.160000 6.980493 
0.180000 8.879778 
0.200000 10.779063 
0.220000 8.879778 
0.240000 16.476917 
0.260000 12.678347 
0.280000 18.376201 
0.300000 25.973340 
0.320000 20.275486 
0.340000 27.872625 
0.360000 12.678347 
0.380000 31.671194 
0.400000 25.973340 
0.420000 31.671194 
0.440000 39.268333 
0.460000 35.469763 
0.480000 39.268333 
0.500000 50.664041 
0.520000 52.563325 
0.540000 56.361895 
0.560000 63.959033 
0.580000 58.261179 
0.600000 67.757603 
0.620000 71.556172 
0.640000 73.455457 
0.660000 69.656887 
0.680000 75.354741 
0.700000 69.656887 
0.720000 73.455457 
0.740000 79.153311 
0.760000 75.354741 
0.780000 79.153311 
0.800000 81.052595 
0.820000 88.649734 
0.840000 82.951880 
0.860000 86.750449 
0.880000 88.649734 
0.900000 100.045442 
0.920000 94.347588 
0.940000 98.146157 
0.960000 105.743296 
0.980000 81.052595 
1.000000 100.045442 
1.020000 109.541865 
1.040000 113.340435 
1.060000 107.642581 
1.080000 113.340435 
1.100000 111.441150 
1.120000 120.937573 
1.140000 107.642581 
1.160000 115.239719 
1.180000 122.836858 
1.200000 122.836858 
1.220000 126.635427 
1.240000 138.031135 
1.260000 130.433997 
1.280000 126.635427 
1.300000 134.232566 
1.320000 143.728989 
1.340000 138.031135 
1.360000 147.527558 
1.380000 149.426843 
1.400000 143.728989 
1.420000 153.225412 
1.440000 147.527558 
1.460000 145.628274 
1.480000 153.225412 
1.500000 151.326128 
1.520000 160.822551 
1.540000 160.822551 
1.560000 164.621120 
1.580000 166.520405 
1.600000 155.124697 
1.620000 168.419690 
1.640000 176.016828 
1.660000 177.916113 
1.680000 176.016828 
1.700000 174.117544 
1.720000 174.117544 
1.740000 185.513252 
1.760000 177.916113 
1.780000 177.916113 
1.800000 189.311821 
1.820000 176.016828 
1.840000 191.211106 
1.860000 189.311821 
1.880000 189.311821 
1.900000 195.009675 
1.920000 187.412536 
1.940000 200.707529 
1.960000 200.707529 
1.980000 214.002522 
2.000000 200.707529 
2.020000 215.901806 
2.040000 212.103237 
2.060000 206.405383 
2.080000 214.002522 
2.100000 217.801091 
2.120000 212.103237 
2.140000 229.196799 
2.160000 217.801091 
2.180000 215.901806 
2.200000 229.196799 
2.220000 219.700376 
2.240000 223.498945 
2.260000 240.592507 
2.280000 232.995368 
2.300000 240.592507 
2.320000 242.491792 
2.340000 242.491792 
2.360000 214.002522 
2.380000 248.189646 
2.400000 240.592507 
2.420000 255.786784 
2.440000 244.391076 
2.460000 259.585354 
2.480000 259.585354 
2.500000 255.786784 
2.480000 244.391076 
2.460000 251.988215 
2.440000 255.786784 
2.420000 261.484638 
2.400000 255.786784 
2.380000 261.484638 
2.360000 261.484638 
2.340000 267.182492 
2.320000 259.585354 
2.300000 265.283208 
2.280000 261.484638 
2.260000 267.182492 
2.240000 269.081777 
2.220000 265.283208 
2.200000 265.283208 
2.180000 265.283208 
2.160000 265.283208 
2.140000 263.383923 
2.120000 269.081777 
2.100000 251.988215 
2.080000 265.283208 
2.060000 259.585354 
2.040000 257.686069 
2.020000 259.585354 
2.000000 255.786784 
1.980000 261.484638 
1.960000 251.988215 
1.940000 253.887500 
1.920000 259.585354 
1.900000 255.786784 
1.880000 253.887500 
1.860000 246.290361 
1.840000 250.088930 
1.820000 238.693222 
1.800000 246.290361 
1.780000 242.491792 
1.760000 231.096084 
1.740000 236.793938 
1.720000 242.491792 
1.700000 242.491792 
1.680000 231.096084 
1.660000 236.793938 
1.640000 240.592507 
1.620000 240.592507 
1.600000 242.491792 
1.580000 232.995368 
1.560000 229.196799 
1.540000 227.297514 
1.520000 221.599660 
1.500000 229.196799 
1.480000 223.498945 
1.460000 217.801091 
1.440000 215.901806 
1.420000 217.801091 
1.400000 215.901806 
1.380000 215.901806 
1.360000 210.203952 
1.340000 206.405383 
1.320000 206.405383 
1.300000 204.506098 
1.280000 198.808244 
1.260000 210.203952 
1.240000 202.606814 
1.220000 206.405383 
1.200000 202.606814 
1.180000 191.211106 
1.160000 198.808244 
1.140000 196.908960 
1.120000 185.513252 
1.100000 195.009675 
1.080000 195.009675 
1.060000 185.513252 
1.040000 189.311821 
1.020000 185.513252 
1.000000 176.016828 
0.980000 174.117544 
0.960000 172.218259 
0.940000 177.916113 
0.920000 166.520405 
0.900000 164.621120 
0.880000 166.520405 
0.860000 160.822551 
0.840000 160.822551 
0.820000 160.822551 
0.800000 155.124697 
0.780000 158.923266 
0.760000 147.527558 
0.740000 158.923266 
0.720000 153.225412 
0.700000 153.225412 
0.680000 147.527558 
0.660000 139.930420 
0.640000 139.930420 
0.620000 141.829705 
0.600000 128.534712 
0.580000 130.433997 
0.560000 143.728989 
0.540000 134.232566 
0.520000 130.433997 
0.500000 120.937573 
0.480000 126.635427 
0.460000 119.038289 
0.440000 111.441150 
0.420000 113.340435 
0.400000 107.642581 
0.380000 111.441150 
0.360000 113.340435 
0.340000 101.944727 
0.320000 101.944727 
0.300000 105.743296 
0.280000 96.246873 
0.260000 100.045442 
0.240000 92.448303 
0.220000 86.750449 
0.200000 84.851165 
0.180000 88.649734 
0.160000 82.951880 
0.140000 77.254026 
0.120000 79.153311 
0.100000 71.556172 
0.080000 81.052595 
0.060000 69.656887 
0.040000 71.556172 
0.020000 63.959033 
-0.000000 52.563325 
-0.020000 56.361895 
-0.040000 48.764756 
-0.060000 44.966187 
-0.080000 44.966187 
-0.100000 33.570479 
-0.120000 39.268333 
-0.140000 22.174771 
-0.160000 16.476917 
-0.180000 14.577632 
-0.200000 3.181924 
-0.220000 -12.012353 
-0.240000 -25.307346 
-0.260000 -19.609492 
-0.280000 -23.408061 
-0.300000 -29.105915 
-0.320000 -17.710207 
-0.340000 -32.904485 
-0.360000 -34.803769 
-0.380000 -29.105915 
-0.400000 -31.005200 
-0.420000 -34.803769 
-0.440000 -31.005200 
-0.460000 -34.803769 
-0.480000 -42.400908 
-0.500000 -49.998047 
-0.520000 -42.400908 
-0.540000 -49.998047 
-0.560000 -57.595185 
-0.580000 -49.998047 
-0.600000 -57.595185 
-0.620000 -59.494470 
-0.640000 -57.595185 
-0.660000 -59.494470 
-0.680000 -61.393755 
-0.700000 -68.990893 
-0.720000 -97.480163 
-0.740000 -68.990893 
-0.760000 -76.588032 
-0.780000 -82.285886 
-0.800000 -72.789462 
-0.820000 -80.386601 
-0.840000 -103.178017 
-0.860000 -76.588032 
-0.880000 -82.285886 
-0.900000 -86.084455 
-0.920000 -87.983740 
-0.940000 -89.883024 
-0.960000 -93.681594 
-0.980000 -87.983740 
-1.000000 -84.185170 
-1.020000 -93.681594 
-1.040000 -97.480163 
-1.060000 -99.379448 
-1.080000 -99.379448 
-1.100000 -95.580878 
-1.120000 -89.883024 
-1.140000 -103.178017 
-1.160000 -108.875871 
-1.180000 -112.674440 
-1.200000 -108.875871 
-1.220000 -110.775156 
-1.240000 -116.473010 
-1.260000 -112.674440 
-1.280000 -112.674440 
-1.300000 -118.372294 
-1.320000 -112.674440 
-1.340000 -122.170864 
-1.360000 -131.667287 
-1.380000 -131.667287 
-1.400000 -135.465856 
-1.420000 -139.264426 
-1.440000 -137.365141 
-1.460000 -133.566572 
-1.480000 -139.264426 
-1.500000 -135.465856 
-1.520000 -144.962280 
-1.540000 -143.062995 
-1.560000 -150.660134 
-1.580000 -144.962280 
-1.600000 -137.365141 
-1.620000 -150.660134 
-1.640000 -154.458703 
-1.660000 -162.055842 
-1.680000 -158.257272 
-1.700000 -165.854411 
-1.720000 -160.156557 
-1.740000 -152.559418 
-1.760000 -163.955126 
-1.780000 -160.156557 
-1.800000 -163.955126 
-1.820000 -171.552265 
-1.840000 -173.451550 
-1.860000 -169.652980 
-1.880000 -179.149404 
-1.900000 -184.847258 
-1.920000 -184.847258 
-1.940000 -179.149404 
-1.960000 -190.545112 
-1.980000 -182.947973 
-2.000000 -190.545112 
-2.020000 -196.242966 
-2.040000 -203.840104 
-2.060000 -203.840104 
-2.080000 -203.840104 
-2.100000 -201.940820 
-2.120000 -201.940820 
-2.140000 -198.142250 
-2.160000 -217.135097 
-2.180000 -211.437243 
-2.200000 -203.840104 
-2.220000 -220.933666 
-2.240000 -211.437243 
-2.260000 -219.034382 
-2.280000 -222.832951 
-2.300000 -224.732236 
-2.320000 -230.430090 
-2.340000 -234.228659 
-2.360000 -232.329374 
-2.380000 -243.725082 
-2.400000 -228.530805 
-2.420000 -230.430090 
-2.440000 -245.624367 
-2.460000 -234.228659 
-2.480000 -245.624367 
-2.500000 -249.422936 
-2.480000 -253.221506 
-2.460000 -249.422936 
-2.440000 -251.322221 
-2.420000 -257.020075 
-2.400000 -262.717929 
-2.380000 -264.617214 
-2.360000 -270.315068 
-2.340000 -262.717929 
-2.320000 -264.617214 
-2.300000 -264.617214 
-2.280000 -272.214352 
-2.260000 -270.315068 
-2.240000 -281.710775 
-2.220000 -274.113637 
-2.200000 -268.415783 
-2.180000 -276.012922 
-2.160000 -272.214352 
-2.140000 -274.113637 
-2.120000 -251.322221 
-2.100000 -266.516498 
-2.080000 -258.919360 
-2.060000 -268.415783 
-2.040000 -262.717929 
-2.020000 -253.221506 
-2.000000 -264.617214 
-1.980000 -258.919360 
-1.960000 -270.315068 
-1.940000 -260.818644 
-1.920000 -257.020075 
-1.900000 -264.617214 
-1.880000 -249.422936 
-1.860000 -262.717929 
-1.840000 -257.020075 
-1.820000 -257.020075 
-1.800000 -253.221506 
-1.780000 -255.120790 
-1.760000 -245.624367 
-1.740000 -251.322221 
-1.720000 -241.825798 
-1.700000 -234.228659 
-1.680000 -234.228659 
-1.660000 -243.725082 
-1.640000 -234.228659 
-1.620000 -239.926513 
-1.600000 -220.933666 
-1.580000 -228.530805 
-1.560000 -234.228659 
-1.540000 -219.034382 
-1.520000 -224.732236 
-1.500000 -215.235812 
-1.480000 -213.336528 
-1.460000 -215.235812 
-1.440000 -203.840104 
-1.420000 -207.638674 
-1.400000 -203.840104 
-1.380000 -184.847258 
-1.360000 -196.242966 
-1.340000 -205.739389 
-1.320000 -186.746542 
-1.300000 -192.444396 
-1.280000 -190.545112 
-1.260000 -196.242966 
-1.240000 -188.645827 
-1.220000 -190.545112 
-1.200000 -179.149404 
-1.180000 -173.451550 
-1.160000 -194.343681 
-1.140000 -179.149404 
-1.120000 -165.854411 
-1.100000 -182.947973 
-1.080000 -165.854411 
-1.060000 -158.257272 
-1.040000 -165.854411 
-1.020000 -160.156557 
-1.000000 -158.257272 
-0.980000 -156.357988 
-0.960000 -158.257272 
-0.940000 -160.156557 
-0.920000 -146.861564 
-0.900000 -148.760849 
-0.880000 -144.962280 
-0.860000 -143.062995 
-0.840000 -141.163710 
-0.820000 -137.365141 
-0.800000 -139.264426 
-0.780000 -135.465856 
-0.760000 -143.062995 
-0.740000 -133.566572 
-0.720000 -124.070148 
-0.700000 -137.365141 
-0.680000 -131.667287 
-0.660000 -120.271579 
-0.640000 -127.868718 
-0.620000 -124.070148 
-0.600000 -120.271579 
-0.580000 -120.271579 
-0.560000 -112.674440 
-0.540000 -112.674440 
-0.520000 -106.976586 
-0.500000 -110.775156 
-0.480000 -105.077302 
-0.460000 -108.875871 
-0.440000 -105.077302 
-0.420000 -89.883024 
-0.400000 -99.379448 
-0.380000 -95.580878 
-0.360000 -86.084455 
-0.340000 -87.983740 
-0.320000 -82.285886 
-0.300000 -78.487316 
-0.280000 -82.285886 
-0.260000 -78.487316 
-0.240000 -82.285886 
-0.220000 -76.588032 
-0.200000 -68.990893 
-0.180000 -78.487316 
-0.160000 -63.293039 
-0.140000 -72.789462 
-0.120000 -63.293039 
-0.100000 -63.293039 
-0.080000 -61.393755 
-0.060000 -55.695901 
-0.040000 -63.293039 
-0.020000 -55.695901 
