0.000000 -87.983740 
0.085000 -74.688747 
0.170000 -72.789462 
0.255000 -55.695901 
0.340000 -40.501623 
0.425000 -27.206631 
0.510000 -15.810923 
0.595000 1.282639 
0.680000 5.081209 
0.765000 5.081209 
0.850000 5.081209 
0.935000 8.879778 
1.020000 27.872625 
1.105000 41.167617 
1.190000 60.160464 
1.275000 69.656887 
1.360000 71.556172 
1.445000 77.254026 
1.530000 84.851165 
1.615000 90.549019 
1.700000 100.045442 
1.785000 111.441150 
1.870000 113.340435 
1.955000 120.937573 
2.040000 130.433997 
2.125000 134.232566 
2.210000 151.326128 
2.295000 153.225412 
2.380000 160.822551 
2.465000 177.916113 
2.450000 185.513252 
2.365000 193.110390 
2.280000 191.211106 
2.195000 212.103237 
2.110000 202.606814 
2.025000 214.002522 
1.940000 215.901806 
1.855000 214.002522 
1.770000 217.801091 
1.685000 215.901806 
1.600000 212.103237 
1.515000 198.808244 
1.430000 204.506098 
1.345000 198.808244 
1.260000 200.707529 
1.175000 212.103237 
1.090000 200.707529 
1.005000 183.613967 
0.920000 193.110390 
0.835000 193.110390 
0.750000 191.211106 
0.665000 195.009675 
0.580000 191.211106 
0.495000 187.412536 
0.410000 185.513252 
0.325000 176.016828 
0.240000 172.218259 
0.155000 168.419690 
0.070000 158.923266 
-0.015000 153.225412 
-0.100000 153.225412 
-0.185000 147.527558 
-0.270000 143.728989 
-0.355000 134.232566 
-0.440000 98.146157 
-0.525000 29.771909 
-0.610000 -0.616645 
-0.695000 -15.810923 
-0.780000 -15.810923 
-0.865000 -44.300193 
-0.950000 -53.796616 
-1.035000 -53.796616 
-1.120000 -59.494470 
-1.205000 -61.393755 
-1.290000 -59.494470 
-1.375000 -76.588032 
-1.460000 -82.285886 
-1.545000 -87.983740 
-1.630000 -89.883024 
-1.715000 -108.875871 
-1.800000 -118.372294 
-1.885000 -118.372294 
-1.970000 -129.768002 
-2.055000 -141.163710 
-2.140000 -141.163710 
-2.225000 -163.955126 
-2.310000 -167.753696 
-2.395000 -179.149404 
-2.480000 -184.847258 
-2.435000 -184.847258 
-2.350000 -196.242966 
-2.265000 -211.437243 
-2.180000 -211.437243 
-2.095000 -203.840104 
-2.010000 -209.537958 
-1.925000 -213.336528 
-1.840000 -213.336528 
-1.755000 -224.732236 
-1.670000 -209.537958 
-1.585000 -205.739389 
-1.500000 -211.437243 
-1.415000 -226.631520 
-1.330000 -196.242966 
-1.245000 -201.940820 
-1.160000 -198.142250 
-1.075000 -192.444396 
-0.990000 -198.142250 
-0.905000 -198.142250 
-0.820000 -188.645827 
-0.735000 -182.947973 
-0.650000 -177.250119 
-0.565000 -165.854411 
-0.480000 -169.652980 
-0.395000 -173.451550 
-0.310000 -160.156557 
-0.225000 -150.660134 
-0.140000 -146.861564 
-0.055000 -141.163710 
0.030000 -129.768002 
0.115000 -125.969433 
0.200000 -112.674440 
0.285000 -105.077302 
0.370000 -95.580878 
0.455000 -78.487316 
0.540000 -63.293039 
0.625000 -32.904485 
0.710000 -2.515930 
0.795000 14.577632 
0.880000 31.671194 
0.965000 35.469763 
1.050000 48.764756 
1.135000 62.059749 
1.220000 60.160464 
1.305000 71.556172 
1.390000 82.951880 
1.475000 92.448303 
1.560000 90.549019 
1.645000 101.944727 
1.730000 105.743296 
1.815000 111.441150 
1.900000 120.937573 
1.985000 119.038289 
2.070000 136.131851 
2.155000 145.628274 
2.240000 149.426843 
2.325000 157.023982 
2.410000 174.117544 
2.495000 177.916113 
2.420000 176.016828 
2.335000 187.412536 
2.250000 206.405383 
2.165000 204.506098 
2.080000 200.707529 
1.995000 214.002522 
1.910000 208.304668 
1.825000 208.304668 
1.740000 210.203952 
1.655000 204.506098 
1.570000 204.506098 
1.485000 215.901806 
1.400000 198.808244 
1.315000 198.808244 
1.230000 212.103237 
1.145000 202.606814 
1.060000 198.808244 
0.975000 202.606814 
0.890000 195.009675 
0.805000 195.009675 
0.720000 195.009675 
0.635000 193.110390 
0.550000 193.110390 
0.465000 189.311821 
0.380000 187.412536 
0.295000 174.117544 
0.210000 164.621120 
0.125000 168.419690 
0.040000 160.822551 
-0.045000 158.923266 
-0.130000 151.326128 
-0.215000 136.131851 
-0.300000 132.333281 
-0.385000 122.836858 
-0.470000 81.052595 
-0.555000 24.074055 
-0.640000 -2.515930 
-0.725000 -6.314499 
-0.810000 -31.005200 
-0.895000 -36.703054 
-0.980000 -51.897331 
-1.065000 -61.393755 
-1.150000 -51.897331 
-1.235000 -57.595185 
-1.320000 -63.293039 
-1.405000 -78.487316 
-1.490000 -80.386601 
-1.575000 -80.386601 
-1.660000 -87.983740 
-1.745000 -103.178017 
-1.830000 -116.473010 
-1.915000 -116.473010 
-2.000000 -124.070148 
-2.085000 -141.163710 
-2.170000 -165.854411 
-2.255000 -163.955126 
-2.340000 -167.753696 
-2.425000 -169.652980 
-2.490000 -179.149404 
-2.405000 -192.444396 
-2.320000 -200.041535 
-2.235000 -211.437243 
-2.150000 -211.437243 
-2.065000 -207.638674 
-1.980000 -201.940820 
-1.895000 -219.034382 
-1.810000 -219.034382 
-1.725000 -226.631520 
-1.640000 -213.336528 
-1.555000 -211.437243 
-1.470000 -215.235812 
-1.385000 -207.638674 
-1.300000 -209.537958 
-1.215000 -209.537958 
-1.130000 -190.545112 
-1.045000 -194.343681 
-0.960000 -201.940820 
-0.875000 -198.142250 
-0.790000 -188.645827 
-0.705000 -184.847258 
-0.620000 -179.149404 
-0.535000 -163.955126 
-0.450000 -165.854411 
-0.365000 -177.250119 
-0.280000 -158.257272 
-0.195000 -150.660134 
-0.110000 -139.264426 
-0.025000 -141.163710 
0.060000 -133.566572 
0.145000 -120.271579 
0.230000 -106.976586 
0.315000 -95.580878 
0.400000 -97.480163 
0.485000 -68.990893 
0.570000 -44.300193 
0.655000 -13.911638 
0.740000 12.678347 
0.825000 41.167617 
0.910000 44.966187 
0.995000 54.462610 
1.080000 54.462610 
1.165000 60.160464 
1.250000 71.556172 
1.335000 71.556172 
1.420000 75.354741 
1.505000 92.448303 
1.590000 98.146157 
1.675000 100.045442 
1.760000 115.239719 
1.845000 109.541865 
1.930000 117.139004 
2.015000 130.433997 
2.100000 132.333281 
2.185000 151.326128 
2.270000 153.225412 
2.355000 162.721836 
2.440000 176.016828 
2.475000 179.815398 
2.390000 191.211106 
2.305000 204.506098 
2.220000 204.506098 
2.135000 200.707529 
2.050000 217.801091 
1.965000 212.103237 
1.880000 204.506098 
1.795000 174.117544 
1.710000 214.002522 
1.625000 208.304668 
1.540000 208.304668 
1.455000 204.506098 
1.370000 198.808244 
1.285000 185.513252 
1.200000 200.707529 
1.115000 198.808244 
1.030000 196.908960 
0.945000 196.908960 
0.860000 195.009675 
0.775000 196.908960 
0.690000 195.009675 
0.605000 187.412536 
0.520000 189.311821 
0.435000 183.613967 
0.350000 176.016828 
0.265000 168.419690 
0.180000 162.721836 
0.095000 164.621120 
0.010000 160.822551 
-0.075000 153.225412 
-0.160000 143.728989 
-0.245000 136.131851 
-0.330000 132.333281 
-0.415000 120.937573 
-0.500000 75.354741 
-0.585000 8.879778 
-0.670000 1.282639 
-0.755000 -0.616645 
-0.840000 -38.602339 
-0.925000 -46.199477 
-1.010000 -51.897331 
-1.095000 -51.897331 
-1.180000 -59.494470 
-1.265000 -63.293039 
-1.350000 -61.393755 
-1.435000 -72.789462 
-1.520000 -91.782309 
-1.605000 -91.782309 
-1.690000 -95.580878 
-1.775000 -105.077302 
-1.860000 -116.473010 
-1.945000 -135.465856 
-2.030000 -133.566572 
-2.115000 -137.365141 
-2.200000 -158.257272 
-2.285000 -165.854411 
-2.370000 -175.350834 
-2.455000 -175.350834 
-2.460000 -181.048688 
-2.375000 -196.242966 
-2.290000 -211.437243 
-2.205000 -209.537958 
-2.120000 -215.235812 
-2.035000 -205.739389 
-1.950000 -203.840104 
-1.865000 -213.336528 
-1.780000 -220.933666 
-1.695000 -220.933666 
-1.610000 -211.437243 
-1.525000 -213.336528 
-1.440000 -215.235812 
-1.355000 -209.537958 
-1.270000 -209.537958 
-1.185000 -205.739389 
-1.100000 -196.242966 
-1.015000 -184.847258 
-0.930000 -184.847258 
-0.845000 -188.645827 
-0.760000 -177.250119 
-0.675000 -181.048688 
-0.590000 -175.350834 
-0.505000 -160.156557 
-0.420000 -160.156557 
-0.335000 -167.753696 
-0.250000 -162.055842 
-0.165000 -146.861564 
-0.080000 -135.465856 
0.005000 -137.365141 
0.090000 -129.768002 
0.175000 -124.070148 
0.260000 -103.178017 
0.345000 -89.883024 
0.430000 -89.883024 
0.515000 -67.091609 
0.600000 -46.199477 
0.685000 -17.710207 
0.770000 16.476917 
0.855000 37.369048 
0.940000 39.268333 
1.025000 46.865471 
1.110000 52.563325 
1.195000 62.059749 
1.280000 62.059749 
1.365000 73.455457 
1.450000 60.160464 
1.535000 94.347588 
1.620000 98.146157 
1.705000 92.448303 
1.790000 105.743296 
1.875000 109.541865 
1.960000 119.038289 
2.045000 130.433997 
2.130000 136.131851 
2.215000 143.728989 
2.300000 157.023982 
2.385000 174.117544 
2.470000 170.318974 
2.445000 177.916113 
2.360000 200.707529 
2.275000 200.707529 
2.190000 195.009675 
2.105000 217.801091 
2.020000 206.405383 
1.935000 200.707529 
1.850000 204.506098 
1.765000 217.801091 
1.680000 204.506098 
1.595000 206.405383 
1.510000 210.203952 
1.425000 204.506098 
1.340000 214.002522 
1.255000 214.002522 
1.170000 204.506098 
1.085000 200.707529 
1.000000 204.506098 
0.915000 202.606814 
0.830000 198.808244 
0.745000 202.606814 
0.660000 200.707529 
0.575000 187.412536 
0.490000 183.613967 
0.405000 191.211106 
0.320000 177.916113 
0.235000 166.520405 
0.150000 166.520405 
0.065000 164.621120 
-0.020000 153.225412 
-0.105000 147.527558 
-0.190000 143.728989 
-0.275000 126.635427 
-0.360000 126.635427 
-0.445000 103.844011 
-0.530000 31.671194 
-0.615000 -0.616645 
-0.700000 -12.012353 
-0.785000 -23.408061 
-0.870000 -34.803769 
-0.955000 -42.400908 
-1.040000 -53.796616 
-1.125000 -61.393755 
-1.210000 -61.393755 
-1.295000 -68.990893 
-1.380000 -67.091609 
-1.465000 -89.883024 
-1.550000 -80.386601 
-1.635000 -89.883024 
-1.720000 -112.674440 
-1.805000 -106.976586 
-1.890000 -108.875871 
-1.975000 -135.465856 
-2.060000 -141.163710 
-2.145000 -143.062995 
-2.230000 -154.458703 
-2.315000 -177.250119 
-2.400000 -173.451550 
-2.485000 -179.149404 
-2.430000 -179.149404 
-2.345000 -203.840104 
-2.260000 -198.142250 
-2.175000 -207.638674 
-2.090000 -220.933666 
-2.005000 -211.437243 
-1.920000 -220.933666 
-1.835000 -215.235812 
-1.750000 -213.336528 
-1.665000 -215.235812 
-1.580000 -220.933666 
-1.495000 -213.336528 
-1.410000 -215.235812 
-1.325000 -203.840104 
-1.240000 -205.739389 
-1.155000 -198.142250 
-1.070000 -196.242966 
-0.985000 -190.545112 
-0.900000 -190.545112 
-0.815000 -194.343681 
-0.730000 -184.847258 
-0.645000 -186.746542 
-0.560000 -177.250119 
-0.475000 -169.652980 
-0.390000 -162.055842 
-0.305000 -165.854411 
-0.220000 -165.854411 
-0.135000 -152.559418 
-0.050000 -135.465856 
0.035000 -137.365141 
0.120000 -131.667287 
0.205000 -125.969433 
0.290000 -114.573725 
0.375000 -93.681594 
0.460000 -87.983740 
0.545000 -65.192324 
0.630000 -38.602339 
0.715000 -4.415215 
0.800000 16.476917 
0.885000 29.771909 
0.970000 44.966187 
1.055000 50.664041 
1.140000 52.563325 
1.225000 58.261179 
1.310000 58.261179 
1.395000 81.052595 
1.480000 90.549019 
1.565000 84.851165 
1.650000 100.045442 
1.735000 107.642581 
1.820000 103.844011 
1.905000 113.340435 
1.990000 130.433997 
2.075000 120.937573 
2.160000 143.728989 
2.245000 151.326128 
2.330000 141.829705 
2.415000 174.117544 
2.500000 176.016828 
2.415000 143.728989 
2.330000 198.808244 
2.245000 189.311821 
2.160000 202.606814 
2.075000 206.405383 
1.990000 214.002522 
1.905000 206.405383 
1.820000 219.700376 
1.735000 215.901806 
1.650000 210.203952 
1.565000 177.916113 
1.480000 206.405383 
1.395000 214.002522 
1.310000 221.599660 
1.225000 208.304668 
1.140000 206.405383 
1.055000 206.405383 
0.970000 198.808244 
0.885000 200.707529 
0.800000 198.808244 
0.715000 195.009675 
0.630000 196.908960 
0.545000 191.211106 
0.460000 185.513252 
0.375000 187.412536 
0.290000 181.714682 
0.205000 174.117544 
0.120000 168.419690 
0.035000 166.520405 
-0.050000 153.225412 
-0.135000 145.628274 
-0.220000 141.829705 
-0.305000 130.433997 
-0.390000 119.038289 
-0.475000 88.649734 
-0.560000 22.174771 
-0.645000 -0.616645 
-0.730000 -15.810923 
-0.815000 -27.206631 
-0.900000 -44.300193 
-0.985000 -49.998047 
-1.070000 -59.494470 
-1.155000 -67.091609 
-1.240000 -59.494470 
-1.325000 -57.595185 
-1.410000 -68.990893 
-1.495000 -84.185170 
-1.580000 -82.285886 
-1.665000 -101.278732 
-1.750000 -114.573725 
-1.835000 -114.573725 
-1.920000 -118.372294 
-2.005000 -135.465856 
-2.090000 -143.062995 
-2.175000 -148.760849 
-2.260000 -158.257272 
-2.345000 -173.451550 
-2.430000 -175.350834 
-2.485000 -181.048688 
-2.400000 -190.545112 
-2.315000 -203.840104 
-2.230000 -207.638674 
-2.145000 -209.537958 
-2.060000 -219.034382 
-1.975000 -217.135097 
-1.890000 -209.537958 
-1.805000 -215.235812 
-1.720000 -232.329374 
-1.635000 -222.832951 
-1.550000 -220.933666 
-1.465000 -211.437243 
-1.380000 -222.832951 
-1.295000 -203.840104 
-1.210000 -201.940820 
-1.125000 -205.739389 
-1.040000 -198.142250 
-0.955000 -184.847258 
-0.870000 -190.545112 
-0.785000 -194.343681 
-0.700000 -184.847258 
-0.615000 -175.350834 
-0.530000 -177.250119 
-0.445000 -167.753696 
-0.360000 -154.458703 
-0.275000 -167.753696 
-0.190000 -163.955126 
-0.105000 -150.660134 
-0.020000 -137.365141 
0.065000 -124.070148 
0.150000 -122.170864 
0.235000 -112.674440 
0.320000 -97.480163 
0.405000 -87.983740 
0.490000 -70.890178 
0.575000 -48.098762 
0.660000 -12.012353 
0.745000 16.476917 
0.830000 31.671194 
0.915000 46.865471 
1.000000 44.966187 
1.085000 46.865471 
1.170000 58.261179 
1.255000 58.261179 
1.340000 75.354741 
1.425000 82.951880 
1.510000 88.649734 
1.595000 86.750449 
1.680000 100.045442 
1.765000 109.541865 
1.850000 115.239719 
1.935000 120.937573 
2.020000 124.736143 
2.105000 139.930420 
2.190000 145.628274 
2.275000 141.829705 
2.360000 157.023982 
2.445000 160.822551 
2.470000 170.318974 
2.385000 195.009675 
2.300000 187.412536 
2.215000 198.808244 
2.130000 204.506098 
2.045000 206.405383 
1.960000 198.808244 
1.875000 215.901806 
1.790000 214.002522 
1.705000 206.405383 
1.620000 212.103237 
1.535000 206.405383 
1.450000 212.103237 
1.365000 221.599660 
1.280000 214.002522 
1.195000 214.002522 
1.110000 204.506098 
1.025000 200.707529 
0.940000 206.405383 
0.855000 204.506098 
0.770000 196.908960 
0.685000 204.506098 
0.600000 196.908960 
0.515000 196.908960 
0.430000 181.714682 
0.345000 183.613967 
0.260000 174.117544 
0.175000 166.520405 
0.090000 168.419690 
0.005000 157.023982 
-0.080000 153.225412 
-0.165000 141.829705 
-0.250000 126.635427 
-0.335000 122.836858 
-0.420000 109.541865 
-0.505000 79.153311 
-0.590000 27.872625 
-0.675000 1.282639 
-0.760000 -13.911638 
-0.845000 -27.206631 
-0.930000 -48.098762 
-1.015000 -46.199477 
-1.100000 -53.796616 
-1.185000 -59.494470 
-1.270000 -68.990893 
-1.355000 -65.192324 
-1.440000 -72.789462 
-1.525000 -86.084455 
-1.610000 -89.883024 
-1.695000 -103.178017 
-1.780000 -99.379448 
-1.865000 -114.573725 
-1.950000 -118.372294 
-2.035000 -124.070148 
-2.120000 -139.264426 
-2.205000 -158.257272 
-2.290000 -167.753696 
-2.375000 -175.350834 
-2.460000 -188.645827 
-2.455000 -194.343681 
-2.370000 -194.343681 
-2.285000 -200.041535 
-2.200000 -205.739389 
-2.115000 -211.437243 
-2.030000 -211.437243 
-1.945000 -213.336528 
-1.860000 -215.235812 
-1.775000 -219.034382 
-1.690000 -220.933666 
-1.605000 -213.336528 
-1.520000 -220.933666 
-1.435000 -217.135097 
-1.350000 -243.725082 
-1.265000 -209.537958 
-1.180000 -205.739389 
-1.095000 -194.343681 
-1.010000 -194.343681 
-0.925000 -184.847258 
-0.840000 -177.250119 
-0.755000 -188.645827 
-0.670000 -186.746542 
-0.585000 -181.048688 
-0.500000 -173.451550 
-0.415000 -171.552265 
-0.330000 -162.055842 
-0.245000 -154.458703 
-0.160000 -158.257272 
-0.075000 -152.559418 
0.010000 -150.660134 
0.095000 -129.768002 
0.180000 -120.271579 
0.265000 -105.077302 
0.350000 -99.379448 
0.435000 -84.185170 
0.520000 -68.990893 
0.605000 -49.998047 
0.690000 -13.911638 
0.775000 14.577632 
0.860000 31.671194 
0.945000 39.268333 
1.030000 50.664041 
1.115000 56.361895 
1.200000 65.858318 
1.285000 63.959033 
1.370000 75.354741 
1.455000 82.951880 
1.540000 92.448303 
1.625000 100.045442 
1.710000 105.743296 
1.795000 120.937573 
1.880000 120.937573 
1.965000 120.937573 
2.050000 128.534712 
2.135000 143.728989 
2.220000 143.728989 
2.305000 151.326128 
2.390000 168.419690 
2.475000 177.916113 
2.440000 193.110390 
2.355000 195.009675 
2.270000 206.405383 
2.185000 202.606814 
2.100000 204.506098 
2.015000 200.707529 
1.930000 210.203952 
1.845000 202.606814 
1.760000 206.405383 
1.675000 214.002522 
1.590000 206.405383 
1.505000 208.304668 
1.420000 214.002522 
1.335000 204.506098 
1.250000 204.506098 
1.165000 206.405383 
1.080000 204.506098 
0.995000 208.304668 
0.910000 210.203952 
0.825000 196.908960 
0.740000 198.808244 
0.655000 198.808244 
0.570000 189.311821 
0.485000 181.714682 
0.400000 179.815398 
0.315000 172.218259 
0.230000 166.520405 
0.145000 166.520405 
0.060000 160.822551 
-0.025000 153.225412 
-0.110000 145.628274 
-0.195000 130.433997 
-0.280000 122.836858 
-0.365000 119.038289 
-0.450000 88.649734 
-0.535000 41.167617 
-0.620000 -0.616645 
-0.705000 -17.710207 
-0.790000 -17.710207 
-0.875000 -44.300193 
-0.960000 -51.897331 
-1.045000 -51.897331 
-1.130000 -61.393755 
-1.215000 -59.494470 
-1.300000 -63.293039 
-1.385000 -68.990893 
-1.470000 -78.487316 
-1.555000 -82.285886 
-1.640000 -82.285886 
-1.725000 -103.178017 
-1.810000 -112.674440 
-1.895000 -114.573725 
-1.980000 -124.070148 
-2.065000 -129.768002 
-2.150000 -150.660134 
-2.235000 -162.055842 
-2.320000 -160.156557 
-2.405000 -181.048688 
-2.490000 -232.329374 
-2.425000 -190.545112 
-2.340000 -196.242966 
-2.255000 -203.840104 
-2.170000 -209.537958 
-2.085000 -211.437243 
-2.000000 -224.732236 
-1.915000 -215.235812 
-1.830000 -205.739389 
-1.745000 -224.732236 
-1.660000 -226.631520 
-1.575000 -219.034382 
-1.490000 -232.329374 
-1.405000 -215.235812 
-1.320000 -209.537958 
-1.235000 -205.739389 
-1.150000 -203.840104 
-1.065000 -194.343681 
-0.980000 -196.242966 
-0.895000 -184.847258 
-0.810000 -182.947973 
-0.725000 -190.545112 
-0.640000 -182.947973 
-0.555000 -179.149404 
-0.470000 -169.652980 
-0.385000 -163.955126 
-0.300000 -158.257272 
-0.215000 -152.559418 
-0.130000 -158.257272 
-0.045000 -150.660134 
0.040000 -133.566572 
0.125000 -122.170864 
0.210000 -114.573725 
0.295000 -103.178017 
0.380000 -78.487316 
0.465000 -84.185170 
0.550000 -68.990893 
0.635000 -40.501623 
0.720000 -6.314499 
0.805000 12.678347 
0.890000 25.973340 
0.975000 33.570479 
1.060000 46.865471 
1.145000 54.462610 
1.230000 65.858318 
1.315000 75.354741 
1.400000 77.254026 
1.485000 92.448303 
1.570000 86.750449 
1.655000 105.743296 
1.740000 103.844011 
1.825000 119.038289 
1.910000 119.038289 
1.995000 128.534712 
2.080000 134.232566 
2.165000 139.930420 
2.250000 149.426843 
2.335000 160.822551 
2.420000 168.419690 
2.495000 181.714682 
2.410000 191.211106 
2.325000 196.908960 
2.240000 206.405383 
2.155000 215.901806 
2.070000 202.606814 
1.985000 208.304668 
1.900000 217.801091 
1.815000 215.901806 
1.730000 214.002522 
1.645000 215.901806 
1.560000 215.901806 
1.475000 215.901806 
1.390000 225.398230 
1.305000 214.002522 
1.220000 206.405383 
1.135000 204.506098 
1.050000 204.506098 
0.965000 204.506098 
0.880000 210.203952 
0.795000 206.405383 
0.710000 200.707529 
0.625000 206.405383 
0.540000 196.908960 
0.455000 181.714682 
0.370000 185.513252 
0.285000 172.218259 
0.200000 164.621120 
0.115000 164.621120 
0.030000 155.124697 
-0.055000 151.326128 
-0.140000 143.728989 
-0.225000 138.031135 
-0.310000 134.232566 
-0.395000 120.937573 
-0.480000 84.851165 
-0.565000 29.771909 
-0.650000 5.081209 
-0.735000 -10.113069 
-0.820000 -31.005200 
-0.905000 -42.400908 
-0.990000 -51.897331 
-1.075000 -53.796616 
-1.160000 -59.494470 
-1.245000 -63.293039 
-1.330000 -65.192324 
-1.415000 -78.487316 
-1.500000 -82.285886 
-1.585000 -84.185170 
-1.670000 -97.480163 
-1.755000 -114.573725 
-1.840000 -114.573725 
-1.925000 -124.070148 
-2.010000 -124.070148 
-2.095000 -133.566572 
-2.180000 -146.861564 
-2.265000 -160.156557 
-2.350000 -173.451550 
-2.435000 -182.947973 
-2.480000 -188.645827 
-2.395000 -196.242966 
-2.310000 -192.444396 
-2.225000 -205.739389 
-2.140000 -211.437243 
-2.055000 -211.437243 
-1.970000 -220.933666 
-1.885000 -213.336528 
-1.800000 -213.336528 
-1.715000 -219.034382 
-1.630000 -219.034382 
-1.545000 -220.933666 
-1.460000 -220.933666 
-1.375000 -207.638674 
-1.290000 -211.437243 
-1.205000 -207.638674 
-1.120000 -201.940820 
-1.035000 -192.444396 
-0.950000 -188.645827 
-0.865000 -182.947973 
-0.780000 -186.746542 
-0.695000 -190.545112 
-0.610000 -182.947973 
-0.525000 -179.149404 
-0.440000 -179.149404 
-0.355000 -165.854411 
-0.270000 -144.962280 
-0.185000 -158.257272 
-0.100000 -158.257272 
-0.015000 -150.660134 
0.070000 -131.667287 
0.155000 -122.170864 
0.240000 -106.976586 
0.325000 -93.681594 
0.410000 -89.883024 
0.495000 -70.890178 
0.580000 -46.199477 
0.665000 -21.508777 
0.750000 6.980493 
0.835000 22.174771 
0.920000 37.369048 
1.005000 44.966187 
1.090000 48.764756 
1.175000 62.059749 
1.260000 65.858318 
1.345000 73.455457 
1.430000 84.851165 
1.515000 82.951880 
1.600000 86.750449 
1.685000 98.146157 
1.770000 109.541865 
1.855000 117.139004 
1.940000 128.534712 
2.025000 134.232566 
2.110000 153.225412 
2.195000 145.628274 
2.280000 158.923266 
2.365000 164.621120 
2.450000 174.117544 
2.465000 183.613967 
2.380000 191.211106 
2.295000 200.707529 
2.210000 200.707529 
2.125000 206.405383 
2.040000 214.002522 
1.955000 214.002522 
1.870000 210.203952 
1.785000 214.002522 
1.700000 215.901806 
1.615000 206.405383 
1.530000 215.901806 
1.445000 214.002522 
1.360000 210.203952 
1.275000 212.103237 
1.190000 200.707529 
1.105000 200.707529 
1.020000 210.203952 
0.935000 210.203952 
0.850000 198.808244 
0.765000 198.808244 
0.680000 200.707529 
0.595000 189.311821 
0.510000 189.311821 
0.425000 187.412536 
0.340000 172.218259 
0.255000 170.318974 
0.170000 168.419690 
0.085000 164.621120 
-0.000000 153.225412 
-0.085000 145.628274 
-0.170000 141.829705 
-0.255000 128.534712 
-0.340000 120.937573 
-0.425000 88.649734 
-0.510000 33.570479 
-0.595000 14.577632 
-0.680000 -8.213784 
-0.765000 -55.695901 
-0.850000 -40.501623 
-0.935000 -48.098762 
-1.020000 -95.580878 
-1.105000 -61.393755 
-1.190000 -59.494470 
-1.275000 -63.293039 
-1.360000 -61.393755 
-1.445000 -78.487316 
-1.530000 -84.185170 
-1.615000 -89.883024 
-1.700000 -103.178017 
-1.785000 -108.875871 
-1.870000 -114.573725 
-1.955000 -120.271579 
-2.040000 -137.365141 
-2.125000 -146.861564 
-2.210000 -158.257272 
-2.295000 -167.753696 
-2.380000 -167.753696 
-2.465000 -184.847258 
-2.450000 -196.242966 
-2.365000 -196.242966 
-2.280000 -198.142250 
-2.195000 -201.940820 
-2.110000 -211.437243 
-2.025000 -211.437243 
-1.940000 -226.631520 
-1.855000 -222.832951 
-1.770000 -211.437243 
-1.685000 -215.235812 
-1.600000 -219.034382 
-1.515000 -222.832951 
-1.430000 -220.933666 
-1.345000 -209.537958 
-1.260000 -215.235812 
-1.175000 -205.739389 
-1.090000 -196.242966 
-1.005000 -196.242966 
-0.920000 -194.343681 
-0.835000 -181.048688 
-0.750000 -194.343681 
-0.665000 -192.444396 
-0.580000 -184.847258 
-0.495000 -173.451550 
-0.410000 -167.753696 
-0.325000 -163.955126 
-0.240000 -154.458703 
-0.155000 -163.955126 
-0.070000 -156.357988 
0.015000 -173.451550 
0.100000 -131.667287 
0.185000 -120.271579 
0.270000 -97.480163 
0.355000 -93.681594 
0.440000 -82.285886 
0.525000 -65.192324 
0.610000 -46.199477 
0.695000 -13.911638 
0.780000 10.779063 
0.865000 29.771909 
0.950000 43.066902 
1.035000 44.966187 
1.120000 52.563325 
1.205000 63.959033 
1.290000 60.160464 
1.375000 69.656887 
1.460000 88.649734 
1.545000 88.649734 
1.630000 94.347588 
1.715000 109.541865 
1.800000 115.239719 
1.885000 113.340435 
1.970000 122.836858 
2.055000 130.433997 
2.140000 139.930420 
2.225000 143.728989 
2.310000 162.721836 
2.395000 164.621120 
2.480000 181.714682 
2.435000 191.211106 
2.350000 196.908960 
2.265000 198.808244 
2.180000 206.405383 
2.095000 210.203952 
2.010000 225.398230 
1.925000 215.901806 
1.840000 214.002522 
1.755000 208.304668 
1.670000 206.405383 
1.585000 208.304668 
1.500000 212.103237 
1.415000 214.002522 
1.330000 210.203952 
1.245000 212.103237 
1.160000 210.203952 
1.075000 198.808244 
0.990000 202.606814 
0.905000 204.506098 
0.820000 198.808244 
0.735000 198.808244 
0.650000 195.009675 
0.565000 193.110390 
0.480000 187.412536 
0.395000 181.714682 
0.310000 176.016828 
0.225000 170.318974 
0.140000 162.721836 
0.055000 157.023982 
-0.030000 149.426843 
-0.115000 139.930420 
-0.200000 143.728989 
-0.285000 128.534712 
-0.370000 119.038289 
-0.455000 86.750449 
-0.540000 33.570479 
-0.625000 5.081209 
-0.710000 -15.810923 
-0.795000 -21.508777 
-0.880000 -42.400908 
-0.965000 -46.199477 
-1.050000 -48.098762 
-1.135000 -61.393755 
-1.220000 -59.494470 
-1.305000 -63.293039 
-1.390000 -80.386601 
-1.475000 -82.285886 
-1.560000 -84.185170 
-1.645000 -91.782309 
-1.730000 -103.178017 
-1.815000 -108.875871 
-1.900000 -106.976586 
-1.985000 -118.372294 
-2.070000 -139.264426 
-2.155000 -137.365141 
-2.240000 -162.055842 
-2.325000 -165.854411 
-2.410000 -182.947973 
-2.495000 -181.048688 
-2.420000 -196.242966 
-2.335000 -203.840104 
-2.250000 -200.041535 
-2.165000 -205.739389 
-2.080000 -217.135097 
-1.995000 -220.933666 
-1.910000 -226.631520 
-1.825000 -220.933666 
-1.740000 -222.832951 
-1.655000 -226.631520 
-1.570000 -219.034382 
-1.485000 -226.631520 
-1.400000 -219.034382 
-1.315000 -209.537958 
-1.230000 -211.437243 
-1.145000 -205.739389 
-1.060000 -200.041535 
-0.975000 -192.444396 
-0.890000 -190.545112 
-0.805000 -175.350834 
-0.720000 -190.545112 
-0.635000 -184.847258 
-0.550000 -181.048688 
-0.465000 -177.250119 
-0.380000 -173.451550 
-0.295000 -163.955126 
-0.210000 -152.559418 
-0.125000 -158.257272 
-0.040000 -154.458703 
0.045000 -139.264426 
0.130000 -127.868718 
0.215000 -114.573725 
0.300000 -106.976586 
0.385000 -105.077302 
0.470000 -86.084455 
0.555000 -67.091609 
0.640000 -40.501623 
0.725000 -12.012353 
0.810000 14.577632 
0.895000 35.469763 
0.980000 37.369048 
1.065000 43.066902 
1.150000 63.959033 
1.235000 58.261179 
1.320000 67.757603 
1.405000 73.455457 
1.490000 50.664041 
1.575000 98.146157 
1.660000 103.844011 
1.745000 115.239719 
1.830000 120.937573 
1.915000 119.038289 
2.000000 128.534712 
2.085000 138.031135 
2.170000 138.031135 
2.255000 149.426843 
2.340000 151.326128 
2.425000 166.520405 
2.490000 185.513252 
2.405000 170.318974 
2.320000 185.513252 
2.235000 202.606814 
2.150000 210.203952 
2.065000 206.405383 
1.980000 204.506098 
1.895000 217.801091 
1.810000 210.203952 
1.725000 214.002522 
1.640000 212.103237 
1.555000 204.506098 
1.470000 217.801091 
1.385000 215.901806 
1.300000 212.103237 
1.215000 212.103237 
1.130000 200.707529 
1.045000 202.606814 
0.960000 214.002522 
0.875000 202.606814 
0.790000 200.707529 
0.705000 193.110390 
0.620000 198.808244 
0.535000 191.211106 
0.450000 181.714682 
0.365000 183.613967 
0.280000 176.016828 
0.195000 164.621120 
0.110000 164.621120 
0.025000 158.923266 
-0.060000 149.426843 
-0.145000 138.031135 
-0.230000 138.031135 
-0.315000 130.433997 
-0.400000 111.441150 
-0.485000 41.167617 
-0.570000 27.872625 
-0.655000 1.282639 
-0.740000 -17.710207 
-0.825000 -36.703054 
-0.910000 -42.400908 
-0.995000 -53.796616 
-1.080000 -65.192324 
-1.165000 -53.796616 
-1.250000 -63.293039 
-1.335000 -68.990893 
-1.420000 -76.588032 
-1.505000 -89.883024 
-1.590000 -89.883024 
-1.675000 -87.983740 
-1.760000 -110.775156 
-1.845000 -106.976586 
-1.930000 -122.170864 
-2.015000 -129.768002 
-2.100000 -143.062995 
-2.185000 -148.760849 
-2.270000 -163.955126 
-2.355000 -173.451550 
-2.440000 -181.048688 
-2.475000 -182.947973 
-2.390000 -200.041535 
-2.305000 -196.242966 
-2.220000 -200.041535 
-2.135000 -209.537958 
-2.050000 -205.739389 
-1.965000 -224.732236 
-1.880000 -205.739389 
-1.795000 -211.437243 
-1.710000 -220.933666 
-1.625000 -228.530805 
-1.540000 -222.832951 
-1.455000 -220.933666 
-1.370000 -234.228659 
-1.285000 -217.135097 
-1.200000 -211.437243 
-1.115000 -194.343681 
-1.030000 -200.041535 
-0.945000 -194.343681 
-0.860000 -184.847258 
-0.775000 -188.645827 
-0.690000 -188.645827 
-0.605000 -179.149404 
-0.520000 -171.552265 
-0.435000 -167.753696 
-0.350000 -160.156557 
-0.265000 -148.760849 
-0.180000 -165.854411 
-0.095000 -158.257272 
-0.010000 -144.962280 
0.075000 -137.365141 
0.160000 -122.170864 
0.245000 -103.178017 
0.330000 -97.480163 
0.415000 -86.084455 
0.500000 -67.091609 
0.585000 -53.796616 
0.670000 -13.911638 
0.755000 10.779063 
0.840000 25.973340 
0.925000 39.268333 
1.010000 48.764756 
1.095000 58.261179 
1.180000 62.059749 
1.265000 62.059749 
1.350000 67.757603 
1.435000 75.354741 
1.520000 88.649734 
1.605000 92.448303 
1.690000 103.844011 
1.775000 111.441150 
1.860000 111.441150 
1.945000 128.534712 
2.030000 128.534712 
2.115000 136.131851 
2.200000 145.628274 
2.285000 155.124697 
2.370000 162.721836 
2.455000 170.318974 
2.460000 191.211106 
2.375000 189.311821 
2.290000 198.808244 
2.205000 200.707529 
2.120000 212.103237 
2.035000 212.103237 
1.950000 217.801091 
1.865000 215.901806 
1.780000 206.405383 
1.695000 214.002522 
1.610000 212.103237 
1.525000 210.203952 
1.440000 219.700376 
1.355000 212.103237 
1.270000 204.506098 
1.185000 212.103237 
1.100000 206.405383 
1.015000 210.203952 
0.930000 210.203952 
0.845000 202.606814 
0.760000 196.908960 
0.675000 196.908960 
0.590000 195.009675 
0.505000 189.311821 
0.420000 179.815398 
0.335000 181.714682 
0.250000 177.916113 
0.165000 160.822551 
0.080000 172.218259 
-0.005000 153.225412 
-0.090000 139.930420 
-0.175000 138.031135 
-0.260000 128.534712 
-0.345000 117.139004 
-0.430000 81.052595 
-0.515000 39.268333 
-0.600000 1.282639 
-0.685000 -15.810923 
-0.770000 -17.710207 
-0.855000 -42.400908 
-0.940000 -53.796616 
-1.025000 -55.695901 
-1.110000 -63.293039 
-1.195000 -61.393755 
-1.280000 -61.393755 
-1.365000 -68.990893 
-1.450000 -76.588032 
-1.535000 -82.285886 
-1.620000 -120.271579 
-1.705000 -93.681594 
-1.790000 -110.775156 
-1.875000 -120.271579 
-1.960000 -122.170864 
-2.045000 -135.465856 
-2.130000 -148.760849 
-2.215000 -160.156557 
-2.300000 -165.854411 
-2.385000 -181.048688 
-2.470000 -184.847258 
-2.445000 -188.645827 
-2.360000 -200.041535 
-2.275000 -198.142250 
-2.190000 -200.041535 
-2.105000 -211.437243 
-2.020000 -219.034382 
-1.935000 -211.437243 
-1.850000 -215.235812 
-1.765000 -220.933666 
-1.680000 -228.530805 
-1.595000 -215.235812 
-1.510000 -226.631520 
-1.425000 -224.732236 
-1.340000 -209.537958 
-1.255000 -211.437243 
-1.170000 -203.840104 
-1.085000 -192.444396 
-1.000000 -190.545112 
-0.915000 -184.847258 
-0.830000 -177.250119 
-0.745000 -196.242966 
-0.660000 -188.645827 
-0.575000 -177.250119 
-0.490000 -173.451550 
-0.405000 -175.350834 
-0.320000 -158.257272 
-0.235000 -152.559418 
-0.150000 -169.652980 
-0.065000 -158.257272 
0.020000 -143.062995 
0.105000 -129.768002 
0.190000 -124.070148 
0.275000 -110.775156 
0.360000 -97.480163 
0.445000 -86.084455 
0.530000 -65.192324 
0.615000 -46.199477 
0.700000 -6.314499 
0.785000 10.779063 
0.870000 27.872625 
0.955000 37.369048 
1.040000 44.966187 
1.125000 60.160464 
1.210000 63.959033 
1.295000 63.959033 
1.380000 75.354741 
1.465000 79.153311 
1.550000 90.549019 
1.635000 90.549019 
1.720000 107.642581 
1.805000 120.937573 
1.890000 119.038289 
1.975000 132.333281 
2.060000 136.131851 
2.145000 134.232566 
2.230000 149.426843 
2.315000 157.023982 
2.400000 166.520405 
2.485000 176.016828 
2.430000 187.412536 
2.345000 189.311821 
2.260000 204.506098 
2.175000 212.103237 
2.090000 206.405383 
2.005000 214.002522 
1.920000 214.002522 
1.835000 210.203952 
1.750000 214.002522 
1.665000 210.203952 
1.580000 210.203952 
1.495000 208.304668 
1.410000 221.599660 
1.325000 212.103237 
1.240000 214.002522 
1.155000 200.707529 
1.070000 198.808244 
0.985000 206.405383 
0.900000 208.304668 
0.815000 200.707529 
0.730000 193.110390 
0.645000 196.908960 
0.560000 196.908960 
0.475000 185.513252 
0.390000 185.513252 
0.305000 179.815398 
0.220000 166.520405 
0.135000 164.621120 
0.050000 162.721836 
-0.035000 153.225412 
-0.120000 139.930420 
-0.205000 134.232566 
-0.290000 130.433997 
-0.375000 115.239719 
-0.460000 82.951880 
-0.545000 33.570479 
-0.630000 8.879778 
-0.715000 -23.408061 
-0.800000 -23.408061 
-0.885000 -38.602339 
-0.970000 -53.796616 
-1.055000 -55.695901 
-1.140000 -51.897331 
-1.225000 -65.192324 
-1.310000 -74.688747 
-1.395000 -82.285886 
-1.480000 -80.386601 
-1.565000 -87.983740 
-1.650000 -99.379448 
-1.735000 -105.077302 
-1.820000 -105.077302 
-1.905000 -116.473010 
-1.990000 -133.566572 
-2.075000 -129.768002 
-2.160000 -146.861564 
-2.245000 -162.055842 
-2.330000 -163.955126 
-2.415000 -186.746542 
-2.500000 -188.645827 
-2.415000 -192.444396 
-2.330000 -194.343681 
-2.245000 -203.840104 
-2.160000 -209.537958 
-2.075000 -209.537958 
-1.990000 -222.832951 
-1.905000 -220.933666 
-1.820000 -215.235812 
-1.735000 -213.336528 
-1.650000 -226.631520 
-1.565000 -217.135097 
-1.480000 -234.228659 
-1.395000 -219.034382 
-1.310000 -215.235812 
-1.225000 -203.840104 
-1.140000 -205.739389 
-1.055000 -205.739389 
-0.970000 -198.142250 
-0.885000 -194.343681 
-0.800000 -184.847258 
-0.715000 -194.343681 
-0.630000 -186.746542 
-0.545000 -179.149404 
-0.460000 -169.652980 
-0.375000 -171.552265 
-0.290000 -162.055842 
-0.205000 -158.257272 
-0.120000 -173.451550 
-0.035000 -148.760849 
0.050000 -139.264426 
0.135000 -129.768002 
0.220000 -112.674440 
0.305000 -95.580878 
0.390000 -89.883024 
0.475000 -80.386601 
0.560000 -51.897331 
0.645000 -13.911638 
0.730000 6.980493 
0.815000 25.973340 
0.900000 33.570479 
0.985000 46.865471 
1.070000 50.664041 
1.155000 52.563325 
1.240000 69.656887 
1.325000 77.254026 
1.410000 82.951880 
1.495000 84.851165 
1.580000 98.146157 
1.665000 103.844011 
1.750000 111.441150 
1.835000 120.937573 
1.920000 122.836858 
2.005000 134.232566 
2.090000 132.333281 
2.175000 147.527558 
2.260000 151.326128 
2.345000 160.822551 
2.430000 170.318974 
2.485000 189.311821 
2.400000 183.613967 
2.315000 200.707529 
2.230000 214.002522 
2.145000 208.304668 
2.060000 202.606814 
1.975000 208.304668 
1.890000 219.700376 
1.805000 208.304668 
1.720000 206.405383 
1.635000 215.901806 
1.550000 204.506098 
1.465000 221.599660 
1.380000 212.103237 
1.295000 210.203952 
1.210000 210.203952 
1.125000 198.808244 
1.040000 208.304668 
0.955000 206.405383 
0.870000 204.506098 
0.785000 206.405383 
0.700000 200.707529 
0.615000 196.908960 
0.530000 195.009675 
0.445000 181.714682 
0.360000 179.815398 
0.275000 174.117544 
0.190000 166.520405 
0.105000 166.520405 
0.020000 153.225412 
-0.065000 141.829705 
-0.150000 143.728989 
-0.235000 134.232566 
-0.320000 130.433997 
-0.405000 109.541865 
-0.490000 79.153311 
-0.575000 24.074055 
-0.660000 -44.300193 
-0.745000 -17.710207 
-0.830000 -29.105915 
-0.915000 -42.400908 
-1.000000 -55.695901 
-1.085000 -57.595185 
-1.170000 -57.595185 
-1.255000 -68.990893 
-1.340000 -70.890178 
-1.425000 -84.185170 
-1.510000 -89.883024 
-1.595000 -86.084455 
-1.680000 -95.580878 
-1.765000 -129.768002 
-1.850000 -112.674440 
-1.935000 -120.271579 
-2.020000 -131.667287 
-2.105000 -144.962280 
-2.190000 -143.062995 
-2.275000 -163.955126 
-2.360000 -171.552265 
-2.445000 -177.250119 
-2.470000 -182.947973 
-2.385000 -198.142250 
-2.300000 -192.444396 
-2.215000 -200.041535 
-2.130000 -217.135097 
-2.045000 -209.537958 
-1.960000 -220.933666 
-1.875000 -219.034382 
-1.790000 -213.336528 
-1.705000 -219.034382 
-1.620000 -226.631520 
-1.535000 -219.034382 
-1.450000 -226.631520 
-1.365000 -211.437243 
-1.280000 -207.638674 
-1.195000 -211.437243 
-1.110000 -203.840104 
-1.025000 -192.444396 
-0.940000 -196.242966 
-0.855000 -190.545112 
-0.770000 -173.451550 
-0.685000 -184.847258 
-0.600000 -186.746542 
-0.515000 -181.048688 
-0.430000 -167.753696 
-0.345000 -163.955126 
-0.260000 -163.955126 
-0.175000 -148.760849 
-0.090000 -150.660134 
-0.005000 -152.559418 
0.080000 -131.667287 
0.165000 -118.372294 
0.250000 -101.278732 
0.335000 -97.480163 
0.420000 -70.890178 
0.505000 -63.293039 
0.590000 -57.595185 
0.675000 -13.911638 
0.760000 3.181924 
0.845000 29.771909 
0.930000 41.167617 
1.015000 50.664041 
1.100000 60.160464 
1.185000 52.563325 
1.270000 71.556172 
1.355000 73.455457 
1.440000 75.354741 
1.525000 88.649734 
1.610000 100.045442 
1.695000 100.045442 
1.780000 103.844011 
1.865000 117.139004 
1.950000 122.836858 
2.035000 126.635427 
2.120000 141.829705 
2.205000 143.728989 
2.290000 157.023982 
2.375000 170.318974 
2.460000 174.117544 
2.455000 181.714682 
2.370000 187.412536 
2.285000 212.103237 
2.200000 204.506098 
2.115000 196.908960 
2.030000 206.405383 
1.945000 212.103237 
1.860000 206.405383 
1.775000 212.103237 
1.690000 208.304668 
1.605000 214.002522 
1.520000 223.498945 
1.435000 206.405383 
1.350000 208.304668 
1.265000 210.203952 
1.180000 210.203952 
1.095000 206.405383 
1.010000 210.203952 
0.925000 208.304668 
0.840000 198.808244 
0.755000 196.908960 
0.670000 196.908960 
0.585000 196.908960 
0.500000 183.613967 
0.415000 176.016828 
0.330000 176.016828 
0.245000 160.822551 
0.160000 157.023982 
0.075000 160.822551 
-0.010000 153.225412 
-0.095000 145.628274 
-0.180000 136.131851 
-0.265000 124.736143 
-0.350000 124.736143 
-0.435000 96.246873 
-0.520000 44.966187 
-0.605000 8.879778 
-0.690000 -4.415215 
-0.775000 -21.508777 
-0.860000 -44.300193 
-0.945000 -48.098762 
-1.030000 -51.897331 
-1.115000 -59.494470 
-1.200000 -53.796616 
-1.285000 -63.293039 
-1.370000 -72.789462 
-1.455000 -82.285886 
-1.540000 -87.983740 
-1.625000 -89.883024 
-1.710000 -93.681594 
-1.795000 -112.674440 
-1.880000 -120.271579 
-1.965000 -118.372294 
-2.050000 -137.365141 
-2.135000 -150.660134 
-2.220000 -148.760849 
-2.305000 -165.854411 
-2.390000 -173.451550 
-2.475000 -188.645827 
-2.440000 -190.545112 
-2.355000 -196.242966 
-2.270000 -198.142250 
-2.185000 -201.940820 
-2.100000 -219.034382 
-2.015000 -217.135097 
-1.930000 -222.832951 
-1.845000 -226.631520 
-1.760000 -219.034382 
-1.675000 -226.631520 
-1.590000 -241.825798 
-1.505000 -217.135097 
-1.420000 -226.631520 
-1.335000 -234.228659 
-1.250000 -215.235812 
-1.165000 -203.840104 
-1.080000 -203.840104 
-0.995000 -196.242966 
-0.910000 -196.242966 
-0.825000 -190.545112 
-0.740000 -186.746542 
-0.655000 -184.847258 
-0.570000 -182.947973 
-0.485000 -182.947973 
-0.400000 -177.250119 
-0.315000 -165.854411 
-0.230000 -154.458703 
-0.145000 -154.458703 
-0.060000 -154.458703 
0.025000 -150.660134 
0.110000 -127.868718 
0.195000 -120.271579 
0.280000 -106.976586 
0.365000 -93.681594 
0.450000 -80.386601 
0.535000 -76.588032 
0.620000 -32.904485 
0.705000 -13.911638 
0.790000 5.081209 
0.875000 29.771909 
0.960000 43.066902 
1.045000 54.462610 
1.130000 56.361895 
1.215000 58.261179 
1.300000 67.757603 
1.385000 69.656887 
1.470000 81.052595 
1.555000 94.347588 
1.640000 100.045442 
1.725000 111.441150 
1.810000 120.937573 
1.895000 120.937573 
1.980000 119.038289 
2.065000 130.433997 
2.150000 139.930420 
2.235000 151.326128 
2.320000 164.621120 
2.405000 166.520405 
2.490000 183.613967 
2.425000 181.714682 
2.340000 195.009675 
2.255000 204.506098 
2.170000 202.606814 
2.085000 208.304668 
2.000000 215.901806 
1.915000 219.700376 
1.830000 202.606814 
1.745000 210.203952 
1.660000 206.405383 
1.575000 206.405383 
1.490000 221.599660 
1.405000 214.002522 
1.320000 206.405383 
1.235000 210.203952 
1.150000 204.506098 
1.065000 210.203952 
0.980000 210.203952 
0.895000 208.304668 
0.810000 202.606814 
0.725000 191.211106 
0.640000 195.009675 
0.555000 195.009675 
0.470000 187.412536 
0.385000 181.714682 
0.300000 168.419690 
0.215000 170.318974 
0.130000 164.621120 
0.045000 151.326128 
-0.040000 147.527558 
-0.125000 141.829705 
-0.210000 138.031135 
-0.295000 132.333281 
-0.380000 122.836858 
-0.465000 79.153311 
-0.550000 27.872625 
-0.635000 -0.616645 
-0.720000 -21.508777 
-0.805000 -29.105915 
-0.890000 -44.300193 
-0.975000 -53.796616 
-1.060000 -59.494470 
-1.145000 -61.393755 
-1.230000 -59.494470 
-1.315000 -67.091609 
-1.400000 -76.588032 
-1.485000 -63.293039 
-1.570000 -89.883024 
-1.655000 -95.580878 
-1.740000 -103.178017 
-1.825000 -116.473010 
-1.910000 -143.062995 
-1.995000 -129.768002 
-2.080000 -133.566572 
-2.165000 -146.861564 
-2.250000 -167.753696 
-2.335000 -165.854411 
-2.420000 -175.350834 
-2.495000 -192.444396 
-2.410000 -198.142250 
-2.325000 -200.041535 
-2.240000 -200.041535 
-2.155000 -205.739389 
-2.070000 -203.840104 
-1.985000 -215.235812 
-1.900000 -222.832951 
-1.815000 -219.034382 
-1.730000 -220.933666 
-1.645000 -226.631520 
-1.560000 -219.034382 
-1.475000 -222.832951 
-1.390000 -217.135097 
-1.305000 -211.437243 
-1.220000 -215.235812 
-1.135000 -205.739389 
-1.050000 -198.142250 
-0.965000 -226.631520 
-0.880000 -188.645827 
-0.795000 -184.847258 
-0.710000 -194.343681 
-0.625000 -188.645827 
-0.540000 -181.048688 
-0.455000 -179.149404 
-0.370000 -171.552265 
-0.285000 -163.955126 
-0.200000 -152.559418 
-0.115000 -154.458703 
-0.030000 -154.458703 
0.055000 -139.264426 
0.140000 -120.271579 
0.225000 -112.674440 
0.310000 -97.480163 
0.395000 -86.084455 
0.480000 -67.091609 
0.565000 -51.897331 
0.650000 -15.810923 
0.735000 18.376201 
0.820000 35.469763 
0.905000 41.167617 
0.990000 44.966187 
1.075000 52.563325 
1.160000 56.361895 
1.245000 69.656887 
1.330000 73.455457 
1.415000 81.052595 
1.500000 84.851165 
1.585000 92.448303 
1.670000 92.448303 
1.755000 103.844011 
1.840000 115.239719 
1.925000 113.340435 
2.010000 120.937573 
2.095000 136.131851 
2.180000 136.131851 
2.265000 157.023982 
2.350000 166.520405 
2.435000 170.318974 
2.480000 179.815398 
2.395000 185.513252 
2.310000 204.506098 
2.225000 206.405383 
2.140000 204.506098 
2.055000 208.304668 
1.970000 193.110390 
1.885000 210.203952 
1.800000 200.707529 
1.715000 206.405383 
1.630000 212.103237 
1.545000 210.203952 
1.460000 219.700376 
1.375000 210.203952 
1.290000 208.304668 
1.205000 206.405383 
1.120000 204.506098 
1.035000 204.506098 
0.950000 210.203952 
0.865000 196.908960 
0.780000 200.707529 
0.695000 198.808244 
0.610000 198.808244 
0.525000 193.110390 
0.440000 187.412536 
0.355000 177.916113 
0.270000 174.117544 
0.185000 170.318974 
0.100000 160.822551 
0.015000 151.326128 
-0.070000 145.628274 
-0.155000 138.031135 
-0.240000 132.333281 
-0.325000 122.836858 
-0.410000 107.642581 
-0.495000 75.354741 
-0.580000 24.074055 
-0.665000 -2.515930 
-0.750000 -12.012353 
-0.835000 -21.508777 
-0.920000 -32.904485 
-1.005000 -55.695901 
-1.090000 -53.796616 
-1.175000 -95.580878 
-1.260000 -65.192324 
-1.345000 -70.890178 
-1.430000 -80.386601 
-1.515000 -84.185170 
-1.600000 -82.285886 
-1.685000 -99.379448 
-1.770000 -106.976586 
-1.855000 -120.271579 
-1.940000 -120.271579 
-2.025000 -131.667287 
-2.110000 -139.264426 
-2.195000 -144.962280 
-2.280000 -165.854411 
-2.365000 -167.753696 
-2.450000 -182.947973 
-2.465000 -190.545112 
-2.380000 -194.343681 
-2.295000 -198.142250 
-2.210000 -200.041535 
-2.125000 -211.437243 
-2.040000 -220.933666 
-1.955000 -220.933666 
-1.870000 -220.933666 
-1.785000 -211.437243 
-1.700000 -213.336528 
-1.615000 -220.933666 
-1.530000 -213.336528 
-1.445000 -234.228659 
-1.360000 -220.933666 
-1.275000 -207.638674 
-1.190000 -213.336528 
-1.105000 -205.739389 
-1.020000 -200.041535 
-0.935000 -192.444396 
-0.850000 -190.545112 
-0.765000 -182.947973 
-0.680000 -186.746542 
-0.595000 -184.847258 
-0.510000 -173.451550 
-0.425000 -167.753696 
-0.340000 -167.753696 
-0.255000 -154.458703 
-0.170000 -152.559418 
-0.085000 -160.156557 
