0.000000 -55.695901 
0.055000 -46.199477 
0.110000 -38.602339 
0.165000 -29.105915 
0.220000 -15.810923 
0.275000 -8.213784 
0.330000 -0.616645 
0.385000 1.282639 
0.440000 -2.515930 
0.495000 -6.314499 
0.550000 -4.415215 
0.605000 1.282639 
0.660000 5.081209 
0.715000 20.275486 
0.770000 43.066902 
0.825000 44.966187 
0.880000 48.764756 
0.935000 54.462610 
0.990000 60.160464 
1.045000 65.858318 
1.100000 73.455457 
1.155000 77.254026 
1.210000 82.951880 
1.265000 94.347588 
1.320000 88.649734 
1.375000 94.347588 
1.430000 100.045442 
1.485000 107.642581 
1.540000 103.844011 
1.595000 109.541865 
1.650000 122.836858 
1.705000 126.635427 
1.760000 122.836858 
1.815000 130.433997 
1.870000 138.031135 
1.925000 138.031135 
1.980000 141.829705 
2.035000 158.923266 
2.090000 160.822551 
2.145000 164.621120 
2.200000 172.218259 
2.255000 176.016828 
2.310000 181.714682 
2.365000 189.311821 
2.420000 195.009675 
2.475000 208.304668 
2.470000 198.808244 
2.415000 212.103237 
2.360000 225.398230 
2.305000 215.901806 
2.250000 219.700376 
2.195000 236.793938 
2.140000 227.297514 
2.085000 225.398230 
2.030000 234.894653 
1.975000 227.297514 
1.920000 231.096084 
1.865000 236.793938 
1.810000 221.599660 
1.755000 225.398230 
1.700000 231.096084 
1.645000 225.398230 
1.590000 229.196799 
1.535000 225.398230 
1.480000 229.196799 
1.425000 225.398230 
1.370000 221.599660 
1.315000 225.398230 
1.260000 217.801091 
1.205000 215.901806 
1.150000 217.801091 
1.095000 208.304668 
1.040000 204.506098 
0.985000 204.506098 
0.930000 202.606814 
0.875000 196.908960 
0.820000 193.110390 
0.765000 183.613967 
0.710000 183.613967 
0.655000 174.117544 
0.600000 174.117544 
0.545000 176.016828 
0.490000 172.218259 
0.435000 168.419690 
0.380000 166.520405 
0.325000 151.326128 
0.270000 149.426843 
0.215000 145.628274 
0.160000 139.930420 
0.105000 141.829705 
0.050000 126.635427 
-0.005000 126.635427 
-0.060000 119.038289 
-0.115000 113.340435 
-0.170000 107.642581 
-0.225000 100.045442 
-0.280000 77.254026 
-0.335000 43.066902 
-0.390000 6.980493 
-0.445000 -10.113069 
-0.500000 -21.508777 
-0.555000 -38.602339 
-0.610000 -46.199477 
-0.665000 -49.998047 
-0.720000 -40.501623 
-0.775000 -44.300193 
-0.830000 -44.300193 
-0.885000 -46.199477 
-0.940000 -63.293039 
-0.995000 -53.796616 
-1.050000 -53.796616 
-1.105000 -65.192324 
-1.160000 -67.091609 
-1.215000 -80.386601 
-1.270000 -87.983740 
-1.325000 -93.681594 
-1.380000 -105.077302 
-1.435000 -105.077302 
-1.490000 -112.674440 
-1.545000 -124.070148 
-1.600000 -120.271579 
-1.655000 -127.868718 
-1.710000 -135.465856 
-1.765000 -131.667287 
-1.820000 -139.264426 
-1.875000 -152.559418 
-1.930000 -150.660134 
-1.985000 -156.357988 
-2.040000 -171.552265 
-2.095000 -169.652980 
-2.150000 -173.451550 
-2.205000 -181.048688 
-2.260000 -200.041535 
-2.315000 -192.444396 
-2.370000 -201.940820 
-2.425000 -209.537958 
-2.480000 -201.940820 
-2.465000 -205.739389 
-2.410000 -217.135097 
-2.355000 -211.437243 
-2.300000 -215.235812 
-2.245000 -213.336528 
-2.190000 -215.235812 
-2.135000 -224.732236 
-2.080000 -220.933666 
-2.025000 -230.430090 
-1.970000 -232.329374 
-1.915000 -219.034382 
-1.860000 -220.933666 
-1.805000 -226.631520 
-1.750000 -224.732236 
-1.695000 -224.732236 
-1.640000 -217.135097 
-1.585000 -219.034382 
-1.530000 -215.235812 
-1.475000 -207.638674 
-1.420000 -203.840104 
-1.365000 -190.545112 
-1.310000 -205.739389 
-1.255000 -213.336528 
-1.200000 -207.638674 
-1.145000 -198.142250 
-1.090000 -203.840104 
-1.035000 -196.242966 
-0.980000 -184.847258 
-0.925000 -182.947973 
-0.870000 -194.343681 
-0.815000 -182.947973 
-0.760000 -182.947973 
-0.705000 -182.947973 
-0.650000 -171.552265 
-0.595000 -165.854411 
-0.540000 -160.156557 
-0.485000 -152.559418 
-0.430000 -143.062995 
-0.375000 -137.365141 
-0.320000 -141.163710 
-0.265000 -144.962280 
-0.210000 -131.667287 
-0.155000 -118.372294 
-0.100000 -124.070148 
-0.045000 -116.473010 
0.010000 -101.278732 
0.065000 -99.379448 
0.120000 -89.883024 
0.175000 -70.890178 
0.230000 -59.494470 
0.285000 -42.400908 
0.340000 -29.105915 
0.395000 -23.408061 
0.450000 -13.911638 
0.505000 16.476917 
0.560000 6.980493 
0.615000 8.879778 
0.670000 33.570479 
0.725000 29.771909 
0.780000 29.771909 
0.835000 44.966187 
0.890000 54.462610 
0.945000 50.664041 
1.000000 54.462610 
1.055000 65.858318 
1.110000 65.858318 
1.165000 71.556172 
1.220000 84.851165 
1.275000 79.153311 
1.330000 88.649734 
1.385000 94.347588 
1.440000 96.246873 
1.495000 101.944727 
1.550000 107.642581 
1.605000 103.844011 
1.660000 115.239719 
1.715000 122.836858 
1.770000 113.340435 
1.825000 136.131851 
1.880000 139.930420 
1.935000 147.527558 
1.990000 162.721836 
2.045000 158.923266 
2.100000 164.621120 
2.155000 170.318974 
2.210000 174.117544 
2.265000 172.218259 
2.320000 179.815398 
2.375000 195.009675 
2.430000 191.211106 
2.485000 193.110390 
2.460000 204.506098 
2.405000 206.405383 
2.350000 212.103237 
2.295000 231.096084 
2.240000 221.599660 
2.185000 215.901806 
2.130000 227.297514 
2.075000 232.995368 
2.020000 221.599660 
1.965000 242.491792 
1.910000 231.096084 
1.855000 225.398230 
1.800000 229.196799 
1.745000 219.700376 
1.690000 231.096084 
1.635000 229.196799 
1.580000 219.700376 
1.525000 231.096084 
1.470000 227.297514 
1.415000 217.801091 
1.360000 227.297514 
1.305000 214.002522 
1.250000 221.599660 
1.195000 214.002522 
1.140000 204.506098 
1.085000 214.002522 
1.030000 204.506098 
0.975000 198.808244 
0.920000 196.908960 
0.865000 185.513252 
0.810000 187.412536 
0.755000 176.016828 
0.700000 176.016828 
0.645000 168.419690 
0.590000 166.520405 
0.535000 170.318974 
0.480000 160.822551 
0.425000 158.923266 
0.370000 155.124697 
0.315000 147.527558 
0.260000 147.527558 
0.205000 145.628274 
0.150000 134.232566 
0.095000 134.232566 
0.040000 130.433997 
-0.015000 117.139004 
-0.070000 115.239719 
-0.125000 105.743296 
-0.180000 100.045442 
-0.235000 96.246873 
-0.290000 86.750449 
-0.345000 48.764756 
-0.400000 -0.616645 
-0.455000 -2.515930 
-0.510000 -21.508777 
-0.565000 -32.904485 
-0.620000 -44.300193 
-0.675000 -44.300193 
-0.730000 -51.897331 
-0.785000 -48.098762 
-0.840000 -44.300193 
-0.895000 -53.796616 
-0.950000 -55.695901 
-1.005000 -61.393755 
-1.060000 -63.293039 
-1.115000 -65.192324 
-1.170000 -68.990893 
-1.225000 -70.890178 
-1.280000 -91.782309 
-1.335000 -89.883024 
-1.390000 -106.976586 
-1.445000 -112.674440 
-1.500000 -114.573725 
-1.555000 -116.473010 
-1.610000 -120.271579 
-1.665000 -122.170864 
-1.720000 -135.465856 
-1.775000 -129.768002 
-1.830000 -144.962280 
-1.885000 -158.257272 
-1.940000 -184.847258 
-1.995000 -158.257272 
-2.050000 -175.350834 
-2.105000 -177.250119 
-2.160000 -181.048688 
-2.215000 -194.343681 
-2.270000 -194.343681 
-2.325000 -200.041535 
-2.380000 -196.242966 
-2.435000 -217.135097 
-2.490000 -205.739389 
-2.455000 -205.739389 
-2.400000 -224.732236 
-2.345000 -213.336528 
-2.290000 -217.135097 
-2.235000 -228.530805 
-2.180000 -217.135097 
-2.125000 -226.631520 
-2.070000 -236.127944 
-2.015000 -226.631520 
-1.960000 -236.127944 
-1.905000 -230.430090 
-1.850000 -226.631520 
-1.795000 -230.430090 
-1.740000 -226.631520 
-1.685000 -230.430090 
-1.630000 -222.832951 
-1.575000 -219.034382 
-1.520000 -224.732236 
-1.465000 -215.235812 
-1.410000 -211.437243 
-1.355000 -222.832951 
-1.300000 -194.343681 
-1.245000 -215.235812 
-1.190000 -232.329374 
-1.135000 -205.739389 
-1.080000 -200.041535 
-1.025000 -194.343681 
-0.970000 -200.041535 
-0.915000 -190.545112 
-0.860000 -184.847258 
-0.805000 -182.947973 
-0.750000 -171.552265 
-0.695000 -175.350834 
-0.640000 -167.753696 
-0.585000 -160.156557 
-0.530000 -158.257272 
-0.475000 -150.660134 
-0.420000 -144.962280 
-0.365000 -135.465856 
-0.310000 -139.264426 
-0.255000 -135.465856 
-0.200000 -133.566572 
-0.145000 -122.170864 
-0.090000 -116.473010 
-0.035000 -112.674440 
0.020000 -108.875871 
0.075000 -91.782309 
0.130000 -87.983740 
0.185000 -76.588032 
0.240000 -55.695901 
0.295000 -38.602339 
0.350000 -38.602339 
0.405000 -23.408061 
0.460000 -8.213784 
0.515000 10.779063 
0.570000 1.282639 
0.625000 5.081209 
0.680000 31.671194 
0.735000 27.872625 
0.790000 31.671194 
0.845000 16.476917 
0.900000 48.764756 
0.955000 56.361895 
1.010000 60.160464 
1.065000 62.059749 
1.120000 75.354741 
1.175000 79.153311 
1.230000 77.254026 
1.285000 84.851165 
1.340000 94.347588 
1.395000 98.146157 
1.450000 107.642581 
1.505000 100.045442 
1.560000 111.441150 
1.615000 119.038289 
1.670000 105.743296 
1.725000 120.937573 
1.780000 130.433997 
1.835000 136.131851 
1.890000 130.433997 
1.945000 138.031135 
2.000000 155.124697 
2.055000 164.621120 
2.110000 164.621120 
2.165000 168.419690 
2.220000 174.117544 
2.275000 181.714682 
2.330000 185.513252 
2.385000 204.506098 
2.440000 189.311821 
2.495000 189.311821 
2.450000 210.203952 
2.395000 221.599660 
2.340000 210.203952 
2.285000 227.297514 
2.230000 225.398230 
2.175000 221.599660 
2.120000 234.894653 
2.065000 234.894653 
2.010000 229.196799 
1.955000 246.290361 
1.900000 227.297514 
1.845000 221.599660 
1.790000 229.196799 
1.735000 229.196799 
1.680000 234.894653 
1.625000 221.599660 
1.570000 231.096084 
1.515000 238.693222 
1.460000 221.599660 
1.405000 221.599660 
1.350000 221.599660 
1.295000 214.002522 
1.240000 212.103237 
1.185000 214.002522 
1.130000 215.901806 
1.075000 206.405383 
1.020000 202.606814 
0.965000 206.405383 
0.910000 193.110390 
0.855000 185.513252 
0.800000 195.009675 
0.745000 181.714682 
0.690000 177.916113 
0.635000 172.218259 
0.580000 166.520405 
0.525000 170.318974 
0.470000 162.721836 
0.415000 158.923266 
0.360000 153.225412 
0.305000 153.225412 
0.250000 143.728989 
0.195000 138.031135 
0.140000 132.333281 
0.085000 128.534712 
0.030000 130.433997 
-0.025000 120.937573 
-0.080000 109.541865 
-0.135000 109.541865 
-0.190000 92.448303 
-0.245000 92.448303 
-0.300000 82.951880 
-0.355000 37.369048 
-0.410000 -6.314499 
-0.465000 -6.314499 
-0.520000 -25.307346 
-0.575000 -32.904485 
-0.630000 -40.501623 
-0.685000 -48.098762 
-0.740000 -32.904485 
-0.795000 -44.300193 
-0.850000 -49.998047 
-0.905000 -53.796616 
-0.960000 -63.293039 
-1.015000 -63.293039 
-1.070000 -61.393755 
-1.125000 -68.990893 
-1.180000 -68.990893 
-1.235000 -78.487316 
-1.290000 -87.983740 
-1.345000 -101.278732 
-1.400000 -103.178017 
-1.455000 -106.976586 
-1.510000 -118.372294 
-1.565000 -116.473010 
-1.620000 -122.170864 
-1.675000 -131.667287 
-1.730000 -127.868718 
-1.785000 -135.465856 
-1.840000 -139.264426 
-1.895000 -152.559418 
-1.950000 -154.458703 
-2.005000 -158.257272 
-2.060000 -179.149404 
-2.115000 -169.652980 
-2.170000 -175.350834 
-2.225000 -182.947973 
-2.280000 -184.847258 
-2.335000 -200.041535 
-2.390000 -200.041535 
-2.445000 -205.739389 
-2.500000 -205.739389 
-2.445000 -203.840104 
-2.390000 -220.933666 
-2.335000 -211.437243 
-2.280000 -209.537958 
-2.225000 -222.832951 
-2.170000 -217.135097 
-2.115000 -226.631520 
-2.060000 -234.228659 
-2.005000 -236.127944 
-1.950000 -234.228659 
-1.895000 -226.631520 
-1.840000 -226.631520 
-1.785000 -234.228659 
-1.730000 -222.832951 
-1.675000 -226.631520 
-1.620000 -234.228659 
-1.565000 -211.437243 
-1.510000 -220.933666 
-1.455000 -222.832951 
-1.400000 -207.638674 
-1.345000 -205.739389 
-1.290000 -200.041535 
-1.235000 -209.537958 
-1.180000 -207.638674 
-1.125000 -198.142250 
-1.070000 -198.142250 
-1.015000 -196.242966 
-0.960000 -190.545112 
-0.905000 -196.242966 
-0.850000 -190.545112 
-0.795000 -181.048688 
-0.740000 -175.350834 
-0.685000 -181.048688 
-0.630000 -177.250119 
-0.575000 -160.156557 
-0.520000 -156.357988 
-0.465000 -156.357988 
-0.410000 -143.062995 
-0.355000 -135.465856 
-0.300000 -133.566572 
-0.245000 -141.163710 
-0.190000 -129.768002 
-0.135000 -120.271579 
-0.080000 -116.473010 
-0.025000 -114.573725 
0.030000 -105.077302 
0.085000 -101.278732 
0.140000 -86.084455 
0.195000 -67.091609 
0.250000 -59.494470 
0.305000 -42.400908 
0.360000 -29.105915 
0.415000 -12.012353 
0.470000 -2.515930 
0.525000 5.081209 
0.580000 8.879778 
0.635000 5.081209 
0.690000 24.074055 
0.745000 25.973340 
0.800000 31.671194 
0.855000 46.865471 
0.910000 50.664041 
0.965000 56.361895 
1.020000 62.059749 
1.075000 69.656887 
1.130000 69.656887 
1.185000 77.254026 
1.240000 73.455457 
1.295000 94.347588 
1.350000 98.146157 
1.405000 100.045442 
1.460000 105.743296 
1.515000 113.340435 
1.570000 115.239719 
1.625000 111.441150 
1.680000 105.743296 
1.735000 124.736143 
1.790000 130.433997 
1.845000 126.635427 
1.900000 136.131851 
1.955000 151.326128 
2.010000 160.822551 
2.065000 162.721836 
2.120000 168.419690 
2.175000 170.318974 
2.230000 183.613967 
2.285000 181.714682 
2.340000 191.211106 
2.395000 193.110390 
2.450000 193.110390 
2.495000 198.808244 
2.440000 212.103237 
2.385000 206.405383 
2.330000 217.801091 
2.275000 232.995368 
2.220000 225.398230 
2.165000 225.398230 
2.110000 240.592507 
2.055000 219.700376 
2.000000 229.196799 
1.945000 236.793938 
1.890000 221.599660 
1.835000 231.096084 
1.780000 229.196799 
1.725000 227.297514 
1.670000 229.196799 
1.615000 225.398230 
1.560000 229.196799 
1.505000 229.196799 
1.450000 225.398230 
1.395000 225.398230 
1.340000 215.901806 
1.285000 208.304668 
1.230000 215.901806 
1.175000 214.002522 
1.120000 214.002522 
1.065000 200.707529 
1.010000 196.908960 
0.955000 198.808244 
0.900000 196.908960 
0.845000 193.110390 
0.790000 191.211106 
0.735000 181.714682 
0.680000 176.016828 
0.625000 168.419690 
0.570000 172.218259 
0.515000 172.218259 
0.460000 160.822551 
0.405000 155.124697 
0.350000 155.124697 
0.295000 149.426843 
0.240000 147.527558 
0.185000 136.131851 
0.130000 138.031135 
0.075000 128.534712 
0.020000 130.433997 
-0.035000 120.937573 
-0.090000 109.541865 
-0.145000 107.642581 
-0.200000 100.045442 
-0.255000 98.146157 
-0.310000 73.455457 
-0.365000 37.369048 
-0.420000 -0.616645 
-0.475000 -13.911638 
-0.530000 -23.408061 
-0.585000 -29.105915 
-0.640000 -42.400908 
-0.695000 -29.105915 
-0.750000 -40.501623 
-0.805000 -44.300193 
-0.860000 -48.098762 
-0.915000 -48.098762 
-0.970000 -61.393755 
-1.025000 -59.494470 
-1.080000 -61.393755 
-1.135000 -76.588032 
-1.190000 -78.487316 
-1.245000 -74.688747 
-1.300000 -89.883024 
-1.355000 -91.782309 
-1.410000 -105.077302 
-1.465000 -112.674440 
-1.520000 -108.875871 
-1.575000 -112.674440 
-1.630000 -125.969433 
-1.685000 -129.768002 
-1.740000 -133.566572 
-1.795000 -143.062995 
-1.850000 -144.962280 
-1.905000 -154.458703 
-1.960000 -160.156557 
-2.015000 -163.955126 
-2.070000 -181.048688 
-2.125000 -182.947973 
-2.180000 -186.746542 
-2.235000 -188.645827 
-2.290000 -196.242966 
-2.345000 -203.840104 
-2.400000 -205.739389 
-2.455000 -211.437243 
-2.490000 -209.537958 
-2.435000 -207.638674 
-2.380000 -215.235812 
-2.325000 -211.437243 
-2.270000 -219.034382 
-2.215000 -224.732236 
-2.160000 -220.933666 
-2.105000 -228.530805 
-2.050000 -226.631520 
-1.995000 -228.530805 
-1.940000 -232.329374 
-1.885000 -226.631520 
-1.830000 -228.530805 
-1.775000 -234.228659 
-1.720000 -219.034382 
-1.665000 -230.430090 
-1.610000 -232.329374 
-1.555000 -217.135097 
-1.500000 -217.135097 
-1.445000 -213.336528 
-1.390000 -211.437243 
-1.335000 -203.840104 
-1.280000 -209.537958 
-1.225000 -213.336528 
-1.170000 -201.940820 
-1.115000 -200.041535 
-1.060000 -196.242966 
-1.005000 -194.343681 
-0.950000 -228.530805 
-0.895000 -194.343681 
-0.840000 -184.847258 
-0.785000 -179.149404 
-0.730000 -181.048688 
-0.675000 -173.451550 
-0.620000 -169.652980 
-0.565000 -171.552265 
-0.510000 -156.357988 
-0.455000 -144.962280 
-0.400000 -143.062995 
-0.345000 -139.264426 
-0.290000 -141.163710 
-0.235000 -137.365141 
-0.180000 -125.969433 
-0.125000 -122.170864 
-0.070000 -114.573725 
-0.015000 -108.875871 
0.040000 -101.278732 
0.095000 -97.480163 
0.150000 -82.285886 
0.205000 -61.393755 
0.260000 -51.897331 
0.315000 -40.501623 
0.370000 -19.609492 
0.425000 -10.113069 
0.480000 1.282639 
0.535000 24.074055 
0.590000 3.181924 
0.645000 1.282639 
0.700000 18.376201 
0.755000 31.671194 
0.810000 27.872625 
0.865000 44.966187 
0.920000 50.664041 
0.975000 58.261179 
1.030000 58.261179 
1.085000 69.656887 
1.140000 75.354741 
1.195000 69.656887 
1.250000 84.851165 
1.305000 88.649734 
1.360000 96.246873 
1.415000 107.642581 
1.470000 103.844011 
1.525000 109.541865 
1.580000 109.541865 
1.635000 113.340435 
1.690000 119.038289 
1.745000 130.433997 
1.800000 130.433997 
1.855000 134.232566 
1.910000 145.628274 
1.965000 149.426843 
2.020000 166.520405 
2.075000 160.822551 
2.130000 160.822551 
2.185000 170.318974 
2.240000 176.016828 
2.295000 183.613967 
2.350000 189.311821 
2.405000 193.110390 
2.460000 195.009675 
2.485000 198.808244 
2.430000 217.801091 
2.375000 208.304668 
2.320000 217.801091 
2.265000 227.297514 
2.210000 215.901806 
2.155000 231.096084 
2.100000 229.196799 
2.045000 227.297514 
1.990000 234.894653 
1.935000 232.995368 
1.880000 227.297514 
1.825000 221.599660 
1.770000 225.398230 
1.715000 221.599660 
1.660000 238.693222 
1.605000 221.599660 
1.550000 225.398230 
1.495000 229.196799 
1.440000 219.700376 
1.385000 221.599660 
1.330000 223.498945 
1.275000 214.002522 
1.220000 214.002522 
1.165000 210.203952 
1.110000 212.103237 
1.055000 202.606814 
1.000000 195.009675 
0.945000 191.211106 
0.890000 193.110390 
0.835000 185.513252 
0.780000 187.412536 
0.725000 177.916113 
0.670000 170.318974 
0.615000 166.520405 
0.560000 164.621120 
0.505000 162.721836 
0.450000 160.822551 
0.395000 158.923266 
0.340000 147.527558 
0.285000 145.628274 
0.230000 139.930420 
0.175000 138.031135 
0.120000 139.930420 
0.065000 136.131851 
0.010000 128.534712 
-0.045000 124.736143 
-0.100000 119.038289 
-0.155000 103.844011 
-0.210000 103.844011 
-0.265000 100.045442 
-0.320000 69.656887 
-0.375000 27.872625 
-0.430000 6.980493 
-0.485000 -8.213784 
-0.540000 -25.307346 
-0.595000 -36.703054 
-0.650000 -44.300193 
-0.705000 -51.897331 
-0.760000 -42.400908 
-0.815000 -46.199477 
-0.870000 -49.998047 
-0.925000 -48.098762 
-0.980000 -55.695901 
-1.035000 -65.192324 
-1.090000 -63.293039 
-1.145000 -67.091609 
-1.200000 -76.588032 
-1.255000 -78.487316 
-1.310000 -89.883024 
-1.365000 -89.883024 
-1.420000 -99.379448 
-1.475000 -112.674440 
-1.530000 -108.875871 
-1.585000 -122.170864 
-1.640000 -127.868718 
-1.695000 -124.070148 
-1.750000 -141.163710 
-1.805000 -143.062995 
-1.860000 -137.365141 
-1.915000 -152.559418 
-1.970000 -156.357988 
-2.025000 -156.357988 
-2.080000 -179.149404 
-2.135000 -177.250119 
-2.190000 -188.645827 
-2.245000 -182.947973 
-2.300000 -194.343681 
-2.355000 -207.638674 
-2.410000 -198.142250 
-2.465000 -211.437243 
-2.480000 -215.235812 
-2.425000 -209.537958 
-2.370000 -211.437243 
-2.315000 -217.135097 
-2.260000 -224.732236 
-2.205000 -222.832951 
-2.150000 -224.732236 
-2.095000 -226.631520 
-2.040000 -241.825798 
-1.985000 -226.631520 
-1.930000 -236.127944 
-1.875000 -258.919360 
-1.820000 -224.732236 
-1.765000 -239.926513 
-1.710000 -251.322221 
-1.655000 -224.732236 
-1.600000 -226.631520 
-1.545000 -220.933666 
-1.490000 -224.732236 
-1.435000 -215.235812 
-1.380000 -213.336528 
-1.325000 -205.739389 
-1.270000 -196.242966 
-1.215000 -207.638674 
-1.160000 -205.739389 
-1.105000 -200.041535 
-1.050000 -200.041535 
-0.995000 -201.940820 
-0.940000 -190.545112 
-0.885000 -182.947973 
-0.830000 -188.645827 
-0.775000 -181.048688 
-0.720000 -167.753696 
-0.665000 -181.048688 
-0.610000 -171.552265 
-0.555000 -165.854411 
-0.500000 -158.257272 
-0.445000 -148.760849 
-0.390000 -137.365141 
-0.335000 -131.667287 
-0.280000 -131.667287 
-0.225000 -135.465856 
-0.170000 -131.667287 
-0.115000 -118.372294 
-0.060000 -120.271579 
-0.005000 -114.573725 
0.050000 -105.077302 
0.105000 -87.983740 
0.160000 -76.588032 
0.215000 -63.293039 
0.270000 -40.501623 
0.325000 -23.408061 
0.380000 -12.012353 
0.435000 -6.314499 
0.490000 5.081209 
0.545000 6.980493 
0.600000 -0.616645 
0.655000 1.282639 
0.710000 22.174771 
0.765000 27.872625 
0.820000 43.066902 
0.875000 44.966187 
0.930000 54.462610 
0.985000 67.757603 
1.040000 60.160464 
1.095000 63.959033 
1.150000 77.254026 
1.205000 73.455457 
1.260000 77.254026 
1.315000 94.347588 
1.370000 100.045442 
1.425000 100.045442 
1.480000 105.743296 
1.535000 109.541865 
1.590000 105.743296 
1.645000 107.642581 
1.700000 126.635427 
1.755000 122.836858 
1.810000 130.433997 
1.865000 132.333281 
1.920000 138.031135 
1.975000 155.124697 
2.030000 168.419690 
2.085000 158.923266 
2.140000 160.822551 
2.195000 181.714682 
2.250000 181.714682 
2.305000 187.412536 
2.360000 191.211106 
2.415000 187.412536 
2.470000 195.009675 
2.475000 206.405383 
2.420000 206.405383 
2.365000 206.405383 
2.310000 221.599660 
2.255000 225.398230 
2.200000 223.498945 
2.145000 236.793938 
2.090000 225.398230 
2.035000 221.599660 
1.980000 242.491792 
1.925000 227.297514 
1.870000 214.002522 
1.815000 229.196799 
1.760000 229.196799 
1.705000 234.894653 
1.650000 221.599660 
1.595000 227.297514 
1.540000 225.398230 
1.485000 219.700376 
1.430000 227.297514 
1.375000 221.599660 
1.320000 181.714682 
1.265000 212.103237 
1.210000 214.002522 
1.155000 208.304668 
1.100000 206.405383 
1.045000 196.908960 
0.990000 189.311821 
0.935000 193.110390 
0.880000 191.211106 
0.825000 181.714682 
0.770000 181.714682 
0.715000 183.613967 
0.660000 176.016828 
0.605000 174.117544 
0.550000 164.621120 
0.495000 164.621120 
0.440000 166.520405 
0.385000 157.023982 
0.330000 160.822551 
0.275000 149.426843 
0.220000 143.728989 
0.165000 141.829705 
0.110000 134.232566 
0.055000 130.433997 
-0.000000 126.635427 
-0.055000 119.038289 
-0.110000 115.239719 
-0.165000 109.541865 
-0.220000 111.441150 
-0.275000 81.052595 
-0.330000 31.671194 
-0.385000 6.980493 
-0.440000 -6.314499 
-0.495000 -21.508777 
-0.550000 -27.206631 
-0.605000 -44.300193 
-0.660000 -44.300193 
-0.715000 -42.400908 
-0.770000 -51.897331 
-0.825000 -48.098762 
-0.880000 -49.998047 
-0.935000 -61.393755 
-0.990000 -65.192324 
-1.045000 -70.890178 
-1.100000 -63.293039 
-1.155000 -63.293039 
-1.210000 -67.091609 
-1.265000 -72.789462 
-1.320000 -95.580878 
-1.375000 -99.379448 
-1.430000 -106.976586 
-1.485000 -116.473010 
-1.540000 -122.170864 
-1.595000 -122.170864 
-1.650000 -131.667287 
-1.705000 -131.667287 
-1.760000 -139.264426 
-1.815000 -141.163710 
-1.870000 -150.660134 
-1.925000 -158.257272 
-1.980000 -158.257272 
-2.035000 -163.955126 
-2.090000 -179.149404 
-2.145000 -177.250119 
-2.200000 -182.947973 
-2.255000 -184.847258 
-2.310000 -198.142250 
-2.365000 -201.940820 
-2.420000 -198.142250 
-2.475000 -219.034382 
-2.470000 -209.537958 
-2.415000 -209.537958 
-2.360000 -209.537958 
-2.305000 -213.336528 
-2.250000 -224.732236 
-2.195000 -226.631520 
-2.140000 -222.832951 
-2.085000 -234.228659 
-2.030000 -226.631520 
-1.975000 -228.530805 
-1.920000 -228.530805 
-1.865000 -226.631520 
-1.810000 -219.034382 
-1.755000 -234.228659 
-1.700000 -219.034382 
-1.645000 -228.530805 
-1.590000 -228.530805 
-1.535000 -215.235812 
-1.480000 -215.235812 
-1.425000 -211.437243 
-1.370000 -211.437243 
-1.315000 -203.840104 
-1.260000 -201.940820 
-1.205000 -213.336528 
-1.150000 -209.537958 
-1.095000 -198.142250 
-1.040000 -198.142250 
-0.985000 -198.142250 
-0.930000 -194.343681 
-0.875000 -177.250119 
-0.820000 -190.545112 
-0.765000 -162.055842 
-0.710000 -163.955126 
-0.655000 -182.947973 
-0.600000 -175.350834 
-0.545000 -160.156557 
-0.490000 -150.660134 
-0.435000 -146.861564 
-0.380000 -139.264426 
-0.325000 -127.868718 
-0.270000 -139.264426 
-0.215000 -135.465856 
-0.160000 -125.969433 
-0.105000 -118.372294 
-0.050000 -114.573725 
0.005000 -112.674440 
0.060000 -97.480163 
0.115000 -89.883024 
0.170000 -82.285886 
0.225000 -59.494470 
0.280000 -36.703054 
0.335000 -21.508777 
0.390000 -4.415215 
0.445000 -4.415215 
0.500000 1.282639 
0.555000 6.980493 
0.610000 5.081209 
0.665000 3.181924 
0.720000 33.570479 
0.775000 35.469763 
0.830000 44.966187 
0.885000 52.563325 
0.940000 56.361895 
0.995000 54.462610 
1.050000 71.556172 
1.105000 73.455457 
1.160000 84.851165 
1.215000 79.153311 
1.270000 82.951880 
1.325000 94.347588 
1.380000 100.045442 
1.435000 103.844011 
1.490000 100.045442 
1.545000 107.642581 
1.600000 101.944727 
1.655000 120.937573 
1.710000 122.836858 
1.765000 130.433997 
1.820000 134.232566 
1.875000 145.628274 
1.930000 139.930420 
1.985000 153.225412 
2.040000 158.923266 
2.095000 153.225412 
2.150000 160.822551 
2.205000 176.016828 
2.260000 181.714682 
2.315000 187.412536 
2.370000 185.513252 
2.425000 191.211106 
2.480000 198.808244 
2.465000 214.002522 
2.410000 204.506098 
2.355000 223.498945 
2.300000 229.196799 
2.245000 217.801091 
2.190000 219.700376 
2.135000 234.894653 
2.080000 227.297514 
2.025000 246.290361 
1.970000 238.693222 
1.915000 227.297514 
1.860000 208.304668 
1.805000 227.297514 
1.750000 227.297514 
1.695000 234.894653 
1.640000 223.498945 
1.585000 225.398230 
1.530000 223.498945 
1.475000 219.700376 
1.420000 229.196799 
1.365000 223.498945 
1.310000 212.103237 
1.255000 214.002522 
1.200000 208.304668 
1.145000 208.304668 
1.090000 204.506098 
1.035000 198.808244 
0.980000 196.908960 
0.925000 196.908960 
0.870000 183.613967 
0.815000 187.412536 
0.760000 181.714682 
0.705000 176.016828 
0.650000 170.318974 
0.595000 174.117544 
0.540000 174.117544 
0.485000 160.822551 
0.430000 162.721836 
0.375000 162.721836 
0.320000 160.822551 
0.265000 151.326128 
0.210000 143.728989 
0.155000 141.829705 
0.100000 134.232566 
0.045000 128.534712 
-0.010000 122.836858 
-0.065000 117.139004 
-0.120000 107.642581 
-0.175000 100.045442 
-0.230000 101.944727 
-0.285000 79.153311 
-0.340000 27.872625 
-0.395000 5.081209 
-0.450000 -8.213784 
-0.505000 -27.206631 
-0.560000 -29.105915 
-0.615000 -38.602339 
-0.670000 -38.602339 
-0.725000 -46.199477 
-0.780000 -84.185170 
-0.835000 -48.098762 
-0.890000 -46.199477 
-0.945000 -61.393755 
-1.000000 -61.393755 
-1.055000 -61.393755 
-1.110000 -72.789462 
-1.165000 -70.890178 
-1.220000 -72.789462 
-1.275000 -84.185170 
-1.330000 -99.379448 
-1.385000 -95.580878 
-1.440000 -103.178017 
-1.495000 -112.674440 
-1.550000 -116.473010 
-1.605000 -125.969433 
-1.660000 -133.566572 
-1.715000 -135.465856 
-1.770000 -133.566572 
-1.825000 -143.062995 
-1.880000 -143.062995 
-1.935000 -160.156557 
-1.990000 -167.753696 
-2.045000 -156.357988 
-2.100000 -179.149404 
-2.155000 -177.250119 
-2.210000 -175.350834 
-2.265000 -188.645827 
-2.320000 -196.242966 
-2.375000 -205.739389 
-2.430000 -200.041535 
-2.485000 -213.336528 
-2.460000 -215.235812 
-2.405000 -211.437243 
-2.350000 -219.034382 
-2.295000 -215.235812 
-2.240000 -219.034382 
-2.185000 -232.329374 
-2.130000 -219.034382 
-2.075000 -224.732236 
-2.020000 -228.530805 
-1.965000 -236.127944 
-1.910000 -234.228659 
-1.855000 -228.530805 
-1.800000 -226.631520 
-1.745000 -230.430090 
-1.690000 -220.933666 
-1.635000 -234.228659 
-1.580000 -224.732236 
-1.525000 -207.638674 
-1.470000 -228.530805 
-1.415000 -215.235812 
-1.360000 -205.739389 
-1.305000 -215.235812 
-1.250000 -192.444396 
-1.195000 -205.739389 
-1.140000 -211.437243 
-1.085000 -198.142250 
-1.030000 -196.242966 
-0.975000 -194.343681 
-0.920000 -190.545112 
-0.865000 -188.645827 
-0.810000 -182.947973 
-0.755000 -179.149404 
-0.700000 -165.854411 
-0.645000 -173.451550 
-0.590000 -167.753696 
-0.535000 -160.156557 
-0.480000 -150.660134 
-0.425000 -146.861564 
-0.370000 -143.062995 
-0.315000 -135.465856 
-0.260000 -129.768002 
-0.205000 -129.768002 
-0.150000 -129.768002 
-0.095000 -122.170864 
-0.040000 -105.077302 
0.015000 -108.875871 
0.070000 -97.480163 
0.125000 -82.285886 
0.180000 -72.789462 
0.235000 -57.595185 
0.290000 -42.400908 
0.345000 -17.710207 
0.400000 -12.012353 
0.455000 3.181924 
0.510000 3.181924 
0.565000 6.980493 
0.620000 1.282639 
0.675000 6.980493 
0.730000 31.671194 
0.785000 33.570479 
0.840000 50.664041 
0.895000 52.563325 
0.950000 58.261179 
1.005000 58.261179 
1.060000 69.656887 
1.115000 69.656887 
1.170000 71.556172 
1.225000 79.153311 
1.280000 90.549019 
1.335000 94.347588 
1.390000 98.146157 
1.445000 101.944727 
1.500000 103.844011 
1.555000 103.844011 
1.610000 115.239719 
1.665000 122.836858 
1.720000 128.534712 
1.775000 122.836858 
1.830000 134.232566 
1.885000 147.527558 
1.940000 151.326128 
1.995000 158.923266 
2.050000 158.923266 
2.105000 157.023982 
2.160000 172.218259 
2.215000 179.815398 
2.270000 191.211106 
2.325000 191.211106 
2.380000 189.311821 
2.435000 193.110390 
2.490000 200.707529 
2.455000 206.405383 
2.400000 214.002522 
2.345000 221.599660 
2.290000 227.297514 
2.235000 215.901806 
2.180000 231.096084 
2.125000 225.398230 
2.070000 227.297514 
2.015000 242.491792 
1.960000 225.398230 
1.905000 227.297514 
1.850000 229.196799 
1.795000 219.700376 
1.740000 227.297514 
1.685000 223.498945 
1.630000 229.196799 
1.575000 227.297514 
1.520000 215.901806 
1.465000 229.196799 
1.410000 225.398230 
1.355000 221.599660 
1.300000 212.103237 
1.245000 210.203952 
1.190000 206.405383 
1.135000 214.002522 
1.080000 200.707529 
1.025000 196.908960 
0.970000 202.606814 
0.915000 191.211106 
0.860000 183.613967 
0.805000 191.211106 
0.750000 181.714682 
0.695000 172.218259 
0.640000 176.016828 
0.585000 181.714682 
0.530000 164.621120 
0.475000 164.621120 
0.420000 168.419690 
0.365000 157.023982 
0.310000 157.023982 
0.255000 149.426843 
0.200000 143.728989 
0.145000 136.131851 
0.090000 132.333281 
0.035000 130.433997 
-0.020000 124.736143 
-0.075000 113.340435 
-0.130000 107.642581 
-0.185000 103.844011 
-0.240000 90.549019 
-0.295000 81.052595 
-0.350000 44.966187 
-0.405000 3.181924 
-0.460000 -8.213784 
-0.515000 -17.710207 
-0.570000 -31.005200 
-0.625000 -40.501623 
-0.680000 -42.400908 
-0.735000 -42.400908 
-0.790000 -46.199477 
-0.845000 -46.199477 
-0.900000 -51.897331 
-0.955000 -53.796616 
-1.010000 -59.494470 
-1.065000 -61.393755 
-1.120000 -74.688747 
-1.175000 -76.588032 
-1.230000 -82.285886 
-1.285000 -76.588032 
-1.340000 -87.983740 
-1.395000 -95.580878 
-1.450000 -103.178017 
-1.505000 -112.674440 
-1.560000 -118.372294 
-1.615000 -118.372294 
-1.670000 -127.868718 
-1.725000 -131.667287 
-1.780000 -137.365141 
-1.835000 -139.264426 
-1.890000 -143.062995 
-1.945000 -146.861564 
-2.000000 -162.055842 
-2.055000 -175.350834 
-2.110000 -171.552265 
-2.165000 -188.645827 
-2.220000 -179.149404 
-2.275000 -188.645827 
-2.330000 -198.142250 
-2.385000 -211.437243 
-2.440000 -203.840104 
-2.495000 -209.537958 
-2.450000 -215.235812 
-2.395000 -203.840104 
-2.340000 -215.235812 
-2.285000 -219.034382 
-2.230000 -219.034382 
-2.175000 -234.228659 
-2.120000 -226.631520 
-2.065000 -224.732236 
-2.010000 -236.127944 
-1.955000 -228.530805 
-1.900000 -232.329374 
-1.845000 -226.631520 
-1.790000 -220.933666 
-1.735000 -230.430090 
-1.680000 -228.530805 
-1.625000 -228.530805 
-1.570000 -234.228659 
-1.515000 -220.933666 
-1.460000 -220.933666 
-1.405000 -219.034382 
-1.350000 -203.840104 
-1.295000 -203.840104 
-1.240000 -200.041535 
-1.185000 -200.041535 
-1.130000 -203.840104 
-1.075000 -200.041535 
-1.020000 -190.545112 
-0.965000 -194.343681 
-0.910000 -181.048688 
-0.855000 -182.947973 
-0.800000 -182.947973 
-0.745000 -181.048688 
-0.690000 -175.350834 
-0.635000 -169.652980 
-0.580000 -167.753696 
-0.525000 -162.055842 
-0.470000 -156.357988 
-0.415000 -143.062995 
-0.360000 -143.062995 
-0.305000 -139.264426 
-0.250000 -131.667287 
-0.195000 -124.070148 
-0.140000 -131.667287 
-0.085000 -125.969433 
-0.030000 -101.278732 
0.025000 -101.278732 
0.080000 -105.077302 
0.135000 -87.983740 
0.190000 -70.890178 
0.245000 -53.796616 
0.300000 -46.199477 
0.355000 -27.206631 
0.410000 -12.012353 
0.465000 -0.616645 
0.520000 5.081209 
0.575000 -0.616645 
0.630000 6.980493 
0.685000 27.872625 
0.740000 27.872625 
0.795000 39.268333 
0.850000 50.664041 
0.905000 52.563325 
0.960000 50.664041 
1.015000 65.858318 
1.070000 62.059749 
1.125000 63.959033 
1.180000 77.254026 
1.235000 90.549019 
1.290000 94.347588 
1.345000 90.549019 
1.400000 98.146157 
1.455000 103.844011 
1.510000 105.743296 
1.565000 107.642581 
1.620000 115.239719 
1.675000 124.736143 
1.730000 115.239719 
1.785000 128.534712 
1.840000 139.930420 
1.895000 143.728989 
1.950000 153.225412 
2.005000 155.124697 
2.060000 155.124697 
2.115000 166.520405 
2.170000 174.117544 
2.225000 191.211106 
2.280000 191.211106 
2.335000 191.211106 
2.390000 193.110390 
2.445000 208.304668 
2.500000 208.304668 
2.445000 210.203952 
2.390000 229.196799 
2.335000 215.901806 
2.280000 217.801091 
2.225000 229.196799 
2.170000 223.498945 
2.115000 225.398230 
2.060000 238.693222 
2.005000 225.398230 
1.950000 225.398230 
1.895000 242.491792 
1.840000 227.297514 
1.785000 234.894653 
1.730000 231.096084 
1.675000 227.297514 
1.620000 232.995368 
1.565000 223.498945 
1.510000 227.297514 
1.455000 219.700376 
1.400000 221.599660 
1.345000 225.398230 
1.290000 215.901806 
1.235000 215.901806 
1.180000 212.103237 
1.125000 212.103237 
1.070000 198.808244 
1.015000 196.908960 
0.960000 204.506098 
0.905000 196.908960 
0.850000 195.009675 
0.795000 185.513252 
0.740000 181.714682 
0.685000 183.613967 
0.630000 181.714682 
0.575000 170.318974 
0.520000 166.520405 
0.465000 166.520405 
0.410000 168.419690 
0.355000 160.822551 
0.300000 158.923266 
0.245000 149.426843 
0.190000 143.728989 
0.135000 138.031135 
0.080000 130.433997 
0.025000 128.534712 
-0.030000 120.937573 
-0.085000 109.541865 
-0.140000 103.844011 
-0.195000 92.448303 
-0.250000 90.549019 
-0.305000 75.354741 
-0.360000 41.167617 
-0.415000 3.181924 
-0.470000 -2.515930 
-0.525000 -17.710207 
-0.580000 -29.105915 
-0.635000 -36.703054 
-0.690000 -42.400908 
-0.745000 -44.300193 
-0.800000 -44.300193 
-0.855000 -48.098762 
-0.910000 -51.897331 
-0.965000 -63.293039 
-1.020000 -68.990893 
-1.075000 -65.192324 
-1.130000 -67.091609 
-1.185000 -72.789462 
-1.240000 -84.185170 
-1.295000 -82.285886 
-1.350000 -97.480163 
-1.405000 -97.480163 
-1.460000 -91.782309 
-1.515000 -108.875871 
-1.570000 -114.573725 
-1.625000 -122.170864 
-1.680000 -125.969433 
-1.735000 -133.566572 
-1.790000 -137.365141 
-1.845000 -143.062995 
-1.900000 -143.062995 
-1.955000 -150.660134 
-2.010000 -158.257272 
-2.065000 -169.652980 
-2.120000 -177.250119 
-2.175000 -173.451550 
-2.230000 -190.545112 
-2.285000 -190.545112 
-2.340000 -198.142250 
-2.395000 -198.142250 
-2.450000 -209.537958 
-2.495000 -207.638674 
-2.440000 -213.336528 
-2.385000 -230.430090 
-2.330000 -217.135097 
-2.275000 -224.732236 
-2.220000 -230.430090 
-2.165000 -222.832951 
-2.110000 -230.430090 
-2.055000 -247.523652 
-2.000000 -220.933666 
-1.945000 -232.329374 
-1.890000 -226.631520 
-1.835000 -236.127944 
-1.780000 -234.228659 
-1.725000 -217.135097 
-1.670000 -213.336528 
-1.615000 -228.530805 
-1.560000 -222.832951 
-1.505000 -222.832951 
-1.450000 -215.235812 
-1.395000 -215.235812 
-1.340000 -220.933666 
-1.285000 -200.041535 
-1.230000 -203.840104 
-1.175000 -198.142250 
-1.120000 -200.041535 
-1.065000 -198.142250 
-1.010000 -196.242966 
-0.955000 -188.645827 
-0.900000 -186.746542 
-0.845000 -184.847258 
-0.790000 -182.947973 
-0.735000 -169.652980 
-0.680000 -175.350834 
-0.625000 -165.854411 
-0.570000 -154.458703 
-0.515000 -167.753696 
-0.460000 -162.055842 
-0.405000 -154.458703 
-0.350000 -143.062995 
-0.295000 -139.264426 
-0.240000 -129.768002 
-0.185000 -131.667287 
-0.130000 -122.170864 
-0.075000 -122.170864 
-0.020000 -112.674440 
0.035000 -105.077302 
0.090000 -97.480163 
0.145000 -89.883024 
0.200000 -59.494470 
0.255000 -42.400908 
0.310000 -44.300193 
0.365000 -19.609492 
0.420000 8.879778 
0.475000 1.282639 
0.530000 -0.616645 
0.585000 8.879778 
0.640000 5.081209 
0.695000 16.476917 
0.750000 31.671194 
0.805000 43.066902 
0.860000 52.563325 
0.915000 60.160464 
0.970000 63.959033 
1.025000 62.059749 
1.080000 69.656887 
1.135000 77.254026 
1.190000 75.354741 
1.245000 82.951880 
1.300000 84.851165 
1.355000 92.448303 
1.410000 94.347588 
1.465000 103.844011 
1.520000 98.146157 
1.575000 107.642581 
1.630000 111.441150 
1.685000 122.836858 
1.740000 134.232566 
1.795000 138.031135 
1.850000 138.031135 
1.905000 147.527558 
1.960000 151.326128 
2.015000 138.031135 
2.070000 162.721836 
2.125000 170.318974 
2.180000 177.916113 
2.235000 183.613967 
2.290000 185.513252 
2.345000 185.513252 
2.400000 200.707529 
2.455000 198.808244 
2.490000 200.707529 
2.435000 214.002522 
2.380000 214.002522 
2.325000 219.700376 
2.270000 231.096084 
2.215000 221.599660 
2.160000 229.196799 
2.105000 236.793938 
2.050000 221.599660 
1.995000 231.096084 
1.940000 242.491792 
1.885000 231.096084 
1.830000 236.793938 
1.775000 234.894653 
1.720000 232.995368 
1.665000 231.096084 
1.610000 231.096084 
1.555000 225.398230 
1.500000 227.297514 
1.445000 225.398230 
1.390000 221.599660 
1.335000 215.901806 
1.280000 212.103237 
1.225000 221.599660 
1.170000 212.103237 
1.115000 202.606814 
1.060000 202.606814 
1.005000 200.707529 
0.950000 195.009675 
0.895000 198.808244 
0.840000 198.808244 
0.785000 191.211106 
0.730000 191.211106 
0.675000 181.714682 
0.620000 179.815398 
0.565000 181.714682 
0.510000 168.419690 
0.455000 174.117544 
0.400000 166.520405 
0.345000 160.822551 
0.290000 168.419690 
0.235000 153.225412 
0.180000 143.728989 
0.125000 139.930420 
0.070000 130.433997 
0.015000 124.736143 
-0.040000 115.239719 
-0.095000 113.340435 
-0.150000 100.045442 
-0.205000 105.743296 
-0.260000 100.045442 
-0.315000 75.354741 
-0.370000 44.966187 
-0.425000 -0.616645 
-0.480000 -8.213784 
-0.535000 -17.710207 
-0.590000 -29.105915 
-0.645000 -29.105915 
-0.700000 -44.300193 
-0.755000 -46.199477 
-0.810000 -46.199477 
-0.865000 -86.084455 
-0.920000 -61.393755 
-0.975000 -65.192324 
-1.030000 -67.091609 
-1.085000 -70.890178 
-1.140000 -67.091609 
-1.195000 -67.091609 
-1.250000 -78.487316 
-1.305000 -80.386601 
-1.360000 -97.480163 
-1.415000 -110.775156 
-1.470000 -106.976586 
-1.525000 -108.875871 
-1.580000 -118.372294 
-1.635000 -114.573725 
-1.690000 -129.768002 
-1.745000 -139.264426 
-1.800000 -137.365141 
-1.855000 -141.163710 
-1.910000 -150.660134 
-1.965000 -154.458703 
-2.020000 -162.055842 
-2.075000 -171.552265 
-2.130000 -169.652980 
-2.185000 -182.947973 
-2.240000 -194.343681 
-2.295000 -184.847258 
-2.350000 -211.437243 
-2.405000 -203.840104 
-2.460000 -211.437243 
-2.485000 -211.437243 
-2.430000 -220.933666 
-2.375000 -222.832951 
-2.320000 -234.228659 
-2.265000 -222.832951 
-2.210000 -228.530805 
-2.155000 -232.329374 
-2.100000 -220.933666 
-2.045000 -230.430090 
-1.990000 -234.228659 
-1.935000 -224.732236 
-1.880000 -234.228659 
-1.825000 -238.027228 
-1.770000 -230.430090 
-1.715000 -228.530805 
-1.660000 -224.732236 
-1.605000 -222.832951 
-1.550000 -220.933666 
-1.495000 -224.732236 
-1.440000 -219.034382 
-1.385000 -213.336528 
-1.330000 -219.034382 
-1.275000 -207.638674 
-1.220000 -201.940820 
-1.165000 -203.840104 
-1.110000 -196.242966 
-1.055000 -190.545112 
-1.000000 -203.840104 
-0.945000 -194.343681 
-0.890000 -181.048688 
-0.835000 -188.645827 
-0.780000 -182.947973 
-0.725000 -181.048688 
-0.670000 -173.451550 
-0.615000 -175.350834 
-0.560000 -171.552265 
-0.505000 -156.357988 
-0.450000 -158.257272 
-0.395000 -158.257272 
-0.340000 -150.660134 
-0.285000 -139.264426 
-0.230000 -129.768002 
-0.175000 -124.070148 
-0.120000 -122.170864 
-0.065000 -112.674440 
-0.010000 -105.077302 
0.045000 -105.077302 
0.100000 -105.077302 
0.155000 -93.681594 
0.210000 -86.084455 
0.265000 -53.796616 
0.320000 -53.796616 
0.375000 -40.501623 
0.430000 -17.710207 
0.485000 -6.314499 
0.540000 -0.616645 
0.595000 12.678347 
0.650000 29.771909 
0.705000 31.671194 
0.760000 41.167617 
0.815000 52.563325 
0.870000 56.361895 
0.925000 54.462610 
0.980000 62.059749 
1.035000 60.160464 
1.090000 63.959033 
1.145000 77.254026 
1.200000 75.354741 
1.255000 82.951880 
1.310000 84.851165 
1.365000 86.750449 
1.420000 100.045442 
1.475000 105.743296 
1.530000 113.340435 
1.585000 107.642581 
1.640000 119.038289 
1.695000 119.038289 
1.750000 139.930420 
1.805000 143.728989 
1.860000 134.232566 
1.915000 143.728989 
1.970000 153.225412 
2.025000 164.621120 
2.080000 172.218259 
2.135000 164.621120 
2.190000 174.117544 
2.245000 174.117544 
2.300000 183.613967 
2.355000 196.908960 
2.410000 193.110390 
2.465000 200.707529 
2.480000 217.801091 
2.425000 221.599660 
2.370000 208.304668 
2.315000 232.995368 
2.260000 221.599660 
2.205000 219.700376 
2.150000 242.491792 
2.095000 229.196799 
2.040000 223.498945 
1.985000 236.793938 
1.930000 234.894653 
1.875000 236.793938 
1.820000 229.196799 
1.765000 231.096084 
1.710000 234.894653 
1.655000 223.498945 
1.600000 227.297514 
1.545000 236.793938 
1.490000 225.398230 
1.435000 225.398230 
1.380000 225.398230 
1.325000 223.498945 
1.270000 217.801091 
1.215000 208.304668 
1.160000 215.901806 
1.105000 206.405383 
1.050000 200.707529 
0.995000 206.405383 
0.940000 196.908960 
0.885000 193.110390 
0.830000 195.009675 
0.775000 198.808244 
0.720000 181.714682 
0.665000 181.714682 
0.610000 181.714682 
0.555000 170.318974 
0.500000 172.218259 
0.445000 176.016828 
0.390000 160.822551 
0.335000 151.326128 
0.280000 149.426843 
0.225000 145.628274 
0.170000 138.031135 
0.115000 136.131851 
0.060000 128.534712 
0.005000 130.433997 
-0.050000 117.139004 
-0.105000 105.743296 
-0.160000 105.743296 
-0.215000 100.045442 
-0.270000 98.146157 
-0.325000 84.851165 
-0.380000 44.966187 
-0.435000 3.181924 
-0.490000 -13.911638 
-0.545000 -23.408061 
-0.600000 -32.904485 
-0.655000 -53.796616 
-0.710000 -44.300193 
-0.765000 -42.400908 
-0.820000 -51.897331 
-0.875000 -61.393755 
-0.930000 -61.393755 
-0.985000 -68.990893 
-1.040000 -63.293039 
-1.095000 -68.990893 
-1.150000 -72.789462 
-1.205000 -76.588032 
-1.260000 -82.285886 
-1.315000 -84.185170 
-1.370000 -93.681594 
-1.425000 -93.681594 
-1.480000 -116.473010 
-1.535000 -112.674440 
-1.590000 -120.271579 
-1.645000 -120.271579 
-1.700000 -124.070148 
-1.755000 -133.566572 
-1.810000 -135.465856 
-1.865000 -143.062995 
-1.920000 -148.760849 
-1.975000 -152.559418 
-2.030000 -162.055842 
-2.085000 -167.753696 
-2.140000 -169.652980 
-2.195000 -182.947973 
-2.250000 -188.645827 
-2.305000 -194.343681 
-2.360000 -205.739389 
-2.415000 -209.537958 
-2.470000 -211.437243 
-2.475000 -203.840104 
-2.420000 -219.034382 
-2.365000 -219.034382 
-2.310000 -230.430090 
-2.255000 -230.430090 
-2.200000 -226.631520 
-2.145000 -232.329374 
-2.090000 -230.430090 
-2.035000 -226.631520 
-1.980000 -236.127944 
-1.925000 -234.228659 
-1.870000 -236.127944 
-1.815000 -226.631520 
-1.760000 -230.430090 
-1.705000 -230.430090 
-1.650000 -226.631520 
-1.595000 -226.631520 
-1.540000 -222.832951 
-1.485000 -211.437243 
-1.430000 -219.034382 
-1.375000 -222.832951 
-1.320000 -201.940820 
-1.265000 -213.336528 
-1.210000 -203.840104 
-1.155000 -190.545112 
-1.100000 -201.940820 
-1.045000 -188.645827 
-0.990000 -184.847258 
-0.935000 -200.041535 
-0.880000 -184.847258 
-0.825000 -179.149404 
-0.770000 -182.947973 
-0.715000 -173.451550 
-0.660000 -173.451550 
-0.605000 -167.753696 
-0.550000 -160.156557 
-0.495000 -162.055842 
-0.440000 -152.559418 
-0.385000 -154.458703 
-0.330000 -144.962280 
-0.275000 -141.163710 
-0.220000 -135.465856 
-0.165000 -127.868718 
-0.110000 -116.473010 
-0.055000 -116.473010 
