0.000000 -67.091609 
0.005000 -68.990893 
0.010000 -72.789462 
0.015000 -67.091609 
0.020000 -68.990893 
0.025000 -68.990893 
0.030000 -55.695901 
0.035000 -53.796616 
0.040000 -51.897331 
0.045000 -55.695901 
0.050000 -46.199477 
0.055000 -48.098762 
0.060000 -29.105915 
0.065000 8.879778 
0.070000 5.081209 
0.075000 10.779063 
0.080000 8.879778 
0.085000 16.476917 
0.090000 18.376201 
0.095000 18.376201 
0.100000 16.476917 
0.105000 14.577632 
0.110000 27.872625 
0.115000 20.275486 
0.120000 14.577632 
0.125000 14.577632 
0.130000 12.678347 
0.135000 22.174771 
0.140000 16.476917 
0.145000 16.476917 
0.150000 16.476917 
0.155000 18.376201 
0.160000 22.174771 
0.165000 25.973340 
0.170000 31.671194 
0.175000 27.872625 
0.180000 25.973340 
0.185000 27.872625 
0.190000 27.872625 
0.195000 22.174771 
0.200000 22.174771 
0.205000 27.872625 
0.210000 27.872625 
0.215000 29.771909 
0.220000 29.771909 
0.225000 29.771909 
0.230000 39.268333 
0.235000 29.771909 
0.240000 35.469763 
0.245000 39.268333 
0.250000 31.671194 
0.255000 33.570479 
0.260000 54.462610 
0.265000 48.764756 
0.270000 37.369048 
0.275000 41.167617 
0.280000 48.764756 
0.285000 41.167617 
0.290000 50.664041 
0.295000 44.966187 
0.300000 44.966187 
0.305000 56.361895 
0.310000 54.462610 
0.315000 54.462610 
0.320000 52.563325 
0.325000 54.462610 
0.330000 58.261179 
0.335000 54.462610 
0.340000 52.563325 
0.345000 52.563325 
0.350000 48.764756 
0.355000 58.261179 
0.360000 60.160464 
0.365000 48.764756 
0.370000 63.959033 
0.375000 58.261179 
0.380000 62.059749 
0.385000 62.059749 
0.390000 56.361895 
0.395000 63.959033 
0.400000 56.361895 
0.405000 69.656887 
0.410000 65.858318 
0.415000 60.160464 
0.420000 63.959033 
0.425000 62.059749 
0.430000 60.160464 
0.435000 62.059749 
0.440000 60.160464 
0.445000 52.563325 
0.450000 73.455457 
0.455000 62.059749 
0.460000 69.656887 
0.465000 73.455457 
0.470000 75.354741 
0.475000 69.656887 
0.480000 71.556172 
0.485000 77.254026 
0.490000 75.354741 
0.495000 73.455457 
0.500000 73.455457 
0.505000 75.354741 
0.510000 75.354741 
0.515000 63.959033 
0.520000 71.556172 
0.525000 75.354741 
0.530000 71.556172 
0.535000 73.455457 
0.540000 84.851165 
0.545000 71.556172 
0.550000 75.354741 
0.555000 81.052595 
0.560000 77.254026 
0.565000 81.052595 
0.570000 71.556172 
0.575000 82.951880 
0.580000 81.052595 
0.585000 79.153311 
0.590000 88.649734 
0.595000 81.052595 
0.600000 77.254026 
0.605000 88.649734 
0.610000 90.549019 
0.615000 94.347588 
0.620000 94.347588 
0.625000 92.448303 
0.630000 88.649734 
0.635000 82.951880 
0.640000 88.649734 
0.645000 79.153311 
0.650000 86.750449 
0.655000 92.448303 
0.660000 84.851165 
0.665000 84.851165 
0.670000 81.052595 
0.675000 82.951880 
0.680000 86.750449 
0.685000 92.448303 
0.690000 90.549019 
0.695000 84.851165 
0.700000 90.549019 
0.705000 92.448303 
0.710000 81.052595 
0.715000 90.549019 
0.720000 92.448303 
0.725000 86.750449 
0.730000 90.549019 
0.735000 82.951880 
0.740000 88.649734 
0.745000 84.851165 
0.750000 94.347588 
0.755000 79.153311 
0.760000 92.448303 
0.765000 90.549019 
0.770000 94.347588 
0.775000 100.045442 
0.780000 105.743296 
0.785000 111.441150 
0.790000 101.944727 
0.795000 100.045442 
0.800000 115.239719 
0.805000 111.441150 
0.810000 105.743296 
0.815000 109.541865 
0.820000 115.239719 
0.825000 107.642581 
0.830000 115.239719 
0.835000 109.541865 
0.840000 105.743296 
0.845000 117.139004 
0.850000 111.441150 
0.855000 111.441150 
0.860000 115.239719 
0.865000 115.239719 
0.870000 111.441150 
0.875000 111.441150 
0.880000 111.441150 
0.885000 120.937573 
0.890000 107.642581 
0.895000 105.743296 
0.900000 113.340435 
0.905000 117.139004 
0.910000 119.038289 
0.915000 107.642581 
0.920000 115.239719 
0.925000 122.836858 
0.930000 119.038289 
0.935000 119.038289 
0.940000 111.441150 
0.945000 117.139004 
0.950000 120.937573 
0.955000 122.836858 
0.960000 124.736143 
0.965000 120.937573 
0.970000 113.340435 
0.975000 120.937573 
0.980000 130.433997 
0.985000 117.139004 
0.990000 126.635427 
0.995000 117.139004 
1.000000 130.433997 
1.005000 124.736143 
1.010000 120.937573 
1.015000 122.836858 
1.020000 122.836858 
1.025000 120.937573 
1.030000 113.340435 
1.035000 130.433997 
1.040000 122.836858 
1.045000 122.836858 
1.050000 130.433997 
1.055000 130.433997 
1.060000 130.433997 
1.065000 126.635427 
1.070000 128.534712 
1.075000 141.829705 
1.080000 139.930420 
1.085000 132.333281 
1.090000 138.031135 
1.095000 143.728989 
1.100000 138.031135 
1.105000 138.031135 
1.110000 138.031135 
1.115000 141.829705 
1.120000 149.426843 
1.125000 141.829705 
1.130000 138.031135 
1.135000 143.728989 
1.140000 160.822551 
1.145000 145.628274 
1.150000 141.829705 
1.155000 145.628274 
1.160000 143.728989 
1.165000 128.534712 
1.170000 141.829705 
1.175000 149.426843 
1.180000 139.930420 
1.185000 141.829705 
1.190000 143.728989 
1.195000 149.426843 
1.200000 145.628274 
1.205000 151.326128 
1.210000 151.326128 
1.215000 153.225412 
1.220000 153.225412 
1.225000 149.426843 
1.230000 141.829705 
1.235000 147.527558 
1.240000 155.124697 
1.245000 157.023982 
1.250000 149.426843 
1.255000 151.326128 
1.260000 155.124697 
1.265000 151.326128 
1.270000 147.527558 
1.275000 143.728989 
1.280000 153.225412 
1.285000 158.923266 
1.290000 153.225412 
1.295000 155.124697 
1.300000 162.721836 
1.305000 157.023982 
1.310000 162.721836 
1.315000 157.023982 
1.320000 174.117544 
1.325000 164.621120 
1.330000 155.124697 
1.335000 155.124697 
1.340000 151.326128 
1.345000 162.721836 
1.350000 166.520405 
1.355000 158.923266 
1.360000 166.520405 
1.365000 164.621120 
1.370000 160.822551 
1.375000 166.520405 
1.380000 172.218259 
1.385000 158.923266 
1.390000 172.218259 
1.395000 168.419690 
1.400000 172.218259 
1.405000 166.520405 
1.410000 166.520405 
1.415000 176.016828 
1.420000 155.124697 
1.425000 162.721836 
1.430000 162.721836 
1.435000 153.225412 
1.440000 162.721836 
1.445000 168.419690 
1.450000 172.218259 
1.455000 164.621120 
1.460000 172.218259 
1.465000 181.714682 
1.470000 168.419690 
1.475000 170.318974 
1.480000 185.513252 
1.485000 174.117544 
1.490000 174.117544 
1.495000 177.916113 
1.500000 181.714682 
1.505000 183.613967 
1.510000 179.815398 
1.515000 174.117544 
1.520000 187.412536 
1.525000 176.016828 
1.530000 181.714682 
1.535000 193.110390 
1.540000 179.815398 
1.545000 179.815398 
1.550000 183.613967 
1.555000 181.714682 
1.560000 174.117544 
1.565000 189.311821 
1.570000 181.714682 
1.575000 179.815398 
1.580000 185.513252 
1.585000 181.714682 
1.590000 183.613967 
1.595000 183.613967 
1.600000 183.613967 
1.605000 181.714682 
1.610000 191.211106 
1.615000 189.311821 
1.620000 179.815398 
1.625000 185.513252 
1.630000 187.412536 
1.635000 187.412536 
1.640000 189.311821 
1.645000 181.714682 
1.650000 189.311821 
1.655000 189.311821 
1.660000 185.513252 
1.665000 191.211106 
1.670000 195.009675 
1.675000 193.110390 
1.680000 191.211106 
1.685000 181.714682 
1.690000 196.908960 
1.695000 196.908960 
1.700000 198.808244 
1.705000 200.707529 
1.710000 200.707529 
1.715000 202.606814 
1.720000 198.808244 
1.725000 204.506098 
1.730000 200.707529 
1.735000 198.808244 
1.740000 198.808244 
1.745000 204.506098 
1.750000 202.606814 
1.755000 214.002522 
1.760000 210.203952 
1.765000 181.714682 
1.770000 208.304668 
1.775000 214.002522 
1.780000 208.304668 
1.785000 214.002522 
1.790000 210.203952 
1.795000 215.901806 
1.800000 215.901806 
1.805000 208.304668 
1.810000 221.599660 
1.815000 210.203952 
1.820000 214.002522 
1.825000 214.002522 
1.830000 187.412536 
1.835000 215.901806 
1.840000 219.700376 
1.845000 215.901806 
1.850000 214.002522 
1.855000 214.002522 
1.860000 221.599660 
1.865000 212.103237 
1.870000 223.498945 
1.875000 227.297514 
1.880000 219.700376 
1.885000 229.196799 
1.890000 221.599660 
1.895000 234.894653 
1.900000 244.391076 
1.905000 229.196799 
1.910000 236.793938 
1.915000 229.196799 
1.920000 244.391076 
1.925000 246.290361 
1.930000 229.196799 
1.935000 234.894653 
1.940000 240.592507 
1.945000 248.189646 
1.950000 238.693222 
1.955000 234.894653 
1.960000 231.096084 
1.965000 242.491792 
1.970000 242.491792 
1.975000 240.592507 
1.980000 242.491792 
1.985000 231.096084 
1.990000 242.491792 
1.995000 250.088930 
2.000000 242.491792 
2.005000 250.088930 
2.010000 248.189646 
2.015000 246.290361 
2.020000 255.786784 
2.025000 255.786784 
2.030000 255.786784 
2.035000 259.585354 
2.040000 259.585354 
2.045000 251.988215 
2.050000 261.484638 
2.055000 263.383923 
2.060000 257.686069 
2.065000 259.585354 
2.070000 267.182492 
2.075000 267.182492 
2.080000 263.383923 
2.085000 261.484638 
2.090000 267.182492 
2.095000 255.786784 
2.100000 251.988215 
2.105000 257.686069 
2.110000 251.988215 
2.115000 246.290361 
2.120000 257.686069 
2.125000 251.988215 
2.130000 253.887500 
2.135000 242.491792 
2.140000 250.088930 
2.145000 251.988215 
2.150000 244.391076 
2.155000 248.189646 
2.160000 234.894653 
2.165000 234.894653 
2.170000 234.894653 
2.175000 232.995368 
2.180000 227.297514 
2.185000 225.398230 
2.190000 242.491792 
2.195000 250.088930 
2.200000 246.290361 
2.205000 248.189646 
2.210000 244.391076 
2.215000 251.988215 
2.220000 242.491792 
2.225000 251.988215 
2.230000 248.189646 
2.235000 251.988215 
2.240000 259.585354 
2.245000 259.585354 
2.250000 265.283208 
2.255000 257.686069 
2.260000 265.283208 
2.265000 259.585354 
2.270000 259.585354 
2.275000 265.283208 
2.280000 265.283208 
2.285000 259.585354 
2.290000 259.585354 
2.295000 274.779631 
2.300000 265.283208 
2.305000 274.779631 
2.310000 269.081777 
2.315000 274.779631 
2.320000 270.981062 
2.325000 274.779631 
2.330000 282.376770 
2.335000 270.981062 
2.340000 288.074624 
2.345000 286.175339 
2.350000 286.175339 
2.355000 276.678916 
2.360000 291.873193 
2.365000 276.678916 
2.370000 288.074624 
2.375000 291.873193 
2.380000 291.873193 
2.385000 293.772478 
2.390000 293.772478 
2.395000 289.973908 
2.400000 297.571047 
2.405000 293.772478 
2.410000 289.973908 
2.415000 295.671762 
2.420000 295.671762 
2.425000 299.470332 
2.430000 284.276054 
2.435000 301.369616 
2.440000 293.772478 
2.445000 293.772478 
2.450000 293.772478 
2.455000 295.671762 
2.460000 289.973908 
2.465000 293.772478 
2.470000 297.571047 
2.475000 297.571047 
2.480000 288.074624 
2.485000 295.671762 
2.490000 288.074624 
2.495000 297.571047 
2.500000 282.376770 
2.495000 301.369616 
2.490000 288.074624 
2.485000 293.772478 
2.480000 291.873193 
2.475000 295.671762 
2.470000 289.973908 
2.465000 297.571047 
2.460000 282.376770 
2.455000 291.873193 
2.450000 295.671762 
2.445000 303.268901 
2.440000 282.376770 
2.435000 286.175339 
2.430000 282.376770 
2.425000 286.175339 
2.420000 282.376770 
2.415000 286.175339 
2.410000 289.973908 
2.405000 284.276054 
2.400000 280.477485 
2.395000 289.973908 
2.390000 289.973908 
2.385000 278.578200 
2.380000 301.369616 
2.375000 282.376770 
2.370000 286.175339 
2.365000 288.074624 
2.360000 280.477485 
2.355000 282.376770 
2.350000 282.376770 
2.345000 278.578200 
2.340000 278.578200 
2.335000 288.074624 
2.330000 289.973908 
2.325000 278.578200 
2.320000 286.175339 
2.315000 284.276054 
2.310000 278.578200 
2.305000 282.376770 
2.300000 282.376770 
2.295000 293.772478 
2.290000 288.074624 
2.285000 276.678916 
2.280000 280.477485 
2.275000 291.873193 
2.270000 270.981062 
2.265000 282.376770 
2.260000 280.477485 
2.255000 284.276054 
2.250000 274.779631 
2.245000 274.779631 
2.240000 274.779631 
2.235000 282.376770 
2.230000 278.578200 
2.225000 280.477485 
2.220000 284.276054 
2.215000 282.376770 
2.210000 276.678916 
2.205000 270.981062 
2.200000 276.678916 
2.195000 267.182492 
2.190000 282.376770 
2.185000 267.182492 
2.180000 265.283208 
2.175000 269.081777 
2.170000 269.081777 
2.165000 259.585354 
2.160000 274.779631 
2.155000 276.678916 
2.150000 261.484638 
2.145000 267.182492 
2.140000 259.585354 
2.135000 265.283208 
2.130000 255.786784 
2.125000 255.786784 
2.120000 267.182492 
2.115000 257.686069 
2.110000 259.585354 
2.105000 251.988215 
2.100000 250.088930 
2.095000 259.585354 
2.090000 248.189646 
2.085000 250.088930 
2.080000 244.391076 
2.075000 255.786784 
2.070000 236.793938 
2.065000 242.491792 
2.060000 244.391076 
2.055000 231.096084 
2.050000 246.290361 
2.045000 242.491792 
2.040000 227.297514 
2.035000 236.793938 
2.030000 227.297514 
2.025000 238.693222 
2.020000 227.297514 
2.015000 232.995368 
2.010000 236.793938 
2.005000 227.297514 
2.000000 225.398230 
1.995000 221.599660 
1.990000 232.995368 
1.985000 234.894653 
1.980000 215.901806 
1.975000 219.700376 
1.970000 227.297514 
1.965000 217.801091 
1.960000 231.096084 
1.955000 217.801091 
1.950000 217.801091 
1.945000 225.398230 
1.940000 212.103237 
1.935000 227.297514 
1.930000 231.096084 
1.925000 227.297514 
1.920000 231.096084 
1.915000 225.398230 
1.910000 232.995368 
1.905000 229.196799 
1.900000 225.398230 
1.895000 227.297514 
1.890000 227.297514 
1.885000 221.599660 
1.880000 217.801091 
1.875000 214.002522 
1.870000 219.700376 
1.865000 227.297514 
1.860000 210.203952 
1.855000 193.110390 
1.850000 221.599660 
1.845000 214.002522 
1.840000 210.203952 
1.835000 219.700376 
1.830000 210.203952 
1.825000 219.700376 
1.820000 214.002522 
1.815000 210.203952 
1.810000 196.908960 
1.805000 210.203952 
1.800000 200.707529 
1.795000 206.405383 
1.790000 208.304668 
1.785000 202.606814 
1.780000 204.506098 
1.775000 208.304668 
1.770000 219.700376 
1.765000 217.801091 
1.760000 212.103237 
1.755000 204.506098 
1.750000 219.700376 
1.745000 206.405383 
1.740000 212.103237 
1.735000 206.405383 
1.730000 204.506098 
1.725000 202.606814 
1.720000 210.203952 
1.715000 196.908960 
1.710000 206.405383 
1.705000 214.002522 
1.700000 195.009675 
1.695000 215.901806 
1.690000 208.304668 
1.685000 198.808244 
1.680000 202.606814 
1.675000 206.405383 
1.670000 198.808244 
1.665000 204.506098 
1.660000 195.009675 
1.655000 204.506098 
1.650000 214.002522 
1.645000 198.808244 
1.640000 208.304668 
1.635000 204.506098 
1.630000 204.506098 
1.625000 196.908960 
1.620000 202.606814 
1.615000 200.707529 
1.610000 198.808244 
1.605000 212.103237 
1.600000 202.606814 
1.595000 202.606814 
1.590000 206.405383 
1.585000 202.606814 
1.580000 195.009675 
1.575000 200.707529 
1.570000 195.009675 
1.565000 183.613967 
1.560000 183.613967 
1.555000 196.908960 
1.550000 174.117544 
1.545000 191.211106 
1.540000 196.908960 
1.535000 181.714682 
1.530000 191.211106 
1.525000 189.311821 
1.520000 179.815398 
1.515000 185.513252 
1.510000 195.009675 
1.505000 179.815398 
1.500000 177.916113 
1.495000 183.613967 
1.490000 185.513252 
1.485000 185.513252 
1.480000 181.714682 
1.475000 179.815398 
1.470000 170.318974 
1.465000 174.117544 
1.460000 179.815398 
1.455000 168.419690 
1.450000 166.520405 
1.445000 176.016828 
1.440000 183.613967 
1.435000 172.218259 
1.430000 183.613967 
1.425000 170.318974 
1.420000 176.016828 
1.415000 174.117544 
1.410000 172.218259 
1.405000 183.613967 
1.400000 172.218259 
1.395000 174.117544 
1.390000 176.016828 
1.385000 176.016828 
1.380000 166.520405 
1.375000 179.815398 
1.370000 174.117544 
1.365000 181.714682 
1.360000 172.218259 
1.355000 176.016828 
1.350000 164.621120 
1.345000 172.218259 
1.340000 170.318974 
1.335000 174.117544 
1.330000 177.916113 
1.325000 172.218259 
1.320000 172.218259 
1.315000 176.016828 
1.310000 168.419690 
1.305000 179.815398 
1.300000 174.117544 
1.295000 172.218259 
1.290000 181.714682 
1.285000 174.117544 
1.280000 179.815398 
1.275000 176.016828 
1.270000 181.714682 
1.265000 172.218259 
1.260000 162.721836 
1.255000 176.016828 
1.250000 176.016828 
1.245000 174.117544 
1.240000 177.916113 
1.235000 176.016828 
1.230000 174.117544 
1.225000 166.520405 
1.220000 174.117544 
1.215000 164.621120 
1.210000 164.621120 
1.205000 164.621120 
1.200000 176.016828 
1.195000 168.419690 
1.190000 168.419690 
1.185000 166.520405 
1.180000 174.117544 
1.175000 172.218259 
1.170000 172.218259 
1.165000 166.520405 
1.160000 166.520405 
1.155000 162.721836 
1.150000 160.822551 
1.145000 174.117544 
1.140000 170.318974 
1.135000 174.117544 
1.130000 170.318974 
1.125000 170.318974 
1.120000 164.621120 
1.115000 176.016828 
1.110000 166.520405 
1.105000 164.621120 
1.100000 172.218259 
1.095000 166.520405 
1.090000 157.023982 
1.085000 153.225412 
1.080000 160.822551 
1.075000 160.822551 
1.070000 164.621120 
1.065000 157.023982 
1.060000 157.023982 
1.055000 160.822551 
1.050000 170.318974 
1.045000 157.023982 
1.040000 164.621120 
1.035000 158.923266 
1.030000 164.621120 
1.025000 166.520405 
1.020000 158.923266 
1.015000 166.520405 
1.010000 166.520405 
1.005000 160.822551 
1.000000 170.318974 
0.995000 158.923266 
0.990000 164.621120 
0.985000 157.023982 
0.980000 160.822551 
0.975000 162.721836 
0.970000 162.721836 
0.965000 157.023982 
0.960000 155.124697 
0.955000 164.621120 
0.950000 160.822551 
0.945000 164.621120 
0.940000 160.822551 
0.935000 158.923266 
0.930000 160.822551 
0.925000 153.225412 
0.920000 160.822551 
0.915000 134.232566 
0.910000 157.023982 
0.905000 162.721836 
0.900000 162.721836 
0.895000 155.124697 
0.890000 160.822551 
0.885000 157.023982 
0.880000 160.822551 
0.875000 153.225412 
0.870000 157.023982 
0.865000 158.923266 
0.860000 153.225412 
0.855000 160.822551 
0.850000 151.326128 
0.845000 160.822551 
0.840000 155.124697 
0.835000 157.023982 
0.830000 153.225412 
0.825000 141.829705 
0.820000 145.628274 
0.815000 134.232566 
0.810000 136.131851 
0.805000 128.534712 
0.800000 132.333281 
0.795000 130.433997 
0.790000 120.937573 
0.785000 126.635427 
0.780000 126.635427 
0.775000 119.038289 
0.770000 122.836858 
0.765000 113.340435 
0.760000 107.642581 
0.755000 105.743296 
0.750000 107.642581 
0.745000 100.045442 
0.740000 101.944727 
0.735000 103.844011 
0.730000 96.246873 
0.725000 98.146157 
0.720000 96.246873 
0.715000 103.844011 
0.710000 101.944727 
0.705000 109.541865 
0.700000 113.340435 
0.695000 113.340435 
0.690000 113.340435 
0.685000 109.541865 
0.680000 109.541865 
0.675000 107.642581 
0.670000 109.541865 
0.665000 103.844011 
0.660000 107.642581 
0.655000 103.844011 
0.650000 103.844011 
0.645000 92.448303 
0.640000 82.951880 
0.635000 94.347588 
0.630000 90.549019 
0.625000 62.059749 
0.620000 94.347588 
0.615000 90.549019 
0.610000 100.045442 
0.605000 98.146157 
0.600000 100.045442 
0.595000 98.146157 
0.590000 101.944727 
0.585000 100.045442 
0.580000 100.045442 
0.575000 103.844011 
0.570000 98.146157 
0.565000 94.347588 
0.560000 88.649734 
0.555000 92.448303 
0.550000 92.448303 
0.545000 105.743296 
0.540000 100.045442 
0.535000 100.045442 
0.530000 101.944727 
0.525000 109.541865 
0.520000 111.441150 
0.515000 100.045442 
0.510000 107.642581 
0.505000 100.045442 
0.500000 101.944727 
0.495000 96.246873 
0.490000 105.743296 
0.485000 90.549019 
0.480000 101.944727 
0.475000 92.448303 
0.470000 103.844011 
0.465000 94.347588 
0.460000 100.045442 
0.455000 92.448303 
0.450000 96.246873 
0.445000 94.347588 
0.440000 94.347588 
0.435000 96.246873 
0.430000 86.750449 
0.425000 94.347588 
0.420000 81.052595 
0.415000 90.549019 
0.410000 82.951880 
0.405000 84.851165 
0.400000 94.347588 
0.395000 84.851165 
0.390000 92.448303 
0.385000 84.851165 
0.380000 75.354741 
0.375000 82.951880 
0.370000 81.052595 
0.365000 82.951880 
0.360000 81.052595 
0.355000 84.851165 
0.350000 82.951880 
0.345000 69.656887 
0.340000 75.354741 
0.335000 71.556172 
0.330000 73.455457 
0.325000 82.951880 
0.320000 82.951880 
0.315000 77.254026 
0.310000 75.354741 
0.305000 73.455457 
0.300000 75.354741 
0.295000 69.656887 
0.290000 65.858318 
0.285000 73.455457 
0.280000 71.556172 
0.275000 69.656887 
0.270000 63.959033 
0.265000 62.059749 
0.260000 60.160464 
0.255000 62.059749 
0.250000 62.059749 
0.245000 58.261179 
0.240000 67.757603 
0.235000 60.160464 
0.230000 58.261179 
0.225000 58.261179 
0.220000 63.959033 
0.215000 60.160464 
0.210000 60.160464 
0.205000 54.462610 
0.200000 58.261179 
0.195000 58.261179 
0.190000 52.563325 
0.185000 54.462610 
0.180000 67.757603 
0.175000 54.462610 
0.170000 50.664041 
0.165000 58.261179 
0.160000 58.261179 
0.155000 48.764756 
0.150000 52.563325 
0.145000 46.865471 
0.140000 48.764756 
0.135000 48.764756 
0.130000 50.664041 
0.125000 44.966187 
0.120000 46.865471 
0.115000 44.966187 
0.110000 43.066902 
0.105000 43.066902 
0.100000 44.966187 
0.095000 46.865471 
0.090000 48.764756 
0.085000 54.462610 
0.080000 44.966187 
0.075000 43.066902 
0.070000 44.966187 
0.065000 37.369048 
0.060000 35.469763 
0.055000 43.066902 
0.050000 31.671194 
0.045000 31.671194 
0.040000 39.268333 
0.035000 31.671194 
0.030000 18.376201 
0.025000 16.476917 
0.020000 16.476917 
0.015000 1.282639 
0.010000 6.980493 
0.005000 -2.515930 
-0.000000 -6.314499 
-0.005000 -2.515930 
-0.010000 1.282639 
-0.015000 -0.616645 
-0.020000 -6.314499 
-0.025000 5.081209 
-0.030000 1.282639 
-0.035000 -6.314499 
-0.040000 -0.616645 
-0.045000 3.181924 
-0.050000 -6.314499 
-0.055000 3.181924 
-0.060000 -0.616645 
-0.065000 -15.810923 
-0.070000 -17.710207 
-0.075000 -27.206631 
-0.080000 -21.508777 
-0.085000 -23.408061 
-0.090000 -23.408061 
-0.095000 -27.206631 
-0.100000 -21.508777 
-0.105000 -21.508777 
-0.110000 -23.408061 
-0.115000 -29.105915 
-0.120000 -23.408061 
-0.125000 -23.408061 
-0.130000 -29.105915 
-0.135000 -21.508777 
-0.140000 -17.710207 
-0.145000 -25.307346 
-0.150000 -29.105915 
-0.155000 -25.307346 
-0.160000 -32.904485 
-0.165000 -23.408061 
-0.170000 -27.206631 
-0.175000 -27.206631 
-0.180000 -32.904485 
-0.185000 -31.005200 
-0.190000 -32.904485 
-0.195000 -27.206631 
-0.200000 -29.105915 
-0.205000 -29.105915 
-0.210000 -38.602339 
-0.215000 -31.005200 
-0.220000 -34.803769 
-0.225000 -36.703054 
-0.230000 -38.602339 
-0.235000 -61.393755 
-0.240000 -32.904485 
-0.245000 -36.703054 
-0.250000 -32.904485 
-0.255000 -32.904485 
-0.260000 -34.803769 
-0.265000 -42.400908 
-0.270000 -29.105915 
-0.275000 -38.602339 
-0.280000 -34.803769 
-0.285000 -29.105915 
-0.290000 -34.803769 
-0.295000 -38.602339 
-0.300000 -25.307346 
-0.305000 -29.105915 
-0.310000 -40.501623 
-0.315000 -42.400908 
-0.320000 -36.703054 
-0.325000 -32.904485 
-0.330000 -42.400908 
-0.335000 -38.602339 
-0.340000 -40.501623 
-0.345000 -42.400908 
-0.350000 -36.703054 
-0.355000 -46.199477 
-0.360000 -44.300193 
-0.365000 -42.400908 
-0.370000 -44.300193 
-0.375000 -51.897331 
-0.380000 -51.897331 
-0.385000 -48.098762 
-0.390000 -53.796616 
-0.395000 -55.695901 
-0.400000 -48.098762 
-0.405000 -48.098762 
-0.410000 -53.796616 
-0.415000 -55.695901 
-0.420000 -61.393755 
-0.425000 -59.494470 
-0.430000 -59.494470 
-0.435000 -59.494470 
-0.440000 -51.897331 
-0.445000 -63.293039 
-0.450000 -68.990893 
-0.455000 -68.990893 
-0.460000 -63.293039 
-0.465000 -76.588032 
-0.470000 -68.990893 
-0.475000 -68.990893 
-0.480000 -61.393755 
-0.485000 -67.091609 
-0.490000 -70.890178 
-0.495000 -51.897331 
-0.500000 -72.789462 
-0.505000 -68.990893 
-0.510000 -65.192324 
-0.515000 -68.990893 
-0.520000 -70.890178 
-0.525000 -65.192324 
-0.530000 -67.091609 
-0.535000 -78.487316 
-0.540000 -76.588032 
-0.545000 -80.386601 
-0.550000 -74.688747 
-0.555000 -72.789462 
-0.560000 -76.588032 
-0.565000 -78.487316 
-0.570000 -78.487316 
-0.575000 -82.285886 
-0.580000 -76.588032 
-0.585000 -87.983740 
-0.590000 -76.588032 
-0.595000 -84.185170 
-0.600000 -80.386601 
-0.605000 -84.185170 
-0.610000 -80.386601 
-0.615000 -82.285886 
-0.620000 -82.285886 
-0.625000 -80.386601 
-0.630000 -78.487316 
-0.635000 -82.285886 
-0.640000 -86.084455 
-0.645000 -84.185170 
-0.650000 -89.883024 
-0.655000 -91.782309 
-0.660000 -89.883024 
-0.665000 -97.480163 
-0.670000 -84.185170 
-0.675000 -89.883024 
-0.680000 -87.983740 
-0.685000 -86.084455 
-0.690000 -95.580878 
-0.695000 -93.681594 
-0.700000 -89.883024 
-0.705000 -91.782309 
-0.710000 -99.379448 
-0.715000 -91.782309 
-0.720000 -93.681594 
-0.725000 -93.681594 
-0.730000 -89.883024 
-0.735000 -95.580878 
-0.740000 -97.480163 
-0.745000 -93.681594 
-0.750000 -86.084455 
-0.755000 -101.278732 
-0.760000 -95.580878 
-0.765000 -95.580878 
-0.770000 -105.077302 
-0.775000 -99.379448 
-0.780000 -101.278732 
-0.785000 -105.077302 
-0.790000 -101.278732 
-0.795000 -103.178017 
-0.800000 -97.480163 
-0.805000 -97.480163 
-0.810000 -106.976586 
-0.815000 -99.379448 
-0.820000 -106.976586 
-0.825000 -105.077302 
-0.830000 -93.681594 
-0.835000 -103.178017 
-0.840000 -103.178017 
-0.845000 -101.278732 
-0.850000 -95.580878 
-0.855000 -103.178017 
-0.860000 -105.077302 
-0.865000 -105.077302 
-0.870000 -105.077302 
-0.875000 -106.976586 
-0.880000 -99.379448 
-0.885000 -105.077302 
-0.890000 -103.178017 
-0.895000 -97.480163 
-0.900000 -108.875871 
-0.905000 -99.379448 
-0.910000 -101.278732 
-0.915000 -108.875871 
-0.920000 -93.681594 
-0.925000 -112.674440 
-0.930000 -108.875871 
-0.935000 -97.480163 
-0.940000 -110.775156 
-0.945000 -105.077302 
-0.950000 -108.875871 
-0.955000 -101.278732 
-0.960000 -108.875871 
-0.965000 -97.480163 
-0.970000 -105.077302 
-0.975000 -101.278732 
-0.980000 -99.379448 
-0.985000 -116.473010 
-0.990000 -112.674440 
-0.995000 -108.875871 
-1.000000 -112.674440 
-1.005000 -112.674440 
-1.010000 -120.271579 
-1.015000 -112.674440 
-1.020000 -118.372294 
-1.025000 -122.170864 
-1.030000 -108.875871 
-1.035000 -122.170864 
-1.040000 -120.271579 
-1.045000 -122.170864 
-1.050000 -116.473010 
-1.055000 -124.070148 
-1.060000 -118.372294 
-1.065000 -118.372294 
-1.070000 -118.372294 
-1.075000 -122.170864 
-1.080000 -114.573725 
-1.085000 -125.969433 
-1.090000 -127.868718 
-1.095000 -129.768002 
-1.100000 -127.868718 
-1.105000 -131.667287 
-1.110000 -122.170864 
-1.115000 -124.070148 
-1.120000 -127.868718 
-1.125000 -129.768002 
-1.130000 -152.559418 
-1.135000 -135.465856 
-1.140000 -135.465856 
-1.145000 -127.868718 
-1.150000 -129.768002 
-1.155000 -124.070148 
-1.160000 -133.566572 
-1.165000 -129.768002 
-1.170000 -129.768002 
-1.175000 -139.264426 
-1.180000 -131.667287 
-1.185000 -141.163710 
-1.190000 -129.768002 
-1.195000 -133.566572 
-1.200000 -133.566572 
-1.205000 -129.768002 
-1.210000 -141.163710 
-1.215000 -133.566572 
-1.220000 -131.667287 
-1.225000 -137.365141 
-1.230000 -127.868718 
-1.235000 -133.566572 
-1.240000 -135.465856 
-1.245000 -141.163710 
-1.250000 -139.264426 
-1.255000 -150.660134 
-1.260000 -139.264426 
-1.265000 -135.465856 
-1.270000 -135.465856 
-1.275000 -143.062995 
-1.280000 -141.163710 
-1.285000 -144.962280 
-1.290000 -146.861564 
-1.295000 -146.861564 
-1.300000 -150.660134 
-1.305000 -154.458703 
-1.310000 -143.062995 
-1.315000 -148.760849 
-1.320000 -143.062995 
-1.325000 -152.559418 
-1.330000 -146.861564 
-1.335000 -150.660134 
-1.340000 -163.955126 
-1.345000 -156.357988 
-1.350000 -152.559418 
-1.355000 -158.257272 
-1.360000 -163.955126 
-1.365000 -160.156557 
-1.370000 -160.156557 
-1.375000 -165.854411 
-1.380000 -158.257272 
-1.385000 -152.559418 
-1.390000 -163.955126 
-1.395000 -156.357988 
-1.400000 -160.156557 
-1.405000 -162.055842 
-1.410000 -167.753696 
-1.415000 -167.753696 
-1.420000 -150.660134 
-1.425000 -165.854411 
-1.430000 -201.940820 
-1.435000 -167.753696 
-1.440000 -158.257272 
-1.445000 -171.552265 
-1.450000 -165.854411 
-1.455000 -163.955126 
-1.460000 -163.955126 
-1.465000 -162.055842 
-1.470000 -165.854411 
-1.475000 -165.854411 
-1.480000 -165.854411 
-1.485000 -160.156557 
-1.490000 -163.955126 
-1.495000 -165.854411 
-1.500000 -173.451550 
-1.505000 -173.451550 
-1.510000 -171.552265 
-1.515000 -182.947973 
-1.520000 -173.451550 
-1.525000 -179.149404 
-1.530000 -179.149404 
-1.535000 -177.250119 
-1.540000 -181.048688 
-1.545000 -175.350834 
-1.550000 -181.048688 
-1.555000 -177.250119 
-1.560000 -184.847258 
-1.565000 -179.149404 
-1.570000 -184.847258 
-1.575000 -182.947973 
-1.580000 -181.048688 
-1.585000 -182.947973 
-1.590000 -181.048688 
-1.595000 -182.947973 
-1.600000 -190.545112 
-1.605000 -169.652980 
-1.610000 -186.746542 
-1.615000 -215.235812 
-1.620000 -181.048688 
-1.625000 -186.746542 
-1.630000 -190.545112 
-1.635000 -192.444396 
-1.640000 -181.048688 
-1.645000 -186.746542 
-1.650000 -194.343681 
-1.655000 -198.142250 
-1.660000 -194.343681 
-1.665000 -194.343681 
-1.670000 -192.444396 
-1.675000 -188.645827 
-1.680000 -200.041535 
-1.685000 -188.645827 
-1.690000 -194.343681 
-1.695000 -192.444396 
-1.700000 -190.545112 
-1.705000 -184.847258 
-1.710000 -198.142250 
-1.715000 -196.242966 
-1.720000 -182.947973 
-1.725000 -194.343681 
-1.730000 -190.545112 
-1.735000 -175.350834 
-1.740000 -182.947973 
-1.745000 -190.545112 
-1.750000 -186.746542 
-1.755000 -188.645827 
-1.760000 -186.746542 
-1.765000 -184.847258 
-1.770000 -194.343681 
-1.775000 -194.343681 
-1.780000 -182.947973 
-1.785000 -182.947973 
-1.790000 -190.545112 
-1.795000 -182.947973 
-1.800000 -192.444396 
-1.805000 -196.242966 
-1.810000 -181.048688 
-1.815000 -194.343681 
-1.820000 -182.947973 
-1.825000 -181.048688 
-1.830000 -192.444396 
-1.835000 -188.645827 
-1.840000 -190.545112 
-1.845000 -196.242966 
-1.850000 -190.545112 
-1.855000 -200.041535 
-1.860000 -200.041535 
-1.865000 -203.840104 
-1.870000 -209.537958 
-1.875000 -205.739389 
-1.880000 -200.041535 
-1.885000 -219.034382 
-1.890000 -211.437243 
-1.895000 -207.638674 
-1.900000 -219.034382 
-1.905000 -211.437243 
-1.910000 -213.336528 
-1.915000 -215.235812 
-1.920000 -213.336528 
-1.925000 -211.437243 
-1.930000 -220.933666 
-1.935000 -213.336528 
-1.940000 -211.437243 
-1.945000 -224.732236 
-1.950000 -217.135097 
-1.955000 -215.235812 
-1.960000 -222.832951 
-1.965000 -209.537958 
-1.970000 -215.235812 
-1.975000 -219.034382 
-1.980000 -215.235812 
-1.985000 -224.732236 
-1.990000 -220.933666 
-1.995000 -222.832951 
-2.000000 -222.832951 
-2.005000 -215.235812 
-2.010000 -211.437243 
-2.015000 -220.933666 
-2.020000 -220.933666 
-2.025000 -211.437243 
-2.030000 -220.933666 
-2.035000 -213.336528 
-2.040000 -226.631520 
-2.045000 -230.430090 
-2.050000 -226.631520 
-2.055000 -226.631520 
-2.060000 -224.732236 
-2.065000 -230.430090 
-2.070000 -239.926513 
-2.075000 -236.127944 
-2.080000 -243.725082 
-2.085000 -241.825798 
-2.090000 -241.825798 
-2.095000 -243.725082 
-2.100000 -245.624367 
-2.105000 -251.322221 
-2.110000 -251.322221 
-2.115000 -245.624367 
-2.120000 -249.422936 
-2.125000 -247.523652 
-2.130000 -249.422936 
-2.135000 -247.523652 
-2.140000 -238.027228 
-2.145000 -257.020075 
-2.150000 -245.624367 
-2.155000 -258.919360 
-2.160000 -249.422936 
-2.165000 -260.818644 
-2.170000 -258.919360 
-2.175000 -258.919360 
-2.180000 -264.617214 
-2.185000 -251.322221 
-2.190000 -264.617214 
-2.195000 -264.617214 
-2.200000 -268.415783 
-2.205000 -266.516498 
-2.210000 -260.818644 
-2.215000 -262.717929 
-2.220000 -260.818644 
-2.225000 -264.617214 
-2.230000 -258.919360 
-2.235000 -268.415783 
-2.240000 -268.415783 
-2.245000 -270.315068 
-2.250000 -266.516498 
-2.255000 -272.214352 
-2.260000 -277.912206 
-2.265000 -272.214352 
-2.270000 -281.710775 
-2.275000 -276.012922 
-2.280000 -279.811491 
-2.285000 -285.509345 
-2.290000 -287.408629 
-2.295000 -276.012922 
-2.300000 -285.509345 
-2.305000 -279.811491 
-2.310000 -272.214352 
-2.315000 -268.415783 
-2.320000 -264.617214 
-2.325000 -258.919360 
-2.330000 -264.617214 
-2.335000 -260.818644 
-2.340000 -255.120790 
-2.345000 -264.617214 
-2.350000 -262.717929 
-2.355000 -258.919360 
-2.360000 -255.120790 
-2.365000 -260.818644 
-2.370000 -264.617214 
-2.375000 -260.818644 
-2.380000 -253.221506 
-2.385000 -266.516498 
-2.390000 -260.818644 
-2.395000 -253.221506 
-2.400000 -258.919360 
-2.405000 -260.818644 
-2.410000 -253.221506 
-2.415000 -258.919360 
-2.420000 -253.221506 
-2.425000 -249.422936 
-2.430000 -249.422936 
-2.435000 -253.221506 
-2.440000 -253.221506 
-2.445000 -264.617214 
-2.450000 -264.617214 
-2.455000 -270.315068 
-2.460000 -272.214352 
-2.465000 -281.710775 
-2.470000 -283.610060 
-2.475000 -279.811491 
-2.480000 -287.408629 
-2.485000 -285.509345 
-2.490000 -283.610060 
-2.495000 -291.207199 
-2.500000 -293.106483 
-2.495000 -289.307914 
-2.490000 -289.307914 
-2.485000 -293.106483 
-2.480000 -291.207199 
-2.475000 -291.207199 
-2.470000 -283.610060 
-2.465000 -289.307914 
-2.460000 -285.509345 
-2.455000 -331.092177 
-2.450000 -291.207199 
-2.445000 -289.307914 
-2.440000 -298.804337 
-2.435000 -295.005768 
-2.430000 -300.703622 
-2.425000 -302.602907 
-2.420000 -293.106483 
-2.415000 -298.804337 
-2.410000 -298.804337 
-2.405000 -293.106483 
-2.400000 -291.207199 
-2.395000 -298.804337 
-2.390000 -291.207199 
-2.385000 -285.509345 
-2.380000 -295.005768 
-2.375000 -295.005768 
-2.370000 -295.005768 
-2.365000 -295.005768 
-2.360000 -287.408629 
-2.355000 -287.408629 
-2.350000 -287.408629 
-2.345000 -291.207199 
-2.340000 -295.005768 
-2.335000 -283.610060 
-2.330000 -285.509345 
-2.325000 -285.509345 
-2.320000 -277.912206 
-2.315000 -276.012922 
-2.310000 -279.811491 
-2.305000 -277.912206 
-2.300000 -289.307914 
-2.295000 -281.710775 
-2.290000 -281.710775 
-2.285000 -298.804337 
-2.280000 -281.710775 
-2.275000 -272.214352 
-2.270000 -272.214352 
-2.265000 -272.214352 
-2.260000 -272.214352 
-2.255000 -272.214352 
-2.250000 -272.214352 
-2.245000 -272.214352 
-2.240000 -272.214352 
-2.235000 -276.012922 
-2.230000 -270.315068 
-2.225000 -277.912206 
-2.220000 -270.315068 
-2.215000 -266.516498 
-2.210000 -272.214352 
-2.205000 -272.214352 
-2.200000 -276.012922 
-2.195000 -268.415783 
-2.190000 -272.214352 
-2.185000 -270.315068 
-2.180000 -276.012922 
-2.175000 -260.818644 
-2.170000 -260.818644 
-2.165000 -266.516498 
-2.160000 -264.617214 
-2.155000 -264.617214 
-2.150000 -262.717929 
-2.145000 -260.818644 
-2.140000 -266.516498 
-2.135000 -257.020075 
-2.130000 -257.020075 
-2.125000 -266.516498 
-2.120000 -255.120790 
-2.115000 -253.221506 
-2.110000 -264.617214 
-2.105000 -264.617214 
-2.100000 -258.919360 
-2.095000 -258.919360 
-2.090000 -258.919360 
-2.085000 -253.221506 
-2.080000 -257.020075 
-2.075000 -255.120790 
-2.070000 -258.919360 
-2.065000 -251.322221 
-2.060000 -253.221506 
-2.055000 -258.919360 
-2.050000 -253.221506 
-2.045000 -257.020075 
-2.040000 -260.818644 
-2.035000 -262.717929 
-2.030000 -258.919360 
-2.025000 -258.919360 
-2.020000 -262.717929 
-2.015000 -264.617214 
-2.010000 -247.523652 
-2.005000 -260.818644 
-2.000000 -253.221506 
-1.995000 -245.624367 
-1.990000 -257.020075 
-1.985000 -245.624367 
-1.980000 -236.127944 
-1.975000 -243.725082 
-1.970000 -251.322221 
-1.965000 -236.127944 
-1.960000 -249.422936 
-1.955000 -249.422936 
-1.950000 -245.624367 
-1.945000 -247.523652 
-1.940000 -241.825798 
-1.935000 -249.422936 
-1.930000 -243.725082 
-1.925000 -245.624367 
-1.920000 -255.120790 
-1.915000 -243.725082 
-1.910000 -239.926513 
-1.905000 -245.624367 
-1.900000 -241.825798 
-1.895000 -243.725082 
-1.890000 -226.631520 
-1.885000 -238.027228 
-1.880000 -220.933666 
-1.875000 -226.631520 
-1.870000 -236.127944 
-1.865000 -219.034382 
-1.860000 -220.933666 
-1.855000 -226.631520 
-1.850000 -219.034382 
-1.845000 -230.430090 
-1.840000 -213.336528 
-1.835000 -211.437243 
-1.830000 -224.732236 
-1.825000 -203.840104 
-1.820000 -222.832951 
-1.815000 -217.135097 
-1.810000 -196.242966 
-1.805000 -217.135097 
-1.800000 -215.235812 
-1.795000 -188.645827 
-1.790000 -203.840104 
-1.785000 -200.041535 
-1.780000 -196.242966 
-1.775000 -213.336528 
-1.770000 -198.142250 
-1.765000 -198.142250 
-1.760000 -203.840104 
-1.755000 -200.041535 
-1.750000 -200.041535 
-1.745000 -207.638674 
-1.740000 -205.739389 
-1.735000 -190.545112 
-1.730000 -196.242966 
-1.725000 -196.242966 
-1.720000 -196.242966 
-1.715000 -205.739389 
-1.710000 -181.048688 
-1.705000 -182.947973 
-1.700000 -194.343681 
-1.695000 -192.444396 
-1.690000 -182.947973 
-1.685000 -198.142250 
-1.680000 -179.149404 
-1.675000 -173.451550 
-1.670000 -188.645827 
-1.665000 -184.847258 
-1.660000 -182.947973 
-1.655000 -181.048688 
-1.650000 -190.545112 
-1.645000 -182.947973 
-1.640000 -173.451550 
-1.635000 -190.545112 
-1.630000 -181.048688 
-1.625000 -173.451550 
-1.620000 -173.451550 
-1.615000 -173.451550 
-1.610000 -177.250119 
-1.605000 -177.250119 
-1.600000 -182.947973 
-1.595000 -182.947973 
-1.590000 -171.552265 
-1.585000 -182.947973 
-1.580000 -169.652980 
-1.575000 -181.048688 
-1.570000 -169.652980 
-1.565000 -181.048688 
-1.560000 -171.552265 
-1.555000 -173.451550 
-1.550000 -169.652980 
-1.545000 -182.947973 
-1.540000 -173.451550 
-1.535000 -181.048688 
-1.530000 -190.545112 
-1.525000 -179.149404 
-1.520000 -182.947973 
-1.515000 -169.652980 
-1.510000 -181.048688 
-1.505000 -184.847258 
-1.500000 -188.645827 
-1.495000 -186.746542 
-1.490000 -173.451550 
-1.485000 -182.947973 
-1.480000 -182.947973 
-1.475000 -175.350834 
-1.470000 -182.947973 
-1.465000 -190.545112 
-1.460000 -175.350834 
-1.455000 -179.149404 
-1.450000 -177.250119 
-1.445000 -175.350834 
-1.440000 -182.947973 
-1.435000 -177.250119 
-1.430000 -181.048688 
-1.425000 -165.854411 
-1.420000 -169.652980 
-1.415000 -175.350834 
-1.410000 -181.048688 
-1.405000 -181.048688 
-1.400000 -177.250119 
-1.395000 -182.947973 
-1.390000 -182.947973 
-1.385000 -173.451550 
-1.380000 -182.947973 
-1.375000 -181.048688 
-1.370000 -181.048688 
-1.365000 -179.149404 
-1.360000 -181.048688 
-1.355000 -181.048688 
-1.350000 -171.552265 
-1.345000 -181.048688 
-1.340000 -173.451550 
-1.335000 -167.753696 
-1.330000 -175.350834 
-1.325000 -165.854411 
-1.320000 -173.451550 
-1.315000 -175.350834 
-1.310000 -165.854411 
-1.305000 -167.753696 
-1.300000 -163.955126 
-1.295000 -158.257272 
-1.290000 -175.350834 
-1.285000 -158.257272 
-1.280000 -150.660134 
-1.275000 -184.847258 
-1.270000 -158.257272 
-1.265000 -165.854411 
-1.260000 -158.257272 
-1.255000 -160.156557 
-1.250000 -160.156557 
-1.245000 -158.257272 
-1.240000 -150.660134 
-1.235000 -158.257272 
-1.230000 -154.458703 
-1.225000 -154.458703 
-1.220000 -150.660134 
-1.215000 -156.357988 
-1.210000 -148.760849 
-1.205000 -146.861564 
-1.200000 -144.962280 
-1.195000 -154.458703 
-1.190000 -152.559418 
-1.185000 -141.163710 
-1.180000 -143.062995 
-1.175000 -154.458703 
-1.170000 -144.962280 
-1.165000 -144.962280 
-1.160000 -146.861564 
-1.155000 -148.760849 
-1.150000 -154.458703 
-1.145000 -156.357988 
-1.140000 -141.163710 
-1.135000 -150.660134 
-1.130000 -150.660134 
-1.125000 -135.465856 
-1.120000 -137.365141 
-1.115000 -158.257272 
-1.110000 -152.559418 
-1.105000 -139.264426 
-1.100000 -143.062995 
-1.095000 -143.062995 
-1.090000 -137.365141 
-1.085000 -131.667287 
-1.080000 -139.264426 
-1.075000 -133.566572 
-1.070000 -137.365141 
-1.065000 -131.667287 
-1.060000 -137.365141 
-1.055000 -129.768002 
-1.050000 -129.768002 
-1.045000 -122.170864 
-1.040000 -137.365141 
-1.035000 -127.868718 
-1.030000 -135.465856 
-1.025000 -129.768002 
-1.020000 -135.465856 
-1.015000 -120.271579 
-1.010000 -118.372294 
-1.005000 -137.365141 
-1.000000 -139.264426 
-0.995000 -135.465856 
-0.990000 -135.465856 
-0.985000 -137.365141 
-0.980000 -133.566572 
-0.975000 -129.768002 
-0.970000 -129.768002 
-0.965000 -135.465856 
-0.960000 -165.854411 
-0.955000 -129.768002 
-0.950000 -135.465856 
-0.945000 -135.465856 
-0.940000 -124.070148 
-0.935000 -124.070148 
-0.930000 -125.969433 
-0.925000 -131.667287 
-0.920000 -127.868718 
-0.915000 -125.969433 
-0.910000 -129.768002 
-0.905000 -129.768002 
-0.900000 -118.372294 
-0.895000 -124.070148 
-0.890000 -124.070148 
-0.885000 -120.271579 
-0.880000 -118.372294 
-0.875000 -118.372294 
-0.870000 -120.271579 
-0.865000 -125.969433 
-0.860000 -125.969433 
-0.855000 -124.070148 
-0.850000 -120.271579 
-0.845000 -122.170864 
-0.840000 -125.969433 
-0.835000 -122.170864 
-0.830000 -118.372294 
-0.825000 -125.969433 
-0.820000 -124.070148 
-0.815000 -116.473010 
-0.810000 -120.271579 
-0.805000 -120.271579 
-0.800000 -125.969433 
-0.795000 -112.674440 
-0.790000 -112.674440 
-0.785000 -124.070148 
-0.780000 -112.674440 
-0.775000 -108.875871 
-0.770000 -112.674440 
-0.765000 -108.875871 
-0.760000 -120.271579 
-0.755000 -122.170864 
-0.750000 -108.875871 
-0.745000 -105.077302 
-0.740000 -105.077302 
-0.735000 -106.976586 
-0.730000 -106.976586 
-0.725000 -99.379448 
-0.720000 -105.077302 
-0.715000 -101.278732 
-0.710000 -99.379448 
-0.705000 -95.580878 
-0.700000 -103.178017 
-0.695000 -120.271579 
-0.690000 -89.883024 
-0.685000 -86.084455 
-0.680000 -97.480163 
-0.675000 -97.480163 
-0.670000 -89.883024 
-0.665000 -93.681594 
-0.660000 -99.379448 
-0.655000 -84.185170 
-0.650000 -93.681594 
-0.645000 -95.580878 
-0.640000 -82.285886 
-0.635000 -87.983740 
-0.630000 -89.883024 
-0.625000 -82.285886 
-0.620000 -89.883024 
-0.615000 -89.883024 
-0.610000 -86.084455 
-0.605000 -91.782309 
-0.600000 -89.883024 
-0.595000 -87.983740 
-0.590000 -87.983740 
-0.585000 -89.883024 
-0.580000 -78.487316 
-0.575000 -87.983740 
-0.570000 -118.372294 
-0.565000 -89.883024 
-0.560000 -91.782309 
-0.555000 -91.782309 
-0.550000 -82.285886 
-0.545000 -84.185170 
-0.540000 -122.170864 
-0.535000 -78.487316 
-0.530000 -82.285886 
-0.525000 -86.084455 
-0.520000 -76.588032 
-0.515000 -80.386601 
-0.510000 -78.487316 
-0.505000 -74.688747 
-0.500000 -86.084455 
-0.495000 -86.084455 
-0.490000 -82.285886 
-0.485000 -86.084455 
-0.480000 -82.285886 
-0.475000 -76.588032 
-0.470000 -82.285886 
-0.465000 -78.487316 
-0.460000 -89.883024 
-0.455000 -82.285886 
-0.450000 -74.688747 
-0.445000 -80.386601 
-0.440000 -78.487316 
-0.435000 -76.588032 
-0.430000 -82.285886 
-0.425000 -70.890178 
-0.420000 -68.990893 
-0.415000 -68.990893 
-0.410000 -68.990893 
-0.405000 -68.990893 
-0.400000 -70.890178 
-0.395000 -59.494470 
-0.390000 -65.192324 
-0.385000 -63.293039 
-0.380000 -63.293039 
-0.375000 -65.192324 
-0.370000 -61.393755 
-0.365000 -55.695901 
-0.360000 -61.393755 
-0.355000 -59.494470 
-0.350000 -46.199477 
-0.345000 -61.393755 
-0.340000 -48.098762 
-0.335000 -51.897331 
-0.330000 -51.897331 
-0.325000 -59.494470 
-0.320000 -51.897331 
-0.315000 -57.595185 
-0.310000 -51.897331 
-0.305000 -49.998047 
-0.300000 -49.998047 
-0.295000 -44.300193 
-0.290000 -48.098762 
-0.285000 -51.897331 
-0.280000 -49.998047 
-0.275000 -44.300193 
-0.270000 -48.098762 
-0.265000 -48.098762 
-0.260000 -46.199477 
-0.255000 -68.990893 
-0.250000 -40.501623 
-0.245000 -46.199477 
-0.240000 -36.703054 
-0.235000 -38.602339 
-0.230000 -38.602339 
-0.225000 -31.005200 
-0.220000 -32.904485 
-0.215000 -29.105915 
-0.210000 -36.703054 
-0.205000 -38.602339 
-0.200000 -36.703054 
-0.195000 -25.307346 
-0.190000 -38.602339 
-0.185000 -38.602339 
-0.180000 -29.105915 
-0.175000 -29.105915 
-0.170000 -36.703054 
-0.165000 -32.904485 
-0.160000 -32.904485 
-0.155000 -32.904485 
-0.150000 -36.703054 
-0.145000 -29.105915 
-0.140000 -27.206631 
-0.135000 -29.105915 
-0.130000 -31.005200 
-0.125000 -29.105915 
-0.120000 -29.105915 
-0.115000 -31.005200 
-0.110000 -32.904485 
-0.105000 -21.508777 
-0.100000 -34.803769 
-0.095000 -29.105915 
-0.090000 -21.508777 
-0.085000 -27.206631 
-0.080000 -31.005200 
-0.075000 -21.508777 
-0.070000 -23.408061 
-0.065000 -27.206631 
-0.060000 -19.609492 
-0.055000 -19.609492 
-0.050000 -27.206631 
-0.045000 -17.710207 
-0.040000 -19.609492 
-0.035000 -17.710207 
-0.030000 -17.710207 
-0.025000 -21.508777 
0.000000 0.000000 
0.000000 0.000000 
0.000000 0.000000 
0.000000 0.000000 
