0.000000 -63.293039 
0.065000 -51.897331 
0.130000 -34.803769 
0.195000 -21.508777 
0.260000 -8.213784 
0.325000 6.980493 
0.390000 -0.616645 
0.455000 3.181924 
0.520000 -0.616645 
0.585000 6.980493 
0.650000 -6.314499 
0.715000 1.282639 
0.780000 5.081209 
0.845000 -2.515930 
0.910000 37.369048 
0.975000 44.966187 
1.040000 56.361895 
1.105000 54.462610 
1.170000 69.656887 
1.235000 73.455457 
1.300000 82.951880 
1.365000 86.750449 
1.430000 90.549019 
1.495000 107.642581 
1.560000 109.541865 
1.625000 115.239719 
1.690000 122.836858 
1.755000 120.937573 
1.820000 120.937573 
1.885000 136.131851 
1.950000 134.232566 
2.015000 139.930420 
2.080000 157.023982 
2.145000 153.225412 
2.210000 170.318974 
2.275000 164.621120 
2.340000 179.815398 
2.405000 187.412536 
2.470000 195.009675 
2.465000 210.203952 
2.400000 214.002522 
2.335000 204.506098 
2.270000 187.412536 
2.205000 219.700376 
2.140000 219.700376 
2.075000 227.297514 
2.010000 227.297514 
1.945000 225.398230 
1.880000 232.995368 
1.815000 227.297514 
1.750000 212.103237 
1.685000 227.297514 
1.620000 225.398230 
1.555000 215.901806 
1.490000 221.599660 
1.425000 214.002522 
1.360000 227.297514 
1.295000 214.002522 
1.230000 215.901806 
1.165000 210.203952 
1.100000 210.203952 
1.035000 208.304668 
0.970000 202.606814 
0.905000 202.606814 
0.840000 195.009675 
0.775000 183.613967 
0.710000 183.613967 
0.645000 179.815398 
0.580000 172.218259 
0.515000 174.117544 
0.450000 172.218259 
0.385000 166.520405 
0.320000 160.822551 
0.255000 160.822551 
0.190000 143.728989 
0.125000 141.829705 
0.060000 143.728989 
-0.005000 130.433997 
-0.070000 122.836858 
-0.135000 115.239719 
-0.200000 115.239719 
-0.265000 101.944727 
-0.330000 79.153311 
-0.395000 39.268333 
-0.460000 1.282639 
-0.525000 -12.012353 
-0.590000 -17.710207 
-0.655000 -36.703054 
-0.720000 -40.501623 
-0.785000 -48.098762 
-0.850000 -46.199477 
-0.915000 -49.998047 
-0.980000 -51.897331 
-1.045000 -61.393755 
-1.110000 -63.293039 
-1.175000 -76.588032 
-1.240000 -84.185170 
-1.305000 -80.386601 
-1.370000 -91.782309 
-1.435000 -89.883024 
-1.500000 -97.480163 
-1.565000 -101.278732 
-1.630000 -116.473010 
-1.695000 -124.070148 
-1.760000 -124.070148 
-1.825000 -135.465856 
-1.890000 -131.667287 
-1.955000 -150.660134 
-2.020000 -150.660134 
-2.085000 -156.357988 
-2.150000 -152.559418 
-2.215000 -156.357988 
-2.280000 -165.854411 
-2.345000 -173.451550 
-2.410000 -165.854411 
-2.475000 -188.645827 
-2.460000 -194.343681 
-2.395000 -194.343681 
-2.330000 -209.537958 
-2.265000 -211.437243 
-2.200000 -219.034382 
-2.135000 -224.732236 
-2.070000 -219.034382 
-2.005000 -209.537958 
-1.940000 -228.530805 
-1.875000 -219.034382 
-1.810000 -211.437243 
-1.745000 -232.329374 
-1.680000 -215.235812 
-1.615000 -211.437243 
-1.550000 -215.235812 
-1.485000 -205.739389 
-1.420000 -207.638674 
-1.355000 -201.940820 
-1.290000 -198.142250 
-1.225000 -203.840104 
-1.160000 -209.537958 
-1.095000 -198.142250 
-1.030000 -198.142250 
-0.965000 -190.545112 
-0.900000 -188.645827 
-0.835000 -182.947973 
-0.770000 -192.444396 
-0.705000 -173.451550 
-0.640000 -173.451550 
-0.575000 -179.149404 
-0.510000 -169.652980 
-0.445000 -162.055842 
-0.380000 -152.559418 
-0.315000 -150.660134 
-0.250000 -141.163710 
-0.185000 -133.566572 
-0.120000 -135.465856 
-0.055000 -135.465856 
0.010000 -114.573725 
0.075000 -112.674440 
0.140000 -101.278732 
0.205000 -78.487316 
0.270000 -59.494470 
0.335000 -53.796616 
0.400000 -31.005200 
0.465000 -8.213784 
0.530000 -0.616645 
0.595000 6.980493 
0.660000 3.181924 
0.725000 1.282639 
0.790000 24.074055 
0.855000 37.369048 
0.920000 39.268333 
0.985000 58.261179 
1.050000 60.160464 
1.115000 63.959033 
1.180000 69.656887 
1.245000 71.556172 
1.310000 82.951880 
1.375000 94.347588 
1.440000 94.347588 
1.505000 103.844011 
1.570000 103.844011 
1.635000 111.441150 
1.700000 122.836858 
1.765000 120.937573 
1.830000 128.534712 
1.895000 130.433997 
1.960000 141.829705 
2.025000 151.326128 
2.090000 155.124697 
2.155000 158.923266 
2.220000 164.621120 
2.285000 172.218259 
2.350000 179.815398 
2.415000 187.412536 
2.480000 191.211106 
2.455000 191.211106 
2.390000 196.908960 
2.325000 219.700376 
2.260000 212.103237 
2.195000 215.901806 
2.130000 229.196799 
2.065000 227.297514 
2.000000 221.599660 
1.935000 231.096084 
1.870000 221.599660 
1.805000 221.599660 
1.740000 223.498945 
1.675000 221.599660 
1.610000 212.103237 
1.545000 219.700376 
1.480000 214.002522 
1.415000 221.599660 
1.350000 221.599660 
1.285000 214.002522 
1.220000 215.901806 
1.155000 212.103237 
1.090000 202.606814 
1.025000 215.901806 
0.960000 193.110390 
0.895000 196.908960 
0.830000 191.211106 
0.765000 179.815398 
0.700000 179.815398 
0.635000 179.815398 
0.570000 176.016828 
0.505000 164.621120 
0.440000 166.520405 
0.375000 168.419690 
0.310000 160.822551 
0.245000 143.728989 
0.180000 139.930420 
0.115000 143.728989 
0.050000 136.131851 
-0.015000 124.736143 
-0.080000 124.736143 
-0.145000 117.139004 
-0.210000 113.340435 
-0.275000 100.045442 
-0.340000 84.851165 
-0.405000 31.671194 
-0.470000 -2.515930 
-0.535000 -4.415215 
-0.600000 -17.710207 
-0.665000 -34.803769 
-0.730000 -44.300193 
-0.795000 -38.602339 
-0.860000 -46.199477 
-0.925000 -44.300193 
-0.990000 -55.695901 
-1.055000 -63.293039 
-1.120000 -67.091609 
-1.185000 -74.688747 
-1.250000 -76.588032 
-1.315000 -82.285886 
-1.380000 -82.285886 
-1.445000 -97.480163 
-1.510000 -97.480163 
-1.575000 -110.775156 
-1.640000 -116.473010 
-1.705000 -122.170864 
-1.770000 -127.868718 
-1.835000 -137.365141 
-1.900000 -137.365141 
-1.965000 -144.962280 
-2.030000 -148.760849 
-2.095000 -152.559418 
-2.160000 -160.156557 
-2.225000 -156.357988 
-2.290000 -160.156557 
-2.355000 -181.048688 
-2.420000 -188.645827 
-2.485000 -182.947973 
-2.450000 -196.242966 
-2.385000 -203.840104 
-2.320000 -205.739389 
-2.255000 -207.638674 
-2.190000 -217.135097 
-2.125000 -211.437243 
-2.060000 -220.933666 
-1.995000 -220.933666 
-1.930000 -211.437243 
-1.865000 -226.631520 
-1.800000 -230.430090 
-1.735000 -213.336528 
-1.670000 -220.933666 
-1.605000 -219.034382 
-1.540000 -217.135097 
-1.475000 -217.135097 
-1.410000 -200.041535 
-1.345000 -203.840104 
-1.280000 -200.041535 
-1.215000 -188.645827 
-1.150000 -207.638674 
-1.085000 -203.840104 
-1.020000 -182.947973 
-0.955000 -182.947973 
-0.890000 -184.847258 
-0.825000 -184.847258 
-0.760000 -181.048688 
-0.695000 -177.250119 
-0.630000 -167.753696 
-0.565000 -165.854411 
-0.500000 -169.652980 
-0.435000 -158.257272 
-0.370000 -156.357988 
-0.305000 -150.660134 
-0.240000 -137.365141 
-0.175000 -139.264426 
-0.110000 -125.969433 
-0.045000 -118.372294 
0.020000 -120.271579 
0.085000 -114.573725 
0.150000 -103.178017 
0.215000 -86.084455 
0.280000 -76.588032 
0.345000 -67.091609 
0.410000 -51.897331 
0.475000 -38.602339 
0.540000 -12.012353 
0.605000 10.779063 
0.670000 20.275486 
0.735000 6.980493 
0.800000 33.570479 
0.865000 39.268333 
0.930000 54.462610 
0.995000 63.959033 
1.060000 69.656887 
1.125000 69.656887 
1.190000 77.254026 
1.255000 75.354741 
1.320000 82.951880 
1.385000 88.649734 
1.450000 88.649734 
1.515000 94.347588 
1.580000 100.045442 
1.645000 107.642581 
1.710000 109.541865 
1.775000 119.038289 
1.840000 130.433997 
1.905000 138.031135 
1.970000 151.326128 
2.035000 151.326128 
2.100000 151.326128 
2.165000 168.419690 
2.230000 168.419690 
2.295000 176.016828 
2.360000 181.714682 
2.425000 187.412536 
2.490000 196.908960 
2.445000 191.211106 
2.380000 204.506098 
2.315000 212.103237 
2.250000 221.599660 
2.185000 223.498945 
2.120000 214.002522 
2.055000 223.498945 
1.990000 229.196799 
1.925000 212.103237 
1.860000 231.096084 
1.795000 221.599660 
1.730000 217.801091 
1.665000 227.297514 
1.600000 219.700376 
1.535000 214.002522 
1.470000 221.599660 
1.405000 208.304668 
1.340000 214.002522 
1.275000 215.901806 
1.210000 204.506098 
1.145000 204.506098 
1.080000 208.304668 
1.015000 200.707529 
0.950000 196.908960 
0.885000 193.110390 
0.820000 181.714682 
0.755000 185.513252 
0.690000 179.815398 
0.625000 170.318974 
0.560000 172.218259 
0.495000 166.520405 
0.430000 166.520405 
0.365000 130.433997 
0.300000 143.728989 
0.235000 145.628274 
0.170000 145.628274 
0.105000 136.131851 
0.040000 134.232566 
-0.025000 124.736143 
-0.090000 122.836858 
-0.155000 120.937573 
-0.220000 113.340435 
-0.285000 103.844011 
-0.350000 92.448303 
-0.415000 27.872625 
-0.480000 -4.415215 
-0.545000 -13.911638 
-0.610000 -23.408061 
-0.675000 -36.703054 
-0.740000 -42.400908 
-0.805000 -46.199477 
-0.870000 -49.998047 
-0.935000 -46.199477 
-1.000000 -44.300193 
-1.065000 -67.091609 
-1.130000 -63.293039 
-1.195000 -68.990893 
-1.260000 -80.386601 
-1.325000 -82.285886 
-1.390000 -80.386601 
-1.455000 -87.983740 
-1.520000 -97.480163 
-1.585000 -114.573725 
-1.650000 -118.372294 
-1.715000 -118.372294 
-1.780000 -131.667287 
-1.845000 -129.768002 
-1.910000 -135.465856 
-1.975000 -148.760849 
-2.040000 -154.458703 
-2.105000 -150.660134 
-2.170000 -169.652980 
-2.235000 -167.753696 
-2.300000 -167.753696 
-2.365000 -175.350834 
-2.430000 -182.947973 
-2.495000 -182.947973 
-2.440000 -190.545112 
-2.375000 -201.940820 
-2.310000 -230.430090 
-2.245000 -209.537958 
-2.180000 -211.437243 
-2.115000 -251.322221 
-2.050000 -224.732236 
-1.985000 -224.732236 
-1.920000 -217.135097 
-1.855000 -217.135097 
-1.790000 -228.530805 
-1.725000 -217.135097 
-1.660000 -219.034382 
-1.595000 -226.631520 
-1.530000 -207.638674 
-1.465000 -213.336528 
-1.400000 -211.437243 
-1.335000 -203.840104 
-1.270000 -207.638674 
-1.205000 -194.343681 
-1.140000 -196.242966 
-1.075000 -198.142250 
-1.010000 -196.242966 
-0.945000 -182.947973 
-0.880000 -190.545112 
-0.815000 -184.847258 
-0.750000 -181.048688 
-0.685000 -175.350834 
-0.620000 -181.048688 
-0.555000 -167.753696 
-0.490000 -162.055842 
-0.425000 -165.854411 
-0.360000 -160.156557 
-0.295000 -143.062995 
-0.230000 -144.962280 
-0.165000 -129.768002 
-0.100000 -137.365141 
-0.035000 -122.170864 
0.030000 -108.875871 
0.095000 -106.976586 
0.160000 -105.077302 
0.225000 -84.185170 
0.290000 -67.091609 
0.355000 -67.091609 
0.420000 -51.897331 
0.485000 -29.105915 
0.550000 -38.602339 
0.615000 -0.616645 
0.680000 31.671194 
0.745000 37.369048 
0.810000 41.167617 
0.875000 44.966187 
0.940000 43.066902 
1.005000 60.160464 
1.070000 62.059749 
1.135000 65.858318 
1.200000 75.354741 
1.265000 77.254026 
1.330000 79.153311 
1.395000 86.750449 
1.460000 92.448303 
1.525000 92.448303 
1.590000 96.246873 
1.655000 109.541865 
1.720000 115.239719 
1.785000 120.937573 
1.850000 132.333281 
1.915000 141.829705 
1.980000 145.628274 
2.045000 147.527558 
2.110000 155.124697 
2.175000 158.923266 
2.240000 181.714682 
2.305000 181.714682 
2.370000 151.326128 
2.435000 187.412536 
2.500000 191.211106 
2.435000 181.714682 
2.370000 202.606814 
2.305000 208.304668 
2.240000 223.498945 
2.175000 219.700376 
2.110000 217.801091 
2.045000 225.398230 
1.980000 214.002522 
1.915000 229.196799 
1.850000 234.894653 
1.785000 217.801091 
1.720000 215.901806 
1.655000 227.297514 
1.590000 217.801091 
1.525000 221.599660 
1.460000 221.599660 
1.395000 212.103237 
1.330000 210.203952 
1.265000 206.405383 
1.200000 208.304668 
1.135000 208.304668 
1.070000 204.506098 
1.005000 200.707529 
0.940000 191.211106 
0.875000 189.311821 
0.810000 179.815398 
0.745000 179.815398 
0.680000 181.714682 
0.615000 181.714682 
0.550000 168.419690 
0.485000 166.520405 
0.420000 164.621120 
0.355000 149.426843 
0.290000 145.628274 
0.225000 145.628274 
0.160000 141.829705 
0.095000 132.333281 
0.030000 136.131851 
-0.035000 134.232566 
-0.100000 119.038289 
-0.165000 96.246873 
-0.230000 107.642581 
-0.295000 107.642581 
-0.360000 82.951880 
-0.425000 33.570479 
-0.490000 8.879778 
-0.555000 -10.113069 
-0.620000 -27.206631 
-0.685000 -29.105915 
-0.750000 -42.400908 
-0.815000 -46.199477 
-0.880000 -36.703054 
-0.945000 -46.199477 
-1.010000 -49.998047 
-1.075000 -55.695901 
-1.140000 -51.897331 
-1.205000 -70.890178 
-1.270000 -72.789462 
-1.335000 -74.688747 
-1.400000 -89.883024 
-1.465000 -91.782309 
-1.530000 -99.379448 
-1.595000 -110.775156 
-1.660000 -122.170864 
-1.725000 -125.969433 
-1.790000 -127.868718 
-1.855000 -139.264426 
-1.920000 -144.962280 
-1.985000 -146.861564 
-2.050000 -160.156557 
-2.115000 -158.257272 
-2.180000 -160.156557 
-2.245000 -165.854411 
-2.310000 -175.350834 
-2.375000 -179.149404 
-2.440000 -175.350834 
-2.495000 -190.545112 
-2.430000 -194.343681 
-2.365000 -215.235812 
-2.300000 -211.437243 
-2.235000 -211.437243 
-2.170000 -205.739389 
-2.105000 -213.336528 
-2.040000 -220.933666 
-1.975000 -247.523652 
-1.910000 -226.631520 
-1.845000 -215.235812 
-1.780000 -211.437243 
-1.715000 -226.631520 
-1.650000 -215.235812 
-1.585000 -226.631520 
-1.520000 -219.034382 
-1.455000 -207.638674 
-1.390000 -211.437243 
-1.325000 -215.235812 
-1.260000 -194.343681 
-1.195000 -203.840104 
-1.130000 -194.343681 
-1.065000 -184.847258 
-1.000000 -200.041535 
-0.935000 -192.444396 
-0.870000 -186.746542 
-0.805000 -184.847258 
-0.740000 -175.350834 
-0.675000 -177.250119 
-0.610000 -167.753696 
-0.545000 -167.753696 
-0.480000 -160.156557 
-0.415000 -150.660134 
-0.350000 -152.559418 
-0.285000 -148.760849 
-0.220000 -150.660134 
-0.155000 -139.264426 
-0.090000 -124.070148 
-0.025000 -122.170864 
0.040000 -120.271579 
0.105000 -105.077302 
0.170000 -95.580878 
0.235000 -72.789462 
0.300000 -68.990893 
0.365000 -44.300193 
0.430000 -32.904485 
0.495000 -34.803769 
0.560000 -15.810923 
0.625000 1.282639 
0.690000 16.476917 
0.755000 27.872625 
0.820000 35.469763 
0.885000 39.268333 
0.950000 46.865471 
1.015000 58.261179 
1.080000 62.059749 
1.145000 60.160464 
1.210000 75.354741 
1.275000 82.951880 
1.340000 82.951880 
1.405000 90.549019 
1.470000 94.347588 
1.535000 98.146157 
1.600000 105.743296 
1.665000 111.441150 
1.730000 122.836858 
1.795000 130.433997 
1.860000 128.534712 
1.925000 130.433997 
1.990000 136.131851 
2.055000 153.225412 
2.120000 155.124697 
2.185000 164.621120 
2.250000 177.916113 
2.315000 170.318974 
2.380000 183.613967 
2.445000 185.513252 
2.490000 202.606814 
2.425000 196.908960 
2.360000 210.203952 
2.295000 221.599660 
2.230000 208.304668 
2.165000 221.599660 
2.100000 231.096084 
2.035000 214.002522 
1.970000 219.700376 
1.905000 229.196799 
1.840000 225.398230 
1.775000 221.599660 
1.710000 219.700376 
1.645000 217.801091 
1.580000 225.398230 
1.515000 215.901806 
1.450000 215.901806 
1.385000 223.498945 
1.320000 212.103237 
1.255000 208.304668 
1.190000 215.901806 
1.125000 206.405383 
1.060000 195.009675 
0.995000 196.908960 
0.930000 193.110390 
0.865000 189.311821 
0.800000 191.211106 
0.735000 185.513252 
0.670000 177.916113 
0.605000 168.419690 
0.540000 172.218259 
0.475000 166.520405 
0.410000 160.822551 
0.345000 158.923266 
0.280000 147.527558 
0.215000 145.628274 
0.150000 149.426843 
0.085000 132.333281 
0.020000 132.333281 
-0.045000 130.433997 
-0.110000 119.038289 
-0.175000 113.340435 
-0.240000 107.642581 
-0.305000 105.743296 
-0.370000 73.455457 
-0.435000 16.476917 
-0.500000 8.879778 
-0.565000 -15.810923 
-0.630000 -21.508777 
-0.695000 -38.602339 
-0.760000 -51.897331 
-0.825000 -44.300193 
-0.890000 -48.098762 
-0.955000 -57.595185 
-1.020000 -53.796616 
-1.085000 -57.595185 
-1.150000 -61.393755 
-1.215000 -72.789462 
-1.280000 -70.890178 
-1.345000 -76.588032 
-1.410000 -91.782309 
-1.475000 -91.782309 
-1.540000 -99.379448 
-1.605000 -116.473010 
-1.670000 -112.674440 
-1.735000 -129.768002 
-1.800000 -135.465856 
-1.865000 -127.868718 
-1.930000 -143.062995 
-1.995000 -150.660134 
-2.060000 -150.660134 
-2.125000 -160.156557 
-2.190000 -171.552265 
-2.255000 -158.257272 
-2.320000 -177.250119 
-2.385000 -184.847258 
-2.450000 -179.149404 
-2.485000 -194.343681 
-2.420000 -198.142250 
-2.355000 -196.242966 
-2.290000 -203.840104 
-2.225000 -211.437243 
-2.160000 -211.437243 
-2.095000 -213.336528 
-2.030000 -217.135097 
-1.965000 -224.732236 
-1.900000 -215.235812 
-1.835000 -219.034382 
-1.770000 -213.336528 
-1.705000 -222.832951 
-1.640000 -220.933666 
-1.575000 -219.034382 
-1.510000 -222.832951 
-1.445000 -219.034382 
-1.380000 -238.027228 
-1.315000 -209.537958 
-1.250000 -209.537958 
-1.185000 -192.444396 
-1.120000 -196.242966 
-1.055000 -194.343681 
-0.990000 -186.746542 
-0.925000 -190.545112 
-0.860000 -181.048688 
-0.795000 -179.149404 
-0.730000 -186.746542 
-0.665000 -181.048688 
-0.600000 -179.149404 
-0.535000 -162.055842 
-0.470000 -158.257272 
-0.405000 -154.458703 
-0.340000 -154.458703 
-0.275000 -158.257272 
-0.210000 -146.861564 
-0.145000 -131.667287 
-0.080000 -125.969433 
-0.015000 -122.170864 
0.050000 -116.473010 
0.115000 -101.278732 
0.180000 -86.084455 
0.245000 -74.688747 
0.310000 -61.393755 
0.375000 -36.703054 
0.440000 -38.602339 
0.505000 -21.508777 
0.570000 5.081209 
0.635000 16.476917 
0.700000 25.973340 
0.765000 31.671194 
0.830000 33.570479 
0.895000 50.664041 
0.960000 54.462610 
1.025000 52.563325 
1.090000 62.059749 
1.155000 69.656887 
1.220000 79.153311 
1.285000 79.153311 
1.350000 84.851165 
1.415000 92.448303 
1.480000 94.347588 
1.545000 103.844011 
1.610000 115.239719 
1.675000 107.642581 
1.740000 111.441150 
1.805000 120.937573 
1.870000 126.635427 
1.935000 136.131851 
2.000000 139.930420 
2.065000 134.232566 
2.130000 158.923266 
2.195000 166.520405 
2.260000 170.318974 
2.325000 170.318974 
2.390000 181.714682 
2.455000 191.211106 
2.480000 195.009675 
2.415000 204.506098 
2.350000 206.405383 
2.285000 206.405383 
2.220000 212.103237 
2.155000 219.700376 
2.090000 214.002522 
2.025000 234.894653 
1.960000 214.002522 
1.895000 217.801091 
1.830000 221.599660 
1.765000 229.196799 
1.700000 215.901806 
1.635000 227.297514 
1.570000 215.901806 
1.505000 214.002522 
1.440000 214.002522 
1.375000 221.599660 
1.310000 215.901806 
1.245000 206.405383 
1.180000 204.506098 
1.115000 198.808244 
1.050000 196.908960 
0.985000 195.009675 
0.920000 202.606814 
0.855000 183.613967 
0.790000 191.211106 
0.725000 187.412536 
0.660000 179.815398 
0.595000 179.815398 
0.530000 176.016828 
0.465000 160.822551 
0.400000 166.520405 
0.335000 160.822551 
0.270000 149.426843 
0.205000 145.628274 
0.140000 141.829705 
0.075000 138.031135 
0.010000 128.534712 
-0.055000 134.232566 
-0.120000 128.534712 
-0.185000 109.541865 
-0.250000 113.340435 
-0.315000 94.347588 
-0.380000 75.354741 
-0.445000 22.174771 
-0.510000 1.282639 
-0.575000 -12.012353 
-0.640000 -19.609492 
-0.705000 -40.501623 
-0.770000 -46.199477 
-0.835000 -46.199477 
-0.900000 -49.998047 
-0.965000 -48.098762 
-1.030000 -57.595185 
-1.095000 -53.796616 
-1.160000 -61.393755 
-1.225000 -67.091609 
-1.290000 -87.983740 
-1.355000 -80.386601 
-1.420000 -89.883024 
-1.485000 -99.379448 
-1.550000 -103.178017 
-1.615000 -118.372294 
-1.680000 -120.271579 
-1.745000 -133.566572 
-1.810000 -133.566572 
-1.875000 -129.768002 
-1.940000 -144.962280 
-2.005000 -158.257272 
-2.070000 -154.458703 
-2.135000 -160.156557 
-2.200000 -163.955126 
-2.265000 -173.451550 
-2.330000 -169.652980 
-2.395000 -181.048688 
-2.460000 -196.242966 
-2.475000 -196.242966 
-2.410000 -196.242966 
-2.345000 -205.739389 
-2.280000 -211.437243 
-2.215000 -224.732236 
-2.150000 -220.933666 
-2.085000 -219.034382 
-2.020000 -213.336528 
-1.955000 -222.832951 
-1.890000 -222.832951 
-1.825000 -226.631520 
-1.760000 -226.631520 
-1.695000 -209.537958 
-1.630000 -219.034382 
-1.565000 -222.832951 
-1.500000 -213.336528 
-1.435000 -220.933666 
-1.370000 -209.537958 
-1.305000 -211.437243 
-1.240000 -211.437243 
-1.175000 -198.142250 
-1.110000 -188.645827 
-1.045000 -190.545112 
-0.980000 -182.947973 
-0.915000 -181.048688 
-0.850000 -194.343681 
-0.785000 -182.947973 
-0.720000 -167.753696 
-0.655000 -181.048688 
-0.590000 -167.753696 
-0.525000 -167.753696 
-0.460000 -158.257272 
-0.395000 -150.660134 
-0.330000 -150.660134 
-0.265000 -133.566572 
-0.200000 -141.163710 
-0.135000 -143.062995 
-0.070000 -135.465856 
-0.005000 -122.170864 
0.060000 -116.473010 
0.125000 -106.976586 
0.190000 -86.084455 
0.255000 -67.091609 
0.320000 -57.595185 
0.385000 -34.803769 
0.450000 -23.408061 
0.515000 -8.213784 
0.580000 -4.415215 
0.645000 6.980493 
0.710000 14.577632 
0.775000 29.771909 
0.840000 33.570479 
0.905000 63.959033 
0.970000 52.563325 
1.035000 54.462610 
1.100000 60.160464 
1.165000 63.959033 
1.230000 65.858318 
1.295000 86.750449 
1.360000 92.448303 
1.425000 92.448303 
1.490000 101.944727 
1.555000 92.448303 
1.620000 101.944727 
1.685000 113.340435 
1.750000 113.340435 
1.815000 120.937573 
1.880000 122.836858 
1.945000 138.031135 
2.010000 141.829705 
2.075000 153.225412 
2.140000 164.621120 
2.205000 160.822551 
2.270000 168.419690 
2.335000 179.815398 
2.400000 177.916113 
2.465000 187.412536 
2.470000 202.606814 
2.405000 198.808244 
2.340000 198.808244 
2.275000 214.002522 
2.210000 215.901806 
2.145000 208.304668 
2.080000 236.793938 
2.015000 219.700376 
1.950000 219.700376 
1.885000 219.700376 
1.820000 219.700376 
1.755000 225.398230 
1.690000 227.297514 
1.625000 221.599660 
1.560000 221.599660 
1.495000 219.700376 
1.430000 215.901806 
1.365000 219.700376 
1.300000 208.304668 
1.235000 214.002522 
1.170000 202.606814 
1.105000 195.009675 
1.040000 198.808244 
0.975000 196.908960 
0.910000 198.808244 
0.845000 183.613967 
0.780000 189.311821 
0.715000 177.916113 
0.650000 179.815398 
0.585000 183.613967 
0.520000 168.419690 
0.455000 162.721836 
0.390000 160.822551 
0.325000 158.923266 
0.260000 153.225412 
0.195000 139.930420 
0.130000 141.829705 
0.065000 138.031135 
-0.000000 128.534712 
-0.065000 124.736143 
-0.130000 122.836858 
-0.195000 119.038289 
-0.260000 105.743296 
-0.325000 88.649734 
-0.390000 39.268333 
-0.455000 1.282639 
-0.520000 -4.415215 
-0.585000 -13.911638 
-0.650000 -27.206631 
-0.715000 -40.501623 
-0.780000 -48.098762 
-0.845000 -53.796616 
-0.910000 -46.199477 
-0.975000 -48.098762 
-1.040000 -67.091609 
-1.105000 -63.293039 
-1.170000 -63.293039 
-1.235000 -80.386601 
-1.300000 -76.588032 
-1.365000 -82.285886 
-1.430000 -114.573725 
-1.495000 -95.580878 
-1.560000 -110.775156 
-1.625000 -108.875871 
-1.690000 -125.969433 
-1.755000 -133.566572 
-1.820000 -150.660134 
-1.885000 -137.365141 
-1.950000 -144.962280 
-2.015000 -169.652980 
-2.080000 -156.357988 
-2.145000 -160.156557 
-2.210000 -158.257272 
-2.275000 -169.652980 
-2.340000 -182.947973 
-2.405000 -184.847258 
-2.470000 -194.343681 
-2.465000 -190.545112 
-2.400000 -205.739389 
-2.335000 -209.537958 
-2.270000 -209.537958 
-2.205000 -209.537958 
-2.140000 -219.034382 
-2.075000 -213.336528 
-2.010000 -219.034382 
-1.945000 -220.933666 
-1.880000 -226.631520 
-1.815000 -211.437243 
-1.750000 -220.933666 
-1.685000 -219.034382 
-1.620000 -213.336528 
-1.555000 -226.631520 
-1.490000 -215.235812 
-1.425000 -220.933666 
-1.360000 -215.235812 
-1.295000 -203.840104 
-1.230000 -205.739389 
-1.165000 -213.336528 
-1.100000 -188.645827 
-1.035000 -182.947973 
-0.970000 -201.940820 
-0.905000 -190.545112 
-0.840000 -184.847258 
-0.775000 -184.847258 
-0.710000 -175.350834 
-0.645000 -171.552265 
-0.580000 -171.552265 
-0.515000 -169.652980 
-0.450000 -162.055842 
-0.385000 -152.559418 
-0.320000 -150.660134 
-0.255000 -143.062995 
-0.190000 -137.365141 
-0.125000 -137.365141 
-0.060000 -137.365141 
0.005000 -129.768002 
0.070000 -112.674440 
0.135000 -105.077302 
0.200000 -89.883024 
0.265000 -72.789462 
0.330000 -61.393755 
0.395000 -42.400908 
0.460000 -29.105915 
0.525000 -8.213784 
0.590000 -0.616645 
0.655000 6.980493 
0.720000 18.376201 
0.785000 44.966187 
0.850000 39.268333 
0.915000 43.066902 
0.980000 52.563325 
1.045000 60.160464 
1.110000 62.059749 
1.175000 67.757603 
1.240000 82.951880 
1.305000 75.354741 
1.370000 81.052595 
1.435000 90.549019 
1.500000 90.549019 
1.565000 98.146157 
1.630000 107.642581 
1.695000 92.448303 
1.760000 117.139004 
1.825000 119.038289 
1.890000 126.635427 
1.955000 134.232566 
2.020000 155.124697 
2.085000 160.822551 
2.150000 158.923266 
2.215000 153.225412 
2.280000 147.527558 
2.345000 174.117544 
2.410000 185.513252 
2.475000 193.110390 
2.460000 193.110390 
2.395000 204.506098 
2.330000 208.304668 
2.265000 217.801091 
2.200000 208.304668 
2.135000 214.002522 
2.070000 223.498945 
2.005000 221.599660 
1.940000 221.599660 
1.875000 219.700376 
1.810000 217.801091 
1.745000 225.398230 
1.680000 223.498945 
1.615000 219.700376 
1.550000 225.398230 
1.485000 210.203952 
1.420000 221.599660 
1.355000 221.599660 
1.290000 204.506098 
1.225000 204.506098 
1.160000 210.203952 
1.095000 202.606814 
1.030000 195.009675 
0.965000 196.908960 
0.900000 195.009675 
0.835000 193.110390 
0.770000 189.311821 
0.705000 179.815398 
0.640000 177.916113 
0.575000 174.117544 
0.510000 168.419690 
0.445000 168.419690 
0.380000 157.023982 
0.315000 160.822551 
0.250000 151.326128 
0.185000 147.527558 
0.120000 141.829705 
0.055000 145.628274 
-0.010000 130.433997 
-0.075000 122.836858 
-0.140000 128.534712 
-0.205000 115.239719 
-0.270000 101.944727 
-0.335000 86.750449 
-0.400000 29.771909 
-0.465000 6.980493 
-0.530000 -12.012353 
-0.595000 -21.508777 
-0.660000 -29.105915 
-0.725000 -42.400908 
-0.790000 -48.098762 
-0.855000 -46.199477 
-0.920000 -55.695901 
-0.985000 -51.897331 
-1.050000 -57.595185 
-1.115000 -65.192324 
-1.180000 -59.494470 
-1.245000 -76.588032 
-1.310000 -82.285886 
-1.375000 -86.084455 
-1.440000 -89.883024 
-1.505000 -97.480163 
-1.570000 -118.372294 
-1.635000 -114.573725 
-1.700000 -118.372294 
-1.765000 -139.264426 
-1.830000 -135.465856 
-1.895000 -141.163710 
-1.960000 -150.660134 
-2.025000 -181.048688 
-2.090000 -160.156557 
-2.155000 -165.854411 
-2.220000 -163.955126 
-2.285000 -165.854411 
-2.350000 -190.545112 
-2.415000 -182.947973 
-2.480000 -200.041535 
-2.455000 -198.142250 
-2.390000 -203.840104 
-2.325000 -215.235812 
-2.260000 -215.235812 
-2.195000 -213.336528 
-2.130000 -213.336528 
-2.065000 -217.135097 
-2.000000 -209.537958 
-1.935000 -226.631520 
-1.870000 -219.034382 
-1.805000 -213.336528 
-1.740000 -222.832951 
-1.675000 -220.933666 
-1.610000 -209.537958 
-1.545000 -222.832951 
-1.480000 -215.235812 
-1.415000 -211.437243 
-1.350000 -215.235812 
-1.285000 -205.739389 
-1.220000 -201.940820 
-1.155000 -203.840104 
-1.090000 -184.847258 
-1.025000 -194.343681 
-0.960000 -184.847258 
-0.895000 -181.048688 
-0.830000 -182.947973 
-0.765000 -188.645827 
-0.700000 -171.552265 
-0.635000 -167.753696 
-0.570000 -169.652980 
-0.505000 -163.955126 
-0.440000 -169.652980 
-0.375000 -146.861564 
-0.310000 -154.458703 
-0.245000 -143.062995 
-0.180000 -133.566572 
-0.115000 -137.365141 
-0.050000 -131.667287 
0.015000 -120.271579 
0.080000 -114.573725 
0.145000 -105.077302 
0.210000 -89.883024 
0.275000 -80.386601 
0.340000 -55.695901 
0.405000 -38.602339 
0.470000 -29.105915 
0.535000 -10.113069 
0.600000 3.181924 
0.665000 5.081209 
0.730000 -12.012353 
0.795000 33.570479 
0.860000 31.671194 
0.925000 52.563325 
0.990000 73.455457 
1.055000 62.059749 
1.120000 60.160464 
1.185000 79.153311 
1.250000 73.455457 
1.315000 82.951880 
1.380000 81.052595 
1.445000 96.246873 
1.510000 96.246873 
1.575000 101.944727 
1.640000 100.045442 
1.705000 113.340435 
1.770000 120.937573 
1.835000 130.433997 
1.900000 126.635427 
1.965000 139.930420 
2.030000 149.426843 
2.095000 157.023982 
2.160000 170.318974 
2.225000 160.822551 
2.290000 174.117544 
2.355000 155.124697 
2.420000 181.714682 
2.485000 195.009675 
2.450000 189.311821 
2.385000 204.506098 
2.320000 204.506098 
2.255000 196.908960 
2.190000 215.901806 
2.125000 225.398230 
2.060000 206.405383 
1.995000 219.700376 
1.930000 227.297514 
1.865000 227.297514 
1.800000 227.297514 
1.735000 229.196799 
1.670000 225.398230 
1.605000 229.196799 
1.540000 227.297514 
1.475000 214.002522 
1.410000 221.599660 
1.345000 215.901806 
1.280000 210.203952 
1.215000 200.707529 
1.150000 210.203952 
1.085000 202.606814 
1.020000 196.908960 
0.955000 191.211106 
0.890000 196.908960 
0.825000 195.009675 
0.760000 187.412536 
0.695000 181.714682 
0.630000 179.815398 
0.565000 168.419690 
0.500000 172.218259 
0.435000 168.419690 
0.370000 157.023982 
0.305000 155.124697 
0.240000 158.923266 
0.175000 143.728989 
0.110000 141.829705 
0.045000 145.628274 
-0.020000 134.232566 
-0.085000 122.836858 
-0.150000 120.937573 
-0.215000 122.836858 
-0.280000 107.642581 
-0.345000 75.354741 
-0.410000 31.671194 
-0.475000 1.282639 
-0.540000 -12.012353 
-0.605000 -15.810923 
-0.670000 -40.501623 
-0.735000 -44.300193 
-0.800000 -38.602339 
-0.865000 -48.098762 
-0.930000 -44.300193 
-0.995000 -49.998047 
-1.060000 -63.293039 
-1.125000 -63.293039 
-1.190000 -67.091609 
-1.255000 -80.386601 
-1.320000 -78.487316 
-1.385000 -87.983740 
-1.450000 -143.062995 
-1.515000 -89.883024 
-1.580000 -110.775156 
-1.645000 -120.271579 
-1.710000 -124.070148 
-1.775000 -137.365141 
-1.840000 -133.566572 
-1.905000 -148.760849 
-1.970000 -150.660134 
-2.035000 -158.257272 
-2.100000 -156.357988 
-2.165000 -165.854411 
-2.230000 -167.753696 
-2.295000 -173.451550 
-2.360000 -184.847258 
-2.425000 -181.048688 
-2.490000 -207.638674 
-2.445000 -203.840104 
-2.380000 -198.142250 
-2.315000 -203.840104 
-2.250000 -209.537958 
-2.185000 -219.034382 
-2.120000 -215.235812 
-2.055000 -219.034382 
-1.990000 -215.235812 
-1.925000 -226.631520 
-1.860000 -222.832951 
-1.795000 -219.034382 
-1.730000 -222.832951 
-1.665000 -211.437243 
-1.600000 -211.437243 
-1.535000 -234.228659 
-1.470000 -211.437243 
-1.405000 -209.537958 
-1.340000 -215.235812 
-1.275000 -198.142250 
-1.210000 -207.638674 
-1.145000 -205.739389 
-1.080000 -196.242966 
-1.015000 -190.545112 
-0.950000 -179.149404 
-0.885000 -186.746542 
-0.820000 -190.545112 
-0.755000 -182.947973 
-0.690000 -173.451550 
-0.625000 -171.552265 
-0.560000 -169.652980 
-0.495000 -165.854411 
-0.430000 -158.257272 
-0.365000 -152.559418 
-0.300000 -154.458703 
-0.235000 -144.962280 
-0.170000 -139.264426 
-0.105000 -133.566572 
-0.040000 -139.264426 
0.025000 -124.070148 
0.090000 -118.372294 
0.155000 -108.875871 
0.220000 -87.983740 
0.285000 -72.789462 
0.350000 -59.494470 
0.415000 -38.602339 
0.480000 -29.105915 
0.545000 -4.415215 
0.610000 -0.616645 
0.675000 12.678347 
0.740000 27.872625 
0.805000 41.167617 
0.870000 39.268333 
0.935000 50.664041 
1.000000 50.664041 
1.065000 67.757603 
1.130000 60.160464 
1.195000 69.656887 
1.260000 84.851165 
1.325000 82.951880 
1.390000 82.951880 
1.455000 88.649734 
1.520000 100.045442 
1.585000 100.045442 
1.650000 103.844011 
1.715000 109.541865 
1.780000 119.038289 
1.845000 138.031135 
1.910000 130.433997 
1.975000 141.829705 
2.040000 149.426843 
2.105000 155.124697 
2.170000 164.621120 
2.235000 166.520405 
2.300000 170.318974 
2.365000 181.714682 
2.430000 191.211106 
2.495000 196.908960 
2.440000 206.405383 
2.375000 202.606814 
2.310000 210.203952 
2.245000 217.801091 
2.180000 195.009675 
2.115000 229.196799 
2.050000 225.398230 
1.985000 191.211106 
1.920000 225.398230 
1.855000 227.297514 
1.790000 217.801091 
1.725000 234.894653 
1.660000 223.498945 
1.595000 217.801091 
1.530000 232.995368 
1.465000 214.002522 
1.400000 219.700376 
1.335000 219.700376 
1.270000 208.304668 
1.205000 198.808244 
1.140000 210.203952 
1.075000 200.707529 
1.010000 198.808244 
0.945000 189.311821 
0.880000 195.009675 
0.815000 193.110390 
0.750000 179.815398 
0.685000 183.613967 
0.620000 181.714682 
0.555000 170.318974 
0.490000 170.318974 
0.425000 166.520405 
0.360000 153.225412 
0.295000 158.923266 
0.230000 162.721836 
0.165000 139.930420 
0.100000 145.628274 
0.035000 136.131851 
-0.030000 136.131851 
-0.095000 126.635427 
-0.160000 122.836858 
-0.225000 111.441150 
-0.290000 103.844011 
-0.355000 79.153311 
-0.420000 25.973340 
-0.485000 3.181924 
-0.550000 -8.213784 
-0.615000 -23.408061 
-0.680000 -38.602339 
-0.745000 -42.400908 
-0.810000 -49.998047 
-0.875000 -49.998047 
-0.940000 -48.098762 
-1.005000 -55.695901 
-1.070000 -61.393755 
-1.135000 -72.789462 
-1.200000 -67.091609 
-1.265000 -70.890178 
-1.330000 -74.688747 
-1.395000 -89.883024 
-1.460000 -87.983740 
-1.525000 -101.278732 
-1.590000 -110.775156 
-1.655000 -116.473010 
-1.720000 -127.868718 
-1.785000 -127.868718 
-1.850000 -143.062995 
-1.915000 -141.163710 
-1.980000 -146.861564 
-2.045000 -165.854411 
-2.110000 -160.156557 
-2.175000 -167.753696 
-2.240000 -160.156557 
-2.305000 -173.451550 
-2.370000 -177.250119 
-2.435000 -184.847258 
-2.500000 -209.537958 
-2.435000 -198.142250 
-2.370000 -209.537958 
-2.305000 -205.739389 
-2.240000 -211.437243 
-2.175000 -209.537958 
-2.110000 -207.638674 
-2.045000 -215.235812 
-1.980000 -211.437243 
-1.915000 -226.631520 
-1.850000 -219.034382 
-1.785000 -222.832951 
-1.720000 -219.034382 
-1.655000 -200.041535 
-1.590000 -219.034382 
-1.525000 -228.530805 
-1.460000 -207.638674 
-1.395000 -219.034382 
-1.330000 -211.437243 
-1.265000 -200.041535 
-1.200000 -205.739389 
-1.135000 -200.041535 
-1.070000 -186.746542 
-1.005000 -188.645827 
-0.940000 -188.645827 
-0.875000 -184.847258 
-0.810000 -186.746542 
-0.745000 -184.847258 
-0.680000 -169.652980 
-0.615000 -179.149404 
-0.550000 -165.854411 
-0.485000 -162.055842 
-0.420000 -156.357988 
-0.355000 -144.962280 
-0.290000 -150.660134 
-0.225000 -137.365141 
-0.160000 -137.365141 
-0.095000 -135.465856 
-0.030000 -125.969433 
0.035000 -127.868718 
0.100000 -116.473010 
0.165000 -105.077302 
0.230000 -86.084455 
0.295000 -72.789462 
0.360000 -53.796616 
0.425000 -32.904485 
0.490000 -21.508777 
0.555000 -6.314499 
0.620000 5.081209 
0.685000 5.081209 
0.750000 29.771909 
0.815000 31.671194 
0.880000 39.268333 
0.945000 44.966187 
1.010000 52.563325 
1.075000 56.361895 
1.140000 65.858318 
1.205000 73.455457 
1.270000 75.354741 
1.335000 82.951880 
1.400000 96.246873 
1.465000 92.448303 
1.530000 96.246873 
1.595000 101.944727 
1.660000 105.743296 
1.725000 113.340435 
1.790000 100.045442 
1.855000 126.635427 
1.920000 139.930420 
1.985000 128.534712 
2.050000 149.426843 
2.115000 157.023982 
2.180000 164.621120 
2.245000 164.621120 
2.310000 179.815398 
2.375000 177.916113 
2.440000 189.311821 
2.495000 196.908960 
2.430000 204.506098 
2.365000 200.707529 
2.300000 215.901806 
2.235000 214.002522 
2.170000 214.002522 
2.105000 236.793938 
2.040000 219.700376 
1.975000 215.901806 
1.910000 232.995368 
1.845000 231.096084 
1.780000 221.599660 
1.715000 225.398230 
1.650000 219.700376 
1.585000 219.700376 
1.520000 221.599660 
1.455000 212.103237 
1.390000 221.599660 
1.325000 217.801091 
1.260000 206.405383 
1.195000 208.304668 
1.130000 196.908960 
1.065000 204.506098 
1.000000 204.506098 
0.935000 195.009675 
0.870000 185.513252 
0.805000 191.211106 
0.740000 187.412536 
0.675000 174.117544 
0.610000 181.714682 
0.545000 168.419690 
0.480000 172.218259 
0.415000 162.721836 
0.350000 155.124697 
0.285000 153.225412 
0.220000 149.426843 
0.155000 149.426843 
0.090000 134.232566 
0.025000 136.131851 
-0.040000 136.131851 
-0.105000 119.038289 
-0.170000 120.937573 
-0.235000 92.448303 
-0.300000 105.743296 
-0.365000 73.455457 
-0.430000 22.174771 
-0.495000 -2.515930 
-0.560000 -21.508777 
-0.625000 -23.408061 
-0.690000 -36.703054 
-0.755000 -46.199477 
-0.820000 -55.695901 
-0.885000 -55.695901 
-0.950000 -57.595185 
-1.015000 -57.595185 
-1.080000 -68.990893 
-1.145000 -72.789462 
-1.210000 -80.386601 
-1.275000 -67.091609 
-1.340000 -82.285886 
-1.405000 -89.883024 
-1.470000 -97.480163 
-1.535000 -108.875871 
-1.600000 -112.674440 
-1.665000 -116.473010 
-1.730000 -125.969433 
-1.795000 -135.465856 
-1.860000 -141.163710 
-1.925000 -148.760849 
-1.990000 -148.760849 
-2.055000 -158.257272 
-2.120000 -162.055842 
-2.185000 -165.854411 
-2.250000 -162.055842 
-2.315000 -177.250119 
-2.380000 -184.847258 
-2.445000 -184.847258 
-2.490000 -213.336528 
-2.425000 -200.041535 
-2.360000 -211.437243 
-2.295000 -207.638674 
-2.230000 -213.336528 
-2.165000 -211.437243 
-2.100000 -219.034382 
-2.035000 -222.832951 
-1.970000 -219.034382 
-1.905000 -220.933666 
-1.840000 -226.631520 
-1.775000 -222.832951 
-1.710000 -220.933666 
-1.645000 -211.437243 
-1.580000 -226.631520 
-1.515000 -222.832951 
-1.450000 -209.537958 
-1.385000 -220.933666 
-1.320000 -205.739389 
-1.255000 -203.840104 
-1.190000 -209.537958 
-1.125000 -188.645827 
-1.060000 -188.645827 
-0.995000 -188.645827 
-0.930000 -179.149404 
-0.865000 -181.048688 
-0.800000 -190.545112 
-0.735000 -173.451550 
-0.670000 -173.451550 
-0.605000 -179.149404 
-0.540000 -167.753696 
-0.475000 -165.854411 
-0.410000 -163.955126 
-0.345000 -152.559418 
-0.280000 -150.660134 
-0.215000 -144.962280 
-0.150000 -139.264426 
-0.085000 -129.768002 
-0.020000 -133.566572 
0.045000 -120.271579 
0.110000 -112.674440 
0.175000 -99.379448 
0.240000 -84.185170 
0.305000 -59.494470 
0.370000 -55.695901 
0.435000 -34.803769 
0.500000 -17.710207 
0.565000 -13.911638 
0.630000 6.980493 
0.695000 8.879778 
0.760000 25.973340 
0.825000 27.872625 
0.890000 39.268333 
0.955000 48.764756 
1.020000 56.361895 
1.085000 75.354741 
1.150000 69.656887 
1.215000 67.757603 
1.280000 77.254026 
1.345000 86.750449 
1.410000 88.649734 
1.475000 98.146157 
1.540000 101.944727 
1.605000 96.246873 
1.670000 107.642581 
1.735000 113.340435 
1.800000 119.038289 
1.865000 130.433997 
1.930000 132.333281 
1.995000 143.728989 
2.060000 155.124697 
2.125000 155.124697 
2.190000 155.124697 
2.255000 164.621120 
2.320000 183.613967 
2.385000 179.815398 
2.450000 191.211106 
2.485000 200.707529 
2.420000 195.009675 
2.355000 200.707529 
2.290000 212.103237 
2.225000 214.002522 
2.160000 212.103237 
2.095000 229.196799 
2.030000 219.700376 
1.965000 210.203952 
1.900000 225.398230 
1.835000 221.599660 
1.770000 219.700376 
1.705000 231.096084 
1.640000 225.398230 
1.575000 221.599660 
1.510000 219.700376 
1.445000 210.203952 
1.380000 219.700376 
1.315000 215.901806 
1.250000 214.002522 
1.185000 198.808244 
1.120000 196.908960 
1.055000 200.707529 
0.990000 195.009675 
0.925000 196.908960 
0.860000 196.908960 
0.795000 189.311821 
0.730000 191.211106 
0.665000 183.613967 
0.600000 174.117544 
0.535000 164.621120 
0.470000 166.520405 
0.405000 166.520405 
0.340000 158.923266 
0.275000 158.923266 
0.210000 147.527558 
0.145000 145.628274 
0.080000 136.131851 
0.015000 134.232566 
-0.050000 130.433997 
-0.115000 119.038289 
-0.180000 122.836858 
-0.245000 113.340435 
-0.310000 100.045442 
-0.375000 79.153311 
-0.440000 25.973340 
-0.505000 -0.616645 
-0.570000 -15.810923 
-0.635000 -21.508777 
-0.700000 -36.703054 
-0.765000 -46.199477 
-0.830000 -42.400908 
-0.895000 -51.897331 
-0.960000 -53.796616 
-1.025000 -59.494470 
-1.090000 -59.494470 
-1.155000 -68.990893 
-1.220000 -78.487316 
-1.285000 -78.487316 
-1.350000 -86.084455 
-1.415000 -86.084455 
-1.480000 -95.580878 
-1.545000 -108.875871 
-1.610000 -120.271579 
-1.675000 -122.170864 
-1.740000 -131.667287 
-1.805000 -133.566572 
-1.870000 -143.062995 
-1.935000 -146.861564 
-2.000000 -143.062995 
-2.065000 -165.854411 
-2.130000 -160.156557 
-2.195000 -158.257272 
-2.260000 -165.854411 
-2.325000 -182.947973 
-2.390000 -177.250119 
-2.455000 -192.444396 
-2.480000 -205.739389 
-2.415000 -205.739389 
-2.350000 -209.537958 
-2.285000 -211.437243 
-2.220000 -217.135097 
-2.155000 -213.336528 
-2.090000 -220.933666 
-2.025000 -220.933666 
-1.960000 -215.235812 
-1.895000 -232.329374 
-1.830000 -222.832951 
-1.765000 -219.034382 
-1.700000 -217.135097 
-1.635000 -209.537958 
-1.570000 -219.034382 
-1.505000 -219.034382 
-1.440000 -213.336528 
-1.375000 -220.933666 
-1.310000 -203.840104 
-1.245000 -205.739389 
-1.180000 -209.537958 
-1.115000 -196.242966 
-1.050000 -182.947973 
-0.985000 -190.545112 
-0.920000 -186.746542 
-0.855000 -182.947973 
-0.790000 -190.545112 
-0.725000 -171.552265 
-0.660000 -165.854411 
-0.595000 -165.854411 
-0.530000 -167.753696 
-0.465000 -162.055842 
-0.400000 -154.458703 
-0.335000 -144.962280 
-0.270000 -143.062995 
-0.205000 -139.264426 
-0.140000 -141.163710 
-0.075000 -135.465856 
-0.010000 -129.768002 
0.055000 -120.271579 
0.120000 -106.976586 
0.185000 -95.580878 
0.250000 -78.487316 
0.315000 -57.595185 
0.380000 -42.400908 
0.445000 -23.408061 
0.510000 -15.810923 
0.575000 -2.515930 
0.640000 6.980493 
0.705000 33.570479 
0.770000 27.872625 
0.835000 39.268333 
0.900000 48.764756 
0.965000 48.764756 
1.030000 60.160464 
1.095000 69.656887 
1.160000 81.052595 
1.225000 69.656887 
1.290000 79.153311 
1.355000 92.448303 
1.420000 84.851165 
1.485000 92.448303 
1.550000 100.045442 
1.615000 98.146157 
1.680000 100.045442 
1.745000 113.340435 
1.810000 119.038289 
1.875000 134.232566 
1.940000 130.433997 
2.005000 155.124697 
2.070000 151.326128 
2.135000 153.225412 
2.200000 166.520405 
2.265000 168.419690 
2.330000 174.117544 
2.395000 181.714682 
2.460000 195.009675 
2.475000 193.110390 
2.410000 191.211106 
2.345000 195.009675 
2.280000 210.203952 
2.215000 206.405383 
2.150000 221.599660 
2.085000 231.096084 
2.020000 217.801091 
1.955000 221.599660 
1.890000 223.498945 
1.825000 196.908960 
1.760000 225.398230 
1.695000 221.599660 
1.630000 204.506098 
1.565000 227.297514 
1.500000 215.901806 
1.435000 214.002522 
1.370000 219.700376 
1.305000 208.304668 
1.240000 204.506098 
1.175000 204.506098 
1.110000 200.707529 
1.045000 195.009675 
0.980000 195.009675 
0.915000 195.009675 
0.850000 189.311821 
0.785000 191.211106 
0.720000 181.714682 
0.655000 176.016828 
0.590000 172.218259 
0.525000 174.117544 
0.460000 160.822551 
0.395000 160.822551 
0.330000 160.822551 
0.265000 157.023982 
0.200000 141.829705 
0.135000 138.031135 
0.070000 143.728989 
0.005000 128.534712 
-0.060000 134.232566 
-0.125000 124.736143 
-0.190000 120.937573 
-0.255000 113.340435 
-0.320000 107.642581 
-0.385000 73.455457 
-0.450000 27.872625 
-0.515000 5.081209 
-0.580000 -6.314499 
-0.645000 -27.206631 
-0.710000 -42.400908 
-0.775000 -44.300193 
-0.840000 -57.595185 
-0.905000 -55.695901 
-0.970000 -48.098762 
-1.035000 -57.595185 
-1.100000 -59.494470 
-1.165000 -63.293039 
-1.230000 -63.293039 
-1.295000 -84.185170 
-1.360000 -76.588032 
-1.425000 -89.883024 
-1.490000 -99.379448 
-1.555000 -99.379448 
-1.620000 -114.573725 
-1.685000 -150.660134 
-1.750000 -129.768002 
-1.815000 -133.566572 
-1.880000 -139.264426 
-1.945000 -146.861564 
-2.010000 -150.660134 
-2.075000 -167.753696 
-2.140000 -162.055842 
-2.205000 -173.451550 
-2.270000 -169.652980 
-2.335000 -177.250119 
-2.400000 -196.242966 
-2.465000 -190.545112 
-2.470000 -209.537958 
-2.405000 -200.041535 
-2.340000 -207.638674 
-2.275000 -209.537958 
-2.210000 -213.336528 
-2.145000 -220.933666 
-2.080000 -222.832951 
-2.015000 -215.235812 
-1.950000 -226.631520 
-1.885000 -228.530805 
-1.820000 -219.034382 
-1.755000 -230.430090 
-1.690000 -226.631520 
-1.625000 -217.135097 
-1.560000 -219.034382 
-1.495000 -222.832951 
-1.430000 -215.235812 
-1.365000 -217.135097 
-1.300000 -207.638674 
-1.235000 -205.739389 
-1.170000 -203.840104 
-1.105000 -194.343681 
-1.040000 -190.545112 
-0.975000 -192.444396 
-0.910000 -177.250119 
-0.845000 -182.947973 
-0.780000 -190.545112 
-0.715000 -171.552265 
-0.650000 -167.753696 
-0.585000 -177.250119 
-0.520000 -165.854411 
-0.455000 -165.854411 
-0.390000 -154.458703 
-0.325000 -143.062995 
-0.260000 -144.962280 
-0.195000 -139.264426 
-0.130000 -137.365141 
-0.065000 -131.667287 
