0.000000 -12.012353 
0.040000 -8.213784 
0.080000 -0.616645 
0.120000 1.282639 
0.160000 6.980493 
0.200000 3.181924 
0.240000 5.081209 
0.280000 1.282639 
0.320000 -0.616645 
0.360000 5.081209 
0.400000 -2.515930 
0.440000 3.181924 
0.480000 1.282639 
0.520000 8.879778 
0.560000 16.476917 
0.600000 27.872625 
0.640000 37.369048 
0.680000 43.066902 
0.720000 52.563325 
0.760000 52.563325 
0.800000 60.160464 
0.840000 62.059749 
0.880000 56.361895 
0.920000 63.959033 
0.960000 65.858318 
1.000000 79.153311 
1.040000 79.153311 
1.080000 82.951880 
1.120000 88.649734 
1.160000 79.153311 
1.200000 88.649734 
1.240000 94.347588 
1.280000 100.045442 
1.320000 100.045442 
1.360000 101.944727 
1.400000 111.441150 
1.440000 107.642581 
1.480000 117.139004 
1.520000 138.031135 
1.560000 130.433997 
1.600000 132.333281 
1.640000 128.534712 
1.680000 138.031135 
1.720000 143.728989 
1.760000 143.728989 
1.800000 149.426843 
1.840000 158.923266 
1.880000 145.628274 
1.920000 155.124697 
1.960000 160.822551 
2.000000 168.419690 
2.040000 162.721836 
2.080000 168.419690 
2.120000 168.419690 
2.160000 183.613967 
2.200000 179.815398 
2.240000 185.513252 
2.280000 193.110390 
2.320000 195.009675 
2.360000 191.211106 
2.400000 202.606814 
2.440000 214.002522 
2.480000 217.801091 
2.480000 227.297514 
2.440000 234.894653 
2.400000 227.297514 
2.360000 229.196799 
2.320000 242.491792 
2.280000 246.290361 
2.240000 240.592507 
2.200000 242.491792 
2.160000 250.088930 
2.120000 242.491792 
2.080000 242.491792 
2.040000 251.988215 
2.000000 246.290361 
1.960000 259.585354 
1.920000 251.988215 
1.880000 242.491792 
1.840000 244.391076 
1.800000 238.693222 
1.760000 248.189646 
1.720000 232.995368 
1.680000 232.995368 
1.640000 242.491792 
1.600000 240.592507 
1.560000 242.491792 
1.520000 227.297514 
1.480000 227.297514 
1.440000 232.995368 
1.400000 225.398230 
1.360000 223.498945 
1.320000 225.398230 
1.280000 227.297514 
1.240000 223.498945 
1.200000 225.398230 
1.160000 217.801091 
1.120000 202.606814 
1.080000 202.606814 
1.040000 206.405383 
1.000000 200.707529 
0.960000 196.908960 
0.920000 189.311821 
0.880000 183.613967 
0.840000 183.613967 
0.800000 185.513252 
0.760000 179.815398 
0.720000 174.117544 
0.680000 174.117544 
0.640000 172.218259 
0.600000 166.520405 
0.560000 158.923266 
0.520000 153.225412 
0.480000 158.923266 
0.440000 149.426843 
0.400000 151.326128 
0.360000 141.829705 
0.320000 139.930420 
0.280000 136.131851 
0.240000 134.232566 
0.200000 130.433997 
0.160000 126.635427 
0.120000 120.937573 
0.080000 113.340435 
0.040000 107.642581 
-0.000000 98.146157 
-0.040000 92.448303 
-0.080000 94.347588 
-0.120000 90.549019 
-0.160000 81.052595 
-0.200000 77.254026 
-0.240000 67.757603 
-0.280000 24.074055 
-0.320000 -0.616645 
-0.360000 -10.113069 
-0.400000 -21.508777 
-0.440000 -23.408061 
-0.480000 -32.904485 
-0.520000 -29.105915 
-0.560000 -40.501623 
-0.600000 -32.904485 
-0.640000 -42.400908 
-0.680000 -51.897331 
-0.720000 -42.400908 
-0.760000 -44.300193 
-0.800000 -51.897331 
-0.840000 -51.897331 
-0.880000 -59.494470 
-0.920000 -65.192324 
-0.960000 -57.595185 
-1.000000 -67.091609 
-1.040000 -72.789462 
-1.080000 -74.688747 
-1.120000 -87.983740 
-1.160000 -86.084455 
-1.200000 -95.580878 
-1.240000 -95.580878 
-1.280000 -99.379448 
-1.320000 -103.178017 
-1.360000 -101.278732 
-1.400000 -108.875871 
-1.440000 -105.077302 
-1.480000 -110.775156 
-1.520000 -114.573725 
-1.560000 -124.070148 
-1.600000 -124.070148 
-1.640000 -135.465856 
-1.680000 -139.264426 
-1.720000 -144.962280 
-1.760000 -139.264426 
-1.800000 -148.760849 
-1.840000 -143.062995 
-1.880000 -152.559418 
-1.920000 -162.055842 
-1.960000 -163.955126 
-2.000000 -165.854411 
-2.040000 -181.048688 
-2.080000 -173.451550 
-2.120000 -171.552265 
-2.160000 -188.645827 
-2.200000 -190.545112 
-2.240000 -201.940820 
-2.280000 -194.343681 
-2.320000 -201.940820 
-2.360000 -198.142250 
-2.400000 -203.840104 
-2.440000 -213.336528 
-2.480000 -209.537958 
-2.480000 -209.537958 
-2.440000 -220.933666 
-2.400000 -226.631520 
-2.360000 -230.430090 
-2.320000 -234.228659 
-2.280000 -226.631520 
-2.240000 -243.725082 
-2.200000 -241.825798 
-2.160000 -234.228659 
-2.120000 -255.120790 
-2.080000 -236.127944 
-2.040000 -241.825798 
-2.000000 -241.825798 
-1.960000 -249.422936 
-1.920000 -238.027228 
-1.880000 -226.631520 
-1.840000 -234.228659 
-1.800000 -232.329374 
-1.760000 -238.027228 
-1.720000 -226.631520 
-1.680000 -226.631520 
-1.640000 -234.228659 
-1.600000 -232.329374 
-1.560000 -217.135097 
-1.520000 -222.832951 
-1.480000 -219.034382 
-1.440000 -220.933666 
-1.400000 -219.034382 
-1.360000 -200.041535 
-1.320000 -209.537958 
-1.280000 -207.638674 
-1.240000 -203.840104 
-1.200000 -200.041535 
-1.160000 -196.242966 
-1.120000 -182.947973 
-1.080000 -213.336528 
-1.040000 -188.645827 
-1.000000 -184.847258 
-0.960000 -192.444396 
-0.920000 -181.048688 
-0.880000 -173.451550 
-0.840000 -167.753696 
-0.800000 -167.753696 
-0.760000 -181.048688 
-0.720000 -167.753696 
-0.680000 -162.055842 
-0.640000 -165.854411 
-0.600000 -156.357988 
-0.560000 -158.257272 
-0.520000 -139.264426 
-0.480000 -143.062995 
-0.440000 -152.559418 
-0.400000 -137.365141 
-0.360000 -139.264426 
-0.320000 -137.365141 
-0.280000 -127.868718 
-0.240000 -122.170864 
-0.200000 -124.070148 
-0.160000 -116.473010 
-0.120000 -105.077302 
-0.080000 -106.976586 
-0.040000 -99.379448 
0.000000 -93.681594 
0.040000 -95.580878 
0.080000 -82.285886 
0.120000 -67.091609 
0.160000 -55.695901 
0.200000 -48.098762 
0.240000 -32.904485 
0.280000 -19.609492 
0.320000 -2.515930 
0.360000 10.779063 
0.400000 1.282639 
0.440000 3.181924 
0.480000 -0.616645 
0.520000 -36.703054 
0.560000 18.376201 
0.600000 25.973340 
0.640000 27.872625 
0.680000 37.369048 
0.720000 43.066902 
0.760000 44.966187 
0.800000 43.066902 
0.840000 48.764756 
0.880000 54.462610 
0.920000 56.361895 
0.960000 62.059749 
1.000000 73.455457 
1.040000 75.354741 
1.080000 84.851165 
1.120000 82.951880 
1.160000 86.750449 
1.200000 82.951880 
1.240000 86.750449 
1.280000 84.851165 
1.320000 100.045442 
1.360000 103.844011 
1.400000 113.340435 
1.440000 101.944727 
1.480000 111.441150 
1.520000 126.635427 
1.560000 130.433997 
1.600000 130.433997 
1.640000 132.333281 
1.680000 128.534712 
1.720000 136.131851 
1.760000 139.930420 
1.800000 139.930420 
1.840000 145.628274 
1.880000 155.124697 
1.920000 153.225412 
1.960000 158.923266 
2.000000 164.621120 
2.040000 164.621120 
2.080000 166.520405 
2.120000 170.318974 
2.160000 183.613967 
2.200000 191.211106 
2.240000 189.311821 
2.280000 191.211106 
2.320000 195.009675 
2.360000 196.908960 
2.400000 215.901806 
2.440000 221.599660 
2.480000 214.002522 
2.480000 214.002522 
2.440000 229.196799 
2.400000 234.894653 
2.360000 240.592507 
2.320000 246.290361 
2.280000 229.196799 
2.240000 242.491792 
2.200000 236.793938 
2.160000 240.592507 
2.120000 250.088930 
2.080000 246.290361 
2.040000 236.793938 
2.000000 240.592507 
1.960000 236.793938 
1.920000 244.391076 
1.880000 234.894653 
1.840000 246.290361 
1.800000 240.592507 
1.760000 234.894653 
1.720000 246.290361 
1.680000 236.793938 
1.640000 238.693222 
1.600000 238.693222 
1.560000 229.196799 
1.520000 236.793938 
1.480000 232.995368 
1.440000 225.398230 
1.400000 221.599660 
1.360000 221.599660 
1.320000 223.498945 
1.280000 217.801091 
1.240000 214.002522 
1.200000 214.002522 
1.160000 204.506098 
1.120000 210.203952 
1.080000 206.405383 
1.040000 202.606814 
1.000000 198.808244 
0.960000 204.506098 
0.920000 193.110390 
0.880000 189.311821 
0.840000 187.412536 
0.800000 191.211106 
0.760000 191.211106 
0.720000 185.513252 
0.680000 170.318974 
0.640000 170.318974 
0.600000 166.520405 
0.560000 164.621120 
0.520000 164.621120 
0.480000 162.721836 
0.440000 160.822551 
0.400000 151.326128 
0.360000 147.527558 
0.320000 145.628274 
0.280000 139.930420 
0.240000 128.534712 
0.200000 122.836858 
0.160000 124.736143 
0.120000 117.139004 
0.080000 117.139004 
0.040000 113.340435 
-0.000000 100.045442 
-0.040000 105.743296 
-0.080000 69.656887 
-0.120000 92.448303 
-0.160000 84.851165 
-0.200000 54.462610 
-0.240000 67.757603 
-0.280000 37.369048 
-0.320000 -2.515930 
-0.360000 -4.415215 
-0.400000 -17.710207 
-0.440000 -31.005200 
-0.480000 -27.206631 
-0.520000 -34.803769 
-0.560000 -36.703054 
-0.600000 -31.005200 
-0.640000 -46.199477 
-0.680000 -49.998047 
-0.720000 -53.796616 
-0.760000 -59.494470 
-0.800000 -51.897331 
-0.840000 -53.796616 
-0.880000 -82.285886 
-0.920000 -59.494470 
-0.960000 -61.393755 
-1.000000 -72.789462 
-1.040000 -72.789462 
-1.080000 -72.789462 
-1.120000 -82.285886 
-1.160000 -89.883024 
-1.200000 -91.782309 
-1.240000 -99.379448 
-1.280000 -97.480163 
-1.320000 -103.178017 
-1.360000 -108.875871 
-1.400000 -106.976586 
-1.440000 -101.278732 
-1.480000 -122.170864 
-1.520000 -105.077302 
-1.560000 -133.566572 
-1.600000 -129.768002 
-1.640000 -125.969433 
-1.680000 -133.566572 
-1.720000 -129.768002 
-1.760000 -139.264426 
-1.800000 -146.861564 
-1.840000 -152.559418 
-1.880000 -156.357988 
-1.920000 -156.357988 
-1.960000 -156.357988 
-2.000000 -173.451550 
-2.040000 -173.451550 
-2.080000 -169.652980 
-2.120000 -175.350834 
-2.160000 -194.343681 
-2.200000 -188.645827 
-2.240000 -186.746542 
-2.280000 -203.840104 
-2.320000 -203.840104 
-2.360000 -207.638674 
-2.400000 -209.537958 
-2.440000 -213.336528 
-2.480000 -209.537958 
-2.480000 -211.437243 
-2.440000 -217.135097 
-2.400000 -220.933666 
-2.360000 -224.732236 
-2.320000 -226.631520 
-2.280000 -234.228659 
-2.240000 -243.725082 
-2.200000 -236.127944 
-2.160000 -238.027228 
-2.120000 -241.825798 
-2.080000 -241.825798 
-2.040000 -243.725082 
-2.000000 -234.228659 
-1.960000 -241.825798 
-1.920000 -243.725082 
-1.880000 -234.228659 
-1.840000 -241.825798 
-1.800000 -230.430090 
-1.760000 -222.832951 
-1.720000 -236.127944 
-1.680000 -230.430090 
-1.640000 -230.430090 
-1.600000 -220.933666 
-1.560000 -219.034382 
-1.520000 -224.732236 
-1.480000 -209.537958 
-1.440000 -209.537958 
-1.400000 -220.933666 
-1.360000 -211.437243 
-1.320000 -211.437243 
-1.280000 -209.537958 
-1.240000 -190.545112 
-1.200000 -196.242966 
-1.160000 -192.444396 
-1.120000 -182.947973 
-1.080000 -192.444396 
-1.040000 -186.746542 
-1.000000 -173.451550 
-0.960000 -173.451550 
-0.920000 -163.955126 
-0.880000 -167.753696 
-0.840000 -165.854411 
-0.800000 -167.753696 
-0.760000 -158.257272 
-0.720000 -165.854411 
-0.680000 -148.760849 
-0.640000 -152.559418 
-0.600000 -165.854411 
-0.560000 -150.660134 
-0.520000 -143.062995 
-0.480000 -144.962280 
-0.440000 -144.962280 
-0.400000 -135.465856 
-0.360000 -124.070148 
-0.320000 -124.070148 
-0.280000 -135.465856 
-0.240000 -118.372294 
-0.200000 -112.674440 
-0.160000 -114.573725 
-0.120000 -112.674440 
-0.080000 -103.178017 
-0.040000 -103.178017 
0.000000 -97.480163 
0.040000 -89.883024 
0.080000 -87.983740 
0.120000 -76.588032 
0.160000 -55.695901 
0.200000 -44.300193 
0.240000 -27.206631 
0.280000 -21.508777 
0.320000 -12.012353 
0.360000 -0.616645 
0.400000 5.081209 
0.440000 10.779063 
0.480000 3.181924 
0.520000 6.980493 
0.560000 20.275486 
0.600000 31.671194 
0.640000 31.671194 
0.680000 43.066902 
0.720000 50.664041 
0.760000 39.268333 
0.800000 46.865471 
0.840000 50.664041 
0.880000 52.563325 
0.920000 63.959033 
0.960000 65.858318 
1.000000 69.656887 
1.040000 79.153311 
1.080000 75.354741 
1.120000 79.153311 
1.160000 92.448303 
1.200000 92.448303 
1.240000 98.146157 
1.280000 103.844011 
1.320000 103.844011 
1.360000 98.146157 
1.400000 100.045442 
1.440000 111.441150 
1.480000 111.441150 
1.520000 115.239719 
1.560000 128.534712 
1.600000 128.534712 
1.640000 124.736143 
1.680000 134.232566 
1.720000 141.829705 
1.760000 143.728989 
1.800000 143.728989 
1.840000 136.131851 
1.880000 151.326128 
1.920000 155.124697 
1.960000 151.326128 
2.000000 164.621120 
2.040000 164.621120 
2.080000 174.117544 
2.120000 168.419690 
2.160000 181.714682 
2.200000 189.311821 
2.240000 198.808244 
2.280000 196.908960 
2.320000 198.808244 
2.360000 202.606814 
2.400000 214.002522 
2.440000 215.901806 
2.480000 221.599660 
2.480000 229.196799 
2.440000 221.599660 
2.400000 223.498945 
2.360000 238.693222 
2.320000 229.196799 
2.280000 236.793938 
2.240000 251.988215 
2.200000 244.391076 
2.160000 250.088930 
2.120000 244.391076 
2.080000 238.693222 
2.040000 242.491792 
2.000000 240.592507 
1.960000 244.391076 
1.920000 244.391076 
1.880000 234.894653 
1.840000 246.290361 
1.800000 250.088930 
1.760000 244.391076 
1.720000 238.693222 
1.680000 234.894653 
1.640000 242.491792 
1.600000 234.894653 
1.560000 234.894653 
1.520000 234.894653 
1.480000 234.894653 
1.440000 236.793938 
1.400000 219.700376 
1.360000 217.801091 
1.320000 217.801091 
1.280000 217.801091 
1.240000 215.901806 
1.200000 217.801091 
1.160000 219.700376 
1.120000 212.103237 
1.080000 208.304668 
1.040000 202.606814 
1.000000 210.203952 
0.960000 193.110390 
0.920000 191.211106 
0.880000 191.211106 
0.840000 191.211106 
0.800000 181.714682 
0.760000 183.613967 
0.720000 183.613967 
0.680000 168.419690 
0.640000 164.621120 
0.600000 168.419690 
0.560000 155.124697 
0.520000 155.124697 
0.480000 160.822551 
0.440000 147.527558 
0.400000 143.728989 
0.360000 138.031135 
0.320000 130.433997 
0.280000 126.635427 
0.240000 128.534712 
0.200000 120.937573 
0.160000 109.541865 
0.120000 117.139004 
0.080000 113.340435 
0.040000 107.642581 
-0.000000 107.642581 
-0.040000 96.246873 
-0.080000 88.649734 
-0.120000 86.750449 
-0.160000 82.951880 
-0.200000 73.455457 
-0.240000 69.656887 
-0.280000 -0.616645 
-0.320000 -13.911638 
-0.360000 -10.113069 
-0.400000 -15.810923 
-0.440000 -25.307346 
-0.480000 -32.904485 
-0.520000 -40.501623 
-0.560000 -32.904485 
-0.600000 -23.408061 
-0.640000 -44.300193 
-0.680000 -44.300193 
-0.720000 -51.897331 
-0.760000 -44.300193 
-0.800000 -46.199477 
-0.840000 -48.098762 
-0.880000 -53.796616 
-0.920000 -59.494470 
-0.960000 -61.393755 
-1.000000 -72.789462 
-1.040000 -72.789462 
-1.080000 -82.285886 
-1.120000 -82.285886 
-1.160000 -91.782309 
-1.200000 -95.580878 
-1.240000 -99.379448 
-1.280000 -99.379448 
-1.320000 -110.775156 
-1.360000 -105.077302 
-1.400000 -106.976586 
-1.440000 -114.573725 
-1.480000 -124.070148 
-1.520000 -125.969433 
-1.560000 -124.070148 
-1.600000 -124.070148 
-1.640000 -139.264426 
-1.680000 -150.660134 
-1.720000 -150.660134 
-1.760000 -146.861564 
-1.800000 -143.062995 
-1.840000 -146.861564 
-1.880000 -146.861564 
-1.920000 -150.660134 
-1.960000 -150.660134 
-2.000000 -165.854411 
-2.040000 -165.854411 
-2.080000 -167.753696 
-2.120000 -179.149404 
-2.160000 -188.645827 
-2.200000 -181.048688 
-2.240000 -196.242966 
-2.280000 -203.840104 
-2.320000 -188.645827 
-2.360000 -201.940820 
-2.400000 -213.336528 
-2.440000 -209.537958 
-2.480000 -211.437243 
-2.480000 -220.933666 
-2.440000 -215.235812 
-2.400000 -220.933666 
-2.360000 -230.430090 
-2.320000 -220.933666 
-2.280000 -226.631520 
-2.240000 -226.631520 
-2.200000 -226.631520 
-2.160000 -241.825798 
-2.120000 -243.725082 
-2.080000 -238.027228 
-2.040000 -241.825798 
-2.000000 -238.027228 
-1.960000 -234.228659 
-1.920000 -243.725082 
-1.880000 -234.228659 
-1.840000 -241.825798 
-1.800000 -241.825798 
-1.760000 -241.825798 
-1.720000 -228.530805 
-1.680000 -215.235812 
-1.640000 -220.933666 
-1.600000 -217.135097 
-1.560000 -224.732236 
-1.520000 -217.135097 
-1.480000 -211.437243 
-1.440000 -215.235812 
-1.400000 -219.034382 
-1.360000 -203.840104 
-1.320000 -200.041535 
-1.280000 -209.537958 
-1.240000 -203.840104 
-1.200000 -205.739389 
-1.160000 -190.545112 
-1.120000 -184.847258 
-1.080000 -182.947973 
-1.040000 -182.947973 
-1.000000 -179.149404 
-0.960000 -188.645827 
-0.920000 -177.250119 
-0.880000 -156.357988 
-0.840000 -165.854411 
-0.800000 -163.955126 
-0.760000 -154.458703 
-0.720000 -150.660134 
-0.680000 -144.962280 
-0.640000 -148.760849 
-0.600000 -146.861564 
-0.560000 -143.062995 
-0.520000 -135.465856 
-0.480000 -141.163710 
-0.440000 -146.861564 
-0.400000 -137.365141 
-0.360000 -133.566572 
-0.320000 -135.465856 
-0.280000 -118.372294 
-0.240000 -120.271579 
-0.200000 -110.775156 
-0.160000 -105.077302 
-0.120000 -99.379448 
-0.080000 -101.278732 
-0.040000 -93.681594 
0.000000 -95.580878 
0.040000 -89.883024 
0.080000 -87.983740 
0.120000 -74.688747 
0.160000 -53.796616 
0.200000 -48.098762 
0.240000 -34.803769 
0.280000 -17.710207 
0.320000 -12.012353 
0.360000 5.081209 
0.400000 3.181924 
0.440000 -17.710207 
0.480000 -2.515930 
0.520000 6.980493 
0.560000 -15.810923 
0.600000 22.174771 
0.640000 31.671194 
0.680000 8.879778 
0.720000 35.469763 
0.760000 48.764756 
0.800000 46.865471 
0.840000 54.462610 
0.880000 50.664041 
0.920000 56.361895 
0.960000 73.455457 
1.000000 81.052595 
1.040000 81.052595 
1.080000 77.254026 
1.120000 82.951880 
1.160000 82.951880 
1.200000 84.851165 
1.240000 96.246873 
1.280000 84.851165 
1.320000 96.246873 
1.360000 94.347588 
1.400000 98.146157 
1.440000 107.642581 
1.480000 115.239719 
1.520000 117.139004 
1.560000 122.836858 
1.600000 119.038289 
1.640000 126.635427 
1.680000 124.736143 
1.720000 138.031135 
1.760000 145.628274 
1.800000 143.728989 
1.840000 147.527558 
1.880000 153.225412 
1.920000 158.923266 
1.960000 170.318974 
2.000000 158.923266 
2.040000 166.520405 
2.080000 166.520405 
2.120000 179.815398 
2.160000 193.110390 
2.200000 183.613967 
2.240000 187.412536 
2.280000 196.908960 
2.320000 202.606814 
2.360000 210.203952 
2.400000 215.901806 
2.440000 221.599660 
2.480000 212.103237 
2.480000 225.398230 
2.440000 232.995368 
2.400000 229.196799 
2.360000 246.290361 
2.320000 244.391076 
2.280000 242.491792 
2.240000 251.988215 
2.200000 246.290361 
2.160000 246.290361 
2.120000 251.988215 
2.080000 244.391076 
2.040000 251.988215 
2.000000 244.391076 
1.960000 242.491792 
1.920000 248.189646 
1.880000 248.189646 
1.840000 234.894653 
1.800000 232.995368 
1.760000 248.189646 
1.720000 242.491792 
1.680000 234.894653 
1.640000 234.894653 
1.600000 234.894653 
1.560000 236.793938 
1.520000 236.793938 
1.480000 225.398230 
1.440000 221.599660 
1.400000 221.599660 
1.360000 221.599660 
1.320000 210.203952 
1.280000 208.304668 
1.240000 208.304668 
1.200000 208.304668 
1.160000 196.908960 
1.120000 200.707529 
1.080000 196.908960 
1.040000 202.606814 
1.000000 196.908960 
0.960000 196.908960 
0.920000 191.211106 
0.880000 185.513252 
0.840000 183.613967 
0.800000 187.412536 
0.760000 177.916113 
0.720000 174.117544 
0.680000 172.218259 
0.640000 141.829705 
0.600000 166.520405 
0.560000 157.023982 
0.520000 155.124697 
0.480000 141.829705 
0.440000 139.930420 
0.400000 141.829705 
0.360000 134.232566 
0.320000 128.534712 
0.280000 128.534712 
0.240000 119.038289 
0.200000 113.340435 
0.160000 113.340435 
0.120000 103.844011 
0.080000 107.642581 
0.040000 107.642581 
-0.000000 101.944727 
-0.040000 92.448303 
-0.080000 100.045442 
-0.120000 82.951880 
-0.160000 88.649734 
-0.200000 77.254026 
-0.240000 62.059749 
-0.280000 35.469763 
-0.320000 -6.314499 
-0.360000 -13.911638 
-0.400000 -12.012353 
-0.440000 -25.307346 
-0.480000 -34.803769 
-0.520000 -36.703054 
-0.560000 -34.803769 
-0.600000 -44.300193 
-0.640000 -42.400908 
-0.680000 -46.199477 
-0.720000 -51.897331 
-0.760000 -49.998047 
-0.800000 -42.400908 
-0.840000 -49.998047 
-0.880000 -55.695901 
-0.920000 -63.293039 
-0.960000 -99.379448 
-1.000000 -76.588032 
-1.040000 -76.588032 
-1.080000 -74.688747 
-1.120000 -84.185170 
-1.160000 -89.883024 
-1.200000 -84.185170 
-1.240000 -97.480163 
-1.280000 -93.681594 
-1.320000 -101.278732 
-1.360000 -103.178017 
-1.400000 -108.875871 
-1.440000 -116.473010 
-1.480000 -122.170864 
-1.520000 -120.271579 
-1.560000 -124.070148 
-1.600000 -158.257272 
-1.640000 -143.062995 
-1.680000 -143.062995 
-1.720000 -143.062995 
-1.760000 -150.660134 
-1.800000 -154.458703 
-1.840000 -152.559418 
-1.880000 -154.458703 
-1.920000 -162.055842 
-1.960000 -158.257272 
-2.000000 -169.652980 
-2.040000 -173.451550 
-2.080000 -186.746542 
-2.120000 -188.645827 
-2.160000 -182.947973 
-2.200000 -177.250119 
-2.240000 -200.041535 
-2.280000 -190.545112 
-2.320000 -203.840104 
-2.360000 -215.235812 
-2.400000 -213.336528 
-2.440000 -207.638674 
-2.480000 -215.235812 
-2.480000 -215.235812 
-2.440000 -213.336528 
-2.400000 -222.832951 
-2.360000 -215.235812 
-2.320000 -226.631520 
-2.280000 -238.027228 
-2.240000 -222.832951 
-2.200000 -226.631520 
-2.160000 -238.027228 
-2.120000 -236.127944 
-2.080000 -239.926513 
-2.040000 -230.430090 
-2.000000 -241.825798 
-1.960000 -243.725082 
-1.920000 -230.430090 
-1.880000 -239.926513 
-1.840000 -230.430090 
-1.800000 -234.228659 
-1.760000 -236.127944 
-1.720000 -234.228659 
-1.680000 -239.926513 
-1.640000 -215.235812 
-1.600000 -215.235812 
-1.560000 -224.732236 
-1.520000 -222.832951 
-1.480000 -241.825798 
-1.440000 -209.537958 
-1.400000 -209.537958 
-1.360000 -219.034382 
-1.320000 -205.739389 
-1.280000 -198.142250 
-1.240000 -194.343681 
-1.200000 -188.645827 
-1.160000 -192.444396 
-1.120000 -203.840104 
-1.080000 -184.847258 
-1.040000 -179.149404 
-1.000000 -182.947973 
-0.960000 -177.250119 
-0.920000 -173.451550 
-0.880000 -171.552265 
-0.840000 -165.854411 
-0.800000 -150.660134 
-0.760000 -160.156557 
-0.720000 -154.458703 
-0.680000 -143.062995 
-0.640000 -150.660134 
-0.600000 -141.163710 
-0.560000 -144.962280 
-0.520000 -135.465856 
-0.480000 -131.667287 
-0.440000 -135.465856 
-0.400000 -129.768002 
-0.360000 -135.465856 
-0.320000 -127.868718 
-0.280000 -127.868718 
-0.240000 -122.170864 
-0.200000 -131.667287 
-0.160000 -114.573725 
-0.120000 -105.077302 
-0.080000 -101.278732 
-0.040000 -99.379448 
0.000000 -95.580878 
0.040000 -91.782309 
0.080000 -82.285886 
0.120000 -68.990893 
0.160000 -65.192324 
0.200000 -51.897331 
0.240000 -38.602339 
0.280000 -25.307346 
0.320000 -13.911638 
0.360000 -6.314499 
0.400000 -0.616645 
0.440000 3.181924 
0.480000 8.879778 
0.520000 24.074055 
0.560000 29.771909 
0.600000 31.671194 
0.640000 3.181924 
0.680000 44.966187 
0.720000 41.167617 
0.760000 48.764756 
0.800000 46.865471 
0.840000 65.858318 
0.880000 54.462610 
0.920000 60.160464 
0.960000 82.951880 
1.000000 62.059749 
1.040000 75.354741 
1.080000 79.153311 
1.120000 77.254026 
1.160000 77.254026 
1.200000 86.750449 
1.240000 79.153311 
1.280000 96.246873 
1.320000 103.844011 
1.360000 92.448303 
1.400000 105.743296 
1.440000 105.743296 
1.480000 115.239719 
1.520000 109.541865 
1.560000 119.038289 
1.600000 122.836858 
1.640000 119.038289 
1.680000 130.433997 
1.720000 138.031135 
1.760000 132.333281 
1.800000 147.527558 
1.840000 153.225412 
1.880000 143.728989 
1.920000 155.124697 
1.960000 166.520405 
2.000000 174.117544 
2.040000 179.815398 
2.080000 181.714682 
2.120000 183.613967 
2.160000 176.016828 
2.200000 195.009675 
2.240000 200.707529 
2.280000 210.203952 
2.320000 212.103237 
2.360000 204.506098 
2.400000 202.606814 
2.440000 221.599660 
2.480000 219.700376 
2.480000 200.707529 
2.440000 242.491792 
2.400000 238.693222 
2.360000 236.793938 
2.320000 236.793938 
2.280000 242.491792 
2.240000 246.290361 
2.200000 240.592507 
2.160000 244.391076 
2.120000 251.988215 
2.080000 242.491792 
2.040000 253.887500 
2.000000 251.988215 
1.960000 244.391076 
1.920000 251.988215 
1.880000 244.391076 
1.840000 253.887500 
1.800000 244.391076 
1.760000 244.391076 
1.720000 244.391076 
1.680000 236.793938 
1.640000 242.491792 
1.600000 242.491792 
1.560000 232.995368 
1.520000 231.096084 
1.480000 223.498945 
1.440000 232.995368 
1.400000 227.297514 
1.360000 225.398230 
1.320000 229.196799 
1.280000 219.700376 
1.240000 215.901806 
1.200000 231.096084 
1.160000 217.801091 
1.120000 214.002522 
1.080000 204.506098 
1.040000 206.405383 
1.000000 204.506098 
0.960000 198.808244 
0.920000 193.110390 
0.880000 191.211106 
0.840000 191.211106 
0.800000 185.513252 
0.760000 187.412536 
0.720000 179.815398 
0.680000 176.016828 
0.640000 168.419690 
0.600000 160.822551 
0.560000 168.419690 
0.520000 160.822551 
0.480000 153.225412 
0.440000 145.628274 
0.400000 145.628274 
0.360000 136.131851 
0.320000 134.232566 
0.280000 138.031135 
0.240000 130.433997 
0.200000 122.836858 
0.160000 124.736143 
0.120000 115.239719 
0.080000 111.441150 
0.040000 103.844011 
-0.000000 103.844011 
-0.040000 94.347588 
-0.080000 94.347588 
-0.120000 52.563325 
-0.160000 79.153311 
-0.200000 73.455457 
-0.240000 71.556172 
-0.280000 48.764756 
-0.320000 6.980493 
-0.360000 -13.911638 
-0.400000 -21.508777 
-0.440000 -25.307346 
-0.480000 -29.105915 
-0.520000 -34.803769 
-0.560000 -42.400908 
-0.600000 -38.602339 
-0.640000 -49.998047 
-0.680000 -46.199477 
-0.720000 -46.199477 
-0.760000 -51.897331 
-0.800000 -55.695901 
-0.840000 -53.796616 
-0.880000 -63.293039 
-0.920000 -67.091609 
-0.960000 -63.293039 
-1.000000 -68.990893 
-1.040000 -67.091609 
-1.080000 -80.386601 
-1.120000 -93.681594 
-1.160000 -89.883024 
-1.200000 -101.278732 
-1.240000 -105.077302 
-1.280000 -105.077302 
-1.320000 -106.976586 
-1.360000 -106.976586 
-1.400000 -103.178017 
-1.440000 -112.674440 
-1.480000 -116.473010 
-1.520000 -127.868718 
-1.560000 -135.465856 
-1.600000 -135.465856 
-1.640000 -135.465856 
-1.680000 -146.861564 
-1.720000 -150.660134 
-1.760000 -154.458703 
-1.800000 -158.257272 
-1.840000 -160.156557 
-1.880000 -162.055842 
-1.920000 -162.055842 
-1.960000 -171.552265 
-2.000000 -173.451550 
-2.040000 -169.652980 
-2.080000 -171.552265 
-2.120000 -182.947973 
-2.160000 -181.048688 
-2.200000 -186.746542 
-2.240000 -198.142250 
-2.280000 -198.142250 
-2.320000 -198.142250 
-2.360000 -205.739389 
-2.400000 -211.437243 
-2.440000 -203.840104 
-2.480000 -211.437243 
-2.480000 -224.732236 
-2.440000 -224.732236 
-2.400000 -232.329374 
-2.360000 -228.530805 
-2.320000 -226.631520 
-2.280000 -230.430090 
-2.240000 -234.228659 
-2.200000 -236.127944 
-2.160000 -239.926513 
-2.120000 -224.732236 
-2.080000 -230.430090 
-2.040000 -230.430090 
-2.000000 -239.926513 
-1.960000 -238.027228 
-1.920000 -234.228659 
-1.880000 -245.624367 
-1.840000 -232.329374 
-1.800000 -228.530805 
-1.760000 -239.926513 
-1.720000 -234.228659 
-1.680000 -234.228659 
-1.640000 -234.228659 
-1.600000 -230.430090 
-1.560000 -226.631520 
-1.520000 -224.732236 
-1.480000 -209.537958 
-1.440000 -215.235812 
-1.400000 -219.034382 
-1.360000 -209.537958 
-1.320000 -209.537958 
-1.280000 -190.545112 
-1.240000 -207.638674 
-1.200000 -203.840104 
-1.160000 -194.343681 
-1.120000 -192.444396 
-1.080000 -188.645827 
-1.040000 -181.048688 
-1.000000 -196.242966 
-0.960000 -186.746542 
-0.920000 -194.343681 
-0.880000 -165.854411 
-0.840000 -167.753696 
-0.800000 -165.854411 
-0.760000 -167.753696 
-0.720000 -167.753696 
-0.680000 -150.660134 
-0.640000 -139.264426 
-0.600000 -143.062995 
-0.560000 -139.264426 
-0.520000 -131.667287 
-0.480000 -135.465856 
-0.440000 -129.768002 
-0.400000 -124.070148 
-0.360000 -124.070148 
-0.320000 -116.473010 
-0.280000 -114.573725 
-0.240000 -110.775156 
-0.200000 -105.077302 
-0.160000 -108.875871 
-0.120000 -106.976586 
-0.080000 -97.480163 
-0.040000 -99.379448 
0.000000 -93.681594 
0.040000 -99.379448 
0.080000 -87.983740 
0.120000 -68.990893 
0.160000 -53.796616 
0.200000 -48.098762 
0.240000 -23.408061 
0.280000 -17.710207 
0.320000 -8.213784 
0.360000 5.081209 
0.400000 3.181924 
0.440000 -2.515930 
0.480000 -2.515930 
0.520000 5.081209 
0.560000 16.476917 
0.600000 31.671194 
0.640000 31.671194 
0.680000 41.167617 
0.720000 46.865471 
0.760000 44.966187 
0.800000 44.966187 
0.840000 48.764756 
0.880000 54.462610 
0.920000 54.462610 
0.960000 71.556172 
1.000000 75.354741 
1.040000 75.354741 
1.080000 77.254026 
1.120000 77.254026 
1.160000 82.951880 
1.200000 88.649734 
1.240000 90.549019 
1.280000 90.549019 
1.320000 94.347588 
1.360000 100.045442 
1.400000 101.944727 
1.440000 100.045442 
1.480000 109.541865 
1.520000 119.038289 
1.560000 124.736143 
1.600000 119.038289 
1.640000 141.829705 
1.680000 130.433997 
1.720000 132.333281 
1.760000 143.728989 
1.800000 151.326128 
1.840000 157.023982 
1.880000 157.023982 
1.920000 160.822551 
1.960000 170.318974 
2.000000 166.520405 
2.040000 176.016828 
2.080000 185.513252 
2.120000 189.311821 
2.160000 191.211106 
2.200000 196.908960 
2.240000 198.808244 
2.280000 200.707529 
2.320000 206.405383 
2.360000 214.002522 
2.400000 219.700376 
2.440000 221.599660 
2.480000 223.498945 
2.480000 234.894653 
2.440000 236.793938 
2.400000 231.096084 
2.360000 240.592507 
2.320000 242.491792 
2.280000 242.491792 
2.240000 251.988215 
2.200000 234.894653 
2.160000 250.088930 
2.120000 255.786784 
2.080000 246.290361 
2.040000 246.290361 
2.000000 242.491792 
1.960000 257.686069 
1.920000 251.988215 
1.880000 246.290361 
1.840000 242.491792 
1.800000 240.592507 
1.760000 248.189646 
1.720000 248.189646 
1.680000 232.995368 
1.640000 234.894653 
1.600000 227.297514 
1.560000 232.995368 
1.520000 231.096084 
1.480000 227.297514 
1.440000 225.398230 
1.400000 221.599660 
1.360000 221.599660 
1.320000 215.901806 
1.280000 217.801091 
1.240000 217.801091 
1.200000 214.002522 
1.160000 206.405383 
1.120000 214.002522 
1.080000 204.506098 
1.040000 198.808244 
1.000000 195.009675 
0.960000 200.707529 
0.920000 185.513252 
0.880000 193.110390 
0.840000 185.513252 
0.800000 181.714682 
0.760000 174.117544 
0.720000 168.419690 
0.680000 174.117544 
0.640000 160.822551 
0.600000 158.923266 
0.560000 158.923266 
0.520000 143.728989 
0.480000 145.628274 
0.440000 145.628274 
0.400000 134.232566 
0.360000 138.031135 
0.320000 130.433997 
0.280000 120.937573 
0.240000 120.937573 
0.200000 113.340435 
0.160000 111.441150 
0.120000 107.642581 
0.080000 107.642581 
0.040000 105.743296 
-0.000000 100.045442 
-0.040000 94.347588 
-0.080000 84.851165 
-0.120000 81.052595 
-0.160000 63.959033 
-0.200000 69.656887 
-0.240000 60.160464 
-0.280000 29.771909 
-0.320000 1.282639 
-0.360000 -44.300193 
-0.400000 -27.206631 
-0.440000 -29.105915 
-0.480000 -29.105915 
-0.520000 -40.501623 
-0.560000 -38.602339 
-0.600000 -34.803769 
-0.640000 -49.998047 
-0.680000 -46.199477 
-0.720000 -44.300193 
-0.760000 -48.098762 
-0.800000 -59.494470 
-0.840000 -57.595185 
-0.880000 -61.393755 
-0.920000 -55.695901 
-0.960000 -67.091609 
-1.000000 -67.091609 
-1.040000 -70.890178 
-1.080000 -78.487316 
-1.120000 -86.084455 
-1.160000 -84.185170 
-1.200000 -86.084455 
-1.240000 -99.379448 
-1.280000 -101.278732 
-1.320000 -97.480163 
-1.360000 -106.976586 
-1.400000 -112.674440 
-1.440000 -112.674440 
-1.480000 -120.271579 
-1.520000 -125.969433 
-1.560000 -135.465856 
-1.600000 -133.566572 
-1.640000 -135.465856 
-1.680000 -150.660134 
-1.720000 -146.861564 
-1.760000 -150.660134 
-1.800000 -158.257272 
-1.840000 -160.156557 
-1.880000 -182.947973 
-1.920000 -169.652980 
-1.960000 -173.451550 
-2.000000 -190.545112 
-2.040000 -169.652980 
-2.080000 -188.645827 
-2.120000 -192.444396 
-2.160000 -188.645827 
-2.200000 -194.343681 
-2.240000 -194.343681 
-2.280000 -190.545112 
-2.320000 -198.142250 
-2.360000 -203.840104 
-2.400000 -203.840104 
-2.440000 -211.437243 
-2.480000 -215.235812 
-2.480000 -215.235812 
-2.440000 -220.933666 
-2.400000 -232.329374 
-2.360000 -226.631520 
-2.320000 -238.027228 
-2.280000 -234.228659 
-2.240000 -234.228659 
-2.200000 -238.027228 
-2.160000 -232.329374 
-2.120000 -236.127944 
-2.080000 -236.127944 
-2.040000 -232.329374 
-2.000000 -230.430090 
-1.960000 -230.430090 
-1.920000 -232.329374 
-1.880000 -236.127944 
-1.840000 -230.430090 
-1.800000 -238.027228 
-1.760000 -234.228659 
-1.720000 -226.631520 
-1.680000 -238.027228 
-1.640000 -230.430090 
-1.600000 -230.430090 
-1.560000 -228.530805 
-1.520000 -220.933666 
-1.480000 -224.732236 
-1.440000 -209.537958 
-1.400000 -211.437243 
-1.360000 -211.437243 
-1.320000 -213.336528 
-1.280000 -205.739389 
-1.240000 -200.041535 
-1.200000 -196.242966 
-1.160000 -194.343681 
-1.120000 -196.242966 
-1.080000 -182.947973 
-1.040000 -181.048688 
-1.000000 -186.746542 
-0.960000 -181.048688 
-0.920000 -190.545112 
-0.880000 -179.149404 
-0.840000 -167.753696 
-0.800000 -160.156557 
-0.760000 -158.257272 
-0.720000 -152.559418 
-0.680000 -150.660134 
-0.640000 -148.760849 
-0.600000 -158.257272 
-0.560000 -141.163710 
-0.520000 -129.768002 
-0.480000 -133.566572 
-0.440000 -133.566572 
-0.400000 -127.868718 
-0.360000 -118.372294 
-0.320000 -122.170864 
-0.280000 -114.573725 
-0.240000 -112.674440 
-0.200000 -108.875871 
-0.160000 -91.782309 
-0.120000 -97.480163 
-0.080000 -99.379448 
-0.040000 -99.379448 
0.000000 -89.883024 
0.040000 -84.185170 
0.080000 -80.386601 
0.120000 -67.091609 
0.160000 -59.494470 
0.200000 -51.897331 
0.240000 -42.400908 
0.280000 -27.206631 
0.320000 -17.710207 
0.360000 -19.609492 
0.400000 1.282639 
0.440000 12.678347 
0.480000 -13.911638 
0.520000 24.074055 
0.560000 24.074055 
0.600000 31.671194 
0.640000 43.066902 
0.680000 50.664041 
0.720000 44.966187 
0.760000 46.865471 
0.800000 54.462610 
0.840000 50.664041 
0.880000 56.361895 
0.920000 63.959033 
0.960000 75.354741 
1.000000 67.757603 
1.040000 75.354741 
1.080000 75.354741 
1.120000 77.254026 
1.160000 90.549019 
1.200000 84.851165 
1.240000 90.549019 
1.280000 100.045442 
1.320000 107.642581 
1.360000 96.246873 
1.400000 107.642581 
1.440000 111.441150 
1.480000 109.541865 
1.520000 120.937573 
1.560000 115.239719 
1.600000 132.333281 
1.640000 134.232566 
1.680000 139.930420 
1.720000 138.031135 
1.760000 147.527558 
1.800000 158.923266 
1.840000 149.426843 
1.880000 158.923266 
1.920000 157.023982 
1.960000 166.520405 
2.000000 177.916113 
2.040000 179.815398 
2.080000 181.714682 
2.120000 181.714682 
2.160000 195.009675 
2.200000 196.908960 
2.240000 202.606814 
2.280000 198.808244 
2.320000 208.304668 
2.360000 206.405383 
2.400000 210.203952 
2.440000 227.297514 
2.480000 225.398230 
2.480000 227.297514 
2.440000 231.096084 
2.400000 227.297514 
2.360000 240.592507 
2.320000 242.491792 
2.280000 234.894653 
2.240000 246.290361 
2.200000 240.592507 
2.160000 244.391076 
2.120000 240.592507 
2.080000 234.894653 
2.040000 251.988215 
2.000000 242.491792 
1.960000 246.290361 
1.920000 255.786784 
1.880000 221.599660 
1.840000 253.887500 
1.800000 234.894653 
1.760000 225.398230 
1.720000 242.491792 
1.680000 234.894653 
1.640000 240.592507 
1.600000 232.995368 
1.560000 232.995368 
1.520000 229.196799 
1.480000 221.599660 
1.440000 225.398230 
1.400000 229.196799 
1.360000 225.398230 
1.320000 219.700376 
1.280000 214.002522 
1.240000 208.304668 
1.200000 219.700376 
1.160000 210.203952 
1.120000 208.304668 
1.080000 206.405383 
1.040000 195.009675 
1.000000 191.211106 
0.960000 200.707529 
0.920000 191.211106 
0.880000 181.714682 
0.840000 176.016828 
0.800000 181.714682 
0.760000 170.318974 
0.720000 170.318974 
0.680000 170.318974 
0.640000 160.822551 
0.600000 157.023982 
0.560000 151.326128 
0.520000 153.225412 
0.480000 145.628274 
0.440000 145.628274 
0.400000 138.031135 
0.360000 138.031135 
0.320000 136.131851 
0.280000 128.534712 
0.240000 130.433997 
0.200000 117.139004 
0.160000 120.937573 
0.120000 111.441150 
0.080000 100.045442 
0.040000 107.642581 
-0.000000 98.146157 
-0.040000 90.549019 
-0.080000 79.153311 
-0.120000 79.153311 
-0.160000 73.455457 
-0.200000 63.959033 
-0.240000 58.261179 
-0.280000 46.865471 
-0.320000 8.879778 
-0.360000 -13.911638 
-0.400000 -21.508777 
-0.440000 -25.307346 
-0.480000 -29.105915 
-0.520000 -38.602339 
-0.560000 -38.602339 
-0.600000 -36.703054 
-0.640000 -36.703054 
-0.680000 -40.501623 
-0.720000 -51.897331 
-0.760000 -53.796616 
-0.800000 -44.300193 
-0.840000 -51.897331 
-0.880000 -61.393755 
-0.920000 -59.494470 
-0.960000 -89.883024 
-1.000000 -68.990893 
-1.040000 -67.091609 
-1.080000 -76.588032 
-1.120000 -82.285886 
-1.160000 -89.883024 
-1.200000 -93.681594 
-1.240000 -103.178017 
-1.280000 -101.278732 
-1.320000 -91.782309 
-1.360000 -101.278732 
-1.400000 -103.178017 
-1.440000 -108.875871 
-1.480000 -118.372294 
-1.520000 -124.070148 
-1.560000 -139.264426 
-1.600000 -141.163710 
-1.640000 -143.062995 
-1.680000 -146.861564 
-1.720000 -143.062995 
-1.760000 -146.861564 
-1.800000 -162.055842 
-1.840000 -162.055842 
-1.880000 -160.156557 
-1.920000 -171.552265 
-1.960000 -175.350834 
-2.000000 -167.753696 
-2.040000 -179.149404 
-2.080000 -181.048688 
-2.120000 -184.847258 
-2.160000 -186.746542 
-2.200000 -196.242966 
-2.240000 -205.739389 
-2.280000 -203.840104 
-2.320000 -213.336528 
-2.360000 -207.638674 
-2.400000 -203.840104 
-2.440000 -215.235812 
-2.480000 -220.933666 
-2.480000 -215.235812 
-2.440000 -226.631520 
-2.400000 -230.430090 
-2.360000 -230.430090 
-2.320000 -230.430090 
-2.280000 -226.631520 
-2.240000 -239.926513 
-2.200000 -245.624367 
-2.160000 -241.825798 
-2.120000 -241.825798 
-2.080000 -236.127944 
-2.040000 -232.329374 
-2.000000 -238.027228 
-1.960000 -226.631520 
-1.920000 -226.631520 
-1.880000 -234.228659 
-1.840000 -230.430090 
-1.800000 -236.127944 
-1.760000 -238.027228 
-1.720000 -241.825798 
-1.680000 -239.926513 
-1.640000 -232.329374 
-1.600000 -226.631520 
-1.560000 -226.631520 
-1.520000 -219.034382 
-1.480000 -224.732236 
-1.440000 -228.530805 
-1.400000 -224.732236 
-1.360000 -220.933666 
-1.320000 -198.142250 
-1.280000 -196.242966 
-1.240000 -207.638674 
-1.200000 -200.041535 
-1.160000 -200.041535 
-1.120000 -186.746542 
-1.080000 -194.343681 
-1.040000 -198.142250 
-1.000000 -198.142250 
-0.960000 -177.250119 
-0.920000 -182.947973 
-0.880000 -173.451550 
-0.840000 -163.955126 
-0.800000 -169.652980 
-0.760000 -167.753696 
-0.720000 -156.357988 
-0.680000 -144.962280 
-0.640000 -150.660134 
-0.600000 -150.660134 
-0.560000 -137.365141 
-0.520000 -144.962280 
-0.480000 -139.264426 
-0.440000 -125.969433 
-0.400000 -120.271579 
-0.360000 -118.372294 
-0.320000 -120.271579 
-0.280000 -114.573725 
-0.240000 -110.775156 
-0.200000 -106.976586 
-0.160000 -101.278732 
-0.120000 -97.480163 
-0.080000 -87.983740 
-0.040000 -106.976586 
0.000000 -87.983740 
0.040000 -82.285886 
0.080000 -78.487316 
0.120000 -72.789462 
0.160000 -57.595185 
0.200000 -44.300193 
0.240000 -31.005200 
0.280000 -17.710207 
0.320000 -6.314499 
0.360000 5.081209 
0.400000 1.282639 
0.440000 5.081209 
0.480000 -0.616645 
0.520000 8.879778 
0.560000 22.174771 
0.600000 31.671194 
0.640000 35.469763 
0.680000 44.966187 
0.720000 44.966187 
0.760000 50.664041 
0.800000 52.563325 
0.840000 52.563325 
0.880000 62.059749 
0.920000 73.455457 
0.960000 65.858318 
1.000000 75.354741 
1.040000 88.649734 
1.080000 82.951880 
1.120000 84.851165 
1.160000 82.951880 
1.200000 84.851165 
1.240000 88.649734 
1.280000 90.549019 
1.320000 96.246873 
1.360000 98.146157 
1.400000 109.541865 
1.440000 90.549019 
1.480000 120.937573 
1.520000 119.038289 
1.560000 128.534712 
1.600000 143.728989 
1.640000 138.031135 
1.680000 141.829705 
1.720000 143.728989 
1.760000 151.326128 
1.800000 151.326128 
1.840000 158.923266 
1.880000 160.822551 
1.920000 158.923266 
1.960000 168.419690 
2.000000 177.916113 
2.040000 176.016828 
2.080000 181.714682 
2.120000 191.211106 
2.160000 191.211106 
2.200000 200.707529 
2.240000 204.506098 
2.280000 206.405383 
2.320000 214.002522 
2.360000 215.901806 
2.400000 217.801091 
2.440000 219.700376 
2.480000 217.801091 
2.480000 225.398230 
2.440000 236.793938 
2.400000 229.196799 
2.360000 229.196799 
2.320000 244.391076 
2.280000 244.391076 
2.240000 250.088930 
2.200000 246.290361 
2.160000 242.491792 
2.120000 259.585354 
2.080000 246.290361 
2.040000 244.391076 
2.000000 253.887500 
1.960000 248.189646 
1.920000 248.189646 
1.880000 242.491792 
1.840000 240.592507 
1.800000 236.793938 
1.760000 242.491792 
1.720000 246.290361 
1.680000 242.491792 
1.640000 244.391076 
1.600000 238.693222 
1.560000 242.491792 
1.520000 238.693222 
1.480000 234.894653 
1.440000 227.297514 
1.400000 221.599660 
1.360000 221.599660 
1.320000 219.700376 
1.280000 221.599660 
1.240000 223.498945 
1.200000 214.002522 
1.160000 204.506098 
1.120000 204.506098 
1.080000 195.009675 
1.040000 198.808244 
1.000000 198.808244 
0.960000 191.211106 
0.920000 183.613967 
0.880000 187.412536 
0.840000 191.211106 
0.800000 172.218259 
0.760000 168.419690 
0.720000 172.218259 
0.680000 166.520405 
0.640000 162.721836 
0.600000 157.023982 
0.560000 157.023982 
0.520000 147.527558 
0.480000 139.930420 
0.440000 126.635427 
0.400000 138.031135 
0.360000 141.829705 
0.320000 113.340435 
0.280000 124.736143 
0.240000 122.836858 
0.200000 115.239719 
0.160000 109.541865 
0.120000 109.541865 
0.080000 98.146157 
0.040000 100.045442 
-0.000000 94.347588 
-0.040000 82.951880 
-0.080000 82.951880 
-0.120000 82.951880 
-0.160000 69.656887 
-0.200000 62.059749 
-0.240000 60.160464 
-0.280000 41.167617 
-0.320000 12.678347 
-0.360000 -10.113069 
-0.400000 -13.911638 
-0.440000 -23.408061 
-0.480000 -27.206631 
-0.520000 -34.803769 
-0.560000 -42.400908 
-0.600000 -44.300193 
-0.640000 -36.703054 
-0.680000 -42.400908 
-0.720000 -46.199477 
-0.760000 -46.199477 
-0.800000 -46.199477 
-0.840000 -55.695901 
-0.880000 -53.796616 
-0.920000 -51.897331 
-0.960000 -68.990893 
-1.000000 -65.192324 
-1.040000 -70.890178 
-1.080000 -110.775156 
-1.120000 -87.983740 
-1.160000 -91.782309 
-1.200000 -89.883024 
-1.240000 -99.379448 
-1.280000 -87.983740 
-1.320000 -99.379448 
-1.360000 -99.379448 
-1.400000 -103.178017 
-1.440000 -112.674440 
-1.480000 -116.473010 
-1.520000 -114.573725 
-1.560000 -131.667287 
-1.600000 -122.170864 
-1.640000 -125.969433 
-1.680000 -139.264426 
-1.720000 -143.062995 
-1.760000 -152.559418 
-1.800000 -154.458703 
-1.840000 -167.753696 
-1.880000 -165.854411 
-1.920000 -154.458703 
-1.960000 -165.854411 
-2.000000 -173.451550 
-2.040000 -177.250119 
-2.080000 -181.048688 
-2.120000 -182.947973 
-2.160000 -188.645827 
-2.200000 -192.444396 
-2.240000 -196.242966 
-2.280000 -196.242966 
-2.320000 -205.739389 
-2.360000 -213.336528 
-2.400000 -211.437243 
-2.440000 -215.235812 
-2.480000 -236.127944 
-2.480000 -220.933666 
-2.440000 -222.832951 
-2.400000 -226.631520 
-2.360000 -224.732236 
-2.320000 -236.127944 
-2.280000 -258.919360 
-2.240000 -241.825798 
-2.200000 -243.725082 
-2.160000 -236.127944 
-2.120000 -247.523652 
-2.080000 -249.422936 
-2.040000 -236.127944 
-2.000000 -238.027228 
-1.960000 -232.329374 
-1.920000 -234.228659 
-1.880000 -243.725082 
-1.840000 -224.732236 
-1.800000 -215.235812 
-1.760000 -224.732236 
-1.720000 -234.228659 
-1.680000 -239.926513 
-1.640000 -226.631520 
-1.600000 -224.732236 
-1.560000 -226.631520 
-1.520000 -219.034382 
-1.480000 -222.832951 
-1.440000 -220.933666 
-1.400000 -217.135097 
-1.360000 -220.933666 
-1.320000 -215.235812 
-1.280000 -211.437243 
-1.240000 -207.638674 
-1.200000 -198.142250 
-1.160000 -192.444396 
-1.120000 -198.142250 
-1.080000 -190.545112 
-1.040000 -184.847258 
-1.000000 -181.048688 
-0.960000 -177.250119 
-0.920000 -184.847258 
-0.880000 -182.947973 
-0.840000 -175.350834 
-0.800000 -158.257272 
-0.760000 -163.955126 
-0.720000 -160.156557 
-0.680000 -154.458703 
-0.640000 -156.357988 
-0.600000 -152.559418 
-0.560000 -146.861564 
-0.520000 -131.667287 
-0.480000 -129.768002 
-0.440000 -137.365141 
-0.400000 -129.768002 
-0.360000 -125.969433 
-0.320000 -118.372294 
-0.280000 -120.271579 
-0.240000 -110.775156 
-0.200000 -103.178017 
-0.160000 -105.077302 
-0.120000 -91.782309 
-0.080000 -89.883024 
-0.040000 -91.782309 
