0.000000 -0.616645 
0.015000 -0.616645 
0.030000 8.879778 
0.045000 -2.515930 
0.060000 -2.515930 
0.075000 1.282639 
0.090000 5.081209 
0.105000 8.879778 
0.120000 5.081209 
0.135000 -2.515930 
0.150000 8.879778 
0.165000 1.282639 
0.180000 -0.616645 
0.195000 6.980493 
0.210000 -4.415215 
0.225000 6.980493 
0.240000 -2.515930 
0.255000 5.081209 
0.270000 16.476917 
0.285000 27.872625 
0.300000 39.268333 
0.315000 31.671194 
0.330000 39.268333 
0.345000 46.865471 
0.360000 43.066902 
0.375000 44.966187 
0.390000 44.966187 
0.405000 41.167617 
0.420000 54.462610 
0.435000 50.664041 
0.450000 44.966187 
0.465000 54.462610 
0.480000 54.462610 
0.495000 50.664041 
0.510000 58.261179 
0.525000 52.563325 
0.540000 62.059749 
0.555000 58.261179 
0.570000 62.059749 
0.585000 63.959033 
0.600000 73.455457 
0.615000 65.858318 
0.630000 73.455457 
0.645000 67.757603 
0.660000 69.656887 
0.675000 67.757603 
0.690000 71.556172 
0.705000 82.951880 
0.720000 73.455457 
0.735000 73.455457 
0.750000 90.549019 
0.765000 82.951880 
0.780000 84.851165 
0.795000 92.448303 
0.810000 84.851165 
0.825000 90.549019 
0.840000 94.347588 
0.855000 101.944727 
0.870000 96.246873 
0.885000 94.347588 
0.900000 100.045442 
0.915000 107.642581 
0.930000 107.642581 
0.945000 109.541865 
0.960000 109.541865 
0.975000 117.139004 
0.990000 113.340435 
1.005000 115.239719 
1.020000 117.139004 
1.035000 113.340435 
1.050000 122.836858 
1.065000 128.534712 
1.080000 128.534712 
1.095000 134.232566 
1.110000 124.736143 
1.125000 132.333281 
1.140000 120.937573 
1.155000 130.433997 
1.170000 136.131851 
1.185000 139.930420 
1.200000 134.232566 
1.215000 143.728989 
1.230000 136.131851 
1.245000 145.628274 
1.260000 141.829705 
1.275000 138.031135 
1.290000 136.131851 
1.305000 157.023982 
1.320000 143.728989 
1.335000 145.628274 
1.350000 145.628274 
1.365000 147.527558 
1.380000 153.225412 
1.395000 145.628274 
1.410000 153.225412 
1.425000 155.124697 
1.440000 158.923266 
1.455000 162.721836 
1.470000 166.520405 
1.485000 177.916113 
1.500000 168.419690 
1.515000 162.721836 
1.530000 177.916113 
1.545000 183.613967 
1.560000 174.117544 
1.575000 174.117544 
1.590000 179.815398 
1.605000 145.628274 
1.620000 185.513252 
1.635000 191.211106 
1.650000 183.613967 
1.665000 183.613967 
1.680000 191.211106 
1.695000 181.714682 
1.710000 187.412536 
1.725000 196.908960 
1.740000 196.908960 
1.755000 191.211106 
1.770000 193.110390 
1.785000 196.908960 
1.800000 196.908960 
1.815000 196.908960 
1.830000 196.908960 
1.845000 195.009675 
1.860000 196.908960 
1.875000 200.707529 
1.890000 202.606814 
1.905000 206.405383 
1.920000 210.203952 
1.935000 210.203952 
1.950000 210.203952 
1.965000 217.801091 
1.980000 217.801091 
1.995000 214.002522 
2.010000 219.700376 
2.025000 204.506098 
2.040000 223.498945 
2.055000 225.398230 
2.070000 214.002522 
2.085000 234.894653 
2.100000 221.599660 
2.115000 214.002522 
2.130000 229.196799 
2.145000 219.700376 
2.160000 221.599660 
2.175000 227.297514 
2.190000 219.700376 
2.205000 231.096084 
2.220000 223.498945 
2.235000 231.096084 
2.250000 227.297514 
2.265000 227.297514 
2.280000 238.693222 
2.295000 240.592507 
2.310000 240.592507 
2.325000 238.693222 
2.340000 234.894653 
2.355000 236.793938 
2.370000 240.592507 
2.385000 234.894653 
2.400000 248.189646 
2.415000 234.894653 
2.430000 251.988215 
2.445000 251.988215 
2.460000 250.088930 
2.475000 251.988215 
2.490000 250.088930 
2.495000 248.189646 
2.480000 265.283208 
2.465000 261.484638 
2.450000 255.786784 
2.435000 251.988215 
2.420000 265.283208 
2.405000 259.585354 
2.390000 257.686069 
2.375000 248.189646 
2.360000 261.484638 
2.345000 272.880346 
2.330000 259.585354 
2.315000 261.484638 
2.300000 261.484638 
2.285000 267.182492 
2.270000 255.786784 
2.255000 265.283208 
2.240000 265.283208 
2.225000 263.383923 
2.210000 270.981062 
2.195000 246.290361 
2.180000 257.686069 
2.165000 259.585354 
2.150000 255.786784 
2.135000 259.585354 
2.120000 251.988215 
2.105000 255.786784 
2.090000 244.391076 
2.075000 263.383923 
2.060000 257.686069 
2.045000 246.290361 
2.030000 255.786784 
2.015000 257.686069 
2.000000 251.988215 
1.985000 246.290361 
1.970000 251.988215 
1.955000 257.686069 
1.940000 242.491792 
1.925000 261.484638 
1.910000 236.793938 
1.895000 255.786784 
1.880000 250.088930 
1.865000 240.592507 
1.850000 250.088930 
1.835000 234.894653 
1.820000 244.391076 
1.805000 242.491792 
1.790000 229.196799 
1.775000 250.088930 
1.760000 238.693222 
1.745000 242.491792 
1.730000 231.096084 
1.715000 219.700376 
1.700000 232.995368 
1.685000 229.196799 
1.670000 234.894653 
1.655000 234.894653 
1.640000 221.599660 
1.625000 238.693222 
1.610000 225.398230 
1.595000 215.901806 
1.580000 217.801091 
1.565000 210.203952 
1.550000 225.398230 
1.535000 217.801091 
1.520000 214.002522 
1.505000 221.599660 
1.490000 214.002522 
1.475000 204.506098 
1.460000 214.002522 
1.445000 208.304668 
1.430000 202.606814 
1.415000 215.901806 
1.400000 206.405383 
1.385000 198.808244 
1.370000 214.002522 
1.355000 206.405383 
1.340000 200.707529 
1.325000 198.808244 
1.310000 195.009675 
1.295000 195.009675 
1.280000 198.808244 
1.265000 191.211106 
1.250000 191.211106 
1.235000 181.714682 
1.220000 181.714682 
1.205000 181.714682 
1.190000 187.412536 
1.175000 185.513252 
1.160000 179.815398 
1.145000 179.815398 
1.130000 181.714682 
1.115000 183.613967 
1.100000 166.520405 
1.085000 179.815398 
1.070000 170.318974 
1.055000 166.520405 
1.040000 166.520405 
1.025000 138.031135 
1.010000 162.721836 
0.995000 160.822551 
0.980000 164.621120 
0.965000 155.124697 
0.950000 143.728989 
0.935000 151.326128 
0.920000 145.628274 
0.905000 149.426843 
0.890000 139.930420 
0.875000 151.326128 
0.860000 143.728989 
0.845000 145.628274 
0.830000 139.930420 
0.815000 141.829705 
0.800000 139.930420 
0.785000 138.031135 
0.770000 138.031135 
0.755000 138.031135 
0.740000 143.728989 
0.725000 147.527558 
0.710000 139.930420 
0.695000 136.131851 
0.680000 138.031135 
0.665000 136.131851 
0.650000 130.433997 
0.635000 136.131851 
0.620000 130.433997 
0.605000 130.433997 
0.590000 128.534712 
0.575000 122.836858 
0.560000 126.635427 
0.545000 126.635427 
0.530000 119.038289 
0.515000 115.239719 
0.500000 109.541865 
0.485000 103.844011 
0.470000 105.743296 
0.455000 100.045442 
0.440000 107.642581 
0.425000 100.045442 
0.410000 103.844011 
0.395000 101.944727 
0.380000 92.448303 
0.365000 96.246873 
0.350000 94.347588 
0.335000 90.549019 
0.320000 88.649734 
0.305000 86.750449 
0.290000 86.750449 
0.275000 79.153311 
0.260000 84.851165 
0.245000 82.951880 
0.230000 75.354741 
0.215000 75.354741 
0.200000 75.354741 
0.185000 69.656887 
0.170000 75.354741 
0.155000 62.059749 
0.140000 69.656887 
0.125000 67.757603 
0.110000 60.160464 
0.095000 69.656887 
0.080000 63.959033 
0.065000 58.261179 
0.050000 58.261179 
0.035000 63.959033 
0.020000 52.563325 
0.005000 54.462610 
-0.010000 52.563325 
-0.025000 44.966187 
-0.040000 35.469763 
-0.055000 39.268333 
-0.070000 35.469763 
-0.085000 25.973340 
-0.100000 16.476917 
-0.115000 22.174771 
-0.130000 16.476917 
-0.145000 6.980493 
-0.160000 -12.012353 
-0.175000 -15.810923 
-0.190000 -21.508777 
-0.205000 -27.206631 
-0.220000 -27.206631 
-0.235000 -21.508777 
-0.250000 -29.105915 
-0.265000 -23.408061 
-0.280000 -27.206631 
-0.295000 -29.105915 
-0.310000 -31.005200 
-0.325000 -27.206631 
-0.340000 -32.904485 
-0.355000 -29.105915 
-0.370000 -32.904485 
-0.385000 -32.904485 
-0.400000 -25.307346 
-0.415000 -32.904485 
-0.430000 -36.703054 
-0.445000 -44.300193 
-0.460000 -51.897331 
-0.475000 -49.998047 
-0.490000 -44.300193 
-0.505000 -51.897331 
-0.520000 -49.998047 
-0.535000 -51.897331 
-0.550000 -70.890178 
-0.565000 -57.595185 
-0.580000 -61.393755 
-0.595000 -72.789462 
-0.610000 -59.494470 
-0.625000 -59.494470 
-0.640000 -105.077302 
-0.655000 -65.192324 
-0.670000 -65.192324 
-0.685000 -65.192324 
-0.700000 -74.688747 
-0.715000 -67.091609 
-0.730000 -72.789462 
-0.745000 -78.487316 
-0.760000 -74.688747 
-0.775000 -76.588032 
-0.790000 -80.386601 
-0.805000 -82.285886 
-0.820000 -82.285886 
-0.835000 -82.285886 
-0.850000 -80.386601 
-0.865000 -87.983740 
-0.880000 -82.285886 
-0.895000 -93.681594 
-0.910000 -76.588032 
-0.925000 -93.681594 
-0.940000 -95.580878 
-0.955000 -95.580878 
-0.970000 -91.782309 
-0.985000 -99.379448 
-1.000000 -103.178017 
-1.015000 -108.875871 
-1.030000 -106.976586 
-1.045000 -105.077302 
-1.060000 -114.573725 
-1.075000 -106.976586 
-1.090000 -114.573725 
-1.105000 -114.573725 
-1.120000 -114.573725 
-1.135000 -118.372294 
-1.150000 -114.573725 
-1.165000 -127.868718 
-1.180000 -124.070148 
-1.195000 -129.768002 
-1.210000 -131.667287 
-1.225000 -131.667287 
-1.240000 -137.365141 
-1.255000 -127.868718 
-1.270000 -135.465856 
-1.285000 -137.365141 
-1.300000 -131.667287 
-1.315000 -158.257272 
-1.330000 -139.264426 
-1.345000 -135.465856 
-1.360000 -143.062995 
-1.375000 -143.062995 
-1.390000 -144.962280 
-1.405000 -143.062995 
-1.420000 -139.264426 
-1.435000 -152.559418 
-1.450000 -196.242966 
-1.465000 -143.062995 
-1.480000 -144.962280 
-1.495000 -171.552265 
-1.510000 -148.760849 
-1.525000 -150.660134 
-1.540000 -148.760849 
-1.555000 -156.357988 
-1.570000 -160.156557 
-1.585000 -150.660134 
-1.600000 -156.357988 
-1.615000 -165.854411 
-1.630000 -162.055842 
-1.645000 -163.955126 
-1.660000 -179.149404 
-1.675000 -173.451550 
-1.690000 -173.451550 
-1.705000 -173.451550 
-1.720000 -175.350834 
-1.735000 -181.048688 
-1.750000 -181.048688 
-1.765000 -184.847258 
-1.780000 -194.343681 
-1.795000 -182.947973 
-1.810000 -181.048688 
-1.825000 -188.645827 
-1.840000 -184.847258 
-1.855000 -192.444396 
-1.870000 -192.444396 
-1.885000 -184.847258 
-1.900000 -190.545112 
-1.915000 -192.444396 
-1.930000 -192.444396 
-1.945000 -190.545112 
-1.960000 -201.940820 
-1.975000 -190.545112 
-1.990000 -201.940820 
-2.005000 -198.142250 
-2.020000 -207.638674 
-2.035000 -205.739389 
-2.050000 -201.940820 
-2.065000 -203.840104 
-2.080000 -203.840104 
-2.095000 -213.336528 
-2.110000 -203.840104 
-2.125000 -219.034382 
-2.140000 -213.336528 
-2.155000 -220.933666 
-2.170000 -213.336528 
-2.185000 -222.832951 
-2.200000 -209.537958 
-2.215000 -215.235812 
-2.230000 -215.235812 
-2.245000 -219.034382 
-2.260000 -226.631520 
-2.275000 -217.135097 
-2.290000 -226.631520 
-2.305000 -224.732236 
-2.320000 -224.732236 
-2.335000 -234.228659 
-2.350000 -234.228659 
-2.365000 -224.732236 
-2.380000 -243.725082 
-2.395000 -234.228659 
-2.410000 -234.228659 
-2.425000 -236.127944 
-2.440000 -230.430090 
-2.455000 -236.127944 
-2.470000 -234.228659 
-2.485000 -247.523652 
-2.500000 -245.624367 
-2.485000 -239.926513 
-2.470000 -251.322221 
-2.455000 -245.624367 
-2.440000 -258.919360 
-2.425000 -251.322221 
-2.410000 -253.221506 
-2.395000 -258.919360 
-2.380000 -243.725082 
-2.365000 -258.919360 
-2.350000 -266.516498 
-2.335000 -255.120790 
-2.320000 -258.919360 
-2.305000 -260.818644 
-2.290000 -264.617214 
-2.275000 -281.710775 
-2.260000 -257.020075 
-2.245000 -264.617214 
-2.230000 -272.214352 
-2.215000 -266.516498 
-2.200000 -257.020075 
-2.185000 -264.617214 
-2.170000 -266.516498 
-2.155000 -264.617214 
-2.140000 -266.516498 
-2.125000 -276.012922 
-2.110000 -266.516498 
-2.095000 -264.617214 
-2.080000 -264.617214 
-2.065000 -251.322221 
-2.050000 -270.315068 
-2.035000 -251.322221 
-2.020000 -253.221506 
-2.005000 -255.120790 
-1.990000 -255.120790 
-1.975000 -255.120790 
-1.960000 -245.624367 
-1.945000 -251.322221 
-1.930000 -257.020075 
-1.915000 -249.422936 
-1.900000 -260.818644 
-1.885000 -251.322221 
-1.870000 -251.322221 
-1.855000 -253.221506 
-1.840000 -255.120790 
-1.825000 -251.322221 
-1.810000 -251.322221 
-1.795000 -247.523652 
-1.780000 -234.228659 
-1.765000 -249.422936 
-1.750000 -239.926513 
-1.735000 -232.329374 
-1.720000 -239.926513 
-1.705000 -230.430090 
-1.690000 -222.832951 
-1.675000 -228.530805 
-1.660000 -224.732236 
-1.645000 -236.127944 
-1.630000 -215.235812 
-1.615000 -217.135097 
-1.600000 -228.530805 
-1.585000 -209.537958 
-1.570000 -213.336528 
-1.555000 -215.235812 
-1.540000 -205.739389 
-1.525000 -219.034382 
-1.510000 -209.537958 
-1.495000 -194.343681 
-1.480000 -203.840104 
-1.465000 -201.940820 
-1.450000 -196.242966 
-1.435000 -203.840104 
-1.420000 -201.940820 
-1.405000 -194.343681 
-1.390000 -203.840104 
-1.375000 -198.142250 
-1.360000 -194.343681 
-1.345000 -205.739389 
-1.330000 -190.545112 
-1.315000 -184.847258 
-1.300000 -182.947973 
-1.285000 -190.545112 
-1.270000 -188.645827 
-1.255000 -179.149404 
-1.240000 -181.048688 
-1.225000 -169.652980 
-1.210000 -167.753696 
-1.195000 -184.847258 
-1.180000 -167.753696 
-1.165000 -162.055842 
-1.150000 -169.652980 
-1.135000 -167.753696 
-1.120000 -162.055842 
-1.105000 -173.451550 
-1.090000 -160.156557 
-1.075000 -158.257272 
-1.060000 -146.861564 
-1.045000 -165.854411 
-1.030000 -160.156557 
-1.015000 -165.854411 
-1.000000 -152.559418 
-0.985000 -154.458703 
-0.970000 -150.660134 
-0.955000 -158.257272 
-0.940000 -150.660134 
-0.925000 -154.458703 
-0.910000 -160.156557 
-0.895000 -154.458703 
-0.880000 -146.861564 
-0.865000 -148.760849 
-0.850000 -139.264426 
-0.835000 -148.760849 
-0.820000 -141.163710 
-0.805000 -129.768002 
-0.790000 -148.760849 
-0.775000 -135.465856 
-0.760000 -139.264426 
-0.745000 -125.969433 
-0.730000 -133.566572 
-0.715000 -133.566572 
-0.700000 -129.768002 
-0.685000 -124.070148 
-0.670000 -124.070148 
-0.655000 -124.070148 
-0.640000 -122.170864 
-0.625000 -120.271579 
-0.610000 -114.573725 
-0.595000 -112.674440 
-0.580000 -112.674440 
-0.565000 -108.875871 
-0.550000 -106.976586 
-0.535000 -105.077302 
-0.520000 -99.379448 
-0.505000 -105.077302 
-0.490000 -99.379448 
-0.475000 -101.278732 
-0.460000 -95.580878 
-0.445000 -99.379448 
-0.430000 -95.580878 
-0.415000 -89.883024 
-0.400000 -89.883024 
-0.385000 -89.883024 
-0.370000 -89.883024 
-0.355000 -89.883024 
-0.340000 -80.386601 
-0.325000 -82.285886 
-0.310000 -76.588032 
-0.295000 -80.386601 
-0.280000 -82.285886 
-0.265000 -78.487316 
-0.250000 -78.487316 
-0.235000 -72.789462 
-0.220000 -68.990893 
-0.205000 -76.588032 
-0.190000 -67.091609 
-0.175000 -63.293039 
-0.160000 -67.091609 
-0.145000 -57.595185 
-0.130000 -59.494470 
-0.115000 -53.796616 
-0.100000 -78.487316 
-0.085000 -57.595185 
-0.070000 -53.796616 
-0.055000 -48.098762 
-0.040000 -51.897331 
-0.025000 -40.501623 
-0.010000 -48.098762 
0.005000 -34.803769 
0.020000 -32.904485 
0.035000 -36.703054 
0.050000 -21.508777 
0.065000 -27.206631 
0.080000 -15.810923 
0.095000 -8.213784 
0.110000 -2.515930 
0.125000 3.181924 
0.140000 5.081209 
0.155000 8.879778 
0.170000 8.879778 
0.185000 3.181924 
0.200000 -2.515930 
0.215000 6.980493 
0.230000 1.282639 
0.245000 10.779063 
0.260000 10.779063 
0.275000 22.174771 
0.290000 27.872625 
0.305000 29.771909 
0.320000 39.268333 
0.335000 39.268333 
0.350000 43.066902 
0.365000 46.865471 
0.380000 44.966187 
0.395000 52.563325 
0.410000 50.664041 
0.425000 58.261179 
0.440000 54.462610 
0.455000 54.462610 
0.470000 54.462610 
0.485000 50.664041 
0.500000 54.462610 
0.515000 58.261179 
0.530000 60.160464 
0.545000 56.361895 
0.560000 62.059749 
0.575000 60.160464 
0.590000 71.556172 
0.605000 65.858318 
0.620000 69.656887 
0.635000 79.153311 
0.650000 75.354741 
0.665000 75.354741 
0.680000 73.455457 
0.695000 79.153311 
0.710000 81.052595 
0.725000 84.851165 
0.740000 82.951880 
0.755000 79.153311 
0.770000 90.549019 
0.785000 79.153311 
0.800000 94.347588 
0.815000 92.448303 
0.830000 100.045442 
0.845000 103.844011 
0.860000 103.844011 
0.875000 96.246873 
0.890000 105.743296 
0.905000 96.246873 
0.920000 100.045442 
0.935000 107.642581 
0.950000 105.743296 
0.965000 103.844011 
0.980000 103.844011 
0.995000 101.944727 
1.010000 115.239719 
1.025000 117.139004 
1.040000 120.937573 
1.055000 107.642581 
1.070000 105.743296 
1.085000 115.239719 
1.100000 117.139004 
1.115000 111.441150 
1.130000 119.038289 
1.145000 119.038289 
1.160000 132.333281 
1.175000 124.736143 
1.190000 130.433997 
1.205000 126.635427 
1.220000 122.836858 
1.235000 138.031135 
1.250000 138.031135 
1.265000 124.736143 
1.280000 147.527558 
1.295000 149.426843 
1.310000 149.426843 
1.325000 143.728989 
1.340000 139.930420 
1.355000 153.225412 
1.370000 139.930420 
1.385000 153.225412 
1.400000 155.124697 
1.415000 151.326128 
1.430000 158.923266 
1.445000 153.225412 
1.460000 149.426843 
1.475000 164.621120 
1.490000 162.721836 
1.505000 158.923266 
1.520000 157.023982 
1.535000 164.621120 
1.550000 170.318974 
1.565000 166.520405 
1.580000 164.621120 
1.595000 166.520405 
1.610000 164.621120 
1.625000 166.520405 
1.640000 176.016828 
1.655000 162.721836 
1.670000 172.218259 
1.685000 174.117544 
1.700000 176.016828 
1.715000 174.117544 
1.730000 179.815398 
1.745000 183.613967 
1.760000 181.714682 
1.775000 181.714682 
1.790000 204.506098 
1.805000 198.808244 
1.820000 193.110390 
1.835000 191.211106 
1.850000 204.506098 
1.865000 198.808244 
1.880000 204.506098 
1.895000 206.405383 
1.910000 193.110390 
1.925000 206.405383 
1.940000 204.506098 
1.955000 196.908960 
1.970000 208.304668 
1.985000 215.901806 
2.000000 206.405383 
2.015000 204.506098 
2.030000 221.599660 
2.045000 204.506098 
2.060000 221.599660 
2.075000 217.801091 
2.090000 215.901806 
2.105000 219.700376 
2.120000 223.498945 
2.135000 219.700376 
2.150000 227.297514 
2.165000 214.002522 
2.180000 219.700376 
2.195000 227.297514 
2.210000 215.901806 
2.225000 231.096084 
2.240000 229.196799 
2.255000 225.398230 
2.270000 236.793938 
2.285000 227.297514 
2.300000 240.592507 
2.315000 234.894653 
2.330000 232.995368 
2.345000 232.995368 
2.360000 234.894653 
2.375000 234.894653 
2.390000 236.793938 
2.405000 242.491792 
2.420000 246.290361 
2.435000 244.391076 
2.450000 244.391076 
2.465000 248.189646 
2.480000 244.391076 
2.495000 261.484638 
2.490000 250.088930 
2.475000 251.988215 
2.460000 259.585354 
2.445000 246.290361 
2.430000 259.585354 
2.415000 253.887500 
2.400000 276.678916 
2.385000 257.686069 
2.370000 259.585354 
2.355000 265.283208 
2.340000 263.383923 
2.325000 265.283208 
2.310000 257.686069 
2.295000 263.383923 
2.280000 251.988215 
2.265000 265.283208 
2.250000 257.686069 
2.235000 250.088930 
2.220000 259.585354 
2.205000 257.686069 
2.190000 267.182492 
2.175000 255.786784 
2.160000 257.686069 
2.145000 265.283208 
2.130000 255.786784 
2.115000 267.182492 
2.100000 253.887500 
2.085000 263.383923 
2.070000 259.585354 
2.055000 253.887500 
2.040000 261.484638 
2.025000 251.988215 
2.010000 259.585354 
1.995000 251.988215 
1.980000 259.585354 
1.965000 244.391076 
1.950000 255.786784 
1.935000 255.786784 
1.920000 236.793938 
1.905000 257.686069 
1.890000 251.988215 
1.875000 257.686069 
1.860000 253.887500 
1.845000 238.693222 
1.830000 251.988215 
1.815000 244.391076 
1.800000 248.189646 
1.785000 246.290361 
1.770000 238.693222 
1.755000 246.290361 
1.740000 240.592507 
1.725000 231.096084 
1.710000 238.693222 
1.695000 227.297514 
1.680000 234.894653 
1.665000 234.894653 
1.650000 229.196799 
1.635000 232.995368 
1.620000 225.398230 
1.605000 234.894653 
1.590000 214.002522 
1.575000 225.398230 
1.560000 229.196799 
1.545000 212.103237 
1.530000 227.297514 
1.515000 217.801091 
1.500000 214.002522 
1.485000 214.002522 
1.470000 204.506098 
1.455000 214.002522 
1.440000 206.405383 
1.425000 202.606814 
1.410000 198.808244 
1.395000 206.405383 
1.380000 198.808244 
1.365000 198.808244 
1.350000 202.606814 
1.335000 191.211106 
1.320000 191.211106 
1.305000 198.808244 
1.290000 198.808244 
1.275000 191.211106 
1.260000 195.009675 
1.245000 189.311821 
1.230000 179.815398 
1.215000 187.412536 
1.200000 179.815398 
1.185000 183.613967 
1.170000 172.218259 
1.155000 174.117544 
1.140000 176.016828 
1.125000 166.520405 
1.110000 162.721836 
1.095000 166.520405 
1.080000 158.923266 
1.065000 160.822551 
1.050000 166.520405 
1.035000 168.419690 
1.020000 158.923266 
1.005000 158.923266 
0.990000 158.923266 
0.975000 155.124697 
0.960000 158.923266 
0.945000 166.520405 
0.930000 157.023982 
0.915000 157.023982 
0.900000 155.124697 
0.885000 155.124697 
0.870000 149.426843 
0.855000 155.124697 
0.840000 155.124697 
0.825000 149.426843 
0.810000 155.124697 
0.795000 145.628274 
0.780000 145.628274 
0.765000 143.728989 
0.750000 141.829705 
0.735000 130.433997 
0.720000 138.031135 
0.705000 134.232566 
0.690000 138.031135 
0.675000 134.232566 
0.660000 130.433997 
0.645000 120.937573 
0.630000 126.635427 
0.615000 124.736143 
0.600000 117.139004 
0.585000 119.038289 
0.570000 119.038289 
0.555000 119.038289 
0.540000 119.038289 
0.525000 113.340435 
0.510000 113.340435 
0.495000 109.541865 
0.480000 103.844011 
0.465000 109.541865 
0.450000 100.045442 
0.435000 103.844011 
0.420000 94.347588 
0.405000 88.649734 
0.390000 88.649734 
0.375000 88.649734 
0.360000 92.448303 
0.345000 86.750449 
0.330000 92.448303 
0.315000 94.347588 
0.300000 84.851165 
0.285000 92.448303 
0.270000 81.052595 
0.255000 82.951880 
0.240000 79.153311 
0.225000 75.354741 
0.210000 71.556172 
0.195000 73.455457 
0.180000 75.354741 
0.165000 75.354741 
0.150000 69.656887 
0.135000 60.160464 
0.120000 65.858318 
0.105000 56.361895 
0.090000 58.261179 
0.075000 60.160464 
0.060000 62.059749 
0.045000 63.959033 
0.030000 52.563325 
0.015000 52.563325 
-0.000000 52.563325 
-0.015000 44.966187 
-0.030000 33.570479 
-0.045000 37.369048 
-0.060000 29.771909 
-0.075000 18.376201 
-0.090000 16.476917 
-0.105000 16.476917 
-0.120000 1.282639 
-0.135000 3.181924 
-0.150000 1.282639 
-0.165000 -2.515930 
-0.180000 -12.012353 
-0.195000 -13.911638 
-0.210000 -17.710207 
-0.225000 -21.508777 
-0.240000 -27.206631 
-0.255000 -21.508777 
-0.270000 -29.105915 
-0.285000 -21.508777 
-0.300000 -32.904485 
-0.315000 -29.105915 
-0.330000 -23.408061 
-0.345000 -32.904485 
-0.360000 -32.904485 
-0.375000 -32.904485 
-0.390000 -34.803769 
-0.405000 -36.703054 
-0.420000 -31.005200 
-0.435000 -40.501623 
-0.450000 -42.400908 
-0.465000 -44.300193 
-0.480000 -40.501623 
-0.495000 -44.300193 
-0.510000 -46.199477 
-0.525000 -42.400908 
-0.540000 -49.998047 
-0.555000 -46.199477 
-0.570000 -55.695901 
-0.585000 -48.098762 
-0.600000 -57.595185 
-0.615000 -51.897331 
-0.630000 -53.796616 
-0.645000 -36.703054 
-0.660000 -55.695901 
-0.675000 -53.796616 
-0.690000 -51.897331 
-0.705000 -67.091609 
-0.720000 -65.192324 
-0.735000 -63.293039 
-0.750000 -70.890178 
-0.765000 -67.091609 
-0.780000 -78.487316 
-0.795000 -76.588032 
-0.810000 -82.285886 
-0.825000 -82.285886 
-0.840000 -80.386601 
-0.855000 -82.285886 
-0.870000 -87.983740 
-0.885000 -89.883024 
-0.900000 -87.983740 
-0.915000 -97.480163 
-0.930000 -97.480163 
-0.945000 -97.480163 
-0.960000 -106.976586 
-0.975000 -103.178017 
-0.990000 -105.077302 
-1.005000 -105.077302 
-1.020000 -105.077302 
-1.035000 -101.278732 
-1.050000 -108.875871 
-1.065000 -118.372294 
-1.080000 -110.775156 
-1.095000 -114.573725 
-1.110000 -120.271579 
-1.125000 -120.271579 
-1.140000 -118.372294 
-1.155000 -125.969433 
-1.170000 -125.969433 
-1.185000 -129.768002 
-1.200000 -127.868718 
-1.215000 -133.566572 
-1.230000 -127.868718 
-1.245000 -135.465856 
-1.260000 -135.465856 
-1.275000 -131.667287 
-1.290000 -137.365141 
-1.305000 -139.264426 
-1.320000 -139.264426 
-1.335000 -144.962280 
-1.350000 -144.962280 
-1.365000 -150.660134 
-1.380000 -150.660134 
-1.395000 -148.760849 
-1.410000 -150.660134 
-1.425000 -156.357988 
-1.440000 -150.660134 
-1.455000 -154.458703 
-1.470000 -167.753696 
-1.485000 -163.955126 
-1.500000 -160.156557 
-1.515000 -169.652980 
-1.530000 -165.854411 
-1.545000 -173.451550 
-1.560000 -167.753696 
-1.575000 -165.854411 
-1.590000 -175.350834 
-1.605000 -167.753696 
-1.620000 -167.753696 
-1.635000 -171.552265 
-1.650000 -160.156557 
-1.665000 -169.652980 
-1.680000 -163.955126 
-1.695000 -173.451550 
-1.710000 -173.451550 
-1.725000 -169.652980 
-1.740000 -171.552265 
-1.755000 -167.753696 
-1.770000 -179.149404 
-1.785000 -186.746542 
-1.800000 -188.645827 
-1.815000 -190.545112 
-1.830000 -184.847258 
-1.845000 -192.444396 
-1.860000 -194.343681 
-1.875000 -190.545112 
-1.890000 -203.840104 
-1.905000 -194.343681 
-1.920000 -196.242966 
-1.935000 -200.041535 
-1.950000 -205.739389 
-1.965000 -196.242966 
-1.980000 -201.940820 
-1.995000 -205.739389 
-2.010000 -205.739389 
-2.025000 -205.739389 
-2.040000 -205.739389 
-2.055000 -209.537958 
-2.070000 -211.437243 
-2.085000 -205.739389 
-2.100000 -209.537958 
-2.115000 -211.437243 
-2.130000 -213.336528 
-2.145000 -217.135097 
-2.160000 -219.034382 
-2.175000 -219.034382 
-2.190000 -219.034382 
-2.205000 -220.933666 
-2.220000 -226.631520 
-2.235000 -222.832951 
-2.250000 -230.430090 
-2.265000 -236.127944 
-2.280000 -236.127944 
-2.295000 -238.027228 
-2.310000 -232.329374 
-2.325000 -228.530805 
-2.340000 -236.127944 
-2.355000 -230.430090 
-2.370000 -245.624367 
-2.385000 -239.926513 
-2.400000 -251.322221 
-2.415000 -257.020075 
-2.430000 -258.919360 
-2.445000 -279.811491 
-2.460000 -272.214352 
-2.475000 -283.610060 
-2.490000 -285.509345 
-2.495000 -287.408629 
-2.480000 -291.207199 
-2.465000 -287.408629 
-2.450000 -313.998615 
-2.435000 -285.509345 
-2.420000 -287.408629 
-2.405000 -283.610060 
-2.390000 -279.811491 
-2.375000 -283.610060 
-2.360000 -276.012922 
-2.345000 -260.818644 
-2.330000 -258.919360 
-2.315000 -264.617214 
-2.300000 -266.516498 
-2.285000 -270.315068 
-2.270000 -272.214352 
-2.255000 -268.415783 
-2.240000 -262.717929 
-2.225000 -249.422936 
-2.210000 -253.221506 
-2.195000 -243.725082 
-2.180000 -245.624367 
-2.165000 -251.322221 
-2.150000 -260.818644 
-2.135000 -266.516498 
-2.120000 -257.020075 
-2.105000 -249.422936 
-2.090000 -255.120790 
-2.075000 -243.725082 
-2.060000 -247.523652 
-2.045000 -239.926513 
-2.030000 -247.523652 
-2.015000 -255.120790 
-2.000000 -255.120790 
-1.985000 -258.919360 
-1.970000 -257.020075 
-1.955000 -264.617214 
-1.940000 -257.020075 
-1.925000 -251.322221 
-1.910000 -243.725082 
-1.895000 -243.725082 
-1.880000 -249.422936 
-1.865000 -239.926513 
-1.850000 -239.926513 
-1.835000 -245.624367 
-1.820000 -238.027228 
-1.805000 -247.523652 
-1.790000 -234.228659 
-1.775000 -224.732236 
-1.760000 -241.825798 
-1.745000 -224.732236 
-1.730000 -234.228659 
-1.715000 -219.034382 
-1.700000 -222.832951 
-1.685000 -224.732236 
-1.670000 -222.832951 
-1.655000 -220.933666 
-1.640000 -222.832951 
-1.625000 -203.840104 
-1.610000 -217.135097 
-1.595000 -196.242966 
-1.580000 -190.545112 
-1.565000 -192.444396 
-1.550000 -182.947973 
-1.535000 -186.746542 
-1.520000 -184.847258 
-1.505000 -179.149404 
-1.490000 -177.250119 
-1.475000 -173.451550 
-1.460000 -163.955126 
-1.445000 -144.962280 
-1.430000 -167.753696 
-1.415000 -198.142250 
-1.400000 -184.847258 
-1.385000 -163.955126 
-1.370000 -241.825798 
-1.355000 -241.825798 
-1.340000 -222.832951 
-1.325000 -211.437243 
-1.310000 -219.034382 
-1.295000 -243.725082 
-1.280000 -220.933666 
-1.265000 -255.120790 
-1.250000 -274.113637 
-1.235000 -255.120790 
-1.220000 -249.422936 
-1.205000 -321.595753 
-1.190000 -285.509345 
-1.175000 -281.710775 
-1.160000 -264.617214 
-1.145000 -257.020075 
-1.130000 -241.825798 
-1.115000 -236.127944 
-1.100000 -257.020075 
-1.085000 -247.523652 
-1.070000 -302.602907 
-1.055000 -308.300761 
-1.040000 -289.307914 
-1.025000 -272.214352 
-1.010000 -279.811491 
-0.995000 -289.307914 
-0.980000 -283.610060 
-0.965000 -298.804337 
-0.950000 -315.897899 
-0.935000 -293.106483 
-0.920000 -279.811491 
-0.905000 -274.113637 
-0.890000 -264.617214 
-0.875000 -255.120790 
-0.860000 -245.624367 
-0.845000 -241.825798 
-0.830000 -224.732236 
-0.815000 -213.336528 
-0.800000 -211.437243 
-0.785000 -198.142250 
-0.770000 -188.645827 
-0.755000 -179.149404 
-0.740000 -163.955126 
-0.725000 -154.458703 
-0.710000 -146.861564 
-0.695000 -148.760849 
-0.680000 -135.465856 
-0.665000 -131.667287 
-0.650000 -120.271579 
-0.635000 -116.473010 
-0.620000 -106.976586 
-0.605000 -103.178017 
-0.590000 -97.480163 
-0.575000 -93.681594 
-0.560000 -105.077302 
-0.545000 -108.875871 
-0.530000 -124.070148 
-0.515000 -112.674440 
-0.500000 -112.674440 
-0.485000 -112.674440 
-0.470000 -105.077302 
-0.455000 -114.573725 
-0.440000 -99.379448 
-0.425000 -103.178017 
-0.410000 -99.379448 
-0.395000 -99.379448 
-0.380000 -97.480163 
-0.365000 -93.681594 
-0.350000 -78.487316 
-0.335000 -89.883024 
-0.320000 -89.883024 
-0.305000 -82.285886 
-0.290000 -84.185170 
-0.275000 -84.185170 
-0.260000 -82.285886 
-0.245000 -82.285886 
-0.230000 -78.487316 
-0.215000 -68.990893 
-0.200000 -63.293039 
-0.185000 -67.091609 
-0.170000 -59.494470 
-0.155000 -53.796616 
-0.140000 -63.293039 
-0.125000 -63.293039 
-0.110000 -59.494470 
-0.095000 -67.091609 
-0.080000 -53.796616 
-0.065000 -67.091609 
-0.050000 -80.386601 
-0.035000 -53.796616 
-0.020000 -55.695901 
-0.005000 -48.098762 
0.010000 -53.796616 
0.025000 -46.199477 
0.040000 -42.400908 
0.055000 -36.703054 
0.070000 -36.703054 
0.085000 -21.508777 
0.100000 -27.206631 
0.115000 -15.810923 
0.130000 -12.012353 
0.145000 -10.113069 
0.160000 -6.314499 
0.175000 -10.113069 
0.190000 -13.911638 
0.205000 -6.314499 
0.220000 -10.113069 
0.235000 -10.113069 
0.250000 -12.012353 
0.265000 -10.113069 
0.280000 -15.810923 
0.295000 1.282639 
0.310000 8.879778 
0.325000 10.779063 
0.340000 12.678347 
0.355000 18.376201 
0.370000 24.074055 
0.385000 27.872625 
0.400000 31.671194 
0.415000 41.167617 
0.430000 39.268333 
0.445000 46.865471 
0.460000 48.764756 
0.475000 50.664041 
0.490000 60.160464 
0.505000 58.261179 
0.520000 56.361895 
0.535000 54.462610 
0.550000 50.664041 
0.565000 62.059749 
0.580000 63.959033 
0.595000 60.160464 
0.610000 69.656887 
0.625000 62.059749 
0.640000 69.656887 
0.655000 73.455457 
0.670000 77.254026 
0.685000 84.851165 
0.700000 79.153311 
0.715000 84.851165 
0.730000 88.649734 
0.745000 84.851165 
0.760000 77.254026 
0.775000 82.951880 
0.790000 77.254026 
0.805000 73.455457 
0.820000 82.951880 
0.835000 84.851165 
0.850000 103.844011 
0.865000 94.347588 
0.880000 96.246873 
0.895000 103.844011 
0.910000 100.045442 
0.925000 101.944727 
0.940000 103.844011 
0.955000 109.541865 
0.970000 107.642581 
0.985000 107.642581 
1.000000 107.642581 
1.015000 115.239719 
1.030000 107.642581 
1.045000 109.541865 
1.060000 122.836858 
1.075000 115.239719 
1.090000 120.937573 
1.105000 120.937573 
1.120000 120.937573 
1.135000 119.038289 
1.150000 128.534712 
1.165000 120.937573 
1.180000 128.534712 
1.195000 130.433997 
1.210000 138.031135 
1.225000 138.031135 
1.240000 134.232566 
1.255000 130.433997 
1.270000 143.728989 
1.285000 136.131851 
1.300000 145.628274 
1.315000 141.829705 
1.330000 143.728989 
1.345000 149.426843 
1.360000 139.930420 
1.375000 153.225412 
1.390000 147.527558 
1.405000 149.426843 
1.420000 149.426843 
1.435000 141.829705 
1.450000 155.124697 
1.465000 153.225412 
1.480000 158.923266 
1.495000 153.225412 
1.510000 157.023982 
1.525000 160.822551 
1.540000 168.419690 
1.555000 160.822551 
1.570000 162.721836 
1.585000 166.520405 
1.600000 162.721836 
1.615000 166.520405 
1.630000 172.218259 
1.645000 177.916113 
1.660000 168.419690 
1.675000 174.117544 
1.690000 168.419690 
1.705000 176.016828 
1.720000 181.714682 
1.735000 187.412536 
1.750000 183.613967 
1.765000 181.714682 
1.780000 183.613967 
1.795000 179.815398 
1.810000 189.311821 
1.825000 189.311821 
1.840000 189.311821 
1.855000 198.808244 
1.870000 196.908960 
1.885000 187.412536 
1.900000 196.908960 
1.915000 202.606814 
1.930000 210.203952 
1.945000 200.707529 
1.960000 204.506098 
1.975000 208.304668 
1.990000 208.304668 
2.005000 214.002522 
2.020000 223.498945 
2.035000 214.002522 
2.050000 215.901806 
2.065000 221.599660 
2.080000 214.002522 
2.095000 229.196799 
2.110000 223.498945 
2.125000 234.894653 
2.140000 229.196799 
2.155000 219.700376 
2.170000 234.894653 
2.185000 236.793938 
2.200000 221.599660 
2.215000 229.196799 
2.230000 229.196799 
2.245000 234.894653 
2.260000 240.592507 
2.275000 232.995368 
2.290000 246.290361 
2.305000 244.391076 
2.320000 238.693222 
2.335000 250.088930 
2.350000 242.491792 
2.365000 253.887500 
2.380000 251.988215 
2.395000 246.290361 
2.410000 263.383923 
2.425000 251.988215 
2.440000 257.686069 
2.455000 253.887500 
2.470000 251.988215 
2.485000 263.383923 
2.500000 267.182492 
2.485000 255.786784 
2.470000 265.283208 
2.455000 276.678916 
2.440000 259.585354 
2.425000 261.484638 
2.410000 259.585354 
2.395000 261.484638 
2.380000 267.182492 
2.365000 253.887500 
2.350000 265.283208 
2.335000 263.383923 
2.320000 259.585354 
2.305000 259.585354 
2.290000 261.484638 
2.275000 259.585354 
2.260000 257.686069 
2.245000 263.383923 
2.230000 251.988215 
2.215000 257.686069 
2.200000 269.081777 
2.185000 265.283208 
2.170000 263.383923 
2.155000 263.383923 
2.140000 259.585354 
2.125000 251.988215 
2.110000 269.081777 
2.095000 246.290361 
2.080000 259.585354 
2.065000 259.585354 
2.050000 251.988215 
2.035000 257.686069 
2.020000 248.189646 
2.005000 250.088930 
1.990000 246.290361 
1.975000 248.189646 
1.960000 257.686069 
1.945000 248.189646 
1.930000 251.988215 
1.915000 236.793938 
1.900000 251.988215 
1.885000 238.693222 
1.870000 244.391076 
1.855000 246.290361 
1.840000 240.592507 
1.825000 231.096084 
1.810000 244.391076 
1.795000 227.297514 
1.780000 240.592507 
1.765000 231.096084 
1.750000 240.592507 
1.735000 236.793938 
1.720000 232.995368 
1.705000 238.693222 
1.690000 240.592507 
1.675000 229.196799 
1.660000 240.592507 
1.645000 225.398230 
1.630000 231.096084 
1.615000 227.297514 
1.600000 231.096084 
1.585000 225.398230 
1.570000 221.599660 
1.555000 227.297514 
1.540000 215.901806 
1.525000 214.002522 
1.510000 219.700376 
1.495000 219.700376 
1.480000 204.506098 
1.465000 221.599660 
1.450000 212.103237 
1.435000 212.103237 
1.420000 210.203952 
1.405000 215.901806 
1.390000 208.304668 
1.375000 221.599660 
1.360000 204.506098 
1.345000 212.103237 
1.330000 202.606814 
1.315000 210.203952 
1.300000 206.405383 
1.285000 208.304668 
1.270000 196.908960 
1.255000 195.009675 
1.240000 198.808244 
1.225000 185.513252 
1.210000 193.110390 
1.195000 179.815398 
1.180000 189.311821 
1.165000 183.613967 
1.150000 191.211106 
1.135000 187.412536 
1.120000 185.513252 
1.105000 187.412536 
1.090000 183.613967 
1.075000 176.016828 
1.060000 185.513252 
1.045000 174.117544 
1.030000 179.815398 
1.015000 176.016828 
1.000000 183.613967 
0.985000 185.513252 
0.970000 168.419690 
0.955000 166.520405 
0.940000 177.916113 
0.925000 164.621120 
0.910000 162.721836 
0.895000 168.419690 
0.880000 166.520405 
0.865000 151.326128 
0.850000 157.023982 
0.835000 160.822551 
0.820000 151.326128 
0.805000 155.124697 
0.790000 153.225412 
0.775000 151.326128 
0.760000 141.829705 
0.745000 141.829705 
0.730000 145.628274 
0.715000 138.031135 
0.700000 139.930420 
0.685000 128.534712 
0.670000 130.433997 
0.655000 134.232566 
0.640000 130.433997 
0.625000 126.635427 
0.610000 128.534712 
0.595000 122.836858 
0.580000 119.038289 
0.565000 126.635427 
0.550000 113.340435 
0.535000 119.038289 
0.520000 109.541865 
0.505000 111.441150 
0.490000 107.642581 
0.475000 101.944727 
0.460000 109.541865 
0.445000 101.944727 
0.430000 103.844011 
0.415000 100.045442 
0.400000 94.347588 
0.385000 92.448303 
0.370000 92.448303 
0.355000 92.448303 
0.340000 86.750449 
0.325000 100.045442 
0.310000 86.750449 
0.295000 90.549019 
0.280000 86.750449 
0.265000 84.851165 
0.250000 88.649734 
0.235000 88.649734 
0.220000 84.851165 
0.205000 81.052595 
0.190000 82.951880 
0.175000 79.153311 
0.160000 73.455457 
0.145000 84.851165 
0.130000 73.455457 
0.115000 81.052595 
0.100000 69.656887 
0.085000 69.656887 
0.070000 77.254026 
0.055000 73.455457 
0.040000 63.959033 
0.025000 67.757603 
0.010000 63.959033 
-0.005000 60.160464 
-0.020000 58.261179 
-0.035000 43.066902 
-0.050000 44.966187 
-0.065000 37.369048 
-0.080000 31.671194 
-0.095000 25.973340 
-0.110000 27.872625 
-0.125000 12.678347 
-0.140000 -0.616645 
-0.155000 -6.314499 
-0.170000 -15.810923 
-0.185000 -21.508777 
-0.200000 -17.710207 
-0.215000 -19.609492 
-0.230000 -27.206631 
-0.245000 -21.508777 
-0.260000 -78.487316 
-0.275000 -25.307346 
-0.290000 -29.105915 
-0.305000 -32.904485 
-0.320000 -29.105915 
-0.335000 -29.105915 
-0.350000 -27.206631 
-0.365000 -31.005200 
-0.380000 -34.803769 
-0.395000 -36.703054 
-0.410000 -38.602339 
-0.425000 -40.501623 
-0.440000 -44.300193 
-0.455000 -46.199477 
-0.470000 -48.098762 
-0.485000 -38.602339 
-0.500000 -57.595185 
-0.515000 -51.897331 
-0.530000 -46.199477 
-0.545000 -53.796616 
-0.560000 -53.796616 
-0.575000 -61.393755 
-0.590000 -51.897331 
-0.605000 -59.494470 
-0.620000 -67.091609 
-0.635000 -63.293039 
-0.650000 -68.990893 
-0.665000 -67.091609 
-0.680000 -65.192324 
-0.695000 -82.285886 
-0.710000 -76.588032 
-0.725000 -78.487316 
-0.740000 -76.588032 
-0.755000 -86.084455 
-0.770000 -82.285886 
-0.785000 -86.084455 
-0.800000 -86.084455 
-0.815000 -86.084455 
-0.830000 -76.588032 
-0.845000 -87.983740 
-0.860000 -84.185170 
-0.875000 -91.782309 
-0.890000 -89.883024 
-0.905000 -97.480163 
-0.920000 -87.983740 
-0.935000 -91.782309 
-0.950000 -86.084455 
-0.965000 -89.883024 
-0.980000 -108.875871 
-0.995000 -101.278732 
-1.010000 -93.681594 
-1.025000 -105.077302 
-1.040000 -97.480163 
-1.055000 -105.077302 
-1.070000 -103.178017 
-1.085000 -116.473010 
-1.100000 -112.674440 
-1.115000 -110.775156 
-1.130000 -93.681594 
-1.145000 -110.775156 
-1.160000 -114.573725 
-1.175000 -129.768002 
-1.190000 -118.372294 
-1.205000 -127.868718 
-1.220000 -133.566572 
-1.235000 -129.768002 
-1.250000 -131.667287 
-1.265000 -124.070148 
-1.280000 -129.768002 
-1.295000 -141.163710 
-1.310000 -143.062995 
-1.325000 -143.062995 
-1.340000 -144.962280 
-1.355000 -137.365141 
-1.370000 -146.861564 
-1.385000 -144.962280 
-1.400000 -143.062995 
-1.415000 -154.458703 
-1.430000 -146.861564 
-1.445000 -143.062995 
-1.460000 -156.357988 
-1.475000 -156.357988 
-1.490000 -158.257272 
-1.505000 -148.760849 
-1.520000 -158.257272 
-1.535000 -156.357988 
-1.550000 -158.257272 
-1.565000 -152.559418 
-1.580000 -179.149404 
-1.595000 -160.156557 
-1.610000 -163.955126 
-1.625000 -154.458703 
-1.640000 -165.854411 
-1.655000 -163.955126 
-1.670000 -171.552265 
-1.685000 -173.451550 
-1.700000 -173.451550 
-1.715000 -179.149404 
-1.730000 -173.451550 
-1.745000 -169.652980 
-1.760000 -182.947973 
-1.775000 -184.847258 
-1.790000 -171.552265 
-1.805000 -188.645827 
-1.820000 -184.847258 
-1.835000 -181.048688 
-1.850000 -181.048688 
-1.865000 -194.343681 
-1.880000 -188.645827 
-1.895000 -192.444396 
-1.910000 -190.545112 
-1.925000 -196.242966 
-1.940000 -196.242966 
-1.955000 -196.242966 
-1.970000 -190.545112 
-1.985000 -196.242966 
-2.000000 -200.041535 
-2.015000 -209.537958 
-2.030000 -196.242966 
-2.045000 -207.638674 
-2.060000 -209.537958 
-2.075000 -211.437243 
-2.090000 -213.336528 
-2.105000 -219.034382 
-2.120000 -220.933666 
-2.135000 -215.235812 
-2.150000 -213.336528 
-2.165000 -222.832951 
-2.180000 -222.832951 
-2.195000 -220.933666 
-2.210000 -232.329374 
-2.225000 -219.034382 
-2.240000 -224.732236 
-2.255000 -232.329374 
-2.270000 -224.732236 
-2.285000 -243.725082 
-2.300000 -228.530805 
-2.315000 -243.725082 
-2.330000 -243.725082 
-2.345000 -236.127944 
-2.360000 -236.127944 
-2.375000 -253.221506 
-2.390000 -241.825798 
-2.405000 -245.624367 
-2.420000 -236.127944 
-2.435000 -245.624367 
-2.450000 -245.624367 
-2.465000 -249.422936 
-2.480000 -260.818644 
-2.495000 -258.919360 
-2.490000 -264.617214 
-2.475000 -266.516498 
-2.460000 -268.415783 
-2.445000 -274.113637 
-2.430000 -260.818644 
-2.415000 -274.113637 
-2.400000 -272.214352 
-2.385000 -279.811491 
-2.370000 -277.912206 
-2.355000 -276.012922 
-2.340000 -295.005768 
-2.325000 -279.811491 
-2.310000 -264.617214 
-2.295000 -272.214352 
-2.280000 -272.214352 
-2.265000 -270.315068 
-2.250000 -279.811491 
-2.235000 -266.516498 
-2.220000 -276.012922 
-2.205000 -272.214352 
-2.190000 -285.509345 
-2.175000 -274.113637 
-2.160000 -274.113637 
-2.145000 -272.214352 
-2.130000 -266.516498 
-2.115000 -281.710775 
-2.100000 -264.617214 
-2.085000 -274.113637 
-2.070000 -260.818644 
-2.055000 -274.113637 
-2.040000 -264.617214 
-2.025000 -266.516498 
-2.010000 -270.315068 
-1.995000 -247.523652 
-1.980000 -260.818644 
-1.965000 -262.717929 
-1.950000 -260.818644 
-1.935000 -251.322221 
-1.920000 -249.422936 
-1.905000 -253.221506 
-1.890000 -239.926513 
-1.875000 -249.422936 
-1.860000 -232.329374 
-1.845000 -241.825798 
-1.830000 -239.926513 
-1.815000 -234.228659 
-1.800000 -238.027228 
-1.785000 -230.430090 
-1.770000 -236.127944 
-1.755000 -234.228659 
-1.740000 -222.832951 
-1.725000 -232.329374 
-1.710000 -230.430090 
-1.695000 -230.430090 
-1.680000 -230.430090 
-1.665000 -219.034382 
-1.650000 -226.631520 
-1.635000 -219.034382 
-1.620000 -222.832951 
-1.605000 -224.732236 
-1.590000 -215.235812 
-1.575000 -207.638674 
-1.560000 -219.034382 
-1.545000 -211.437243 
-1.530000 -207.638674 
-1.515000 -205.739389 
-1.500000 -196.242966 
-1.485000 -209.537958 
-1.470000 -213.336528 
-1.455000 -196.242966 
-1.440000 -211.437243 
-1.425000 -200.041535 
-1.410000 -198.142250 
-1.395000 -203.840104 
-1.380000 -203.840104 
-1.365000 -182.947973 
-1.350000 -194.343681 
-1.335000 -201.940820 
-1.320000 -194.343681 
-1.305000 -196.242966 
-1.290000 -184.847258 
-1.275000 -177.250119 
-1.260000 -179.149404 
-1.245000 -184.847258 
-1.230000 -182.947973 
-1.215000 -181.048688 
-1.200000 -175.350834 
-1.185000 -177.250119 
-1.170000 -169.652980 
-1.155000 -171.552265 
-1.140000 -173.451550 
-1.125000 -173.451550 
-1.110000 -167.753696 
-1.095000 -167.753696 
-1.080000 -167.753696 
-1.065000 -165.854411 
-1.050000 -167.753696 
-1.035000 -167.753696 
-1.020000 -160.156557 
-1.005000 -156.357988 
-0.990000 -165.854411 
-0.975000 -152.559418 
-0.960000 -156.357988 
-0.945000 -150.660134 
-0.930000 -156.357988 
-0.915000 -150.660134 
-0.900000 -150.660134 
-0.885000 -152.559418 
-0.870000 -141.163710 
-0.855000 -144.962280 
-0.840000 -131.667287 
-0.825000 -129.768002 
-0.810000 -156.357988 
-0.795000 -135.465856 
-0.780000 -122.170864 
-0.765000 -118.372294 
-0.750000 -129.768002 
-0.735000 -124.070148 
-0.720000 -116.473010 
-0.705000 -114.573725 
-0.690000 -112.674440 
-0.675000 -122.170864 
-0.660000 -108.875871 
-0.645000 -108.875871 
-0.630000 -106.976586 
-0.615000 -99.379448 
-0.600000 -108.875871 
-0.585000 -101.278732 
-0.570000 -105.077302 
-0.555000 -97.480163 
-0.540000 -105.077302 
-0.525000 -105.077302 
-0.510000 -93.681594 
-0.495000 -105.077302 
-0.480000 -95.580878 
-0.465000 -97.480163 
-0.450000 -99.379448 
-0.435000 -93.681594 
-0.420000 -99.379448 
-0.405000 -91.782309 
-0.390000 -97.480163 
-0.375000 -89.883024 
-0.360000 -86.084455 
-0.345000 -87.983740 
-0.330000 -91.782309 
-0.315000 -82.285886 
-0.300000 -80.386601 
-0.285000 -82.285886 
-0.270000 -86.084455 
-0.255000 -86.084455 
-0.240000 -82.285886 
-0.225000 -78.487316 
-0.210000 -74.688747 
-0.195000 -78.487316 
-0.180000 -68.990893 
-0.165000 -68.990893 
-0.150000 -67.091609 
-0.135000 -61.393755 
-0.120000 -59.494470 
-0.105000 -61.393755 
-0.090000 -55.695901 
-0.075000 -51.897331 
-0.060000 -46.199477 
-0.045000 -51.897331 
-0.030000 -53.796616 
-0.015000 -38.602339 
