0.000000 1.282639 
0.010000 1.282639 
0.020000 -0.616645 
0.030000 3.181924 
0.040000 -0.616645 
0.050000 6.980493 
0.060000 -19.609492 
0.070000 -38.602339 
0.080000 -49.998047 
0.090000 -70.890178 
0.100000 -78.487316 
0.110000 -80.386601 
0.120000 -38.602339 
0.130000 -15.810923 
0.140000 -6.314499 
0.150000 3.181924 
0.160000 10.779063 
0.170000 20.275486 
0.180000 33.570479 
0.190000 22.174771 
0.200000 24.074055 
0.210000 33.570479 
0.220000 31.671194 
0.230000 27.872625 
0.240000 33.570479 
0.250000 31.671194 
0.260000 31.671194 
0.270000 31.671194 
0.280000 31.671194 
0.290000 39.268333 
0.300000 39.268333 
0.310000 39.268333 
0.320000 31.671194 
0.330000 37.369048 
0.340000 43.066902 
0.350000 25.973340 
0.360000 44.966187 
0.370000 44.966187 
0.380000 50.664041 
0.390000 44.966187 
0.400000 52.563325 
0.410000 54.462610 
0.420000 56.361895 
0.430000 48.764756 
0.440000 63.959033 
0.450000 56.361895 
0.460000 56.361895 
0.470000 62.059749 
0.480000 62.059749 
0.490000 63.959033 
0.500000 71.556172 
0.510000 67.757603 
0.520000 69.656887 
0.530000 67.757603 
0.540000 69.656887 
0.550000 69.656887 
0.560000 73.455457 
0.570000 69.656887 
0.580000 67.757603 
0.590000 67.757603 
0.600000 67.757603 
0.610000 63.959033 
0.620000 75.354741 
0.630000 79.153311 
0.640000 75.354741 
0.650000 82.951880 
0.660000 77.254026 
0.670000 81.052595 
0.680000 84.851165 
0.690000 84.851165 
0.700000 84.851165 
0.710000 79.153311 
0.720000 88.649734 
0.730000 88.649734 
0.740000 82.951880 
0.750000 92.448303 
0.760000 92.448303 
0.770000 88.649734 
0.780000 98.146157 
0.790000 98.146157 
0.800000 101.944727 
0.810000 94.347588 
0.820000 101.944727 
0.830000 107.642581 
0.840000 100.045442 
0.850000 103.844011 
0.860000 107.642581 
0.870000 103.844011 
0.880000 105.743296 
0.890000 103.844011 
0.900000 105.743296 
0.910000 105.743296 
0.920000 107.642581 
0.930000 119.038289 
0.940000 113.340435 
0.950000 113.340435 
0.960000 119.038289 
0.970000 119.038289 
0.980000 117.139004 
0.990000 111.441150 
1.000000 122.836858 
1.010000 119.038289 
1.020000 111.441150 
1.030000 122.836858 
1.040000 124.736143 
1.050000 122.836858 
1.060000 124.736143 
1.070000 126.635427 
1.080000 138.031135 
1.090000 130.433997 
1.100000 132.333281 
1.110000 132.333281 
1.120000 141.829705 
1.130000 143.728989 
1.140000 138.031135 
1.150000 139.930420 
1.160000 143.728989 
1.170000 143.728989 
1.180000 141.829705 
1.190000 143.728989 
1.200000 147.527558 
1.210000 151.326128 
1.220000 160.822551 
1.230000 149.426843 
1.240000 145.628274 
1.250000 164.621120 
1.260000 155.124697 
1.270000 151.326128 
1.280000 157.023982 
1.290000 162.721836 
1.300000 157.023982 
1.310000 160.822551 
1.320000 158.923266 
1.330000 166.520405 
1.340000 158.923266 
1.350000 153.225412 
1.360000 151.326128 
1.370000 170.318974 
1.380000 166.520405 
1.390000 164.621120 
1.400000 176.016828 
1.410000 170.318974 
1.420000 164.621120 
1.430000 166.520405 
1.440000 166.520405 
1.450000 166.520405 
1.460000 164.621120 
1.470000 166.520405 
1.480000 170.318974 
1.490000 174.117544 
1.500000 160.822551 
1.510000 174.117544 
1.520000 177.916113 
1.530000 179.815398 
1.540000 181.714682 
1.550000 189.311821 
1.560000 183.613967 
1.570000 181.714682 
1.580000 187.412536 
1.590000 185.513252 
1.600000 183.613967 
1.610000 191.211106 
1.620000 195.009675 
1.630000 189.311821 
1.640000 191.211106 
1.650000 176.016828 
1.660000 185.513252 
1.670000 198.808244 
1.680000 187.412536 
1.690000 196.908960 
1.700000 195.009675 
1.710000 196.908960 
1.720000 189.311821 
1.730000 204.506098 
1.740000 191.211106 
1.750000 187.412536 
1.760000 200.707529 
1.770000 187.412536 
1.780000 193.110390 
1.790000 208.304668 
1.800000 208.304668 
1.810000 196.908960 
1.820000 210.203952 
1.830000 206.405383 
1.840000 200.707529 
1.850000 210.203952 
1.860000 208.304668 
1.870000 214.002522 
1.880000 215.901806 
1.890000 214.002522 
1.900000 214.002522 
1.910000 223.498945 
1.920000 223.498945 
1.930000 215.901806 
1.940000 221.599660 
1.950000 227.297514 
1.960000 229.196799 
1.970000 250.088930 
1.980000 234.894653 
1.990000 231.096084 
2.000000 234.894653 
2.010000 236.793938 
2.020000 240.592507 
2.030000 246.290361 
2.040000 240.592507 
2.050000 244.391076 
2.060000 227.297514 
2.070000 231.096084 
2.080000 234.894653 
2.090000 225.398230 
2.100000 242.491792 
2.110000 229.196799 
2.120000 232.995368 
2.130000 234.894653 
2.140000 250.088930 
2.150000 242.491792 
2.160000 251.988215 
2.170000 248.189646 
2.180000 232.995368 
2.190000 232.995368 
2.200000 236.793938 
2.210000 236.793938 
2.220000 242.491792 
2.230000 248.189646 
2.240000 246.290361 
2.250000 236.793938 
2.260000 255.786784 
2.270000 250.088930 
2.280000 255.786784 
2.290000 259.585354 
2.300000 251.988215 
2.310000 259.585354 
2.320000 251.988215 
2.330000 265.283208 
2.340000 267.182492 
2.350000 261.484638 
2.360000 259.585354 
2.370000 267.182492 
2.380000 259.585354 
2.390000 265.283208 
2.400000 267.182492 
2.410000 259.585354 
2.420000 265.283208 
2.430000 261.484638 
2.440000 267.182492 
2.450000 272.880346 
2.460000 259.585354 
2.470000 274.779631 
2.480000 272.880346 
2.490000 282.376770 
2.500000 272.880346 
2.490000 282.376770 
2.480000 284.276054 
2.470000 289.973908 
2.460000 282.376770 
2.450000 288.074624 
2.440000 289.973908 
2.430000 295.671762 
2.420000 288.074624 
2.410000 288.074624 
2.400000 291.873193 
2.390000 286.175339 
2.380000 282.376770 
2.370000 291.873193 
2.360000 297.571047 
2.350000 288.074624 
2.340000 293.772478 
2.330000 301.369616 
2.320000 295.671762 
2.310000 286.175339 
2.300000 289.973908 
2.290000 289.973908 
2.280000 297.571047 
2.270000 284.276054 
2.260000 288.074624 
2.250000 278.578200 
2.240000 282.376770 
2.230000 282.376770 
2.220000 282.376770 
2.210000 278.578200 
2.200000 286.175339 
2.190000 274.779631 
2.180000 274.779631 
2.170000 282.376770 
2.160000 270.981062 
2.150000 278.578200 
2.140000 274.779631 
2.130000 280.477485 
2.120000 263.383923 
2.110000 276.678916 
2.100000 270.981062 
2.090000 265.283208 
2.080000 265.283208 
2.070000 267.182492 
2.060000 253.887500 
2.050000 257.686069 
2.040000 265.283208 
2.030000 259.585354 
2.020000 257.686069 
2.010000 259.585354 
2.000000 265.283208 
1.990000 259.585354 
1.980000 250.088930 
1.970000 259.585354 
1.960000 251.988215 
1.950000 248.189646 
1.940000 242.491792 
1.930000 242.491792 
1.920000 248.189646 
1.910000 234.894653 
1.900000 240.592507 
1.890000 227.297514 
1.880000 242.491792 
1.870000 244.391076 
1.860000 236.793938 
1.850000 242.491792 
1.840000 240.592507 
1.830000 229.196799 
1.820000 238.693222 
1.810000 240.592507 
1.800000 238.693222 
1.790000 236.793938 
1.780000 229.196799 
1.770000 229.196799 
1.760000 227.297514 
1.750000 231.096084 
1.740000 227.297514 
1.730000 229.196799 
1.720000 225.398230 
1.710000 212.103237 
1.700000 221.599660 
1.690000 223.498945 
1.680000 223.498945 
1.670000 227.297514 
1.660000 234.894653 
1.650000 221.599660 
1.640000 231.096084 
1.630000 225.398230 
1.620000 219.700376 
1.610000 225.398230 
1.600000 215.901806 
1.590000 225.398230 
1.580000 219.700376 
1.570000 217.801091 
1.560000 221.599660 
1.550000 214.002522 
1.540000 214.002522 
1.530000 221.599660 
1.520000 214.002522 
1.510000 217.801091 
1.500000 214.002522 
1.490000 214.002522 
1.480000 221.599660 
1.470000 214.002522 
1.460000 204.506098 
1.450000 227.297514 
1.440000 214.002522 
1.430000 214.002522 
1.420000 208.304668 
1.410000 204.506098 
1.400000 210.203952 
1.390000 214.002522 
1.380000 208.304668 
1.370000 198.808244 
1.360000 204.506098 
1.350000 187.412536 
1.340000 204.506098 
1.330000 200.707529 
1.320000 187.412536 
1.310000 191.211106 
1.300000 195.009675 
1.290000 181.714682 
1.280000 181.714682 
1.270000 187.412536 
1.260000 172.218259 
1.250000 176.016828 
1.240000 185.513252 
1.230000 172.218259 
1.220000 181.714682 
1.210000 183.613967 
1.200000 174.117544 
1.190000 174.117544 
1.180000 183.613967 
1.170000 168.419690 
1.160000 164.621120 
1.150000 168.419690 
1.140000 176.016828 
1.130000 158.923266 
1.120000 157.023982 
1.110000 168.419690 
1.100000 153.225412 
1.090000 166.520405 
1.080000 155.124697 
1.070000 153.225412 
1.060000 162.721836 
1.050000 149.426843 
1.040000 145.628274 
1.030000 160.822551 
1.020000 147.527558 
1.010000 143.728989 
1.000000 151.326128 
0.990000 158.923266 
0.980000 141.829705 
0.970000 143.728989 
0.960000 147.527558 
0.950000 138.031135 
0.940000 151.326128 
0.930000 143.728989 
0.920000 138.031135 
0.910000 138.031135 
0.900000 145.628274 
0.890000 136.131851 
0.880000 134.232566 
0.870000 130.433997 
0.860000 147.527558 
0.850000 130.433997 
0.840000 132.333281 
0.830000 126.635427 
0.820000 130.433997 
0.810000 130.433997 
0.800000 124.736143 
0.790000 115.239719 
0.780000 126.635427 
0.770000 124.736143 
0.760000 120.937573 
0.750000 119.038289 
0.740000 120.937573 
0.730000 113.340435 
0.720000 138.031135 
0.710000 126.635427 
0.700000 117.139004 
0.690000 128.534712 
0.680000 115.239719 
0.670000 120.937573 
0.660000 124.736143 
0.650000 111.441150 
0.640000 115.239719 
0.630000 117.139004 
0.620000 119.038289 
0.610000 117.139004 
0.600000 119.038289 
0.590000 113.340435 
0.580000 105.743296 
0.570000 107.642581 
0.560000 107.642581 
0.550000 101.944727 
0.540000 103.844011 
0.530000 103.844011 
0.520000 100.045442 
0.510000 103.844011 
0.500000 103.844011 
0.490000 101.944727 
0.480000 86.750449 
0.470000 92.448303 
0.460000 98.146157 
0.450000 92.448303 
0.440000 94.347588 
0.430000 86.750449 
0.420000 92.448303 
0.410000 84.851165 
0.400000 88.649734 
0.390000 75.354741 
0.380000 82.951880 
0.370000 90.549019 
0.360000 90.549019 
0.350000 88.649734 
0.340000 86.750449 
0.330000 79.153311 
0.320000 86.750449 
0.310000 84.851165 
0.300000 88.649734 
0.290000 82.951880 
0.280000 84.851165 
0.270000 77.254026 
0.260000 73.455457 
0.250000 75.354741 
0.240000 81.052595 
0.230000 73.455457 
0.220000 77.254026 
0.210000 69.656887 
0.200000 73.455457 
0.190000 69.656887 
0.180000 62.059749 
0.170000 69.656887 
0.160000 67.757603 
0.150000 73.455457 
0.140000 62.059749 
0.130000 60.160464 
0.120000 56.361895 
0.110000 54.462610 
0.100000 62.059749 
0.090000 48.764756 
0.080000 60.160464 
0.070000 54.462610 
0.060000 46.865471 
0.050000 62.059749 
0.040000 46.865471 
0.030000 41.167617 
0.020000 43.066902 
0.010000 43.066902 
-0.000000 35.469763 
-0.010000 25.973340 
-0.020000 27.872625 
-0.030000 12.678347 
-0.040000 12.678347 
-0.050000 8.879778 
-0.060000 6.980493 
-0.070000 -4.415215 
-0.080000 -2.515930 
-0.090000 1.282639 
-0.100000 -2.515930 
-0.110000 -10.113069 
-0.120000 -2.515930 
-0.130000 3.181924 
-0.140000 -2.515930 
-0.150000 -2.515930 
-0.160000 -13.911638 
-0.170000 -29.105915 
-0.180000 -23.408061 
-0.190000 -31.005200 
-0.200000 -29.105915 
-0.210000 -29.105915 
-0.220000 -21.508777 
-0.230000 -29.105915 
-0.240000 -36.703054 
-0.250000 -29.105915 
-0.260000 -34.803769 
-0.270000 -40.501623 
-0.280000 -40.501623 
-0.290000 -29.105915 
-0.300000 -32.904485 
-0.310000 -38.602339 
-0.320000 -29.105915 
-0.330000 -44.300193 
-0.340000 -42.400908 
-0.350000 -38.602339 
-0.360000 -44.300193 
-0.370000 -44.300193 
-0.380000 -46.199477 
-0.390000 -53.796616 
-0.400000 -46.199477 
-0.410000 -44.300193 
-0.420000 -44.300193 
-0.430000 -53.796616 
-0.440000 -48.098762 
-0.450000 -51.897331 
-0.460000 -48.098762 
-0.470000 -51.897331 
-0.480000 -51.897331 
-0.490000 -59.494470 
-0.500000 -49.998047 
-0.510000 -49.998047 
-0.520000 -63.293039 
-0.530000 -57.595185 
-0.540000 -65.192324 
-0.550000 -59.494470 
-0.560000 -61.393755 
-0.570000 -68.990893 
-0.580000 -61.393755 
-0.590000 -68.990893 
-0.600000 -74.688747 
-0.610000 -68.990893 
-0.620000 -74.688747 
-0.630000 -72.789462 
-0.640000 -68.990893 
-0.650000 -76.588032 
-0.660000 -82.285886 
-0.670000 -78.487316 
-0.680000 -82.285886 
-0.690000 -82.285886 
-0.700000 -78.487316 
-0.710000 -82.285886 
-0.720000 -80.386601 
-0.730000 -89.883024 
-0.740000 -82.285886 
-0.750000 -89.883024 
-0.760000 -86.084455 
-0.770000 -87.983740 
-0.780000 -91.782309 
-0.790000 -86.084455 
-0.800000 -89.883024 
-0.810000 -89.883024 
-0.820000 -86.084455 
-0.830000 -103.178017 
-0.840000 -103.178017 
-0.850000 -97.480163 
-0.860000 -99.379448 
-0.870000 -101.278732 
-0.880000 -101.278732 
-0.890000 -105.077302 
-0.900000 -105.077302 
-0.910000 -105.077302 
-0.920000 -124.070148 
-0.930000 -108.875871 
-0.940000 -110.775156 
-0.950000 -108.875871 
-0.960000 -114.573725 
-0.970000 -114.573725 
-0.980000 -122.170864 
-0.990000 -122.170864 
-1.000000 -118.372294 
-1.010000 -122.170864 
-1.020000 -118.372294 
-1.030000 -118.372294 
-1.040000 -127.868718 
-1.050000 -124.070148 
-1.060000 -124.070148 
-1.070000 -122.170864 
-1.080000 -131.667287 
-1.090000 -127.868718 
-1.100000 -127.868718 
-1.110000 -122.170864 
-1.120000 -135.465856 
-1.130000 -137.365141 
-1.140000 -135.465856 
-1.150000 -129.768002 
-1.160000 -125.969433 
-1.170000 -141.163710 
-1.180000 -139.264426 
-1.190000 -133.566572 
-1.200000 -133.566572 
-1.210000 -139.264426 
-1.220000 -135.465856 
-1.230000 -135.465856 
-1.240000 -135.465856 
-1.250000 -144.962280 
-1.260000 -133.566572 
-1.270000 -150.660134 
-1.280000 -143.062995 
-1.290000 -137.365141 
-1.300000 -137.365141 
-1.310000 -146.861564 
-1.320000 -150.660134 
-1.330000 -148.760849 
-1.340000 -158.257272 
-1.350000 -152.559418 
-1.360000 -158.257272 
-1.370000 -146.861564 
-1.380000 -158.257272 
-1.390000 -150.660134 
-1.400000 -162.055842 
-1.410000 -160.156557 
-1.420000 -169.652980 
-1.430000 -173.451550 
-1.440000 -169.652980 
-1.450000 -160.156557 
-1.460000 -163.955126 
-1.470000 -167.753696 
-1.480000 -162.055842 
-1.490000 -175.350834 
-1.500000 -163.955126 
-1.510000 -169.652980 
-1.520000 -167.753696 
-1.530000 -169.652980 
-1.540000 -169.652980 
-1.550000 -175.350834 
-1.560000 -169.652980 
-1.570000 -181.048688 
-1.580000 -173.451550 
-1.590000 -179.149404 
-1.600000 -175.350834 
-1.610000 -177.250119 
-1.620000 -171.552265 
-1.630000 -175.350834 
-1.640000 -184.847258 
-1.650000 -181.048688 
-1.660000 -173.451550 
-1.670000 -182.947973 
-1.680000 -177.250119 
-1.690000 -177.250119 
-1.700000 -184.847258 
-1.710000 -184.847258 
-1.720000 -190.545112 
-1.730000 -190.545112 
-1.740000 -182.947973 
-1.750000 -196.242966 
-1.760000 -188.645827 
-1.770000 -192.444396 
-1.780000 -203.840104 
-1.790000 -196.242966 
-1.800000 -209.537958 
-1.810000 -200.041535 
-1.820000 -200.041535 
-1.830000 -198.142250 
-1.840000 -205.739389 
-1.850000 -211.437243 
-1.860000 -211.437243 
-1.870000 -205.739389 
-1.880000 -207.638674 
-1.890000 -209.537958 
-1.900000 -200.041535 
-1.910000 -200.041535 
-1.920000 -211.437243 
-1.930000 -207.638674 
-1.940000 -222.832951 
-1.950000 -220.933666 
-1.960000 -213.336528 
-1.970000 -207.638674 
-1.980000 -215.235812 
-1.990000 -224.732236 
-2.000000 -220.933666 
-2.010000 -226.631520 
-2.020000 -222.832951 
-2.030000 -224.732236 
-2.040000 -228.530805 
-2.050000 -226.631520 
-2.060000 -226.631520 
-2.070000 -230.430090 
-2.080000 -226.631520 
-2.090000 -226.631520 
-2.100000 -234.228659 
-2.110000 -238.027228 
-2.120000 -238.027228 
-2.130000 -234.228659 
-2.140000 -236.127944 
-2.150000 -236.127944 
-2.160000 -241.825798 
-2.170000 -245.624367 
-2.180000 -238.027228 
-2.190000 -247.523652 
-2.200000 -255.120790 
-2.210000 -247.523652 
-2.220000 -245.624367 
-2.230000 -257.020075 
-2.240000 -247.523652 
-2.250000 -255.120790 
-2.260000 -257.020075 
-2.270000 -245.624367 
-2.280000 -243.725082 
-2.290000 -243.725082 
-2.300000 -249.422936 
-2.310000 -253.221506 
-2.320000 -243.725082 
-2.330000 -257.020075 
-2.340000 -266.516498 
-2.350000 -253.221506 
-2.360000 -262.717929 
-2.370000 -264.617214 
-2.380000 -260.818644 
-2.390000 -270.315068 
-2.400000 -274.113637 
-2.410000 -274.113637 
-2.420000 -274.113637 
-2.430000 -270.315068 
-2.440000 -262.717929 
-2.450000 -270.315068 
-2.460000 -276.012922 
-2.470000 -270.315068 
-2.480000 -272.214352 
-2.490000 -270.315068 
-2.500000 -264.617214 
-2.490000 -266.516498 
-2.480000 -268.415783 
-2.470000 -276.012922 
-2.460000 -276.012922 
-2.450000 -277.912206 
-2.440000 -285.509345 
-2.430000 -279.811491 
-2.420000 -279.811491 
-2.410000 -279.811491 
-2.400000 -276.012922 
-2.390000 -283.610060 
-2.380000 -274.113637 
-2.370000 -281.710775 
-2.360000 -274.113637 
-2.350000 -264.617214 
-2.340000 -281.710775 
-2.330000 -276.012922 
-2.320000 -270.315068 
-2.310000 -279.811491 
-2.300000 -268.415783 
-2.290000 -279.811491 
-2.280000 -276.012922 
-2.270000 -274.113637 
-2.260000 -274.113637 
-2.250000 -272.214352 
-2.240000 -262.717929 
-2.230000 -262.717929 
-2.220000 -258.919360 
-2.210000 -264.617214 
-2.200000 -258.919360 
-2.190000 -257.020075 
-2.180000 -257.020075 
-2.170000 -266.516498 
-2.160000 -264.617214 
-2.150000 -264.617214 
-2.140000 -264.617214 
-2.130000 -258.919360 
-2.120000 -262.717929 
-2.110000 -257.020075 
-2.100000 -264.617214 
-2.090000 -258.919360 
-2.080000 -257.020075 
-2.070000 -258.919360 
-2.060000 -255.120790 
-2.050000 -249.422936 
-2.040000 -258.919360 
-2.030000 -249.422936 
-2.020000 -264.617214 
-2.010000 -249.422936 
-2.000000 -258.919360 
-1.990000 -257.020075 
-1.980000 -251.322221 
-1.970000 -260.818644 
-1.960000 -257.020075 
-1.950000 -258.919360 
-1.940000 -255.120790 
-1.930000 -260.818644 
-1.920000 -255.120790 
-1.910000 -257.020075 
-1.900000 -249.422936 
-1.890000 -238.027228 
-1.880000 -249.422936 
-1.870000 -239.926513 
-1.860000 -247.523652 
-1.850000 -245.624367 
-1.840000 -243.725082 
-1.830000 -239.926513 
-1.820000 -239.926513 
-1.810000 -249.422936 
-1.800000 -247.523652 
-1.790000 -245.624367 
-1.780000 -257.020075 
-1.770000 -241.825798 
-1.760000 -241.825798 
-1.750000 -253.221506 
-1.740000 -234.228659 
-1.730000 -241.825798 
-1.720000 -239.926513 
-1.710000 -239.926513 
-1.700000 -228.530805 
-1.690000 -230.430090 
-1.680000 -226.631520 
-1.670000 -222.832951 
-1.660000 -213.336528 
-1.650000 -226.631520 
-1.640000 -209.537958 
-1.630000 -226.631520 
-1.620000 -211.437243 
-1.610000 -211.437243 
-1.600000 -215.235812 
-1.590000 -211.437243 
-1.580000 -203.840104 
-1.570000 -211.437243 
-1.560000 -209.537958 
-1.550000 -207.638674 
-1.540000 -203.840104 
-1.530000 -209.537958 
-1.520000 -200.041535 
-1.510000 -196.242966 
-1.500000 -205.739389 
-1.490000 -196.242966 
-1.480000 -196.242966 
-1.470000 -200.041535 
-1.460000 -192.444396 
-1.450000 -196.242966 
-1.440000 -194.343681 
-1.430000 -201.940820 
-1.420000 -196.242966 
-1.410000 -188.645827 
-1.400000 -190.545112 
-1.390000 -186.746542 
-1.380000 -190.545112 
-1.370000 -188.645827 
-1.360000 -186.746542 
-1.350000 -181.048688 
-1.340000 -171.552265 
-1.330000 -188.645827 
-1.320000 -181.048688 
-1.310000 -173.451550 
-1.300000 -173.451550 
-1.290000 -173.451550 
-1.280000 -179.149404 
-1.270000 -177.250119 
-1.260000 -177.250119 
-1.250000 -175.350834 
-1.240000 -171.552265 
-1.230000 -173.451550 
-1.220000 -177.250119 
-1.210000 -182.947973 
-1.200000 -173.451550 
-1.190000 -179.149404 
-1.180000 -179.149404 
-1.170000 -167.753696 
-1.160000 -169.652980 
-1.150000 -179.149404 
-1.140000 -165.854411 
-1.130000 -179.149404 
-1.120000 -169.652980 
-1.110000 -162.055842 
-1.100000 -160.156557 
-1.090000 -163.955126 
-1.080000 -162.055842 
-1.070000 -150.660134 
-1.060000 -160.156557 
-1.050000 -158.257272 
-1.040000 -148.760849 
-1.030000 -154.458703 
-1.020000 -154.458703 
-1.010000 -143.062995 
-1.000000 -150.660134 
-0.990000 -154.458703 
-0.980000 -146.861564 
-0.970000 -144.962280 
-0.960000 -148.760849 
-0.950000 -143.062995 
-0.940000 -139.264426 
-0.930000 -144.962280 
-0.920000 -133.566572 
-0.910000 -135.465856 
-0.900000 -141.163710 
-0.890000 -133.566572 
-0.880000 -135.465856 
-0.870000 -146.861564 
-0.860000 -135.465856 
-0.850000 -133.566572 
-0.840000 -137.365141 
-0.830000 -129.768002 
-0.820000 -129.768002 
-0.810000 -120.271579 
-0.800000 -129.768002 
-0.790000 -135.465856 
-0.780000 -120.271579 
-0.770000 -124.070148 
-0.760000 -124.070148 
-0.750000 -112.674440 
-0.740000 -112.674440 
-0.730000 -106.976586 
-0.720000 -114.573725 
-0.710000 -114.573725 
-0.700000 -105.077302 
-0.690000 -108.875871 
-0.680000 -114.573725 
-0.670000 -105.077302 
-0.660000 -106.976586 
-0.650000 -108.875871 
-0.640000 -105.077302 
-0.630000 -103.178017 
-0.620000 -105.077302 
-0.610000 -95.580878 
-0.600000 -93.681594 
-0.590000 -97.480163 
-0.580000 -93.681594 
-0.570000 -95.580878 
-0.560000 -103.178017 
-0.550000 -97.480163 
-0.540000 -95.580878 
-0.530000 -97.480163 
-0.520000 -95.580878 
-0.510000 -103.178017 
-0.500000 -93.681594 
-0.490000 -97.480163 
-0.480000 -97.480163 
-0.470000 -87.983740 
-0.460000 -95.580878 
-0.450000 -91.782309 
-0.440000 -87.983740 
-0.430000 -95.580878 
-0.420000 -86.084455 
-0.410000 -95.580878 
-0.400000 -89.883024 
-0.390000 -84.185170 
-0.380000 -86.084455 
-0.370000 -84.185170 
-0.360000 -87.983740 
-0.350000 -78.487316 
-0.340000 -89.883024 
-0.330000 -78.487316 
-0.320000 -84.185170 
-0.310000 -84.185170 
-0.300000 -63.293039 
-0.290000 -78.487316 
-0.280000 -76.588032 
-0.270000 -76.588032 
-0.260000 -74.688747 
-0.250000 -63.293039 
-0.240000 -68.990893 
-0.230000 -59.494470 
-0.220000 -70.890178 
-0.210000 -65.192324 
-0.200000 -61.393755 
-0.190000 -63.293039 
-0.180000 -59.494470 
-0.170000 -59.494470 
-0.160000 -51.897331 
-0.150000 -55.695901 
-0.140000 -44.300193 
-0.130000 -53.796616 
-0.120000 -53.796616 
-0.110000 -53.796616 
-0.100000 -46.199477 
-0.090000 -53.796616 
-0.080000 -46.199477 
-0.070000 -46.199477 
-0.060000 -44.300193 
-0.050000 -36.703054 
-0.040000 -44.300193 
-0.030000 -34.803769 
-0.020000 -36.703054 
-0.010000 -31.005200 
0.000000 -34.803769 
0.010000 -38.602339 
0.020000 -29.105915 
0.030000 -31.005200 
0.040000 -21.508777 
0.050000 -13.911638 
0.060000 -13.911638 
0.070000 -10.113069 
0.080000 -6.314499 
0.090000 -6.314499 
0.100000 1.282639 
0.110000 6.980493 
0.120000 1.282639 
0.130000 5.081209 
0.140000 1.282639 
0.150000 -4.415215 
0.160000 1.282639 
0.170000 3.181924 
0.180000 5.081209 
0.190000 12.678347 
0.200000 22.174771 
0.210000 31.671194 
0.220000 29.771909 
0.230000 31.671194 
0.240000 31.671194 
0.250000 33.570479 
0.260000 31.671194 
0.270000 43.066902 
0.280000 33.570479 
0.290000 44.966187 
0.300000 35.469763 
0.310000 39.268333 
0.320000 39.268333 
0.330000 44.966187 
0.340000 37.369048 
0.350000 43.066902 
0.360000 43.066902 
0.370000 46.865471 
0.380000 39.268333 
0.390000 43.066902 
0.400000 44.966187 
0.410000 48.764756 
0.420000 44.966187 
0.430000 52.563325 
0.440000 48.764756 
0.450000 58.261179 
0.460000 50.664041 
0.470000 46.865471 
0.480000 58.261179 
0.490000 54.462610 
0.500000 54.462610 
0.510000 58.261179 
0.520000 54.462610 
0.530000 54.462610 
0.540000 60.160464 
0.550000 58.261179 
0.560000 67.757603 
0.570000 60.160464 
0.580000 73.455457 
0.590000 69.656887 
0.600000 71.556172 
0.610000 69.656887 
0.620000 67.757603 
0.630000 69.656887 
0.640000 67.757603 
0.650000 77.254026 
0.660000 75.354741 
0.670000 69.656887 
0.680000 81.052595 
0.690000 77.254026 
0.700000 81.052595 
0.710000 86.750449 
0.720000 79.153311 
0.730000 88.649734 
0.740000 86.750449 
0.750000 92.448303 
0.760000 82.951880 
0.770000 94.347588 
0.780000 82.951880 
0.790000 94.347588 
0.800000 94.347588 
0.810000 98.146157 
0.820000 98.146157 
0.830000 94.347588 
0.840000 103.844011 
0.850000 100.045442 
0.860000 100.045442 
0.870000 109.541865 
0.880000 105.743296 
0.890000 105.743296 
0.900000 107.642581 
0.910000 115.239719 
0.920000 109.541865 
0.930000 117.139004 
0.940000 115.239719 
0.950000 124.736143 
0.960000 124.736143 
0.970000 115.239719 
0.980000 122.836858 
0.990000 122.836858 
1.000000 126.635427 
1.010000 130.433997 
1.020000 124.736143 
1.030000 124.736143 
1.040000 124.736143 
1.050000 143.728989 
1.060000 138.031135 
1.070000 138.031135 
1.080000 143.728989 
1.090000 138.031135 
1.100000 141.829705 
1.110000 141.829705 
1.120000 145.628274 
1.130000 136.131851 
1.140000 147.527558 
1.150000 151.326128 
1.160000 139.930420 
1.170000 145.628274 
1.180000 145.628274 
1.190000 151.326128 
1.200000 153.225412 
1.210000 157.023982 
1.220000 151.326128 
1.230000 155.124697 
1.240000 157.023982 
1.250000 158.923266 
1.260000 151.326128 
1.270000 158.923266 
1.280000 160.822551 
1.290000 155.124697 
1.300000 149.426843 
1.310000 160.822551 
1.320000 149.426843 
1.330000 157.023982 
1.340000 155.124697 
1.350000 166.520405 
1.360000 164.621120 
1.370000 166.520405 
1.380000 160.822551 
1.390000 174.117544 
1.400000 168.419690 
1.410000 176.016828 
1.420000 177.916113 
1.430000 177.916113 
1.440000 164.621120 
1.450000 177.916113 
1.460000 162.721836 
1.470000 177.916113 
1.480000 170.318974 
1.490000 185.513252 
1.500000 174.117544 
1.510000 172.218259 
1.520000 181.714682 
1.530000 170.318974 
1.540000 181.714682 
1.550000 181.714682 
1.560000 176.016828 
1.570000 181.714682 
1.580000 179.815398 
1.590000 176.016828 
1.600000 185.513252 
1.610000 179.815398 
1.620000 189.311821 
1.630000 181.714682 
1.640000 174.117544 
1.650000 191.211106 
1.660000 191.211106 
1.670000 183.613967 
1.680000 193.110390 
1.690000 200.707529 
1.700000 187.412536 
1.710000 193.110390 
1.720000 204.506098 
1.730000 195.009675 
1.740000 198.808244 
1.750000 202.606814 
1.760000 198.808244 
1.770000 196.908960 
1.780000 212.103237 
1.790000 202.606814 
1.800000 196.908960 
1.810000 212.103237 
1.820000 195.009675 
1.830000 196.908960 
1.840000 212.103237 
1.850000 214.002522 
1.860000 206.405383 
1.870000 206.405383 
1.880000 210.203952 
1.890000 212.103237 
1.900000 212.103237 
1.910000 204.506098 
1.920000 214.002522 
1.930000 204.506098 
1.940000 214.002522 
1.950000 217.801091 
1.960000 214.002522 
1.970000 210.203952 
1.980000 212.103237 
1.990000 219.700376 
2.000000 210.203952 
2.010000 225.398230 
2.020000 223.498945 
2.030000 221.599660 
2.040000 227.297514 
2.050000 221.599660 
2.060000 225.398230 
2.070000 231.096084 
2.080000 225.398230 
2.090000 229.196799 
2.100000 242.491792 
2.110000 227.297514 
2.120000 244.391076 
2.130000 238.693222 
2.140000 234.894653 
2.150000 246.290361 
2.160000 234.894653 
2.170000 242.491792 
2.180000 231.096084 
2.190000 244.391076 
2.200000 242.491792 
2.210000 238.693222 
2.220000 246.290361 
2.230000 244.391076 
2.240000 248.189646 
2.250000 244.391076 
2.260000 251.988215 
2.270000 255.786784 
2.280000 250.088930 
2.290000 253.887500 
2.300000 259.585354 
2.310000 255.786784 
2.320000 259.585354 
2.330000 248.189646 
2.340000 255.786784 
2.350000 246.290361 
2.360000 265.283208 
2.370000 250.088930 
2.380000 255.786784 
2.390000 265.283208 
2.400000 261.484638 
2.410000 269.081777 
2.420000 261.484638 
2.430000 276.678916 
2.440000 272.880346 
2.450000 272.880346 
2.460000 280.477485 
2.470000 276.678916 
2.480000 282.376770 
2.490000 269.081777 
2.500000 289.973908 
2.490000 269.081777 
2.480000 289.973908 
2.470000 289.973908 
2.460000 278.578200 
2.450000 286.175339 
2.440000 289.973908 
2.430000 274.779631 
2.420000 280.477485 
2.410000 293.772478 
2.400000 289.973908 
2.390000 288.074624 
2.380000 284.276054 
2.370000 293.772478 
2.360000 280.477485 
2.350000 288.074624 
2.340000 289.973908 
2.330000 291.873193 
2.320000 270.981062 
2.310000 267.182492 
2.300000 276.678916 
2.290000 282.376770 
2.280000 280.477485 
2.270000 282.376770 
2.260000 280.477485 
2.250000 282.376770 
2.240000 278.578200 
2.230000 280.477485 
2.220000 282.376770 
2.210000 272.880346 
2.200000 282.376770 
2.190000 278.578200 
2.180000 276.678916 
2.170000 274.779631 
2.160000 274.779631 
2.150000 265.283208 
2.140000 270.981062 
2.130000 270.981062 
2.120000 270.981062 
2.110000 274.779631 
2.100000 272.880346 
2.090000 270.981062 
2.080000 274.779631 
2.070000 276.678916 
2.060000 265.283208 
2.050000 265.283208 
2.040000 265.283208 
2.030000 270.981062 
2.020000 267.182492 
2.010000 255.786784 
2.000000 267.182492 
1.990000 263.383923 
1.980000 259.585354 
1.970000 261.484638 
1.960000 261.484638 
1.950000 259.585354 
1.940000 257.686069 
1.930000 269.081777 
1.920000 259.585354 
1.910000 257.686069 
1.900000 261.484638 
1.890000 265.283208 
1.880000 259.585354 
1.870000 265.283208 
1.860000 251.988215 
1.850000 251.988215 
1.840000 253.887500 
1.830000 244.391076 
1.820000 248.189646 
1.810000 240.592507 
1.800000 248.189646 
1.790000 246.290361 
1.780000 242.491792 
1.770000 251.988215 
1.760000 253.887500 
1.750000 251.988215 
1.740000 253.887500 
1.730000 255.786784 
1.720000 250.088930 
1.710000 236.793938 
1.700000 246.290361 
1.690000 242.491792 
1.680000 250.088930 
1.670000 242.491792 
1.660000 240.592507 
1.650000 248.189646 
1.640000 238.693222 
1.630000 234.894653 
1.620000 234.894653 
1.610000 242.491792 
1.600000 236.793938 
1.590000 236.793938 
1.580000 238.693222 
1.570000 240.592507 
1.560000 234.894653 
1.550000 242.491792 
1.540000 229.196799 
1.530000 232.995368 
1.520000 231.096084 
1.510000 227.297514 
1.500000 229.196799 
1.490000 227.297514 
1.480000 221.599660 
1.470000 219.700376 
1.460000 219.700376 
1.450000 219.700376 
1.440000 210.203952 
1.430000 214.002522 
1.420000 221.599660 
1.410000 212.103237 
1.400000 210.203952 
1.390000 204.506098 
1.380000 204.506098 
1.370000 212.103237 
1.360000 206.405383 
1.350000 200.707529 
1.340000 196.908960 
1.330000 208.304668 
1.320000 200.707529 
1.310000 193.110390 
1.300000 193.110390 
1.290000 189.311821 
1.280000 195.009675 
1.270000 195.009675 
1.260000 191.211106 
1.250000 183.613967 
1.240000 185.513252 
1.230000 181.714682 
1.220000 176.016828 
1.210000 176.016828 
1.200000 183.613967 
1.190000 177.916113 
1.180000 177.916113 
1.170000 179.815398 
1.160000 174.117544 
1.150000 166.520405 
1.140000 176.016828 
1.130000 166.520405 
1.120000 164.621120 
1.110000 166.520405 
1.100000 166.520405 
1.090000 162.721836 
1.080000 157.023982 
1.070000 158.923266 
1.060000 160.822551 
1.050000 160.822551 
1.040000 153.225412 
1.030000 151.326128 
1.020000 145.628274 
1.010000 149.426843 
1.000000 145.628274 
0.990000 143.728989 
0.980000 149.426843 
0.970000 149.426843 
0.960000 143.728989 
0.950000 143.728989 
0.940000 151.326128 
0.930000 153.225412 
0.920000 138.031135 
0.910000 141.829705 
0.900000 143.728989 
0.890000 138.031135 
0.880000 143.728989 
0.870000 138.031135 
0.860000 138.031135 
0.850000 136.131851 
0.840000 138.031135 
0.830000 128.534712 
0.820000 132.333281 
0.810000 124.736143 
0.800000 126.635427 
0.790000 119.038289 
0.780000 122.836858 
0.770000 130.433997 
0.760000 117.139004 
0.750000 113.340435 
0.740000 115.239719 
0.730000 120.937573 
0.720000 119.038289 
0.710000 113.340435 
0.700000 111.441150 
0.690000 122.836858 
0.680000 120.937573 
0.670000 117.139004 
0.660000 111.441150 
0.650000 119.038289 
0.640000 107.642581 
0.630000 103.844011 
0.620000 119.038289 
0.610000 107.642581 
0.600000 107.642581 
0.590000 113.340435 
0.580000 101.944727 
0.570000 107.642581 
0.560000 107.642581 
0.550000 94.347588 
0.540000 103.844011 
0.530000 103.844011 
0.520000 107.642581 
0.510000 98.146157 
0.500000 92.448303 
0.490000 96.246873 
0.480000 96.246873 
0.470000 90.549019 
0.460000 94.347588 
0.450000 86.750449 
0.440000 84.851165 
0.430000 84.851165 
0.420000 81.052595 
0.410000 77.254026 
0.400000 77.254026 
0.390000 82.951880 
0.380000 77.254026 
0.370000 79.153311 
0.360000 73.455457 
0.350000 71.556172 
0.340000 75.354741 
0.330000 73.455457 
0.320000 69.656887 
0.310000 71.556172 
0.300000 67.757603 
0.290000 67.757603 
0.280000 69.656887 
0.270000 63.959033 
0.260000 62.059749 
0.250000 67.757603 
0.240000 60.160464 
0.230000 58.261179 
0.220000 60.160464 
0.210000 62.059749 
0.200000 54.462610 
0.190000 56.361895 
0.180000 54.462610 
0.170000 46.865471 
0.160000 60.160464 
0.150000 46.865471 
0.140000 46.865471 
0.130000 46.865471 
0.120000 46.865471 
0.110000 50.664041 
0.100000 43.066902 
0.090000 44.966187 
0.080000 41.167617 
0.070000 44.966187 
0.060000 44.966187 
0.050000 39.268333 
0.040000 43.066902 
0.030000 29.771909 
0.020000 27.872625 
0.010000 12.678347 
-0.000000 16.476917 
-0.010000 6.980493 
-0.020000 -0.616645 
-0.030000 -4.415215 
-0.040000 -0.616645 
-0.050000 -8.213784 
-0.060000 -15.810923 
-0.070000 -10.113069 
-0.080000 -17.710207 
-0.090000 -21.508777 
-0.100000 -15.810923 
-0.110000 -21.508777 
-0.120000 -21.508777 
-0.130000 -29.105915 
-0.140000 -19.609492 
-0.150000 -23.408061 
-0.160000 -27.206631 
-0.170000 -29.105915 
-0.180000 -27.206631 
-0.190000 -32.904485 
-0.200000 -38.602339 
-0.210000 -29.105915 
-0.220000 -38.602339 
-0.230000 -40.501623 
-0.240000 -44.300193 
-0.250000 -38.602339 
-0.260000 -44.300193 
-0.270000 -44.300193 
-0.280000 -34.803769 
-0.290000 -42.400908 
-0.300000 -36.703054 
-0.310000 -40.501623 
-0.320000 -46.199477 
-0.330000 -36.703054 
-0.340000 -40.501623 
-0.350000 -42.400908 
-0.360000 -40.501623 
-0.370000 -44.300193 
-0.380000 -40.501623 
-0.390000 -42.400908 
-0.400000 -42.400908 
-0.410000 -38.602339 
-0.420000 -32.904485 
-0.430000 -36.703054 
-0.440000 -38.602339 
-0.450000 -32.904485 
-0.460000 -36.703054 
-0.470000 -44.300193 
-0.480000 -36.703054 
-0.490000 -44.300193 
-0.500000 -51.897331 
-0.510000 -48.098762 
-0.520000 -48.098762 
-0.530000 -53.796616 
-0.540000 -53.796616 
-0.550000 -61.393755 
-0.560000 -61.393755 
-0.570000 -63.293039 
-0.580000 -67.091609 
-0.590000 -68.990893 
-0.600000 -68.990893 
-0.610000 -65.192324 
-0.620000 -70.890178 
-0.630000 -76.588032 
-0.640000 -68.990893 
-0.650000 -72.789462 
-0.660000 -74.688747 
-0.670000 -72.789462 
-0.680000 -78.487316 
-0.690000 -114.573725 
-0.700000 -86.084455 
-0.710000 -82.285886 
-0.720000 -105.077302 
-0.730000 -91.782309 
-0.740000 -86.084455 
-0.750000 -80.386601 
-0.760000 -84.185170 
-0.770000 -89.883024 
-0.780000 -89.883024 
-0.790000 -82.285886 
-0.800000 -82.285886 
-0.810000 -86.084455 
-0.820000 -89.883024 
-0.830000 -89.883024 
-0.840000 -93.681594 
-0.850000 -97.480163 
-0.860000 -84.185170 
-0.870000 -103.178017 
-0.880000 -99.379448 
-0.890000 -97.480163 
-0.900000 -101.278732 
-0.910000 -99.379448 
-0.920000 -105.077302 
-0.930000 -110.775156 
-0.940000 -110.775156 
-0.950000 -105.077302 
-0.960000 -108.875871 
-0.970000 -108.875871 
-0.980000 -106.976586 
-0.990000 -114.573725 
-1.000000 -116.473010 
-1.010000 -112.674440 
-1.020000 -116.473010 
-1.030000 -120.271579 
-1.040000 -129.768002 
-1.050000 -124.070148 
-1.060000 -127.868718 
-1.070000 -127.868718 
-1.080000 -129.768002 
-1.090000 -135.465856 
-1.100000 -137.365141 
-1.110000 -144.962280 
-1.120000 -141.163710 
-1.130000 -173.451550 
-1.140000 -148.760849 
-1.150000 -146.861564 
-1.160000 -150.660134 
-1.170000 -160.156557 
-1.180000 -156.357988 
-1.190000 -158.257272 
-1.200000 -152.559418 
-1.210000 -158.257272 
-1.220000 -162.055842 
-1.230000 -152.559418 
-1.240000 -158.257272 
-1.250000 -148.760849 
-1.260000 -143.062995 
-1.270000 -141.163710 
-1.280000 -148.760849 
-1.290000 -141.163710 
-1.300000 -137.365141 
-1.310000 -146.861564 
-1.320000 -135.465856 
-1.330000 -144.962280 
-1.340000 -139.264426 
-1.350000 -141.163710 
-1.360000 -135.465856 
-1.370000 -127.868718 
-1.380000 -137.365141 
-1.390000 -127.868718 
-1.400000 -127.868718 
-1.410000 -135.465856 
-1.420000 -135.465856 
-1.430000 -137.365141 
-1.440000 -154.458703 
-1.450000 -154.458703 
-1.460000 -158.257272 
-1.470000 -162.055842 
-1.480000 -165.854411 
-1.490000 -162.055842 
-1.500000 -158.257272 
-1.510000 -167.753696 
-1.520000 -171.552265 
-1.530000 -163.955126 
-1.540000 -169.652980 
-1.550000 -173.451550 
-1.560000 -169.652980 
-1.570000 -160.156557 
-1.580000 -171.552265 
-1.590000 -167.753696 
-1.600000 -167.753696 
-1.610000 -181.048688 
-1.620000 -177.250119 
-1.630000 -181.048688 
-1.640000 -182.947973 
-1.650000 -177.250119 
-1.660000 -182.947973 
-1.670000 -184.847258 
-1.680000 -179.149404 
-1.690000 -181.048688 
-1.700000 -184.847258 
-1.710000 -188.645827 
-1.720000 -182.947973 
-1.730000 -196.242966 
-1.740000 -188.645827 
-1.750000 -179.149404 
-1.760000 -194.343681 
-1.770000 -186.746542 
-1.780000 -188.645827 
-1.790000 -192.444396 
-1.800000 -194.343681 
-1.810000 -200.041535 
-1.820000 -196.242966 
-1.830000 -194.343681 
-1.840000 -196.242966 
-1.850000 -203.840104 
-1.860000 -203.840104 
-1.870000 -198.142250 
-1.880000 -200.041535 
-1.890000 -203.840104 
-1.900000 -211.437243 
-1.910000 -207.638674 
-1.920000 -203.840104 
-1.930000 -203.840104 
-1.940000 -209.537958 
-1.950000 -224.732236 
-1.960000 -219.034382 
-1.970000 -217.135097 
-1.980000 -226.631520 
-1.990000 -219.034382 
-2.000000 -215.235812 
-2.010000 -226.631520 
-2.020000 -220.933666 
-2.030000 -215.235812 
-2.040000 -217.135097 
-2.050000 -224.732236 
-2.060000 -220.933666 
-2.070000 -222.832951 
-2.080000 -226.631520 
-2.090000 -226.631520 
-2.100000 -228.530805 
-2.110000 -230.430090 
-2.120000 -232.329374 
-2.130000 -241.825798 
-2.140000 -234.228659 
-2.150000 -236.127944 
-2.160000 -238.027228 
-2.170000 -226.631520 
-2.180000 -226.631520 
-2.190000 -232.329374 
-2.200000 -262.717929 
-2.210000 -238.027228 
-2.220000 -236.127944 
-2.230000 -239.926513 
-2.240000 -241.825798 
-2.250000 -243.725082 
-2.260000 -251.322221 
-2.270000 -251.322221 
-2.280000 -245.624367 
-2.290000 -260.818644 
-2.300000 -258.919360 
-2.310000 -251.322221 
-2.320000 -257.020075 
-2.330000 -264.617214 
-2.340000 -249.422936 
-2.350000 -258.919360 
-2.360000 -258.919360 
-2.370000 -262.717929 
-2.380000 -260.818644 
-2.390000 -249.422936 
-2.400000 -255.120790 
-2.410000 -257.020075 
-2.420000 -260.818644 
-2.430000 -258.919360 
-2.440000 -258.919360 
-2.450000 -270.315068 
-2.460000 -270.315068 
-2.470000 -264.617214 
-2.480000 -276.012922 
-2.490000 -272.214352 
-2.500000 -272.214352 
-2.490000 -274.113637 
-2.480000 -276.012922 
-2.470000 -276.012922 
-2.460000 -272.214352 
-2.450000 -287.408629 
-2.440000 -281.710775 
-2.430000 -295.005768 
-2.420000 -276.012922 
-2.410000 -272.214352 
-2.400000 -270.315068 
-2.390000 -266.516498 
-2.380000 -281.710775 
-2.370000 -274.113637 
-2.360000 -274.113637 
-2.350000 -270.315068 
-2.340000 -276.012922 
-2.330000 -276.012922 
-2.320000 -270.315068 
-2.310000 -285.509345 
-2.300000 -272.214352 
-2.290000 -270.315068 
-2.280000 -274.113637 
-2.270000 -272.214352 
-2.260000 -266.516498 
-2.250000 -270.315068 
-2.240000 -264.617214 
-2.230000 -266.516498 
-2.220000 -270.315068 
-2.210000 -272.214352 
-2.200000 -268.415783 
-2.190000 -262.717929 
-2.180000 -270.315068 
-2.170000 -272.214352 
-2.160000 -270.315068 
-2.150000 -264.617214 
-2.140000 -260.818644 
-2.130000 -258.919360 
-2.120000 -255.120790 
-2.110000 -262.717929 
-2.100000 -257.020075 
-2.090000 -255.120790 
-2.080000 -255.120790 
-2.070000 -262.717929 
-2.060000 -260.818644 
-2.050000 -245.624367 
-2.040000 -257.020075 
-2.030000 -249.422936 
-2.020000 -255.120790 
-2.010000 -243.725082 
-2.000000 -251.322221 
-1.990000 -247.523652 
-1.980000 -234.228659 
-1.970000 -241.825798 
-1.960000 -241.825798 
-1.950000 -241.825798 
-1.940000 -243.725082 
-1.930000 -249.422936 
-1.920000 -253.221506 
-1.910000 -238.027228 
-1.900000 -243.725082 
-1.890000 -249.422936 
-1.880000 -236.127944 
-1.870000 -241.825798 
-1.860000 -243.725082 
-1.850000 -245.624367 
-1.840000 -236.127944 
-1.830000 -238.027228 
-1.820000 -249.422936 
-1.810000 -238.027228 
-1.800000 -249.422936 
-1.790000 -236.127944 
-1.780000 -228.530805 
-1.770000 -228.530805 
-1.760000 -220.933666 
-1.750000 -226.631520 
-1.740000 -236.127944 
-1.730000 -226.631520 
-1.720000 -224.732236 
-1.710000 -222.832951 
-1.700000 -217.135097 
-1.690000 -234.228659 
-1.680000 -226.631520 
-1.670000 -224.732236 
-1.660000 -230.430090 
-1.650000 -220.933666 
-1.640000 -219.034382 
-1.630000 -234.228659 
-1.620000 -213.336528 
-1.610000 -228.530805 
-1.600000 -211.437243 
-1.590000 -213.336528 
-1.580000 -211.437243 
-1.570000 -215.235812 
-1.560000 -203.840104 
-1.550000 -213.336528 
-1.540000 -200.041535 
-1.530000 -203.840104 
-1.520000 -215.235812 
-1.510000 -188.645827 
-1.500000 -213.336528 
-1.490000 -207.638674 
-1.480000 -192.444396 
-1.470000 -200.041535 
-1.460000 -207.638674 
-1.450000 -194.343681 
-1.440000 -190.545112 
-1.430000 -190.545112 
-1.420000 -203.840104 
-1.410000 -184.847258 
-1.400000 -186.746542 
-1.390000 -184.847258 
-1.380000 -173.451550 
-1.370000 -188.645827 
-1.360000 -182.947973 
-1.350000 -188.645827 
-1.340000 -173.451550 
-1.330000 -184.847258 
-1.320000 -184.847258 
-1.310000 -169.652980 
-1.300000 -184.847258 
-1.290000 -181.048688 
-1.280000 -173.451550 
-1.270000 -177.250119 
-1.260000 -173.451550 
-1.250000 -169.652980 
-1.240000 -173.451550 
-1.230000 -179.149404 
-1.220000 -165.854411 
-1.210000 -167.753696 
-1.200000 -165.854411 
-1.190000 -158.257272 
-1.180000 -158.257272 
-1.170000 -162.055842 
-1.160000 -162.055842 
-1.150000 -152.559418 
-1.140000 -163.955126 
-1.130000 -158.257272 
-1.120000 -160.156557 
-1.110000 -154.458703 
-1.100000 -158.257272 
-1.090000 -160.156557 
-1.080000 -146.861564 
-1.070000 -158.257272 
-1.060000 -143.062995 
-1.050000 -163.955126 
-1.040000 -152.559418 
-1.030000 -160.156557 
-1.020000 -146.861564 
-1.010000 -154.458703 
-1.000000 -148.760849 
-0.990000 -150.660134 
-0.980000 -144.962280 
-0.970000 -143.062995 
-0.960000 -150.660134 
-0.950000 -150.660134 
-0.940000 -150.660134 
-0.930000 -143.062995 
-0.920000 -133.566572 
-0.910000 -135.465856 
-0.900000 -127.868718 
-0.890000 -137.365141 
-0.880000 -135.465856 
-0.870000 -135.465856 
-0.860000 -129.768002 
-0.850000 -137.365141 
-0.840000 -125.969433 
-0.830000 -135.465856 
-0.820000 -127.868718 
-0.810000 -118.372294 
-0.800000 -127.868718 
-0.790000 -127.868718 
-0.780000 -125.969433 
-0.770000 -122.170864 
-0.760000 -125.969433 
-0.750000 -118.372294 
-0.740000 -118.372294 
-0.730000 -124.070148 
-0.720000 -112.674440 
-0.710000 -116.473010 
-0.700000 -110.775156 
-0.690000 -114.573725 
-0.680000 -112.674440 
-0.670000 -110.775156 
-0.660000 -112.674440 
-0.650000 -110.775156 
-0.640000 -114.573725 
-0.630000 -108.875871 
-0.620000 -108.875871 
-0.610000 -108.875871 
-0.600000 -103.178017 
-0.590000 -99.379448 
-0.580000 -91.782309 
-0.570000 -101.278732 
-0.560000 -99.379448 
-0.550000 -93.681594 
-0.540000 -97.480163 
-0.530000 -97.480163 
-0.520000 -101.278732 
-0.510000 -89.883024 
-0.500000 -91.782309 
-0.490000 -89.883024 
-0.480000 -89.883024 
-0.470000 -82.285886 
-0.460000 -82.285886 
-0.450000 -84.185170 
-0.440000 -84.185170 
-0.430000 -82.285886 
-0.420000 -76.588032 
-0.410000 -76.588032 
-0.400000 -55.695901 
-0.390000 -80.386601 
-0.380000 -76.588032 
-0.370000 -68.990893 
-0.360000 -80.386601 
-0.350000 -70.890178 
-0.340000 -65.192324 
-0.330000 -63.293039 
-0.320000 -68.990893 
-0.310000 -65.192324 
-0.300000 -55.695901 
-0.290000 -63.293039 
-0.280000 -61.393755 
-0.270000 -61.393755 
-0.260000 -61.393755 
-0.250000 -63.293039 
-0.240000 -84.185170 
-0.230000 -55.695901 
-0.220000 -57.595185 
-0.210000 -61.393755 
-0.200000 -59.494470 
-0.190000 -53.796616 
-0.180000 -48.098762 
-0.170000 -51.897331 
-0.160000 -51.897331 
-0.150000 -46.199477 
-0.140000 -51.897331 
-0.130000 -44.300193 
-0.120000 -51.897331 
-0.110000 -44.300193 
-0.100000 -44.300193 
-0.090000 -42.400908 
-0.080000 -44.300193 
-0.070000 -40.501623 
-0.060000 -38.602339 
-0.050000 -38.602339 
-0.040000 -38.602339 
-0.030000 -25.307346 
-0.020000 -38.602339 
-0.010000 -34.803769 
