0.000000 -31.005200 
0.035000 -25.307346 
0.070000 -17.710207 
0.105000 -8.213784 
0.140000 6.980493 
0.175000 1.282639 
0.210000 6.980493 
0.245000 5.081209 
0.280000 -0.616645 
0.315000 -0.616645 
0.350000 6.980493 
0.385000 1.282639 
0.420000 1.282639 
0.455000 1.282639 
0.490000 5.081209 
0.525000 16.476917 
0.560000 25.973340 
0.595000 31.671194 
0.630000 1.282639 
0.665000 46.865471 
0.700000 54.462610 
0.735000 60.160464 
0.770000 50.664041 
0.805000 62.059749 
0.840000 63.959033 
0.875000 65.858318 
0.910000 69.656887 
0.945000 75.354741 
0.980000 77.254026 
1.015000 69.656887 
1.050000 79.153311 
1.085000 92.448303 
1.120000 103.844011 
1.155000 92.448303 
1.190000 88.649734 
1.225000 90.549019 
1.260000 92.448303 
1.295000 100.045442 
1.330000 100.045442 
1.365000 107.642581 
1.400000 107.642581 
1.435000 119.038289 
1.470000 120.937573 
1.505000 120.937573 
1.540000 130.433997 
1.575000 128.534712 
1.610000 132.333281 
1.645000 143.728989 
1.680000 143.728989 
1.715000 145.628274 
1.750000 155.124697 
1.785000 157.023982 
1.820000 153.225412 
1.855000 158.923266 
1.890000 168.419690 
1.925000 166.520405 
1.960000 181.714682 
1.995000 174.117544 
2.030000 183.613967 
2.065000 185.513252 
2.100000 191.211106 
2.135000 181.714682 
2.170000 191.211106 
2.205000 196.908960 
2.240000 196.908960 
2.275000 187.412536 
2.310000 214.002522 
2.345000 206.405383 
2.380000 214.002522 
2.415000 229.196799 
2.450000 221.599660 
2.485000 225.398230 
2.480000 234.894653 
2.445000 229.196799 
2.410000 236.793938 
2.375000 246.290361 
2.340000 250.088930 
2.305000 246.290361 
2.270000 244.391076 
2.235000 240.592507 
2.200000 240.592507 
2.165000 244.391076 
2.130000 248.189646 
2.095000 248.189646 
2.060000 251.988215 
2.025000 251.988215 
1.990000 253.887500 
1.955000 244.391076 
1.920000 242.491792 
1.885000 257.686069 
1.850000 242.491792 
1.815000 244.391076 
1.780000 253.887500 
1.745000 244.391076 
1.710000 251.988215 
1.675000 246.290361 
1.640000 250.088930 
1.605000 242.491792 
1.570000 234.894653 
1.535000 246.290361 
1.500000 229.196799 
1.465000 240.592507 
1.430000 240.592507 
1.395000 221.599660 
1.360000 219.700376 
1.325000 225.398230 
1.290000 215.901806 
1.255000 214.002522 
1.220000 210.203952 
1.185000 215.901806 
1.150000 210.203952 
1.115000 204.506098 
1.080000 196.908960 
1.045000 202.606814 
1.010000 193.110390 
0.975000 198.808244 
0.940000 195.009675 
0.905000 185.513252 
0.870000 191.211106 
0.835000 198.808244 
0.800000 183.613967 
0.765000 176.016828 
0.730000 174.117544 
0.695000 166.520405 
0.660000 166.520405 
0.625000 166.520405 
0.590000 164.621120 
0.555000 151.326128 
0.520000 153.225412 
0.485000 149.426843 
0.450000 143.728989 
0.415000 143.728989 
0.380000 141.829705 
0.345000 138.031135 
0.310000 138.031135 
0.275000 134.232566 
0.240000 124.736143 
0.205000 124.736143 
0.170000 130.433997 
0.135000 134.232566 
0.100000 119.038289 
0.065000 117.139004 
0.030000 115.239719 
-0.005000 101.944727 
-0.040000 105.743296 
-0.075000 100.045442 
-0.110000 96.246873 
-0.145000 79.153311 
-0.180000 77.254026 
-0.215000 60.160464 
-0.250000 6.980493 
-0.285000 -13.911638 
-0.320000 -10.113069 
-0.355000 -17.710207 
-0.390000 -32.904485 
-0.425000 -31.005200 
-0.460000 -40.501623 
-0.495000 -32.904485 
-0.530000 -29.105915 
-0.565000 -36.703054 
-0.600000 -42.400908 
-0.635000 -44.300193 
-0.670000 -48.098762 
-0.705000 -48.098762 
-0.740000 -49.998047 
-0.775000 -53.796616 
-0.810000 -51.897331 
-0.845000 -48.098762 
-0.880000 -59.494470 
-0.915000 -67.091609 
-0.950000 -57.595185 
-0.985000 -68.990893 
-1.020000 -74.688747 
-1.055000 -63.293039 
-1.090000 -89.883024 
-1.125000 -82.285886 
-1.160000 -86.084455 
-1.195000 -89.883024 
-1.230000 -91.782309 
-1.265000 -95.580878 
-1.300000 -106.976586 
-1.335000 -114.573725 
-1.370000 -106.976586 
-1.405000 -110.775156 
-1.440000 -127.868718 
-1.475000 -125.969433 
-1.510000 -129.768002 
-1.545000 -124.070148 
-1.580000 -133.566572 
-1.615000 -129.768002 
-1.650000 -133.566572 
-1.685000 -141.163710 
-1.720000 -143.062995 
-1.755000 -141.163710 
-1.790000 -152.559418 
-1.825000 -150.660134 
-1.860000 -152.559418 
-1.895000 -150.660134 
-1.930000 -169.652980 
-1.965000 -200.041535 
-2.000000 -165.854411 
-2.035000 -175.350834 
-2.070000 -181.048688 
-2.105000 -179.149404 
-2.140000 -190.545112 
-2.175000 -182.947973 
-2.210000 -200.041535 
-2.245000 -203.840104 
-2.280000 -196.242966 
-2.315000 -211.437243 
-2.350000 -200.041535 
-2.385000 -213.336528 
-2.420000 -220.933666 
-2.455000 -228.530805 
-2.490000 -220.933666 
-2.475000 -226.631520 
-2.440000 -215.235812 
-2.405000 -226.631520 
-2.370000 -228.530805 
-2.335000 -241.825798 
-2.300000 -234.228659 
-2.265000 -238.027228 
-2.230000 -239.926513 
-2.195000 -238.027228 
-2.160000 -243.725082 
-2.125000 -241.825798 
-2.090000 -239.926513 
-2.055000 -249.422936 
-2.020000 -234.228659 
-1.985000 -230.430090 
-1.950000 -245.624367 
-1.915000 -230.430090 
-1.880000 -232.329374 
-1.845000 -232.329374 
-1.810000 -234.228659 
-1.775000 -238.027228 
-1.740000 -226.631520 
-1.705000 -226.631520 
-1.670000 -234.228659 
-1.635000 -226.631520 
-1.600000 -239.926513 
-1.565000 -234.228659 
-1.530000 -226.631520 
-1.495000 -232.329374 
-1.460000 -219.034382 
-1.425000 -222.832951 
-1.390000 -224.732236 
-1.355000 -217.135097 
-1.320000 -222.832951 
-1.285000 -211.437243 
-1.250000 -224.732236 
-1.215000 -211.437243 
-1.180000 -198.142250 
-1.145000 -213.336528 
-1.110000 -200.041535 
-1.075000 -194.343681 
-1.040000 -194.343681 
-1.005000 -196.242966 
-0.970000 -171.552265 
-0.935000 -188.645827 
-0.900000 -173.451550 
-0.865000 -171.552265 
-0.830000 -177.250119 
-0.795000 -167.753696 
-0.760000 -163.955126 
-0.725000 -162.055842 
-0.690000 -162.055842 
-0.655000 -165.854411 
-0.620000 -150.660134 
-0.585000 -162.055842 
-0.550000 -160.156557 
-0.515000 -137.365141 
-0.480000 -150.660134 
-0.445000 -135.465856 
-0.410000 -141.163710 
-0.375000 -139.264426 
-0.340000 -127.868718 
-0.305000 -129.768002 
-0.270000 -122.170864 
-0.235000 -114.573725 
-0.200000 -105.077302 
-0.165000 -105.077302 
-0.130000 -105.077302 
-0.095000 -105.077302 
-0.060000 -97.480163 
-0.025000 -93.681594 
0.010000 -87.983740 
0.045000 -84.185170 
0.080000 -68.990893 
0.115000 -67.091609 
0.150000 -53.796616 
0.185000 -32.904485 
0.220000 -15.810923 
0.255000 -8.213784 
0.290000 12.678347 
0.325000 1.282639 
0.360000 3.181924 
0.395000 -2.515930 
0.430000 3.181924 
0.465000 6.980493 
0.500000 8.879778 
0.535000 10.779063 
0.570000 27.872625 
0.605000 37.369048 
0.640000 33.570479 
0.675000 48.764756 
0.710000 48.764756 
0.745000 52.563325 
0.780000 58.261179 
0.815000 54.462610 
0.850000 62.059749 
0.885000 73.455457 
0.920000 69.656887 
0.955000 67.757603 
0.990000 73.455457 
1.025000 77.254026 
1.060000 75.354741 
1.095000 71.556172 
1.130000 82.951880 
1.165000 86.750449 
1.200000 94.347588 
1.235000 94.347588 
1.270000 96.246873 
1.305000 107.642581 
1.340000 119.038289 
1.375000 119.038289 
1.410000 113.340435 
1.445000 120.937573 
1.480000 132.333281 
1.515000 138.031135 
1.550000 130.433997 
1.585000 143.728989 
1.620000 136.131851 
1.655000 138.031135 
1.690000 139.930420 
1.725000 151.326128 
1.760000 153.225412 
1.795000 153.225412 
1.830000 153.225412 
1.865000 164.621120 
1.900000 170.318974 
1.935000 172.218259 
1.970000 170.318974 
2.005000 176.016828 
2.040000 179.815398 
2.075000 191.211106 
2.110000 185.513252 
2.145000 195.009675 
2.180000 200.707529 
2.215000 196.908960 
2.250000 193.110390 
2.285000 208.304668 
2.320000 212.103237 
2.355000 204.506098 
2.390000 219.700376 
2.425000 214.002522 
2.460000 221.599660 
2.495000 227.297514 
2.470000 227.297514 
2.435000 244.391076 
2.400000 242.491792 
2.365000 232.995368 
2.330000 244.391076 
2.295000 240.592507 
2.260000 238.693222 
2.225000 246.290361 
2.190000 250.088930 
2.155000 257.686069 
2.120000 248.189646 
2.085000 246.290361 
2.050000 246.290361 
2.015000 246.290361 
1.980000 244.391076 
1.945000 246.290361 
1.910000 265.283208 
1.875000 251.988215 
1.840000 251.988215 
1.805000 253.887500 
1.770000 244.391076 
1.735000 251.988215 
1.700000 246.290361 
1.665000 244.391076 
1.630000 244.391076 
1.595000 246.290361 
1.560000 244.391076 
1.525000 234.894653 
1.490000 236.793938 
1.455000 225.398230 
1.420000 229.196799 
1.385000 234.894653 
1.350000 219.700376 
1.315000 219.700376 
1.280000 223.498945 
1.245000 217.801091 
1.210000 221.599660 
1.175000 212.103237 
1.140000 204.506098 
1.105000 212.103237 
1.070000 204.506098 
1.035000 206.405383 
1.000000 206.405383 
0.965000 210.203952 
0.930000 195.009675 
0.895000 195.009675 
0.860000 189.311821 
0.825000 187.412536 
0.790000 187.412536 
0.755000 179.815398 
0.720000 172.218259 
0.685000 174.117544 
0.650000 170.318974 
0.615000 166.520405 
0.580000 164.621120 
0.545000 160.822551 
0.510000 155.124697 
0.475000 145.628274 
0.440000 143.728989 
0.405000 138.031135 
0.370000 134.232566 
0.335000 130.433997 
0.300000 130.433997 
0.265000 119.038289 
0.230000 122.836858 
0.195000 119.038289 
0.160000 107.642581 
0.125000 109.541865 
0.090000 107.642581 
0.055000 105.743296 
0.020000 107.642581 
-0.015000 103.844011 
-0.050000 94.347588 
-0.085000 84.851165 
-0.120000 69.656887 
-0.155000 79.153311 
-0.190000 67.757603 
-0.225000 41.167617 
-0.260000 27.872625 
-0.295000 -10.113069 
-0.330000 -10.113069 
-0.365000 -21.508777 
-0.400000 -25.307346 
-0.435000 -34.803769 
-0.470000 -38.602339 
-0.505000 -32.904485 
-0.540000 -34.803769 
-0.575000 -44.300193 
-0.610000 -38.602339 
-0.645000 -38.602339 
-0.680000 -42.400908 
-0.715000 -49.998047 
-0.750000 -42.400908 
-0.785000 -48.098762 
-0.820000 -55.695901 
-0.855000 -51.897331 
-0.890000 -61.393755 
-0.925000 -67.091609 
-0.960000 -70.890178 
-0.995000 -76.588032 
-1.030000 -80.386601 
-1.065000 -78.487316 
-1.100000 -84.185170 
-1.135000 -84.185170 
-1.170000 -93.681594 
-1.205000 -87.983740 
-1.240000 -87.983740 
-1.275000 -89.883024 
-1.310000 -95.580878 
-1.345000 -112.674440 
-1.380000 -110.775156 
-1.415000 -114.573725 
-1.450000 -120.271579 
-1.485000 -120.271579 
-1.520000 -124.070148 
-1.555000 -127.868718 
-1.590000 -133.566572 
-1.625000 -133.566572 
-1.660000 -143.062995 
-1.695000 -144.962280 
-1.730000 -154.458703 
-1.765000 -148.760849 
-1.800000 -150.660134 
-1.835000 -163.955126 
-1.870000 -158.257272 
-1.905000 -154.458703 
-1.940000 -175.350834 
-1.975000 -169.652980 
-2.010000 -167.753696 
-2.045000 -177.250119 
-2.080000 -182.947973 
-2.115000 -179.149404 
-2.150000 -181.048688 
-2.185000 -190.545112 
-2.220000 -192.444396 
-2.255000 -190.545112 
-2.290000 -205.739389 
-2.325000 -207.638674 
-2.360000 -211.437243 
-2.395000 -219.034382 
-2.430000 -224.732236 
-2.465000 -219.034382 
-2.500000 -224.732236 
-2.465000 -232.329374 
-2.430000 -236.127944 
-2.395000 -234.228659 
-2.360000 -228.530805 
-2.325000 -224.732236 
-2.290000 -241.825798 
-2.255000 -232.329374 
-2.220000 -243.725082 
-2.185000 -236.127944 
-2.150000 -245.624367 
-2.115000 -241.825798 
-2.080000 -236.127944 
-2.045000 -251.322221 
-2.010000 -239.926513 
-1.975000 -239.926513 
-1.940000 -243.725082 
-1.905000 -236.127944 
-1.870000 -234.228659 
-1.835000 -236.127944 
-1.800000 -226.631520 
-1.765000 -238.027228 
-1.730000 -226.631520 
-1.695000 -224.732236 
-1.660000 -234.228659 
-1.625000 -226.631520 
-1.590000 -220.933666 
-1.555000 -226.631520 
-1.520000 -222.832951 
-1.485000 -230.430090 
-1.450000 -220.933666 
-1.415000 -232.329374 
-1.380000 -224.732236 
-1.345000 -213.336528 
-1.310000 -219.034382 
-1.275000 -215.235812 
-1.240000 -219.034382 
-1.205000 -215.235812 
-1.170000 -203.840104 
-1.135000 -203.840104 
-1.100000 -209.537958 
-1.065000 -196.242966 
-1.030000 -190.545112 
-0.995000 -196.242966 
-0.960000 -182.947973 
-0.925000 -179.149404 
-0.890000 -179.149404 
-0.855000 -181.048688 
-0.820000 -167.753696 
-0.785000 -167.753696 
-0.750000 -162.055842 
-0.715000 -162.055842 
-0.680000 -165.854411 
-0.645000 -152.559418 
-0.610000 -146.861564 
-0.575000 -158.257272 
-0.540000 -141.163710 
-0.505000 -150.660134 
-0.470000 -150.660134 
-0.435000 -139.264426 
-0.400000 -135.465856 
-0.365000 -137.365141 
-0.330000 -127.868718 
-0.295000 -120.271579 
-0.260000 -122.170864 
-0.225000 -118.372294 
-0.190000 -120.271579 
-0.155000 -112.674440 
-0.120000 -105.077302 
-0.085000 -97.480163 
-0.050000 -93.681594 
-0.015000 -99.379448 
0.020000 -91.782309 
0.055000 -76.588032 
0.090000 -70.890178 
0.125000 -61.393755 
0.160000 -36.703054 
0.195000 -31.005200 
0.230000 -17.710207 
0.265000 -10.113069 
0.300000 6.980493 
0.335000 6.980493 
0.370000 8.879778 
0.405000 3.181924 
0.440000 12.678347 
0.475000 1.282639 
0.510000 16.476917 
0.545000 24.074055 
0.580000 24.074055 
0.615000 43.066902 
0.650000 44.966187 
0.685000 46.865471 
0.720000 37.369048 
0.755000 52.563325 
0.790000 52.563325 
0.825000 60.160464 
0.860000 62.059749 
0.895000 62.059749 
0.930000 69.656887 
0.965000 71.556172 
1.000000 82.951880 
1.035000 73.455457 
1.070000 73.455457 
1.105000 79.153311 
1.140000 81.052595 
1.175000 82.951880 
1.210000 90.549019 
1.245000 101.944727 
1.280000 94.347588 
1.315000 94.347588 
1.350000 107.642581 
1.385000 101.944727 
1.420000 111.441150 
1.455000 119.038289 
1.490000 120.937573 
1.525000 120.937573 
1.560000 122.836858 
1.595000 126.635427 
1.630000 136.131851 
1.665000 134.232566 
1.700000 138.031135 
1.735000 141.829705 
1.770000 153.225412 
1.805000 151.326128 
1.840000 160.822551 
1.875000 153.225412 
1.910000 155.124697 
1.945000 164.621120 
1.980000 168.419690 
2.015000 168.419690 
2.050000 181.714682 
2.085000 187.412536 
2.120000 174.117544 
2.155000 185.513252 
2.190000 193.110390 
2.225000 202.606814 
2.260000 193.110390 
2.295000 204.506098 
2.330000 185.513252 
2.365000 212.103237 
2.400000 217.801091 
2.435000 217.801091 
2.470000 227.297514 
2.495000 231.096084 
2.460000 221.599660 
2.425000 231.096084 
2.390000 229.196799 
2.355000 236.793938 
2.320000 244.391076 
2.285000 238.693222 
2.250000 248.189646 
2.215000 251.988215 
2.180000 240.592507 
2.145000 248.189646 
2.110000 246.290361 
2.075000 251.988215 
2.040000 244.391076 
2.005000 257.686069 
1.970000 259.585354 
1.935000 259.585354 
1.900000 257.686069 
1.865000 246.290361 
1.830000 250.088930 
1.795000 248.189646 
1.760000 242.491792 
1.725000 250.088930 
1.690000 242.491792 
1.655000 244.391076 
1.620000 244.391076 
1.585000 240.592507 
1.550000 229.196799 
1.515000 225.398230 
1.480000 232.995368 
1.445000 236.793938 
1.410000 223.498945 
1.375000 227.297514 
1.340000 225.398230 
1.305000 223.498945 
1.270000 221.599660 
1.235000 210.203952 
1.200000 221.599660 
1.165000 215.901806 
1.130000 210.203952 
1.095000 208.304668 
1.060000 206.405383 
1.025000 206.405383 
0.990000 202.606814 
0.955000 196.908960 
0.920000 195.009675 
0.885000 183.613967 
0.850000 183.613967 
0.815000 183.613967 
0.780000 183.613967 
0.745000 174.117544 
0.710000 168.419690 
0.675000 170.318974 
0.640000 164.621120 
0.605000 164.621120 
0.570000 151.326128 
0.535000 153.225412 
0.500000 164.621120 
0.465000 155.124697 
0.430000 153.225412 
0.395000 153.225412 
0.360000 138.031135 
0.325000 139.930420 
0.290000 132.333281 
0.255000 122.836858 
0.220000 124.736143 
0.185000 124.736143 
0.150000 130.433997 
0.115000 115.239719 
0.080000 109.541865 
0.045000 107.642581 
0.010000 98.146157 
-0.025000 101.944727 
-0.060000 90.549019 
-0.095000 82.951880 
-0.130000 81.052595 
-0.165000 69.656887 
-0.200000 67.757603 
-0.235000 46.865471 
-0.270000 12.678347 
-0.305000 -2.515930 
-0.340000 -21.508777 
-0.375000 -21.508777 
-0.410000 -25.307346 
-0.445000 -38.602339 
-0.480000 -29.105915 
-0.515000 -32.904485 
-0.550000 -34.803769 
-0.585000 -34.803769 
-0.620000 -46.199477 
-0.655000 -44.300193 
-0.690000 -46.199477 
-0.725000 -53.796616 
-0.760000 -46.199477 
-0.795000 -57.595185 
-0.830000 -51.897331 
-0.865000 -59.494470 
-0.900000 -61.393755 
-0.935000 -67.091609 
-0.970000 -65.192324 
-1.005000 -78.487316 
-1.040000 -68.990893 
-1.075000 -76.588032 
-1.110000 -82.285886 
-1.145000 -78.487316 
-1.180000 -82.285886 
-1.215000 -93.681594 
-1.250000 -87.983740 
-1.285000 -91.782309 
-1.320000 -99.379448 
-1.355000 -99.379448 
-1.390000 -112.674440 
-1.425000 -108.875871 
-1.460000 -114.573725 
-1.495000 -110.775156 
-1.530000 -129.768002 
-1.565000 -129.768002 
-1.600000 -122.170864 
-1.635000 -135.465856 
-1.670000 -144.962280 
-1.705000 -137.365141 
-1.740000 -144.962280 
-1.775000 -148.760849 
-1.810000 -162.055842 
-1.845000 -154.458703 
-1.880000 -165.854411 
-1.915000 -163.955126 
-1.950000 -171.552265 
-1.985000 -171.552265 
-2.020000 -171.552265 
-2.055000 -175.350834 
-2.090000 -181.048688 
-2.125000 -182.947973 
-2.160000 -181.048688 
-2.195000 -188.645827 
-2.230000 -188.645827 
-2.265000 -196.242966 
-2.300000 -209.537958 
-2.335000 -213.336528 
-2.370000 -205.739389 
-2.405000 -211.437243 
-2.440000 -220.933666 
-2.475000 -219.034382 
-2.490000 -228.530805 
-2.455000 -236.127944 
-2.420000 -226.631520 
-2.385000 -241.825798 
-2.350000 -243.725082 
-2.315000 -243.725082 
-2.280000 -238.027228 
-2.245000 -232.329374 
-2.210000 -243.725082 
-2.175000 -238.027228 
-2.140000 -247.523652 
-2.105000 -243.725082 
-2.070000 -226.631520 
-2.035000 -245.624367 
-2.000000 -232.329374 
-1.965000 -245.624367 
-1.930000 -249.422936 
-1.895000 -234.228659 
-1.860000 -241.825798 
-1.825000 -230.430090 
-1.790000 -228.530805 
-1.755000 -234.228659 
-1.720000 -222.832951 
-1.685000 -232.329374 
-1.650000 -226.631520 
-1.615000 -220.933666 
-1.580000 -224.732236 
-1.545000 -224.732236 
-1.510000 -215.235812 
-1.475000 -219.034382 
-1.440000 -217.135097 
-1.405000 -215.235812 
-1.370000 -219.034382 
-1.335000 -220.933666 
-1.300000 -226.631520 
-1.265000 -207.638674 
-1.230000 -198.142250 
-1.195000 -213.336528 
-1.160000 -205.739389 
-1.125000 -203.840104 
-1.090000 -203.840104 
-1.055000 -196.242966 
-1.020000 -192.444396 
-0.985000 -190.545112 
-0.950000 -184.847258 
-0.915000 -175.350834 
-0.880000 -182.947973 
-0.845000 -169.652980 
-0.810000 -177.250119 
-0.775000 -165.854411 
-0.740000 -163.955126 
-0.705000 -154.458703 
-0.670000 -163.955126 
-0.635000 -156.357988 
-0.600000 -152.559418 
-0.565000 -144.962280 
-0.530000 -141.163710 
-0.495000 -144.962280 
-0.460000 -133.566572 
-0.425000 -135.465856 
-0.390000 -124.070148 
-0.355000 -127.868718 
-0.320000 -135.465856 
-0.285000 -120.271579 
-0.250000 -118.372294 
-0.215000 -120.271579 
-0.180000 -108.875871 
-0.145000 -101.278732 
-0.110000 -105.077302 
-0.075000 -95.580878 
-0.040000 -95.580878 
-0.005000 -86.084455 
0.030000 -84.185170 
0.065000 -82.285886 
0.100000 -67.091609 
0.135000 -49.998047 
0.170000 -36.703054 
0.205000 -29.105915 
0.240000 -15.810923 
0.275000 -6.314499 
0.310000 8.879778 
0.345000 1.282639 
0.380000 -2.515930 
0.415000 8.879778 
0.450000 8.879778 
0.485000 16.476917 
0.520000 27.872625 
0.555000 27.872625 
0.590000 35.469763 
0.625000 44.966187 
0.660000 43.066902 
0.695000 50.664041 
0.730000 46.865471 
0.765000 48.764756 
0.800000 54.462610 
0.835000 58.261179 
0.870000 73.455457 
0.905000 63.959033 
0.940000 69.656887 
0.975000 77.254026 
1.010000 69.656887 
1.045000 81.052595 
1.080000 79.153311 
1.115000 79.153311 
1.150000 82.951880 
1.185000 81.052595 
1.220000 96.246873 
1.255000 98.146157 
1.290000 92.448303 
1.325000 105.743296 
1.360000 105.743296 
1.395000 103.844011 
1.430000 117.139004 
1.465000 117.139004 
1.500000 128.534712 
1.535000 130.433997 
1.570000 141.829705 
1.605000 136.131851 
1.640000 139.930420 
1.675000 138.031135 
1.710000 143.728989 
1.745000 151.326128 
1.780000 149.426843 
1.815000 157.023982 
1.850000 155.124697 
1.885000 166.520405 
1.920000 164.621120 
1.955000 160.822551 
1.990000 170.318974 
2.025000 174.117544 
2.060000 179.815398 
2.095000 183.613967 
2.130000 189.311821 
2.165000 185.513252 
2.200000 187.412536 
2.235000 198.808244 
2.270000 198.808244 
2.305000 202.606814 
2.340000 219.700376 
2.375000 214.002522 
2.410000 206.405383 
2.445000 223.498945 
2.480000 219.700376 
2.485000 221.599660 
2.450000 223.498945 
2.415000 229.196799 
2.380000 240.592507 
2.345000 236.793938 
2.310000 240.592507 
2.275000 246.290361 
2.240000 240.592507 
2.205000 246.290361 
2.170000 250.088930 
2.135000 242.491792 
2.100000 259.585354 
2.065000 246.290361 
2.030000 261.484638 
1.995000 229.196799 
1.960000 248.189646 
1.925000 250.088930 
1.890000 219.700376 
1.855000 250.088930 
1.820000 250.088930 
1.785000 244.391076 
1.750000 251.988215 
1.715000 236.793938 
1.680000 242.491792 
1.645000 236.793938 
1.610000 246.290361 
1.575000 221.599660 
1.540000 227.297514 
1.505000 240.592507 
1.470000 236.793938 
1.435000 231.096084 
1.400000 229.196799 
1.365000 221.599660 
1.330000 221.599660 
1.295000 236.793938 
1.260000 221.599660 
1.225000 215.901806 
1.190000 225.398230 
1.155000 214.002522 
1.120000 212.103237 
1.085000 206.405383 
1.050000 202.606814 
1.015000 202.606814 
0.980000 195.009675 
0.945000 189.311821 
0.910000 191.211106 
0.875000 185.513252 
0.840000 181.714682 
0.805000 179.815398 
0.770000 174.117544 
0.735000 168.419690 
0.700000 170.318974 
0.665000 162.721836 
0.630000 158.923266 
0.595000 158.923266 
0.560000 155.124697 
0.525000 145.628274 
0.490000 141.829705 
0.455000 145.628274 
0.420000 136.131851 
0.385000 143.728989 
0.350000 130.433997 
0.315000 130.433997 
0.280000 132.333281 
0.245000 124.736143 
0.210000 119.038289 
0.175000 119.038289 
0.140000 115.239719 
0.105000 107.642581 
0.070000 105.743296 
0.035000 103.844011 
-0.000000 100.045442 
-0.035000 86.750449 
-0.070000 86.750449 
-0.105000 75.354741 
-0.140000 71.556172 
-0.175000 67.757603 
-0.210000 39.268333 
-0.245000 -2.515930 
-0.280000 -8.213784 
-0.315000 -13.911638 
-0.350000 -27.206631 
-0.385000 -29.105915 
-0.420000 -44.300193 
-0.455000 -38.602339 
-0.490000 -31.005200 
-0.525000 -32.904485 
-0.560000 -42.400908 
-0.595000 -29.105915 
-0.630000 -42.400908 
-0.665000 -46.199477 
-0.700000 -44.300193 
-0.735000 -46.199477 
-0.770000 -51.897331 
-0.805000 -55.695901 
-0.840000 -61.393755 
-0.875000 -68.990893 
-0.910000 -68.990893 
-0.945000 -68.990893 
-0.980000 -76.588032 
-1.015000 -78.487316 
-1.050000 -93.681594 
-1.085000 -89.883024 
-1.120000 -82.285886 
-1.155000 -127.868718 
-1.190000 -84.185170 
-1.225000 -86.084455 
-1.260000 -99.379448 
-1.295000 -99.379448 
-1.330000 -106.976586 
-1.365000 -105.077302 
-1.400000 -110.775156 
-1.435000 -114.573725 
-1.470000 -122.170864 
-1.505000 -120.271579 
-1.540000 -129.768002 
-1.575000 -127.868718 
-1.610000 -131.667287 
-1.645000 -137.365141 
-1.680000 -146.861564 
-1.715000 -152.559418 
-1.750000 -143.062995 
-1.785000 -152.559418 
-1.820000 -158.257272 
-1.855000 -150.660134 
-1.890000 -163.955126 
-1.925000 -177.250119 
-1.960000 -165.854411 
-1.995000 -173.451550 
-2.030000 -175.350834 
-2.065000 -182.947973 
-2.100000 -182.947973 
-2.135000 -188.645827 
-2.170000 -188.645827 
-2.205000 -194.343681 
-2.240000 -192.444396 
-2.275000 -196.242966 
-2.310000 -194.343681 
-2.345000 -201.940820 
-2.380000 -220.933666 
-2.415000 -213.336528 
-2.450000 -236.127944 
-2.485000 -230.430090 
-2.480000 -224.732236 
-2.445000 -226.631520 
-2.410000 -234.228659 
-2.375000 -238.027228 
-2.340000 -234.228659 
-2.305000 -245.624367 
-2.270000 -247.523652 
-2.235000 -249.422936 
-2.200000 -238.027228 
-2.165000 -234.228659 
-2.130000 -243.725082 
-2.095000 -253.221506 
-2.060000 -241.825798 
-2.025000 -241.825798 
-1.990000 -245.624367 
-1.955000 -239.926513 
-1.920000 -228.530805 
-1.885000 -238.027228 
-1.850000 -236.127944 
-1.815000 -239.926513 
-1.780000 -241.825798 
-1.745000 -222.832951 
-1.710000 -238.027228 
-1.675000 -232.329374 
-1.640000 -232.329374 
-1.605000 -222.832951 
-1.570000 -217.135097 
-1.535000 -226.631520 
-1.500000 -213.336528 
-1.465000 -217.135097 
-1.430000 -219.034382 
-1.395000 -215.235812 
-1.360000 -211.437243 
-1.325000 -211.437243 
-1.290000 -211.437243 
-1.255000 -207.638674 
-1.220000 -205.739389 
-1.185000 -207.638674 
-1.150000 -203.840104 
-1.115000 -200.041535 
-1.080000 -196.242966 
-1.045000 -201.940820 
-1.010000 -194.343681 
-0.975000 -184.847258 
-0.940000 -190.545112 
-0.905000 -194.343681 
-0.870000 -181.048688 
-0.835000 -173.451550 
-0.800000 -184.847258 
-0.765000 -162.055842 
-0.730000 -169.652980 
-0.695000 -162.055842 
-0.660000 -152.559418 
-0.625000 -158.257272 
-0.590000 -143.062995 
-0.555000 -143.062995 
-0.520000 -139.264426 
-0.485000 -141.163710 
-0.450000 -139.264426 
-0.415000 -133.566572 
-0.380000 -129.768002 
-0.345000 -124.070148 
-0.310000 -122.170864 
-0.275000 -114.573725 
-0.240000 -118.372294 
-0.205000 -124.070148 
-0.170000 -112.674440 
-0.135000 -108.875871 
-0.100000 -105.077302 
-0.065000 -95.580878 
-0.030000 -99.379448 
0.005000 -95.580878 
0.040000 -87.983740 
0.075000 -82.285886 
0.110000 -76.588032 
0.145000 -48.098762 
0.180000 -29.105915 
0.215000 -29.105915 
0.250000 -17.710207 
0.285000 1.282639 
0.320000 5.081209 
0.355000 -2.515930 
0.390000 -0.616645 
0.425000 5.081209 
0.460000 6.980493 
0.495000 8.879778 
0.530000 3.181924 
0.565000 29.771909 
0.600000 31.671194 
0.635000 31.671194 
0.670000 39.268333 
0.705000 44.966187 
0.740000 41.167617 
0.775000 50.664041 
0.810000 56.361895 
0.845000 56.361895 
0.880000 63.959033 
0.915000 79.153311 
0.950000 73.455457 
0.985000 71.556172 
1.020000 77.254026 
1.055000 69.656887 
1.090000 77.254026 
1.125000 86.750449 
1.160000 82.951880 
1.195000 90.549019 
1.230000 90.549019 
1.265000 107.642581 
1.300000 105.743296 
1.335000 107.642581 
1.370000 119.038289 
1.405000 120.937573 
1.440000 122.836858 
1.475000 130.433997 
1.510000 130.433997 
1.545000 126.635427 
1.580000 130.433997 
1.615000 138.031135 
1.650000 134.232566 
1.685000 145.628274 
1.720000 138.031135 
1.755000 157.023982 
1.790000 151.326128 
1.825000 160.822551 
1.860000 166.520405 
1.895000 166.520405 
1.930000 168.419690 
1.965000 162.721836 
2.000000 174.117544 
2.035000 174.117544 
2.070000 183.613967 
2.105000 181.714682 
2.140000 189.311821 
2.175000 193.110390 
2.210000 202.606814 
2.245000 206.405383 
2.280000 210.203952 
2.315000 202.606814 
2.350000 210.203952 
2.385000 210.203952 
2.420000 221.599660 
2.455000 219.700376 
2.490000 227.297514 
2.475000 234.894653 
2.440000 238.693222 
2.405000 234.894653 
2.370000 236.793938 
2.335000 246.290361 
2.300000 242.491792 
2.265000 246.290361 
2.230000 246.290361 
2.195000 251.988215 
2.160000 255.786784 
2.125000 250.088930 
2.090000 259.585354 
2.055000 251.988215 
2.020000 253.887500 
1.985000 253.887500 
1.950000 251.988215 
1.915000 257.686069 
1.880000 255.786784 
1.845000 250.088930 
1.810000 259.585354 
1.775000 244.391076 
1.740000 240.592507 
1.705000 236.793938 
1.670000 255.786784 
1.635000 248.189646 
1.600000 231.096084 
1.565000 244.391076 
1.530000 244.391076 
1.495000 242.491792 
1.460000 227.297514 
1.425000 231.096084 
1.390000 240.592507 
1.355000 232.995368 
1.320000 229.196799 
1.285000 221.599660 
1.250000 221.599660 
1.215000 225.398230 
1.180000 208.304668 
1.145000 206.405383 
1.110000 206.405383 
1.075000 206.405383 
1.040000 204.506098 
1.005000 196.908960 
0.970000 196.908960 
0.935000 193.110390 
0.900000 191.211106 
0.865000 187.412536 
0.830000 181.714682 
0.795000 185.513252 
0.760000 187.412536 
0.725000 179.815398 
0.690000 170.318974 
0.655000 177.916113 
0.620000 170.318974 
0.585000 168.419690 
0.550000 160.822551 
0.515000 160.822551 
0.480000 160.822551 
0.445000 166.520405 
0.410000 153.225412 
0.375000 145.628274 
0.340000 143.728989 
0.305000 141.829705 
0.270000 130.433997 
0.235000 132.333281 
0.200000 124.736143 
0.165000 122.836858 
0.130000 111.441150 
0.095000 107.642581 
0.060000 105.743296 
0.025000 103.844011 
-0.010000 100.045442 
-0.045000 94.347588 
-0.080000 88.649734 
-0.115000 96.246873 
-0.150000 77.254026 
-0.185000 71.556172 
-0.220000 71.556172 
-0.255000 12.678347 
-0.290000 -8.213784 
-0.325000 -13.911638 
-0.360000 -19.609492 
-0.395000 -27.206631 
-0.430000 -29.105915 
-0.465000 -21.508777 
-0.500000 -38.602339 
-0.535000 -34.803769 
-0.570000 -40.501623 
-0.605000 -48.098762 
-0.640000 -44.300193 
-0.675000 -48.098762 
-0.710000 -49.998047 
-0.745000 -53.796616 
-0.780000 -55.695901 
-0.815000 -55.695901 
-0.850000 -55.695901 
-0.885000 -57.595185 
-0.920000 -67.091609 
-0.955000 -74.688747 
-0.990000 -68.990893 
-1.025000 -78.487316 
-1.060000 -87.983740 
-1.095000 -82.285886 
-1.130000 -82.285886 
-1.165000 -89.883024 
-1.200000 -89.883024 
-1.235000 -97.480163 
-1.270000 -91.782309 
-1.305000 -93.681594 
-1.340000 -112.674440 
-1.375000 -110.775156 
-1.410000 -110.775156 
-1.445000 -112.674440 
-1.480000 -124.070148 
-1.515000 -114.573725 
-1.550000 -116.473010 
-1.585000 -124.070148 
-1.620000 -131.667287 
-1.655000 -122.170864 
-1.690000 -122.170864 
-1.725000 -139.264426 
-1.760000 -141.163710 
-1.795000 -143.062995 
-1.830000 -148.760849 
-1.865000 -163.955126 
-1.900000 -163.955126 
-1.935000 -156.357988 
-1.970000 -173.451550 
-2.005000 -177.250119 
-2.040000 -169.652980 
-2.075000 -173.451550 
-2.110000 -182.947973 
-2.145000 -194.343681 
-2.180000 -192.444396 
-2.215000 -184.847258 
-2.250000 -196.242966 
-2.285000 -190.545112 
-2.320000 -201.940820 
-2.355000 -215.235812 
-2.390000 -203.840104 
-2.425000 -207.638674 
-2.460000 -213.336528 
-2.495000 -213.336528 
-2.470000 -222.832951 
-2.435000 -234.228659 
-2.400000 -230.430090 
-2.365000 -230.430090 
-2.330000 -238.027228 
-2.295000 -234.228659 
-2.260000 -238.027228 
-2.225000 -234.228659 
-2.190000 -241.825798 
-2.155000 -243.725082 
-2.120000 -249.422936 
-2.085000 -249.422936 
-2.050000 -230.430090 
-2.015000 -245.624367 
-1.980000 -239.926513 
-1.945000 -234.228659 
-1.910000 -239.926513 
-1.875000 -234.228659 
-1.840000 -234.228659 
-1.805000 -234.228659 
-1.770000 -232.329374 
-1.735000 -238.027228 
-1.700000 -226.631520 
-1.665000 -228.530805 
-1.630000 -230.430090 
-1.595000 -220.933666 
-1.560000 -230.430090 
-1.525000 -215.235812 
-1.490000 -211.437243 
-1.455000 -220.933666 
-1.420000 -201.940820 
-1.385000 -203.840104 
-1.350000 -211.437243 
-1.315000 -198.142250 
-1.280000 -200.041535 
-1.245000 -200.041535 
-1.210000 -203.840104 
-1.175000 -190.545112 
-1.140000 -203.840104 
-1.105000 -201.940820 
-1.070000 -200.041535 
-1.035000 -190.545112 
-1.000000 -188.645827 
-0.965000 -182.947973 
-0.930000 -188.645827 
-0.895000 -175.350834 
-0.860000 -181.048688 
-0.825000 -179.149404 
-0.790000 -163.955126 
-0.755000 -163.955126 
-0.720000 -171.552265 
-0.685000 -154.458703 
-0.650000 -156.357988 
-0.615000 -150.660134 
-0.580000 -158.257272 
-0.545000 -139.264426 
-0.510000 -141.163710 
-0.475000 -137.365141 
-0.440000 -127.868718 
-0.405000 -127.868718 
-0.370000 -129.768002 
-0.335000 -110.775156 
-0.300000 -108.875871 
-0.265000 -112.674440 
-0.230000 -112.674440 
-0.195000 -106.976586 
-0.160000 -103.178017 
-0.125000 -95.580878 
-0.090000 -95.580878 
-0.055000 -95.580878 
-0.020000 -93.681594 
0.015000 -72.789462 
0.050000 -72.789462 
0.085000 -65.192324 
0.120000 -44.300193 
0.155000 -32.904485 
0.190000 -17.710207 
0.225000 -6.314499 
0.260000 -0.616645 
0.295000 1.282639 
0.330000 8.879778 
0.365000 1.282639 
0.400000 -0.616645 
0.435000 3.181924 
0.470000 3.181924 
0.505000 8.879778 
0.540000 20.275486 
0.575000 33.570479 
0.610000 27.872625 
0.645000 41.167617 
0.680000 44.966187 
0.715000 46.865471 
0.750000 52.563325 
0.785000 58.261179 
0.820000 62.059749 
0.855000 67.757603 
0.890000 63.959033 
0.925000 58.261179 
0.960000 77.254026 
0.995000 77.254026 
1.030000 67.757603 
1.065000 84.851165 
1.100000 79.153311 
1.135000 75.354741 
1.170000 84.851165 
1.205000 88.649734 
1.240000 98.146157 
1.275000 103.844011 
1.310000 105.743296 
1.345000 107.642581 
1.380000 109.541865 
1.415000 119.038289 
1.450000 124.736143 
1.485000 105.743296 
1.520000 128.534712 
1.555000 120.937573 
1.590000 130.433997 
1.625000 134.232566 
1.660000 139.930420 
1.695000 145.628274 
1.730000 141.829705 
1.765000 145.628274 
1.800000 149.426843 
1.835000 149.426843 
1.870000 164.621120 
1.905000 164.621120 
1.940000 170.318974 
1.975000 176.016828 
2.010000 177.916113 
2.045000 179.815398 
2.080000 181.714682 
2.115000 185.513252 
2.150000 193.110390 
2.185000 183.613967 
2.220000 189.311821 
2.255000 195.009675 
2.290000 198.808244 
2.325000 196.908960 
2.360000 221.599660 
2.395000 215.901806 
2.430000 212.103237 
2.465000 225.398230 
2.500000 223.498945 
2.465000 225.398230 
2.430000 238.693222 
2.395000 240.592507 
2.360000 246.290361 
2.325000 242.491792 
2.290000 244.391076 
2.255000 257.686069 
2.220000 248.189646 
2.185000 248.189646 
2.150000 248.189646 
2.115000 246.290361 
2.080000 257.686069 
2.045000 244.391076 
2.010000 257.686069 
1.975000 251.988215 
1.940000 240.592507 
1.905000 250.088930 
1.870000 244.391076 
1.835000 251.988215 
1.800000 240.592507 
1.765000 244.391076 
1.730000 250.088930 
1.695000 242.491792 
1.660000 244.391076 
1.625000 240.592507 
1.590000 234.894653 
1.555000 242.491792 
1.520000 234.894653 
1.485000 227.297514 
1.450000 244.391076 
1.415000 227.297514 
1.380000 225.398230 
1.345000 221.599660 
1.310000 221.599660 
1.275000 212.103237 
1.240000 212.103237 
1.205000 215.901806 
1.170000 206.405383 
1.135000 206.405383 
1.100000 210.203952 
1.065000 202.606814 
1.030000 202.606814 
0.995000 200.707529 
0.960000 195.009675 
0.925000 198.808244 
0.890000 185.513252 
0.855000 181.714682 
0.820000 179.815398 
0.785000 177.916113 
0.750000 181.714682 
0.715000 164.621120 
0.680000 174.117544 
0.645000 172.218259 
0.610000 155.124697 
0.575000 157.023982 
0.540000 153.225412 
0.505000 149.426843 
0.470000 139.930420 
0.435000 138.031135 
0.400000 134.232566 
0.365000 130.433997 
0.330000 130.433997 
0.295000 126.635427 
0.260000 119.038289 
0.225000 115.239719 
0.190000 115.239719 
0.155000 107.642581 
0.120000 100.045442 
0.085000 105.743296 
0.050000 94.347588 
0.015000 92.448303 
-0.020000 86.750449 
-0.055000 77.254026 
-0.090000 75.354741 
-0.125000 75.354741 
-0.160000 69.656887 
-0.195000 52.563325 
-0.230000 46.865471 
-0.265000 16.476917 
-0.300000 -13.911638 
-0.335000 -12.012353 
-0.370000 -23.408061 
-0.405000 -31.005200 
-0.440000 -32.904485 
-0.475000 -36.703054 
-0.510000 -32.904485 
-0.545000 -31.005200 
-0.580000 -36.703054 
-0.615000 -44.300193 
-0.650000 -36.703054 
-0.685000 -46.199477 
-0.720000 -51.897331 
-0.755000 -48.098762 
-0.790000 -38.602339 
-0.825000 -55.695901 
-0.860000 -53.796616 
-0.895000 -51.897331 
-0.930000 -65.192324 
-0.965000 -72.789462 
-1.000000 -74.688747 
-1.035000 -82.285886 
-1.070000 -87.983740 
-1.105000 -87.983740 
-1.140000 -93.681594 
-1.175000 -99.379448 
-1.210000 -95.580878 
-1.245000 -93.681594 
-1.280000 -95.580878 
-1.315000 -99.379448 
-1.350000 -108.875871 
-1.385000 -114.573725 
-1.420000 -120.271579 
-1.455000 -127.868718 
-1.490000 -133.566572 
-1.525000 -127.868718 
-1.560000 -133.566572 
-1.595000 -143.062995 
-1.630000 -139.264426 
-1.665000 -146.861564 
-1.700000 -150.660134 
-1.735000 -144.962280 
-1.770000 -148.760849 
-1.805000 -150.660134 
-1.840000 -152.559418 
-1.875000 -158.257272 
-1.910000 -173.451550 
-1.945000 -167.753696 
-1.980000 -167.753696 
-2.015000 -179.149404 
-2.050000 -182.947973 
-2.085000 -175.350834 
-2.120000 -190.545112 
-2.155000 -192.444396 
-2.190000 -190.545112 
-2.225000 -196.242966 
-2.260000 -203.840104 
-2.295000 -203.840104 
-2.330000 -198.142250 
-2.365000 -220.933666 
-2.400000 -205.739389 
-2.435000 -213.336528 
-2.470000 -226.631520 
-2.495000 -226.631520 
-2.460000 -217.135097 
-2.425000 -226.631520 
-2.390000 -230.430090 
-2.355000 -236.127944 
-2.320000 -243.725082 
-2.285000 -239.926513 
-2.250000 -241.825798 
-2.215000 -243.725082 
-2.180000 -245.624367 
-2.145000 -251.322221 
-2.110000 -247.523652 
-2.075000 -249.422936 
-2.040000 -247.523652 
-2.005000 -253.221506 
-1.970000 -245.624367 
-1.935000 -228.530805 
-1.900000 -239.926513 
-1.865000 -238.027228 
-1.830000 -234.228659 
-1.795000 -230.430090 
-1.760000 -234.228659 
-1.725000 -230.430090 
-1.690000 -224.732236 
-1.655000 -224.732236 
-1.620000 -222.832951 
-1.585000 -215.235812 
-1.550000 -230.430090 
-1.515000 -215.235812 
-1.480000 -207.638674 
-1.445000 -220.933666 
-1.410000 -209.537958 
-1.375000 -211.437243 
-1.340000 -207.638674 
-1.305000 -196.242966 
-1.270000 -188.645827 
-1.235000 -198.142250 
-1.200000 -194.343681 
-1.165000 -192.444396 
-1.130000 -182.947973 
-1.095000 -190.545112 
-1.060000 -182.947973 
-1.025000 -181.048688 
-0.990000 -196.242966 
-0.955000 -181.048688 
-0.920000 -188.645827 
-0.885000 -177.250119 
-0.850000 -169.652980 
-0.815000 -167.753696 
-0.780000 -175.350834 
-0.745000 -162.055842 
-0.710000 -163.955126 
-0.675000 -194.343681 
-0.640000 -158.257272 
-0.605000 -152.559418 
-0.570000 -152.559418 
-0.535000 -148.760849 
-0.500000 -144.962280 
-0.465000 -135.465856 
-0.430000 -133.566572 
-0.395000 -137.365141 
-0.360000 -120.271579 
-0.325000 -135.465856 
-0.290000 -122.170864 
-0.255000 -112.674440 
-0.220000 -99.379448 
-0.185000 -103.178017 
-0.150000 -105.077302 
-0.115000 -120.271579 
-0.080000 -89.883024 
-0.045000 -86.084455 
-0.010000 -112.674440 
0.025000 -72.789462 
0.060000 -68.990893 
0.095000 -61.393755 
0.130000 -49.998047 
0.165000 -31.005200 
0.200000 -13.911638 
0.235000 -12.012353 
0.270000 6.980493 
0.305000 8.879778 
0.340000 -2.515930 
0.375000 -0.616645 
0.410000 6.980493 
0.445000 8.879778 
0.480000 5.081209 
0.515000 33.570479 
0.550000 31.671194 
0.585000 29.771909 
0.620000 39.268333 
0.655000 44.966187 
0.690000 50.664041 
0.725000 50.664041 
0.760000 60.160464 
0.795000 62.059749 
0.830000 58.261179 
0.865000 69.656887 
0.900000 69.656887 
0.935000 67.757603 
0.970000 75.354741 
1.005000 69.656887 
1.040000 75.354741 
1.075000 82.951880 
1.110000 50.664041 
1.145000 86.750449 
1.180000 92.448303 
1.215000 88.649734 
1.250000 100.045442 
1.285000 98.146157 
1.320000 109.541865 
1.355000 109.541865 
1.390000 113.340435 
1.425000 126.635427 
1.460000 122.836858 
1.495000 132.333281 
1.530000 130.433997 
1.565000 130.433997 
1.600000 136.131851 
1.635000 138.031135 
1.670000 101.944727 
1.705000 145.628274 
1.740000 145.628274 
1.775000 145.628274 
1.810000 155.124697 
1.845000 160.822551 
1.880000 162.721836 
1.915000 168.419690 
1.950000 168.419690 
1.985000 179.815398 
2.020000 172.218259 
2.055000 181.714682 
2.090000 174.117544 
2.125000 189.311821 
2.160000 189.311821 
2.195000 187.412536 
2.230000 202.606814 
2.265000 204.506098 
2.300000 191.211106 
2.335000 208.304668 
2.370000 210.203952 
2.405000 212.103237 
2.440000 229.196799 
2.475000 231.096084 
2.490000 232.995368 
2.455000 242.491792 
2.420000 234.894653 
2.385000 248.189646 
2.350000 246.290361 
2.315000 246.290361 
2.280000 251.988215 
2.245000 236.793938 
2.210000 261.484638 
2.175000 255.786784 
2.140000 236.793938 
2.105000 251.988215 
2.070000 244.391076 
2.035000 250.088930 
2.000000 253.887500 
1.965000 257.686069 
1.930000 255.786784 
1.895000 246.290361 
1.860000 251.988215 
1.825000 251.988215 
1.790000 244.391076 
1.755000 244.391076 
1.720000 234.894653 
1.685000 236.793938 
1.650000 242.491792 
1.615000 238.693222 
1.580000 227.297514 
1.545000 250.088930 
1.510000 242.491792 
1.475000 234.894653 
1.440000 225.398230 
1.405000 225.398230 
1.370000 227.297514 
1.335000 221.599660 
1.300000 219.700376 
1.265000 215.901806 
1.230000 214.002522 
1.195000 212.103237 
1.160000 214.002522 
1.125000 210.203952 
1.090000 202.606814 
1.055000 202.606814 
1.020000 196.908960 
0.985000 195.009675 
0.950000 189.311821 
0.915000 185.513252 
0.880000 185.513252 
0.845000 198.808244 
0.810000 187.412536 
0.775000 179.815398 
0.740000 187.412536 
0.705000 179.815398 
0.670000 160.822551 
0.635000 160.822551 
0.600000 166.520405 
0.565000 153.225412 
0.530000 143.728989 
0.495000 139.930420 
0.460000 134.232566 
0.425000 136.131851 
0.390000 136.131851 
0.355000 130.433997 
0.320000 120.937573 
0.285000 120.937573 
0.250000 126.635427 
0.215000 115.239719 
0.180000 107.642581 
0.145000 101.944727 
0.110000 100.045442 
0.075000 105.743296 
0.040000 98.146157 
0.005000 88.649734 
-0.030000 86.750449 
-0.065000 79.153311 
-0.100000 71.556172 
-0.135000 71.556172 
-0.170000 62.059749 
-0.205000 46.865471 
-0.240000 46.865471 
-0.275000 24.074055 
-0.310000 -15.810923 
-0.345000 -15.810923 
-0.380000 -17.710207 
-0.415000 -32.904485 
-0.450000 -40.501623 
-0.485000 -32.904485 
-0.520000 -38.602339 
-0.555000 -42.400908 
-0.590000 -40.501623 
-0.625000 -51.897331 
-0.660000 -46.199477 
-0.695000 -40.501623 
-0.730000 -48.098762 
-0.765000 -48.098762 
-0.800000 -49.998047 
-0.835000 -51.897331 
-0.870000 -70.890178 
-0.905000 -59.494470 
-0.940000 -65.192324 
-0.975000 -82.285886 
-1.010000 -82.285886 
-1.045000 -78.487316 
-1.080000 -86.084455 
-1.115000 -91.782309 
-1.150000 -101.278732 
-1.185000 -95.580878 
-1.220000 -103.178017 
-1.255000 -101.278732 
-1.290000 -99.379448 
-1.325000 -114.573725 
-1.360000 -112.674440 
-1.395000 -120.271579 
-1.430000 -131.667287 
-1.465000 -125.969433 
-1.500000 -127.868718 
-1.535000 -125.969433 
-1.570000 -135.465856 
-1.605000 -131.667287 
-1.640000 -143.062995 
-1.675000 -144.962280 
-1.710000 -154.458703 
-1.745000 -150.660134 
-1.780000 -150.660134 
-1.815000 -152.559418 
-1.850000 -158.257272 
-1.885000 -167.753696 
-1.920000 -171.552265 
-1.955000 -167.753696 
-1.990000 -177.250119 
-2.025000 -173.451550 
-2.060000 -181.048688 
-2.095000 -184.847258 
-2.130000 -188.645827 
-2.165000 -184.847258 
-2.200000 -194.343681 
-2.235000 -196.242966 
-2.270000 -196.242966 
-2.305000 -211.437243 
-2.340000 -203.840104 
-2.375000 -234.228659 
-2.410000 -217.135097 
-2.445000 -213.336528 
-2.480000 -224.732236 
-2.485000 -228.530805 
-2.450000 -228.530805 
-2.415000 -236.127944 
-2.380000 -232.329374 
-2.345000 -234.228659 
-2.310000 -234.228659 
-2.275000 -236.127944 
-2.240000 -247.523652 
-2.205000 -241.825798 
-2.170000 -241.825798 
-2.135000 -234.228659 
-2.100000 -245.624367 
-2.065000 -247.523652 
-2.030000 -245.624367 
-1.995000 -245.624367 
-1.960000 -243.725082 
-1.925000 -243.725082 
-1.890000 -245.624367 
-1.855000 -236.127944 
-1.820000 -234.228659 
-1.785000 -234.228659 
-1.750000 -230.430090 
-1.715000 -238.027228 
-1.680000 -219.034382 
-1.645000 -220.933666 
-1.610000 -226.631520 
-1.575000 -220.933666 
-1.540000 -220.933666 
-1.505000 -226.631520 
-1.470000 -205.739389 
-1.435000 -215.235812 
-1.400000 -211.437243 
-1.365000 -196.242966 
-1.330000 -203.840104 
-1.295000 -200.041535 
-1.260000 -190.545112 
-1.225000 -201.940820 
-1.190000 -190.545112 
-1.155000 -179.149404 
-1.120000 -186.746542 
-1.085000 -186.746542 
-1.050000 -175.350834 
-1.015000 -177.250119 
-0.980000 -175.350834 
-0.945000 -175.350834 
-0.910000 -167.753696 
-0.875000 -184.847258 
-0.840000 -175.350834 
-0.805000 -165.854411 
-0.770000 -188.645827 
-0.735000 -163.955126 
-0.700000 -160.156557 
-0.665000 -154.458703 
-0.630000 -148.760849 
-0.595000 -148.760849 
-0.560000 -150.660134 
-0.525000 -141.163710 
-0.490000 -143.062995 
-0.455000 -144.962280 
-0.420000 -127.868718 
-0.385000 -122.170864 
-0.350000 -135.465856 
-0.315000 -120.271579 
-0.280000 -112.674440 
-0.245000 -108.875871 
-0.210000 -103.178017 
-0.175000 -105.077302 
-0.140000 -97.480163 
-0.105000 -99.379448 
-0.070000 -89.883024 
-0.035000 -89.883024 
