0.000000 -82.285886 
0.075000 -74.688747 
0.150000 -63.293039 
0.225000 -51.897331 
0.300000 -42.400908 
0.375000 -29.105915 
0.450000 -15.810923 
0.525000 -6.314499 
0.600000 5.081209 
0.675000 -2.515930 
0.750000 1.282639 
0.825000 16.476917 
0.900000 27.872625 
0.975000 44.966187 
1.050000 48.764756 
1.125000 58.261179 
1.200000 62.059749 
1.275000 69.656887 
1.350000 79.153311 
1.425000 81.052595 
1.500000 94.347588 
1.575000 98.146157 
1.650000 105.743296 
1.725000 119.038289 
1.800000 75.354741 
1.875000 122.836858 
1.950000 138.031135 
2.025000 139.930420 
2.100000 143.728989 
2.175000 153.225412 
2.250000 160.822551 
2.325000 176.016828 
2.400000 176.016828 
2.475000 179.815398 
2.450000 196.908960 
2.375000 208.304668 
2.300000 196.908960 
2.225000 206.405383 
2.150000 221.599660 
2.075000 206.405383 
2.000000 227.297514 
1.925000 210.203952 
1.850000 214.002522 
1.775000 221.599660 
1.700000 214.002522 
1.625000 214.002522 
1.550000 221.599660 
1.475000 214.002522 
1.400000 206.405383 
1.325000 198.808244 
1.250000 206.405383 
1.175000 212.103237 
1.100000 187.412536 
1.025000 196.908960 
0.950000 196.908960 
0.875000 185.513252 
0.800000 179.815398 
0.725000 183.613967 
0.650000 185.513252 
0.575000 172.218259 
0.500000 170.318974 
0.425000 166.520405 
0.350000 162.721836 
0.275000 155.124697 
0.200000 155.124697 
0.125000 147.527558 
0.050000 145.628274 
-0.025000 139.930420 
-0.100000 134.232566 
-0.175000 126.635427 
-0.250000 119.038289 
-0.325000 111.441150 
-0.400000 82.951880 
-0.475000 29.771909 
-0.550000 -2.515930 
-0.625000 -12.012353 
-0.700000 -21.508777 
-0.775000 -44.300193 
-0.850000 -42.400908 
-0.925000 -44.300193 
-1.000000 -57.595185 
-1.075000 -51.897331 
-1.150000 -55.695901 
-1.225000 -74.688747 
-1.300000 -74.688747 
-1.375000 -74.688747 
-1.450000 -122.170864 
-1.525000 -93.681594 
-1.600000 -93.681594 
-1.675000 -108.875871 
-1.750000 -110.775156 
-1.825000 -124.070148 
-1.900000 -127.868718 
-1.975000 -137.365141 
-2.050000 -152.559418 
-2.125000 -150.660134 
-2.200000 -154.458703 
-2.275000 -169.652980 
-2.350000 -165.854411 
-2.425000 -165.854411 
-2.500000 -175.350834 
-2.425000 -175.350834 
-2.350000 -184.847258 
-2.275000 -188.645827 
-2.200000 -211.437243 
-2.125000 -205.739389 
-2.050000 -196.242966 
-1.975000 -215.235812 
-1.900000 -220.933666 
-1.825000 -220.933666 
-1.750000 -219.034382 
-1.675000 -211.437243 
-1.600000 -203.840104 
-1.525000 -215.235812 
-1.450000 -209.537958 
-1.375000 -198.142250 
-1.300000 -207.638674 
-1.225000 -198.142250 
-1.150000 -186.746542 
-1.075000 -198.142250 
-1.000000 -190.545112 
-0.925000 -173.451550 
-0.850000 -175.350834 
-0.775000 -169.652980 
-0.700000 -173.451550 
-0.625000 -181.048688 
-0.550000 -171.552265 
-0.475000 -162.055842 
-0.400000 -156.357988 
-0.325000 -143.062995 
-0.250000 -148.760849 
-0.175000 -139.264426 
-0.100000 -135.465856 
-0.025000 -127.868718 
0.050000 -124.070148 
0.125000 -114.573725 
0.200000 -95.580878 
0.275000 -91.782309 
0.350000 -76.588032 
0.425000 -68.990893 
0.500000 -46.199477 
0.575000 -27.206631 
0.650000 10.779063 
0.725000 14.577632 
0.800000 37.369048 
0.875000 33.570479 
0.950000 35.469763 
1.025000 60.160464 
1.100000 58.261179 
1.175000 58.261179 
1.250000 75.354741 
1.325000 81.052595 
1.400000 82.951880 
1.475000 79.153311 
1.550000 98.146157 
1.625000 98.146157 
1.700000 107.642581 
1.775000 128.534712 
1.850000 122.836858 
1.925000 126.635427 
2.000000 141.829705 
2.075000 139.930420 
2.150000 158.923266 
2.225000 162.721836 
2.300000 168.419690 
2.375000 181.714682 
2.450000 189.311821 
2.475000 196.908960 
2.400000 196.908960 
2.325000 210.203952 
2.250000 212.103237 
2.175000 206.405383 
2.100000 229.196799 
2.025000 208.304668 
1.950000 206.405383 
1.875000 217.801091 
1.800000 215.901806 
1.725000 221.599660 
1.650000 227.297514 
1.575000 215.901806 
1.500000 215.901806 
1.425000 221.599660 
1.350000 214.002522 
1.275000 214.002522 
1.200000 204.506098 
1.125000 200.707529 
1.050000 196.908960 
0.975000 191.211106 
0.900000 187.412536 
0.825000 183.613967 
0.750000 185.513252 
0.675000 176.016828 
0.600000 170.318974 
0.525000 172.218259 
0.450000 168.419690 
0.375000 158.923266 
0.300000 157.023982 
0.225000 157.023982 
0.150000 151.326128 
0.075000 143.728989 
-0.000000 143.728989 
-0.075000 138.031135 
-0.150000 128.534712 
-0.225000 120.937573 
-0.300000 115.239719 
-0.375000 90.549019 
-0.450000 35.469763 
-0.525000 22.174771 
-0.600000 -12.012353 
-0.675000 -25.307346 
-0.750000 -29.105915 
-0.825000 -32.904485 
-0.900000 -53.796616 
-0.975000 -48.098762 
-1.050000 -44.300193 
-1.125000 -65.192324 
-1.200000 -55.695901 
-1.275000 -61.393755 
-1.350000 -82.285886 
-1.425000 -84.185170 
-1.500000 -93.681594 
-1.575000 -93.681594 
-1.650000 -97.480163 
-1.725000 -114.573725 
-1.800000 -122.170864 
-1.875000 -124.070148 
-1.950000 -137.365141 
-2.025000 -139.264426 
-2.100000 -146.861564 
-2.175000 -160.156557 
-2.250000 -162.055842 
-2.325000 -165.854411 
-2.400000 -179.149404 
-2.475000 -175.350834 
-2.450000 -186.746542 
-2.375000 -184.847258 
-2.300000 -190.545112 
-2.225000 -198.142250 
-2.150000 -201.940820 
-2.075000 -213.336528 
-2.000000 -205.739389 
-1.925000 -211.437243 
-1.850000 -217.135097 
-1.775000 -213.336528 
-1.700000 -219.034382 
-1.625000 -215.235812 
-1.550000 -211.437243 
-1.475000 -203.840104 
-1.400000 -209.537958 
-1.325000 -196.242966 
-1.250000 -201.940820 
-1.175000 -194.343681 
-1.100000 -196.242966 
-1.025000 -200.041535 
-0.950000 -194.343681 
-0.875000 -173.451550 
-0.800000 -179.149404 
-0.725000 -169.652980 
-0.650000 -173.451550 
-0.575000 -173.451550 
-0.500000 -171.552265 
-0.425000 -158.257272 
-0.350000 -175.350834 
-0.275000 -150.660134 
-0.200000 -144.962280 
-0.125000 -143.062995 
-0.050000 -129.768002 
0.025000 -120.271579 
0.100000 -116.473010 
0.175000 -114.573725 
0.250000 -91.782309 
0.325000 -86.084455 
0.400000 -65.192324 
0.475000 -57.595185 
0.550000 -42.400908 
0.625000 -25.307346 
0.700000 16.476917 
0.775000 18.376201 
0.850000 27.872625 
0.925000 39.268333 
1.000000 43.066902 
1.075000 48.764756 
1.150000 60.160464 
1.225000 69.656887 
1.300000 73.455457 
1.375000 75.354741 
1.450000 73.455457 
1.525000 82.951880 
1.600000 92.448303 
1.675000 107.642581 
1.750000 107.642581 
1.825000 119.038289 
1.900000 130.433997 
1.975000 122.836858 
2.050000 139.930420 
2.125000 153.225412 
2.200000 155.124697 
2.275000 162.721836 
2.350000 166.520405 
2.425000 181.714682 
2.500000 193.110390 
2.425000 185.513252 
2.350000 208.304668 
2.275000 200.707529 
2.200000 206.405383 
2.125000 225.398230 
2.050000 212.103237 
1.975000 210.203952 
1.900000 214.002522 
1.825000 221.599660 
1.750000 221.599660 
1.675000 225.398230 
1.600000 215.901806 
1.525000 217.801091 
1.450000 219.700376 
1.375000 214.002522 
1.300000 214.002522 
1.225000 204.506098 
1.150000 196.908960 
1.075000 202.606814 
1.000000 195.009675 
0.925000 191.211106 
0.850000 183.613967 
0.775000 185.513252 
0.700000 177.916113 
0.625000 176.016828 
0.550000 166.520405 
0.475000 162.721836 
0.400000 157.023982 
0.325000 151.326128 
0.250000 153.225412 
0.175000 143.728989 
0.100000 138.031135 
0.025000 138.031135 
-0.050000 134.232566 
-0.125000 128.534712 
-0.200000 128.534712 
-0.275000 115.239719 
-0.350000 111.441150 
-0.425000 82.951880 
-0.500000 22.174771 
-0.575000 1.282639 
-0.650000 -15.810923 
-0.725000 -21.508777 
-0.800000 -38.602339 
-0.875000 -51.897331 
-0.950000 -51.897331 
-1.025000 -59.494470 
-1.100000 -55.695901 
-1.175000 -51.897331 
-1.250000 -67.091609 
-1.325000 -70.890178 
-1.400000 -80.386601 
-1.475000 -95.580878 
-1.550000 -99.379448 
-1.625000 -103.178017 
-1.700000 -118.372294 
-1.775000 -106.976586 
-1.850000 -127.868718 
-1.925000 -137.365141 
-2.000000 -135.465856 
-2.075000 -144.962280 
-2.150000 -144.962280 
-2.225000 -160.156557 
-2.300000 -167.753696 
-2.375000 -165.854411 
-2.450000 -181.048688 
-2.475000 -177.250119 
-2.400000 -182.947973 
-2.325000 -211.437243 
-2.250000 -190.545112 
-2.175000 -200.041535 
-2.100000 -211.437243 
-2.025000 -215.235812 
-1.950000 -211.437243 
-1.875000 -219.034382 
-1.800000 -217.135097 
-1.725000 -211.437243 
-1.650000 -232.329374 
-1.575000 -211.437243 
-1.500000 -196.242966 
-1.425000 -203.840104 
-1.350000 -213.336528 
-1.275000 -198.142250 
-1.200000 -201.940820 
-1.125000 -201.940820 
-1.050000 -182.947973 
-0.975000 -200.041535 
-0.900000 -194.343681 
-0.825000 -181.048688 
-0.750000 -171.552265 
-0.675000 -171.552265 
-0.600000 -167.753696 
-0.525000 -163.955126 
-0.450000 -167.753696 
-0.375000 -162.055842 
-0.300000 -154.458703 
-0.225000 -144.962280 
-0.150000 -143.062995 
-0.075000 -135.465856 
0.000000 -127.868718 
0.075000 -118.372294 
0.150000 -108.875871 
0.225000 -99.379448 
0.300000 -82.285886 
0.375000 -68.990893 
0.450000 -48.098762 
0.525000 -38.602339 
0.600000 -17.710207 
0.675000 6.980493 
0.750000 10.779063 
0.825000 25.973340 
0.900000 31.671194 
0.975000 43.066902 
1.050000 44.966187 
1.125000 58.261179 
1.200000 33.570479 
1.275000 73.455457 
1.350000 69.656887 
1.425000 77.254026 
1.500000 88.649734 
1.575000 94.347588 
1.650000 100.045442 
1.725000 107.642581 
1.800000 117.139004 
1.875000 115.239719 
1.950000 138.031135 
2.025000 147.527558 
2.100000 149.426843 
2.175000 138.031135 
2.250000 166.520405 
2.325000 168.419690 
2.400000 181.714682 
2.475000 181.714682 
2.450000 185.513252 
2.375000 198.808244 
2.300000 200.707529 
2.225000 215.901806 
2.150000 210.203952 
2.075000 210.203952 
2.000000 214.002522 
1.925000 217.801091 
1.850000 212.103237 
1.775000 219.700376 
1.700000 215.901806 
1.625000 215.901806 
1.550000 221.599660 
1.475000 212.103237 
1.400000 212.103237 
1.325000 221.599660 
1.250000 206.405383 
1.175000 196.908960 
1.100000 193.110390 
1.025000 195.009675 
0.950000 195.009675 
0.875000 187.412536 
0.800000 187.412536 
0.725000 179.815398 
0.650000 174.117544 
0.575000 176.016828 
0.500000 176.016828 
0.425000 164.621120 
0.350000 158.923266 
0.275000 160.822551 
0.200000 145.628274 
0.125000 141.829705 
0.050000 147.527558 
-0.025000 139.930420 
-0.100000 130.433997 
-0.175000 126.635427 
-0.250000 107.642581 
-0.325000 111.441150 
-0.400000 79.153311 
-0.475000 22.174771 
-0.550000 -2.515930 
-0.625000 -15.810923 
-0.700000 -29.105915 
-0.775000 -40.501623 
-0.850000 -48.098762 
-0.925000 -89.883024 
-1.000000 -46.199477 
-1.075000 -48.098762 
-1.150000 -53.796616 
-1.225000 -59.494470 
-1.300000 -78.487316 
-1.375000 -80.386601 
-1.450000 -91.782309 
-1.525000 -86.084455 
-1.600000 -101.278732 
-1.675000 -105.077302 
-1.750000 -108.875871 
-1.825000 -129.768002 
-1.900000 -133.566572 
-1.975000 -137.365141 
-2.050000 -146.861564 
-2.125000 -150.660134 
-2.200000 -156.357988 
-2.275000 -162.055842 
-2.350000 -169.652980 
-2.425000 -171.552265 
-2.500000 -182.947973 
-2.425000 -188.645827 
-2.350000 -190.545112 
-2.275000 -200.041535 
-2.200000 -203.840104 
-2.125000 -219.034382 
-2.050000 -211.437243 
-1.975000 -219.034382 
-1.900000 -211.437243 
-1.825000 -215.235812 
-1.750000 -220.933666 
-1.675000 -207.638674 
-1.600000 -213.336528 
-1.525000 -215.235812 
-1.450000 -200.041535 
-1.375000 -203.840104 
-1.300000 -215.235812 
-1.225000 -217.135097 
-1.150000 -200.041535 
-1.075000 -200.041535 
-1.000000 -184.847258 
-0.925000 -188.645827 
-0.850000 -194.343681 
-0.775000 -177.250119 
-0.700000 -165.854411 
-0.625000 -175.350834 
-0.550000 -163.955126 
-0.475000 -162.055842 
-0.400000 -156.357988 
-0.325000 -160.156557 
-0.250000 -146.861564 
-0.175000 -143.062995 
-0.100000 -137.365141 
-0.025000 -127.868718 
0.050000 -127.868718 
0.125000 -122.170864 
0.200000 -112.674440 
0.275000 -97.480163 
0.350000 -78.487316 
0.425000 -72.789462 
0.500000 -49.998047 
0.575000 -13.911638 
0.650000 1.282639 
0.725000 20.275486 
0.800000 25.973340 
0.875000 35.469763 
0.950000 41.167617 
1.025000 54.462610 
1.100000 41.167617 
1.175000 63.959033 
1.250000 73.455457 
1.325000 75.354741 
1.400000 82.951880 
1.475000 92.448303 
1.550000 100.045442 
1.625000 98.146157 
1.700000 100.045442 
1.775000 107.642581 
1.850000 122.836858 
1.925000 132.333281 
2.000000 134.232566 
2.075000 147.527558 
2.150000 141.829705 
2.225000 160.822551 
2.300000 170.318974 
2.375000 185.513252 
2.450000 174.117544 
2.475000 196.908960 
2.400000 191.211106 
2.325000 195.009675 
2.250000 225.398230 
2.175000 204.506098 
2.100000 206.405383 
2.025000 215.901806 
1.950000 214.002522 
1.875000 214.002522 
1.800000 217.801091 
1.725000 219.700376 
1.650000 214.002522 
1.575000 217.801091 
1.500000 215.901806 
1.425000 219.700376 
1.350000 212.103237 
1.275000 200.707529 
1.200000 196.908960 
1.125000 204.506098 
1.050000 193.110390 
0.975000 195.009675 
0.900000 183.613967 
0.825000 198.808244 
0.750000 185.513252 
0.675000 181.714682 
0.600000 172.218259 
0.525000 174.117544 
0.450000 168.419690 
0.375000 166.520405 
0.300000 158.923266 
0.225000 155.124697 
0.150000 155.124697 
0.075000 139.930420 
-0.000000 141.829705 
-0.075000 136.131851 
-0.150000 126.635427 
-0.225000 130.433997 
-0.300000 111.441150 
-0.375000 86.750449 
-0.450000 39.268333 
-0.525000 3.181924 
-0.600000 -15.810923 
-0.675000 -13.911638 
-0.750000 -38.602339 
-0.825000 -48.098762 
-0.900000 -49.998047 
-0.975000 -53.796616 
-1.050000 -53.796616 
-1.125000 -57.595185 
-1.200000 -53.796616 
-1.275000 -65.192324 
-1.350000 -76.588032 
-1.425000 -89.883024 
-1.500000 -82.285886 
-1.575000 -97.480163 
-1.650000 -95.580878 
-1.725000 -110.775156 
-1.800000 -122.170864 
-1.875000 -131.667287 
-1.950000 -150.660134 
-2.025000 -144.962280 
-2.100000 -150.660134 
-2.175000 -150.660134 
-2.250000 -163.955126 
-2.325000 -169.652980 
-2.400000 -173.451550 
-2.475000 -175.350834 
-2.450000 -196.242966 
-2.375000 -192.444396 
-2.300000 -190.545112 
-2.225000 -198.142250 
-2.150000 -200.041535 
-2.075000 -207.638674 
-2.000000 -209.537958 
-1.925000 -211.437243 
-1.850000 -207.638674 
-1.775000 -213.336528 
-1.700000 -213.336528 
-1.625000 -211.437243 
-1.550000 -213.336528 
-1.475000 -211.437243 
-1.400000 -194.343681 
-1.325000 -201.940820 
-1.250000 -207.638674 
-1.175000 -188.645827 
-1.100000 -196.242966 
-1.025000 -192.444396 
-0.950000 -190.545112 
-0.875000 -179.149404 
-0.800000 -175.350834 
-0.725000 -175.350834 
-0.650000 -167.753696 
-0.575000 -154.458703 
-0.500000 -154.458703 
-0.425000 -160.156557 
-0.350000 -150.660134 
-0.275000 -139.264426 
-0.200000 -139.264426 
-0.125000 -137.365141 
-0.050000 -131.667287 
0.025000 -127.868718 
0.100000 -116.473010 
0.175000 -116.473010 
0.250000 -97.480163 
0.325000 -89.883024 
0.400000 -76.588032 
0.475000 -68.990893 
0.550000 -46.199477 
0.625000 -0.616645 
0.700000 16.476917 
0.775000 27.872625 
0.850000 44.966187 
0.925000 39.268333 
1.000000 52.563325 
1.075000 56.361895 
1.150000 62.059749 
1.225000 77.254026 
1.300000 77.254026 
1.375000 82.951880 
1.450000 98.146157 
1.525000 96.246873 
1.600000 100.045442 
1.675000 101.944727 
1.750000 115.239719 
1.825000 113.340435 
1.900000 128.534712 
1.975000 143.728989 
2.050000 141.829705 
2.125000 153.225412 
2.200000 160.822551 
2.275000 149.426843 
2.350000 174.117544 
2.425000 183.613967 
2.500000 185.513252 
2.425000 189.311821 
2.350000 206.405383 
2.275000 189.311821 
2.200000 200.707529 
2.125000 217.801091 
2.050000 208.304668 
1.975000 217.801091 
1.900000 225.398230 
1.825000 217.801091 
1.750000 210.203952 
1.675000 227.297514 
1.600000 210.203952 
1.525000 208.304668 
1.450000 227.297514 
1.375000 214.002522 
1.300000 206.405383 
1.225000 198.808244 
1.150000 202.606814 
1.075000 198.808244 
1.000000 195.009675 
0.925000 195.009675 
0.850000 189.311821 
0.775000 179.815398 
0.700000 179.815398 
0.625000 179.815398 
0.550000 177.916113 
0.475000 176.016828 
0.400000 168.419690 
0.325000 164.621120 
0.250000 157.023982 
0.175000 151.326128 
0.100000 145.628274 
0.025000 139.930420 
-0.050000 136.131851 
-0.125000 128.534712 
-0.200000 120.937573 
-0.275000 119.038289 
-0.350000 109.541865 
-0.425000 79.153311 
-0.500000 22.174771 
-0.575000 -8.213784 
-0.650000 -12.012353 
-0.725000 -31.005200 
-0.800000 -46.199477 
-0.875000 -49.998047 
-0.950000 -48.098762 
-1.025000 -74.688747 
-1.100000 -63.293039 
-1.175000 -51.897331 
-1.250000 -68.990893 
-1.325000 -70.890178 
-1.400000 -70.890178 
-1.475000 -82.285886 
-1.550000 -89.883024 
-1.625000 -105.077302 
-1.700000 -101.278732 
-1.775000 -112.674440 
-1.850000 -120.271579 
-1.925000 -143.062995 
-2.000000 -144.962280 
-2.075000 -146.861564 
-2.150000 -160.156557 
-2.225000 -160.156557 
-2.300000 -167.753696 
-2.375000 -167.753696 
-2.450000 -175.350834 
-2.475000 -188.645827 
-2.400000 -190.545112 
-2.325000 -207.638674 
-2.250000 -203.840104 
-2.175000 -205.739389 
-2.100000 -213.336528 
-2.025000 -205.739389 
-1.950000 -209.537958 
-1.875000 -220.933666 
-1.800000 -209.537958 
-1.725000 -211.437243 
-1.650000 -222.832951 
-1.575000 -215.235812 
-1.500000 -215.235812 
-1.425000 -211.437243 
-1.350000 -200.041535 
-1.275000 -196.242966 
-1.200000 -211.437243 
-1.125000 -200.041535 
-1.050000 -194.343681 
-0.975000 -200.041535 
-0.900000 -194.343681 
-0.825000 -186.746542 
-0.750000 -188.645827 
-0.675000 -173.451550 
-0.600000 -165.854411 
-0.525000 -163.955126 
-0.450000 -154.458703 
-0.375000 -154.458703 
-0.300000 -154.458703 
-0.225000 -148.760849 
-0.150000 -139.264426 
-0.075000 -124.070148 
0.000000 -129.768002 
0.075000 -122.170864 
0.150000 -114.573725 
0.225000 -99.379448 
0.300000 -93.681594 
0.375000 -82.285886 
0.450000 -65.192324 
0.525000 -53.796616 
0.600000 -15.810923 
0.675000 8.879778 
0.750000 29.771909 
0.825000 35.469763 
0.900000 44.966187 
0.975000 46.865471 
1.050000 52.563325 
1.125000 67.757603 
1.200000 71.556172 
1.275000 71.556172 
1.350000 84.851165 
1.425000 84.851165 
1.500000 94.347588 
1.575000 92.448303 
1.650000 101.944727 
1.725000 113.340435 
1.800000 117.139004 
1.875000 120.937573 
1.950000 130.433997 
2.025000 143.728989 
2.100000 139.930420 
2.175000 160.822551 
2.250000 158.923266 
2.325000 168.419690 
2.400000 193.110390 
2.475000 179.815398 
2.450000 183.613967 
2.375000 215.901806 
2.300000 200.707529 
2.225000 204.506098 
2.150000 210.203952 
2.075000 214.002522 
2.000000 208.304668 
1.925000 219.700376 
1.850000 221.599660 
1.775000 214.002522 
1.700000 225.398230 
1.625000 214.002522 
1.550000 215.901806 
1.475000 219.700376 
1.400000 215.901806 
1.325000 200.707529 
1.250000 206.405383 
1.175000 206.405383 
1.100000 195.009675 
1.025000 198.808244 
0.950000 196.908960 
0.875000 191.211106 
0.800000 181.714682 
0.725000 183.613967 
0.650000 185.513252 
0.575000 170.318974 
0.500000 176.016828 
0.425000 162.721836 
0.350000 158.923266 
0.275000 164.621120 
0.200000 153.225412 
0.125000 145.628274 
0.050000 151.326128 
-0.025000 139.930420 
-0.100000 139.930420 
-0.175000 124.736143 
-0.250000 130.433997 
-0.325000 119.038289 
-0.400000 67.757603 
-0.475000 22.174771 
-0.550000 1.282639 
-0.625000 -13.911638 
-0.700000 -29.105915 
-0.775000 -49.998047 
-0.850000 -49.998047 
-0.925000 -48.098762 
-1.000000 -51.897331 
-1.075000 -59.494470 
-1.150000 -59.494470 
-1.225000 -70.890178 
-1.300000 -67.091609 
-1.375000 -80.386601 
-1.450000 -82.285886 
-1.525000 -89.883024 
-1.600000 -97.480163 
-1.675000 -108.875871 
-1.750000 -108.875871 
-1.825000 -122.170864 
-1.900000 -137.365141 
-1.975000 -143.062995 
-2.050000 -154.458703 
-2.125000 -160.156557 
-2.200000 -169.652980 
-2.275000 -156.357988 
-2.350000 -169.652980 
-2.425000 -169.652980 
-2.500000 -186.746542 
-2.425000 -192.444396 
-2.350000 -196.242966 
-2.275000 -209.537958 
-2.200000 -203.840104 
-2.125000 -211.437243 
-2.050000 -211.437243 
-1.975000 -213.336528 
-1.900000 -215.235812 
-1.825000 -217.135097 
-1.750000 -207.638674 
-1.675000 -213.336528 
-1.600000 -222.832951 
-1.525000 -211.437243 
-1.450000 -211.437243 
-1.375000 -215.235812 
-1.300000 -196.242966 
-1.225000 -236.127944 
-1.150000 -207.638674 
-1.075000 -192.444396 
-1.000000 -203.840104 
-0.925000 -200.041535 
-0.850000 -184.847258 
-0.775000 -184.847258 
-0.700000 -179.149404 
-0.625000 -175.350834 
-0.550000 -165.854411 
-0.475000 -165.854411 
-0.400000 -160.156557 
-0.325000 -150.660134 
-0.250000 -152.559418 
-0.175000 -143.062995 
-0.100000 -135.465856 
-0.025000 -129.768002 
0.050000 -133.566572 
0.125000 -122.170864 
0.200000 -105.077302 
0.275000 -91.782309 
0.350000 -78.487316 
0.425000 -72.789462 
0.500000 -61.393755 
0.575000 -23.408061 
0.650000 3.181924 
0.725000 22.174771 
0.800000 43.066902 
0.875000 37.369048 
0.950000 43.066902 
1.025000 54.462610 
1.100000 54.462610 
1.175000 60.160464 
1.250000 75.354741 
1.325000 79.153311 
1.400000 86.750449 
1.475000 82.951880 
1.550000 92.448303 
1.625000 101.944727 
1.700000 115.239719 
1.775000 117.139004 
1.850000 122.836858 
1.925000 122.836858 
2.000000 143.728989 
2.075000 147.527558 
2.150000 153.225412 
2.225000 164.621120 
2.300000 166.520405 
2.375000 183.613967 
2.450000 179.815398 
2.475000 166.520405 
2.400000 212.103237 
2.325000 195.009675 
2.250000 198.808244 
2.175000 212.103237 
2.100000 215.901806 
2.025000 214.002522 
1.950000 221.599660 
1.875000 219.700376 
1.800000 208.304668 
1.725000 221.599660 
1.650000 214.002522 
1.575000 217.801091 
1.500000 223.498945 
1.425000 212.103237 
1.350000 206.405383 
1.275000 202.606814 
1.200000 196.908960 
1.125000 202.606814 
1.050000 196.908960 
0.975000 189.311821 
0.900000 195.009675 
0.825000 185.513252 
0.750000 191.211106 
0.675000 181.714682 
0.600000 176.016828 
0.525000 168.419690 
0.450000 172.218259 
0.375000 166.520405 
0.300000 158.923266 
0.225000 151.326128 
0.150000 153.225412 
0.075000 143.728989 
-0.000000 138.031135 
-0.075000 138.031135 
-0.150000 138.031135 
-0.225000 128.534712 
-0.300000 119.038289 
-0.375000 86.750449 
-0.450000 31.671194 
-0.525000 -0.616645 
-0.600000 -6.314499 
-0.675000 -15.810923 
-0.750000 -42.400908 
-0.825000 -42.400908 
-0.900000 -46.199477 
-0.975000 -46.199477 
-1.050000 -53.796616 
-1.125000 -53.796616 
-1.200000 -59.494470 
-1.275000 -72.789462 
-1.350000 -78.487316 
-1.425000 -72.789462 
-1.500000 -93.681594 
-1.575000 -101.278732 
-1.650000 -101.278732 
-1.725000 -122.170864 
-1.800000 -118.372294 
-1.875000 -129.768002 
-1.950000 -144.962280 
-2.025000 -150.660134 
-2.100000 -154.458703 
-2.175000 -154.458703 
-2.250000 -169.652980 
-2.325000 -167.753696 
-2.400000 -177.250119 
-2.475000 -179.149404 
-2.450000 -190.545112 
-2.375000 -190.545112 
-2.300000 -209.537958 
-2.225000 -205.739389 
-2.150000 -203.840104 
-2.075000 -215.235812 
-2.000000 -215.235812 
-1.925000 -207.638674 
-1.850000 -215.235812 
-1.775000 -219.034382 
-1.700000 -211.437243 
-1.625000 -217.135097 
-1.550000 -213.336528 
-1.475000 -211.437243 
-1.400000 -207.638674 
-1.325000 -209.537958 
-1.250000 -203.840104 
-1.175000 -207.638674 
-1.100000 -200.041535 
-1.025000 -192.444396 
-0.950000 -203.840104 
-0.875000 -194.343681 
-0.800000 -184.847258 
-0.725000 -188.645827 
-0.650000 -179.149404 
-0.575000 -158.257272 
-0.500000 -162.055842 
-0.425000 -154.458703 
-0.350000 -150.660134 
-0.275000 -150.660134 
-0.200000 -143.062995 
-0.125000 -135.465856 
-0.050000 -129.768002 
0.025000 -127.868718 
0.100000 -125.969433 
0.175000 -120.271579 
0.250000 -91.782309 
0.325000 -93.681594 
0.400000 -82.285886 
0.475000 -61.393755 
0.550000 -46.199477 
0.625000 -8.213784 
0.700000 18.376201 
0.775000 25.973340 
0.850000 37.369048 
0.925000 48.764756 
1.000000 46.865471 
1.075000 60.160464 
1.150000 31.671194 
1.225000 69.656887 
1.300000 82.951880 
1.375000 88.649734 
1.450000 88.649734 
1.525000 98.146157 
1.600000 103.844011 
1.675000 113.340435 
1.750000 115.239719 
1.825000 115.239719 
1.900000 130.433997 
1.975000 134.232566 
2.050000 139.930420 
2.125000 153.225412 
2.200000 162.721836 
2.275000 166.520405 
2.350000 174.117544 
2.425000 185.513252 
2.500000 187.412536 
2.425000 202.606814 
2.350000 206.405383 
2.275000 202.606814 
2.200000 214.002522 
2.125000 214.002522 
2.050000 208.304668 
1.975000 214.002522 
1.900000 215.901806 
1.825000 219.700376 
1.750000 227.297514 
1.675000 204.506098 
1.600000 214.002522 
1.525000 227.297514 
1.450000 214.002522 
1.375000 212.103237 
1.300000 202.606814 
1.225000 202.606814 
1.150000 208.304668 
1.075000 200.707529 
1.000000 195.009675 
0.925000 198.808244 
0.850000 195.009675 
0.775000 189.311821 
0.700000 181.714682 
0.625000 177.916113 
0.550000 179.815398 
0.475000 164.621120 
0.400000 166.520405 
0.325000 166.520405 
0.250000 151.326128 
0.175000 153.225412 
0.100000 143.728989 
0.025000 147.527558 
-0.050000 138.031135 
-0.125000 130.433997 
-0.200000 128.534712 
-0.275000 117.139004 
-0.350000 113.340435 
-0.425000 75.354741 
-0.500000 29.771909 
-0.575000 -6.314499 
-0.650000 -12.012353 
-0.725000 -27.206631 
-0.800000 -21.508777 
-0.875000 -48.098762 
-0.950000 -57.595185 
-1.025000 -48.098762 
-1.100000 -53.796616 
-1.175000 -57.595185 
-1.250000 -68.990893 
-1.325000 -72.789462 
-1.400000 -78.487316 
-1.475000 -82.285886 
-1.550000 -89.883024 
-1.625000 -103.178017 
-1.700000 -114.573725 
-1.775000 -122.170864 
-1.850000 -120.271579 
-1.925000 -144.962280 
-2.000000 -152.559418 
-2.075000 -152.559418 
-2.150000 -160.156557 
-2.225000 -167.753696 
-2.300000 -169.652980 
-2.375000 -179.149404 
-2.450000 -173.451550 
-2.475000 -179.149404 
-2.400000 -192.444396 
-2.325000 -198.142250 
-2.250000 -217.135097 
-2.175000 -205.739389 
-2.100000 -211.437243 
-2.025000 -217.135097 
-1.950000 -215.235812 
-1.875000 -213.336528 
-1.800000 -222.832951 
-1.725000 -213.336528 
-1.650000 -207.638674 
-1.575000 -220.933666 
-1.500000 -213.336528 
-1.425000 -205.739389 
-1.350000 -203.840104 
-1.275000 -198.142250 
-1.200000 -188.645827 
-1.125000 -203.840104 
-1.050000 -200.041535 
-0.975000 -194.343681 
-0.900000 -196.242966 
-0.825000 -190.545112 
-0.750000 -182.947973 
-0.675000 -188.645827 
-0.600000 -177.250119 
-0.525000 -160.156557 
-0.450000 -160.156557 
-0.375000 -152.559418 
-0.300000 -144.962280 
-0.225000 -144.962280 
-0.150000 -141.163710 
-0.075000 -131.667287 
0.000000 -124.070148 
0.075000 -118.372294 
0.150000 -116.473010 
0.225000 -106.976586 
0.300000 -87.983740 
0.375000 -70.890178 
0.450000 -65.192324 
0.525000 -44.300193 
0.600000 -27.206631 
0.675000 10.779063 
0.750000 22.174771 
0.825000 24.074055 
0.900000 39.268333 
0.975000 44.966187 
1.050000 60.160464 
1.125000 63.959033 
1.200000 73.455457 
1.275000 65.858318 
1.350000 79.153311 
1.425000 79.153311 
1.500000 58.261179 
1.575000 100.045442 
1.650000 111.441150 
1.725000 117.139004 
1.800000 124.736143 
1.875000 120.937573 
1.950000 134.232566 
2.025000 145.628274 
2.100000 151.326128 
2.175000 147.527558 
2.250000 166.520405 
2.325000 174.117544 
2.400000 174.117544 
2.475000 191.211106 
2.450000 198.808244 
2.375000 193.110390 
2.300000 204.506098 
2.225000 212.103237 
2.150000 212.103237 
2.075000 217.801091 
2.000000 212.103237 
1.925000 215.901806 
1.850000 215.901806 
1.775000 221.599660 
1.700000 181.714682 
1.625000 215.901806 
1.550000 215.901806 
1.475000 208.304668 
1.400000 204.506098 
1.325000 212.103237 
1.250000 210.203952 
1.175000 206.405383 
1.100000 196.908960 
1.025000 193.110390 
0.950000 195.009675 
0.875000 196.908960 
0.800000 181.714682 
0.725000 183.613967 
0.650000 183.613967 
0.575000 179.815398 
0.500000 176.016828 
0.425000 166.520405 
0.350000 164.621120 
0.275000 160.822551 
0.200000 149.426843 
0.125000 153.225412 
0.050000 143.728989 
-0.025000 143.728989 
-0.100000 130.433997 
-0.175000 136.131851 
-0.250000 120.937573 
-0.325000 115.239719 
-0.400000 77.254026 
-0.475000 22.174771 
-0.550000 -8.213784 
-0.625000 -13.911638 
-0.700000 -29.105915 
-0.775000 -32.904485 
-0.850000 -44.300193 
-0.925000 -51.897331 
-1.000000 -46.199477 
-1.075000 -46.199477 
-1.150000 -61.393755 
-1.225000 -63.293039 
-1.300000 -72.789462 
-1.375000 -89.883024 
-1.450000 -84.185170 
-1.525000 -87.983740 
-1.600000 -99.379448 
-1.675000 -108.875871 
-1.750000 -120.271579 
-1.825000 -154.458703 
-1.900000 -129.768002 
-1.975000 -144.962280 
-2.050000 -156.357988 
-2.125000 -150.660134 
-2.200000 -169.652980 
-2.275000 -179.149404 
-2.350000 -182.947973 
-2.425000 -181.048688 
-2.500000 -184.847258 
-2.425000 -196.242966 
-2.350000 -196.242966 
-2.275000 -209.537958 
-2.200000 -220.933666 
-2.125000 -209.537958 
-2.050000 -217.135097 
-1.975000 -222.832951 
-1.900000 -217.135097 
-1.825000 -217.135097 
-1.750000 -224.732236 
-1.675000 -211.437243 
-1.600000 -217.135097 
-1.525000 -224.732236 
-1.450000 -213.336528 
-1.375000 -203.840104 
-1.300000 -201.940820 
-1.225000 -200.041535 
-1.150000 -209.537958 
-1.075000 -203.840104 
-1.000000 -198.142250 
-0.925000 -198.142250 
-0.850000 -190.545112 
-0.775000 -182.947973 
-0.700000 -179.149404 
-0.625000 -181.048688 
-0.550000 -169.652980 
-0.475000 -152.559418 
-0.400000 -154.458703 
-0.325000 -146.861564 
-0.250000 -137.365141 
-0.175000 -135.465856 
-0.100000 -135.465856 
-0.025000 -125.969433 
0.050000 -122.170864 
0.125000 -114.573725 
0.200000 -99.379448 
0.275000 -87.983740 
0.350000 -76.588032 
0.425000 -59.494470 
0.500000 -46.199477 
0.575000 -29.105915 
0.650000 8.879778 
0.725000 25.973340 
0.800000 31.671194 
0.875000 37.369048 
0.950000 44.966187 
1.025000 56.361895 
1.100000 63.959033 
1.175000 67.757603 
1.250000 73.455457 
1.325000 75.354741 
1.400000 90.549019 
1.475000 88.649734 
1.550000 107.642581 
1.625000 107.642581 
1.700000 119.038289 
1.775000 115.239719 
1.850000 122.836858 
1.925000 134.232566 
2.000000 141.829705 
2.075000 138.031135 
2.150000 145.628274 
2.225000 162.721836 
2.300000 168.419690 
2.375000 176.016828 
2.450000 183.613967 
2.475000 195.009675 
2.400000 195.009675 
2.325000 204.506098 
2.250000 212.103237 
2.175000 210.203952 
2.100000 208.304668 
2.025000 210.203952 
1.950000 212.103237 
1.875000 217.801091 
1.800000 214.002522 
1.725000 214.002522 
1.650000 223.498945 
1.575000 225.398230 
1.500000 204.506098 
1.425000 212.103237 
1.350000 200.707529 
1.275000 200.707529 
1.200000 204.506098 
1.125000 181.714682 
1.050000 196.908960 
0.975000 200.707529 
0.900000 198.808244 
0.825000 196.908960 
0.750000 181.714682 
0.675000 177.916113 
0.600000 179.815398 
0.525000 176.016828 
0.450000 170.318974 
0.375000 170.318974 
0.300000 172.218259 
0.225000 168.419690 
0.150000 160.822551 
0.075000 153.225412 
-0.000000 155.124697 
-0.075000 143.728989 
-0.150000 136.131851 
-0.225000 130.433997 
-0.300000 122.836858 
-0.375000 84.851165 
-0.450000 37.369048 
-0.525000 6.980493 
-0.600000 -6.314499 
-0.675000 -19.609492 
-0.750000 -40.501623 
-0.825000 -44.300193 
-0.900000 -46.199477 
-0.975000 -46.199477 
-1.050000 -59.494470 
-1.125000 -55.695901 
-1.200000 -63.293039 
-1.275000 -82.285886 
-1.350000 -78.487316 
-1.425000 -80.386601 
-1.500000 -89.883024 
-1.575000 -103.178017 
-1.650000 -108.875871 
-1.725000 -114.573725 
-1.800000 -112.674440 
-1.875000 -139.264426 
-1.950000 -139.264426 
-2.025000 -150.660134 
-2.100000 -160.156557 
-2.175000 -154.458703 
-2.250000 -169.652980 
-2.325000 -175.350834 
-2.400000 -175.350834 
-2.475000 -184.847258 
-2.450000 -188.645827 
-2.375000 -200.041535 
-2.300000 -207.638674 
-2.225000 -213.336528 
-2.150000 -219.034382 
-2.075000 -209.537958 
-2.000000 -219.034382 
-1.925000 -215.235812 
-1.850000 -213.336528 
-1.775000 -213.336528 
-1.700000 -224.732236 
-1.625000 -203.840104 
-1.550000 -205.739389 
-1.475000 -217.135097 
-1.400000 -209.537958 
-1.325000 -213.336528 
-1.250000 -200.041535 
-1.175000 -190.545112 
-1.100000 -203.840104 
-1.025000 -200.041535 
-0.950000 -188.645827 
-0.875000 -196.242966 
-0.800000 -190.545112 
-0.725000 -175.350834 
-0.650000 -177.250119 
-0.575000 -169.652980 
-0.500000 -162.055842 
-0.425000 -143.062995 
-0.350000 -144.962280 
-0.275000 -141.163710 
-0.200000 -135.465856 
-0.125000 -133.566572 
-0.050000 -127.868718 
0.025000 -129.768002 
0.100000 -120.271579 
0.175000 -106.976586 
0.250000 -97.480163 
0.325000 -84.185170 
0.400000 -68.990893 
0.475000 -59.494470 
0.550000 -34.803769 
0.625000 -21.508777 
0.700000 -4.415215 
0.775000 16.476917 
0.850000 25.973340 
0.925000 41.167617 
1.000000 48.764756 
1.075000 54.462610 
1.150000 67.757603 
1.225000 60.160464 
1.300000 77.254026 
1.375000 81.052595 
1.450000 94.347588 
1.525000 109.541865 
1.600000 103.844011 
1.675000 111.441150 
1.750000 115.239719 
1.825000 122.836858 
1.900000 130.433997 
1.975000 143.728989 
2.050000 141.829705 
2.125000 139.930420 
2.200000 160.822551 
2.275000 160.822551 
2.350000 164.621120 
2.425000 177.916113 
2.500000 181.714682 
2.425000 187.412536 
2.350000 198.808244 
2.275000 204.506098 
2.200000 206.405383 
2.125000 217.801091 
2.050000 219.700376 
1.975000 214.002522 
1.900000 223.498945 
1.825000 227.297514 
1.750000 212.103237 
1.675000 221.599660 
1.600000 214.002522 
1.525000 214.002522 
1.450000 200.707529 
1.375000 202.606814 
1.300000 202.606814 
1.225000 198.808244 
1.150000 196.908960 
1.075000 196.908960 
1.000000 196.908960 
0.925000 193.110390 
0.850000 191.211106 
0.775000 181.714682 
0.700000 183.613967 
0.625000 179.815398 
0.550000 168.419690 
0.475000 176.016828 
0.400000 185.513252 
0.325000 160.822551 
0.250000 160.822551 
0.175000 160.822551 
0.100000 155.124697 
0.025000 149.426843 
-0.050000 143.728989 
-0.125000 138.031135 
-0.200000 134.232566 
-0.275000 128.534712 
-0.350000 79.153311 
-0.425000 24.074055 
-0.500000 14.577632 
-0.575000 -8.213784 
-0.650000 -23.408061 
-0.725000 -44.300193 
-0.800000 -38.602339 
-0.875000 -46.199477 
-0.950000 -53.796616 
-1.025000 -46.199477 
-1.100000 -51.897331 
-1.175000 -63.293039 
-1.250000 -76.588032 
-1.325000 -82.285886 
-1.400000 -68.990893 
-1.475000 -93.681594 
-1.550000 -97.480163 
-1.625000 -99.379448 
-1.700000 -106.976586 
-1.775000 -124.070148 
-1.850000 -127.868718 
-1.925000 -133.566572 
-2.000000 -148.760849 
-2.075000 -158.257272 
-2.150000 -152.559418 
-2.225000 -173.451550 
-2.300000 -181.048688 
-2.375000 -173.451550 
-2.450000 -181.048688 
-2.475000 -192.444396 
-2.400000 -196.242966 
-2.325000 -205.739389 
-2.250000 -201.940820 
-2.175000 -220.933666 
-2.100000 -205.739389 
-2.025000 -213.336528 
-1.950000 -222.832951 
-1.875000 -211.437243 
-1.800000 -211.437243 
-1.725000 -224.732236 
-1.650000 -209.537958 
-1.575000 -213.336528 
-1.500000 -224.732236 
-1.425000 -211.437243 
-1.350000 -213.336528 
-1.275000 -207.638674 
-1.200000 -198.142250 
-1.125000 -201.940820 
-1.050000 -201.940820 
-0.975000 -194.343681 
-0.900000 -198.142250 
-0.825000 -190.545112 
-0.750000 -181.048688 
-0.675000 -181.048688 
-0.600000 -177.250119 
-0.525000 -171.552265 
-0.450000 -154.458703 
-0.375000 -144.962280 
-0.300000 -143.062995 
-0.225000 -135.465856 
-0.150000 -143.062995 
-0.075000 -129.768002 
0.000000 -127.868718 
0.075000 -120.271579 
0.150000 -110.775156 
0.225000 -89.883024 
0.300000 -78.487316 
0.375000 -63.293039 
0.450000 -51.897331 
0.525000 -32.904485 
0.600000 -25.307346 
0.675000 -2.515930 
0.750000 22.174771 
0.825000 29.771909 
0.900000 39.268333 
0.975000 43.066902 
1.050000 52.563325 
1.125000 69.656887 
1.200000 62.059749 
1.275000 73.455457 
1.350000 88.649734 
1.425000 88.649734 
1.500000 90.549019 
1.575000 101.944727 
1.650000 103.844011 
1.725000 109.541865 
1.800000 122.836858 
1.875000 130.433997 
1.950000 130.433997 
2.025000 139.930420 
2.100000 145.628274 
2.175000 160.822551 
2.250000 166.520405 
2.325000 164.621120 
2.400000 187.412536 
2.475000 183.613967 
2.450000 189.311821 
2.375000 195.009675 
2.300000 202.606814 
2.225000 210.203952 
2.150000 210.203952 
2.075000 212.103237 
2.000000 214.002522 
1.925000 217.801091 
1.850000 223.498945 
1.775000 214.002522 
1.700000 221.599660 
1.625000 219.700376 
1.550000 208.304668 
1.475000 206.405383 
1.400000 210.203952 
1.325000 204.506098 
1.250000 204.506098 
1.175000 195.009675 
1.100000 193.110390 
1.025000 204.506098 
0.950000 198.808244 
0.875000 191.211106 
0.800000 198.808244 
0.725000 185.513252 
0.650000 179.815398 
0.575000 176.016828 
0.500000 181.714682 
0.425000 176.016828 
0.350000 164.621120 
0.275000 166.520405 
0.200000 160.822551 
0.125000 151.326128 
0.050000 130.433997 
-0.025000 145.628274 
-0.100000 141.829705 
-0.175000 138.031135 
-0.250000 130.433997 
-0.325000 113.340435 
-0.400000 69.656887 
-0.475000 24.074055 
-0.550000 -12.012353 
-0.625000 -19.609492 
-0.700000 -29.105915 
-0.775000 -51.897331 
-0.850000 -53.796616 
-0.925000 -48.098762 
-1.000000 -46.199477 
-1.075000 -46.199477 
-1.150000 -55.695901 
-1.225000 -72.789462 
-1.300000 -70.890178 
-1.375000 -78.487316 
-1.450000 -82.285886 
-1.525000 -93.681594 
-1.600000 -95.580878 
-1.675000 -105.077302 
-1.750000 -116.473010 
-1.825000 -124.070148 
-1.900000 -133.566572 
-1.975000 -143.062995 
-2.050000 -141.163710 
-2.125000 -162.055842 
-2.200000 -171.552265 
-2.275000 -173.451550 
-2.350000 -184.847258 
-2.425000 -184.847258 
-2.500000 -184.847258 
-2.425000 -194.343681 
-2.350000 -201.940820 
-2.275000 -203.840104 
-2.200000 -211.437243 
-2.125000 -220.933666 
-2.050000 -209.537958 
-1.975000 -219.034382 
-1.900000 -219.034382 
-1.825000 -215.235812 
-1.750000 -211.437243 
-1.675000 -220.933666 
-1.600000 -209.537958 
-1.525000 -211.437243 
-1.450000 -219.034382 
-1.375000 -217.135097 
-1.300000 -201.940820 
-1.225000 -203.840104 
-1.150000 -190.545112 
-1.075000 -196.242966 
-1.000000 -203.840104 
-0.925000 -190.545112 
-0.850000 -188.645827 
-0.775000 -182.947973 
-0.700000 -173.451550 
-0.625000 -171.552265 
-0.550000 -173.451550 
-0.475000 -165.854411 
-0.400000 -150.660134 
-0.325000 -139.264426 
-0.250000 -135.465856 
-0.175000 -131.667287 
-0.100000 -125.969433 
-0.025000 -127.868718 
0.050000 -125.969433 
0.125000 -114.573725 
0.200000 -99.379448 
0.275000 -80.386601 
0.350000 -72.789462 
0.425000 -51.897331 
0.500000 -29.105915 
0.575000 -21.508777 
0.650000 -8.213784 
0.725000 10.779063 
0.800000 25.973340 
0.875000 27.872625 
0.950000 39.268333 
1.025000 54.462610 
1.100000 54.462610 
1.175000 67.757603 
1.250000 73.455457 
1.325000 82.951880 
1.400000 77.254026 
1.475000 92.448303 
1.550000 98.146157 
1.625000 100.045442 
1.700000 103.844011 
1.775000 111.441150 
1.850000 119.038289 
1.925000 128.534712 
2.000000 134.232566 
2.075000 113.340435 
2.150000 157.023982 
2.225000 158.923266 
2.300000 160.822551 
2.375000 183.613967 
2.450000 181.714682 
2.475000 185.513252 
2.400000 187.412536 
2.325000 193.110390 
2.250000 198.808244 
2.175000 204.506098 
2.100000 215.901806 
2.025000 212.103237 
1.950000 217.801091 
1.875000 219.700376 
1.800000 212.103237 
1.725000 223.498945 
1.650000 215.901806 
1.575000 214.002522 
1.500000 210.203952 
1.425000 214.002522 
1.350000 202.606814 
1.275000 210.203952 
1.200000 198.808244 
1.125000 196.908960 
1.050000 198.808244 
0.975000 200.707529 
0.900000 198.808244 
0.825000 191.211106 
0.750000 191.211106 
0.675000 187.412536 
0.600000 181.714682 
0.525000 183.613967 
0.450000 176.016828 
0.375000 166.520405 
0.300000 164.621120 
0.225000 158.923266 
0.150000 164.621120 
0.075000 155.124697 
-0.000000 153.225412 
-0.075000 151.326128 
-0.150000 139.930420 
-0.225000 136.131851 
-0.300000 124.736143 
-0.375000 77.254026 
-0.450000 31.671194 
-0.525000 1.282639 
-0.600000 -15.810923 
-0.675000 -13.911638 
-0.750000 -38.602339 
-0.825000 -49.998047 
-0.900000 -51.897331 
-0.975000 -51.897331 
-1.050000 -48.098762 
-1.125000 -59.494470 
-1.200000 -61.393755 
-1.275000 -76.588032 
-1.350000 -74.688747 
-1.425000 -89.883024 
-1.500000 -89.883024 
-1.575000 -87.983740 
-1.650000 -106.976586 
-1.725000 -116.473010 
-1.800000 -129.768002 
-1.875000 -133.566572 
-1.950000 -137.365141 
-2.025000 -150.660134 
-2.100000 -158.257272 
-2.175000 -167.753696 
-2.250000 -177.250119 
-2.325000 -181.048688 
-2.400000 -188.645827 
-2.475000 -184.847258 
-2.450000 -186.746542 
-2.375000 -200.041535 
-2.300000 -205.739389 
-2.225000 -207.638674 
-2.150000 -213.336528 
-2.075000 -226.631520 
-2.000000 -211.437243 
-1.925000 -220.933666 
-1.850000 -222.832951 
-1.775000 -215.235812 
-1.700000 -215.235812 
-1.625000 -222.832951 
-1.550000 -209.537958 
-1.475000 -211.437243 
-1.400000 -211.437243 
-1.325000 -215.235812 
-1.250000 -203.840104 
-1.175000 -205.739389 
-1.100000 -194.343681 
-1.025000 -194.343681 
-0.950000 -201.940820 
-0.875000 -188.645827 
-0.800000 -186.746542 
-0.725000 -186.746542 
-0.650000 -173.451550 
-0.575000 -175.350834 
-0.500000 -165.854411 
-0.425000 -158.257272 
-0.350000 -148.760849 
-0.275000 -139.264426 
-0.200000 -137.365141 
-0.125000 -135.465856 
-0.050000 -122.170864 
0.025000 -116.473010 
0.100000 -114.573725 
0.175000 -97.480163 
0.250000 -89.883024 
0.325000 -78.487316 
0.400000 -63.293039 
0.475000 -40.501623 
0.550000 -32.904485 
0.625000 -15.810923 
0.700000 5.081209 
0.775000 16.476917 
0.850000 24.074055 
0.925000 35.469763 
1.000000 39.268333 
1.075000 58.261179 
1.150000 62.059749 
1.225000 67.757603 
1.300000 71.556172 
1.375000 82.951880 
1.450000 84.851165 
1.525000 92.448303 
1.600000 94.347588 
1.675000 109.541865 
1.750000 113.340435 
1.825000 122.836858 
1.900000 128.534712 
1.975000 138.031135 
2.050000 149.426843 
2.125000 145.628274 
2.200000 160.822551 
2.275000 153.225412 
2.350000 181.714682 
2.425000 185.513252 
2.500000 187.412536 
2.425000 181.714682 
2.350000 198.808244 
2.275000 204.506098 
2.200000 196.908960 
2.125000 215.901806 
2.050000 212.103237 
1.975000 202.606814 
1.900000 217.801091 
1.825000 215.901806 
1.750000 210.203952 
1.675000 217.801091 
1.600000 210.203952 
1.525000 202.606814 
1.450000 212.103237 
1.375000 206.405383 
1.300000 198.808244 
1.225000 202.606814 
1.150000 191.211106 
1.075000 193.110390 
1.000000 198.808244 
0.925000 191.211106 
0.850000 185.513252 
0.775000 181.714682 
0.700000 181.714682 
0.625000 177.916113 
0.550000 176.016828 
0.475000 174.117544 
0.400000 160.822551 
0.325000 162.721836 
0.250000 162.721836 
0.175000 155.124697 
0.100000 149.426843 
0.025000 147.527558 
-0.050000 139.930420 
-0.125000 134.232566 
-0.200000 134.232566 
-0.275000 124.736143 
-0.350000 111.441150 
-0.425000 75.354741 
-0.500000 18.376201 
-0.575000 -6.314499 
-0.650000 -12.012353 
-0.725000 -34.803769 
-0.800000 -46.199477 
-0.875000 -46.199477 
-0.950000 -48.098762 
-1.025000 -59.494470 
-1.100000 -53.796616 
-1.175000 -105.077302 
-1.250000 -72.789462 
-1.325000 -78.487316 
-1.400000 -87.983740 
-1.475000 -93.681594 
-1.550000 -89.883024 
-1.625000 -105.077302 
-1.700000 -106.976586 
-1.775000 -106.976586 
-1.850000 -129.768002 
-1.925000 -143.062995 
-2.000000 -135.465856 
-2.075000 -154.458703 
-2.150000 -158.257272 
-2.225000 -163.955126 
-2.300000 -175.350834 
-2.375000 -181.048688 
-2.450000 -188.645827 
-2.475000 -182.947973 
-2.400000 -198.142250 
-2.325000 -205.739389 
-2.250000 -211.437243 
-2.175000 -213.336528 
-2.100000 -220.933666 
-2.025000 -217.135097 
-1.950000 -211.437243 
-1.875000 -226.631520 
-1.800000 -211.437243 
-1.725000 -211.437243 
-1.650000 -226.631520 
-1.575000 -215.235812 
-1.500000 -205.739389 
-1.425000 -220.933666 
-1.350000 -207.638674 
-1.275000 -209.537958 
-1.200000 -205.739389 
-1.125000 -196.242966 
-1.050000 -196.242966 
-0.975000 -207.638674 
-0.900000 -192.444396 
-0.825000 -196.242966 
-0.750000 -190.545112 
-0.675000 -179.149404 
-0.600000 -173.451550 
-0.525000 -173.451550 
-0.450000 -162.055842 
-0.375000 -152.559418 
-0.300000 -146.861564 
-0.225000 -135.465856 
-0.150000 -127.868718 
-0.075000 -129.768002 
