0.000000 -19.609492 
0.030000 -13.911638 
0.060000 1.282639 
0.090000 3.181924 
0.120000 6.980493 
0.150000 -0.616645 
0.180000 -4.415215 
0.210000 1.282639 
0.240000 -8.213784 
0.270000 1.282639 
0.300000 3.181924 
0.330000 1.282639 
0.360000 -0.616645 
0.390000 3.181924 
0.420000 16.476917 
0.450000 24.074055 
0.480000 29.771909 
0.510000 39.268333 
0.540000 37.369048 
0.570000 52.563325 
0.600000 46.865471 
0.630000 48.764756 
0.660000 54.462610 
0.690000 48.764756 
0.720000 46.865471 
0.750000 60.160464 
0.780000 62.059749 
0.810000 69.656887 
0.840000 67.757603 
0.870000 62.059749 
0.900000 65.858318 
0.930000 67.757603 
0.960000 75.354741 
0.990000 73.455457 
1.020000 79.153311 
1.050000 86.750449 
1.080000 92.448303 
1.110000 94.347588 
1.140000 100.045442 
1.170000 94.347588 
1.200000 92.448303 
1.230000 98.146157 
1.260000 94.347588 
1.290000 107.642581 
1.320000 88.649734 
1.350000 107.642581 
1.380000 113.340435 
1.410000 128.534712 
1.440000 134.232566 
1.470000 134.232566 
1.500000 130.433997 
1.530000 124.736143 
1.560000 134.232566 
1.590000 143.728989 
1.620000 141.829705 
1.650000 147.527558 
1.680000 153.225412 
1.710000 153.225412 
1.740000 153.225412 
1.770000 158.923266 
1.800000 151.326128 
1.830000 164.621120 
1.860000 160.822551 
1.890000 168.419690 
1.920000 179.815398 
1.950000 179.815398 
1.980000 185.513252 
2.010000 183.613967 
2.040000 195.009675 
2.070000 183.613967 
2.100000 187.412536 
2.130000 200.707529 
2.160000 185.513252 
2.190000 206.405383 
2.220000 202.606814 
2.250000 208.304668 
2.280000 214.002522 
2.310000 223.498945 
2.340000 215.901806 
2.370000 212.103237 
2.400000 227.297514 
2.430000 225.398230 
2.460000 225.398230 
2.490000 229.196799 
2.480000 227.297514 
2.450000 236.793938 
2.420000 234.894653 
2.390000 234.894653 
2.360000 253.887500 
2.330000 240.592507 
2.300000 244.391076 
2.270000 251.988215 
2.240000 250.088930 
2.210000 244.391076 
2.180000 244.391076 
2.150000 251.988215 
2.120000 255.786784 
2.090000 251.988215 
2.060000 255.786784 
2.030000 248.189646 
2.000000 251.988215 
1.970000 242.491792 
1.940000 251.988215 
1.910000 251.988215 
1.880000 248.189646 
1.850000 255.786784 
1.820000 236.793938 
1.790000 248.189646 
1.760000 244.391076 
1.730000 240.592507 
1.700000 246.290361 
1.670000 242.491792 
1.640000 244.391076 
1.610000 231.096084 
1.580000 229.196799 
1.550000 231.096084 
1.520000 221.599660 
1.490000 234.894653 
1.460000 221.599660 
1.430000 219.700376 
1.400000 217.801091 
1.370000 215.901806 
1.340000 210.203952 
1.310000 231.096084 
1.280000 215.901806 
1.250000 217.801091 
1.220000 214.002522 
1.190000 210.203952 
1.160000 212.103237 
1.130000 204.506098 
1.100000 206.405383 
1.070000 196.908960 
1.040000 191.211106 
1.010000 189.311821 
0.980000 198.808244 
0.950000 195.009675 
0.920000 189.311821 
0.890000 185.513252 
0.860000 181.714682 
0.830000 174.117544 
0.800000 177.916113 
0.770000 170.318974 
0.740000 160.822551 
0.710000 166.520405 
0.680000 164.621120 
0.650000 155.124697 
0.620000 157.023982 
0.590000 151.326128 
0.560000 149.426843 
0.530000 158.923266 
0.500000 149.426843 
0.470000 149.426843 
0.440000 138.031135 
0.410000 141.829705 
0.380000 138.031135 
0.350000 130.433997 
0.320000 128.534712 
0.290000 128.534712 
0.260000 120.937573 
0.230000 122.836858 
0.200000 113.340435 
0.170000 113.340435 
0.140000 120.937573 
0.110000 109.541865 
0.080000 103.844011 
0.050000 113.340435 
0.020000 103.844011 
-0.010000 90.549019 
-0.040000 88.649734 
-0.070000 81.052595 
-0.100000 73.455457 
-0.130000 73.455457 
-0.160000 65.858318 
-0.190000 52.563325 
-0.220000 16.476917 
-0.250000 -13.911638 
-0.280000 -13.911638 
-0.310000 -21.508777 
-0.340000 -29.105915 
-0.370000 -29.105915 
-0.400000 -2.515930 
-0.430000 -21.508777 
-0.460000 -32.904485 
-0.490000 -19.609492 
-0.520000 -32.904485 
-0.550000 -40.501623 
-0.580000 -31.005200 
-0.610000 -36.703054 
-0.640000 -34.803769 
-0.670000 -42.400908 
-0.700000 -48.098762 
-0.730000 -44.300193 
-0.760000 -57.595185 
-0.790000 -55.695901 
-0.820000 -57.595185 
-0.850000 -61.393755 
-0.880000 -67.091609 
-0.910000 -99.379448 
-0.940000 -61.393755 
-0.970000 -67.091609 
-1.000000 -72.789462 
-1.030000 -67.091609 
-1.060000 -74.688747 
-1.090000 -89.883024 
-1.120000 -84.185170 
-1.150000 -89.883024 
-1.180000 -95.580878 
-1.210000 -101.278732 
-1.240000 -101.278732 
-1.270000 -103.178017 
-1.300000 -112.674440 
-1.330000 -106.976586 
-1.360000 -112.674440 
-1.390000 -114.573725 
-1.420000 -114.573725 
-1.450000 -120.271579 
-1.480000 -131.667287 
-1.510000 -129.768002 
-1.540000 -127.868718 
-1.570000 -139.264426 
-1.600000 -143.062995 
-1.630000 -143.062995 
-1.660000 -144.962280 
-1.690000 -144.962280 
-1.720000 -148.760849 
-1.750000 -152.559418 
-1.780000 -150.660134 
-1.810000 -144.962280 
-1.840000 -167.753696 
-1.870000 -167.753696 
-1.900000 -163.955126 
-1.930000 -163.955126 
-1.960000 -175.350834 
-1.990000 -169.652980 
-2.020000 -179.149404 
-2.050000 -181.048688 
-2.080000 -192.444396 
-2.110000 -184.847258 
-2.140000 -184.847258 
-2.170000 -196.242966 
-2.200000 -196.242966 
-2.230000 -201.940820 
-2.260000 -207.638674 
-2.290000 -200.041535 
-2.320000 -209.537958 
-2.350000 -211.437243 
-2.380000 -213.336528 
-2.410000 -219.034382 
-2.440000 -230.430090 
-2.470000 -219.034382 
-2.500000 -226.631520 
-2.470000 -241.825798 
-2.440000 -230.430090 
-2.410000 -236.127944 
-2.380000 -238.027228 
-2.350000 -243.725082 
-2.320000 -257.020075 
-2.290000 -243.725082 
-2.260000 -253.221506 
-2.230000 -251.322221 
-2.200000 -243.725082 
-2.170000 -253.221506 
-2.140000 -264.617214 
-2.110000 -272.214352 
-2.080000 -251.322221 
-2.050000 -260.818644 
-2.020000 -257.020075 
-1.990000 -255.120790 
-1.960000 -264.617214 
-1.930000 -247.523652 
-1.900000 -255.120790 
-1.870000 -247.523652 
-1.840000 -255.120790 
-1.810000 -249.422936 
-1.780000 -239.926513 
-1.750000 -243.725082 
-1.720000 -234.228659 
-1.690000 -243.725082 
-1.660000 -253.221506 
-1.630000 -236.127944 
-1.600000 -243.725082 
-1.570000 -236.127944 
-1.540000 -234.228659 
-1.510000 -234.228659 
-1.480000 -222.832951 
-1.450000 -232.329374 
-1.420000 -217.135097 
-1.390000 -213.336528 
-1.360000 -224.732236 
-1.330000 -213.336528 
-1.300000 -211.437243 
-1.270000 -209.537958 
-1.240000 -196.242966 
-1.210000 -211.437243 
-1.180000 -203.840104 
-1.150000 -200.041535 
-1.120000 -198.142250 
-1.090000 -181.048688 
-1.060000 -179.149404 
-1.030000 -181.048688 
-1.000000 -182.947973 
-0.970000 -158.257272 
-0.940000 -162.055842 
-0.910000 -177.250119 
-0.880000 -165.854411 
-0.850000 -154.458703 
-0.820000 -160.156557 
-0.790000 -152.559418 
-0.760000 -139.264426 
-0.730000 -141.163710 
-0.700000 -143.062995 
-0.670000 -135.465856 
-0.640000 -139.264426 
-0.610000 -127.868718 
-0.580000 -122.170864 
-0.550000 -129.768002 
-0.520000 -122.170864 
-0.490000 -110.775156 
-0.460000 -122.170864 
-0.430000 -129.768002 
-0.400000 -122.170864 
-0.370000 -106.976586 
-0.340000 -108.875871 
-0.310000 -108.875871 
-0.280000 -101.278732 
-0.250000 -97.480163 
-0.220000 -95.580878 
-0.190000 -84.185170 
-0.160000 -87.983740 
-0.130000 -86.084455 
-0.100000 -74.688747 
-0.070000 -82.285886 
-0.040000 -74.688747 
-0.010000 -76.588032 
0.020000 -74.688747 
0.050000 -68.990893 
0.080000 -57.595185 
0.110000 -51.897331 
0.140000 -34.803769 
0.170000 -15.810923 
0.200000 -4.415215 
0.230000 8.879778 
0.260000 3.181924 
0.290000 3.181924 
0.320000 6.980493 
0.350000 1.282639 
0.380000 -0.616645 
0.410000 8.879778 
0.440000 8.879778 
0.470000 1.282639 
0.500000 22.174771 
0.530000 31.671194 
0.560000 39.268333 
0.590000 39.268333 
0.620000 44.966187 
0.650000 48.764756 
0.680000 52.563325 
0.710000 54.462610 
0.740000 48.764756 
0.770000 54.462610 
0.800000 56.361895 
0.830000 60.160464 
0.860000 62.059749 
0.890000 69.656887 
0.920000 77.254026 
0.950000 75.354741 
0.980000 82.951880 
1.010000 84.851165 
1.040000 82.951880 
1.070000 79.153311 
1.100000 88.649734 
1.130000 65.858318 
1.160000 98.146157 
1.190000 103.844011 
1.220000 98.146157 
1.250000 105.743296 
1.280000 100.045442 
1.310000 107.642581 
1.340000 111.441150 
1.370000 124.736143 
1.400000 113.340435 
1.430000 115.239719 
1.460000 130.433997 
1.490000 130.433997 
1.520000 126.635427 
1.550000 136.131851 
1.580000 132.333281 
1.610000 145.628274 
1.640000 151.326128 
1.670000 153.225412 
1.700000 145.628274 
1.730000 153.225412 
1.760000 155.124697 
1.790000 162.721836 
1.820000 158.923266 
1.850000 164.621120 
1.880000 160.822551 
1.910000 162.721836 
1.940000 166.520405 
1.970000 179.815398 
2.000000 181.714682 
2.030000 176.016828 
2.060000 183.613967 
2.090000 183.613967 
2.120000 189.311821 
2.150000 196.908960 
2.180000 193.110390 
2.210000 195.009675 
2.240000 206.405383 
2.270000 204.506098 
2.300000 204.506098 
2.330000 204.506098 
2.360000 198.808244 
2.390000 208.304668 
2.420000 215.901806 
2.450000 221.599660 
2.480000 231.096084 
2.490000 231.096084 
2.460000 231.096084 
2.430000 236.793938 
2.400000 255.786784 
2.370000 240.592507 
2.340000 240.592507 
2.310000 242.491792 
2.280000 253.887500 
2.250000 251.988215 
2.220000 253.887500 
2.190000 246.290361 
2.160000 248.189646 
2.130000 255.786784 
2.100000 250.088930 
2.070000 242.491792 
2.040000 257.686069 
2.010000 251.988215 
1.980000 246.290361 
1.950000 250.088930 
1.920000 257.686069 
1.890000 250.088930 
1.860000 246.290361 
1.830000 253.887500 
1.800000 242.491792 
1.770000 250.088930 
1.740000 244.391076 
1.710000 236.793938 
1.680000 236.793938 
1.650000 236.793938 
1.620000 238.693222 
1.590000 238.693222 
1.560000 234.894653 
1.530000 232.995368 
1.500000 229.196799 
1.470000 227.297514 
1.440000 232.995368 
1.410000 221.599660 
1.380000 225.398230 
1.350000 219.700376 
1.320000 221.599660 
1.290000 231.096084 
1.260000 212.103237 
1.230000 212.103237 
1.200000 210.203952 
1.170000 200.707529 
1.140000 200.707529 
1.110000 214.002522 
1.080000 193.110390 
1.050000 195.009675 
1.020000 198.808244 
0.990000 191.211106 
0.960000 185.513252 
0.930000 185.513252 
0.900000 181.714682 
0.870000 176.016828 
0.840000 181.714682 
0.810000 174.117544 
0.780000 166.520405 
0.750000 164.621120 
0.720000 168.419690 
0.690000 160.822551 
0.660000 164.621120 
0.630000 160.822551 
0.600000 151.326128 
0.570000 147.527558 
0.540000 141.829705 
0.510000 153.225412 
0.480000 145.628274 
0.450000 149.426843 
0.420000 151.326128 
0.390000 143.728989 
0.360000 141.829705 
0.330000 136.131851 
0.300000 134.232566 
0.270000 126.635427 
0.240000 122.836858 
0.210000 128.534712 
0.180000 115.239719 
0.150000 111.441150 
0.120000 107.642581 
0.090000 98.146157 
0.060000 98.146157 
0.030000 96.246873 
-0.000000 92.448303 
-0.030000 92.448303 
-0.060000 77.254026 
-0.090000 77.254026 
-0.120000 73.455457 
-0.150000 60.160464 
-0.180000 52.563325 
-0.210000 18.376201 
-0.240000 -8.213784 
-0.270000 -8.213784 
-0.300000 -19.609492 
-0.330000 -23.408061 
-0.360000 -29.105915 
-0.390000 -29.105915 
-0.420000 -12.012353 
-0.450000 -31.005200 
-0.480000 -29.105915 
-0.510000 -29.105915 
-0.540000 -31.005200 
-0.570000 -34.803769 
-0.600000 -36.703054 
-0.630000 -38.602339 
-0.660000 -46.199477 
-0.690000 -51.897331 
-0.720000 -51.897331 
-0.750000 -63.293039 
-0.780000 -59.494470 
-0.810000 -57.595185 
-0.840000 -65.192324 
-0.870000 -65.192324 
-0.900000 -68.990893 
-0.930000 -67.091609 
-0.960000 -76.588032 
-0.990000 -70.890178 
-1.020000 -68.990893 
-1.050000 -80.386601 
-1.080000 -78.487316 
-1.110000 -87.983740 
-1.140000 -91.782309 
-1.170000 -89.883024 
-1.200000 -95.580878 
-1.230000 -105.077302 
-1.260000 -106.976586 
-1.290000 -108.875871 
-1.320000 -108.875871 
-1.350000 -105.077302 
-1.380000 -122.170864 
-1.410000 -122.170864 
-1.440000 -124.070148 
-1.470000 -124.070148 
-1.500000 -122.170864 
-1.530000 -131.667287 
-1.560000 -133.566572 
-1.590000 -144.962280 
-1.620000 -148.760849 
-1.650000 -146.861564 
-1.680000 -156.357988 
-1.710000 -154.458703 
-1.740000 -148.760849 
-1.770000 -162.055842 
-1.800000 -165.854411 
-1.830000 -163.955126 
-1.860000 -171.552265 
-1.890000 -175.350834 
-1.920000 -169.652980 
-1.950000 -169.652980 
-1.980000 -177.250119 
-2.010000 -181.048688 
-2.040000 -175.350834 
-2.070000 -182.947973 
-2.100000 -192.444396 
-2.130000 -194.343681 
-2.160000 -200.041535 
-2.190000 -201.940820 
-2.220000 -203.840104 
-2.250000 -211.437243 
-2.280000 -215.235812 
-2.310000 -205.739389 
-2.340000 -213.336528 
-2.370000 -220.933666 
-2.400000 -213.336528 
-2.430000 -211.437243 
-2.460000 -226.631520 
-2.490000 -232.329374 
-2.480000 -234.228659 
-2.450000 -239.926513 
-2.420000 -234.228659 
-2.390000 -245.624367 
-2.360000 -234.228659 
-2.330000 -239.926513 
-2.300000 -247.523652 
-2.270000 -247.523652 
-2.240000 -257.020075 
-2.210000 -251.322221 
-2.180000 -257.020075 
-2.150000 -260.818644 
-2.120000 -249.422936 
-2.090000 -258.919360 
-2.060000 -255.120790 
-2.030000 -264.617214 
-2.000000 -251.322221 
-1.970000 -266.516498 
-1.940000 -264.617214 
-1.910000 -253.221506 
-1.880000 -257.020075 
-1.850000 -241.825798 
-1.820000 -243.725082 
-1.790000 -249.422936 
-1.760000 -249.422936 
-1.730000 -245.624367 
-1.700000 -239.926513 
-1.670000 -243.725082 
-1.640000 -232.329374 
-1.610000 -236.127944 
-1.580000 -251.322221 
-1.550000 -239.926513 
-1.520000 -234.228659 
-1.490000 -230.430090 
-1.460000 -222.832951 
-1.430000 -226.631520 
-1.400000 -222.832951 
-1.370000 -222.832951 
-1.340000 -219.034382 
-1.310000 -209.537958 
-1.280000 -209.537958 
-1.250000 -205.739389 
-1.220000 -200.041535 
-1.190000 -200.041535 
-1.160000 -188.645827 
-1.130000 -175.350834 
-1.100000 -196.242966 
-1.070000 -194.343681 
-1.040000 -184.847258 
-1.010000 -182.947973 
-0.980000 -167.753696 
-0.950000 -160.156557 
-0.920000 -173.451550 
-0.890000 -169.652980 
-0.860000 -156.357988 
-0.830000 -152.559418 
-0.800000 -160.156557 
-0.770000 -150.660134 
-0.740000 -152.559418 
-0.710000 -144.962280 
-0.680000 -143.062995 
-0.650000 -139.264426 
-0.620000 -135.465856 
-0.590000 -124.070148 
-0.560000 -124.070148 
-0.530000 -124.070148 
-0.500000 -118.372294 
-0.470000 -120.271579 
-0.440000 -116.473010 
-0.410000 -110.775156 
-0.380000 -112.674440 
-0.350000 -99.379448 
-0.320000 -105.077302 
-0.290000 -101.278732 
-0.260000 -93.681594 
-0.230000 -103.178017 
-0.200000 -95.580878 
-0.170000 -95.580878 
-0.140000 -87.983740 
-0.110000 -82.285886 
-0.080000 -78.487316 
-0.050000 -78.487316 
-0.020000 -78.487316 
0.010000 -67.091609 
0.040000 -59.494470 
0.070000 -59.494470 
0.100000 -40.501623 
0.130000 -29.105915 
0.160000 -12.012353 
0.190000 1.282639 
0.220000 1.282639 
0.250000 -2.515930 
0.280000 6.980493 
0.310000 -0.616645 
0.340000 -4.415215 
0.370000 5.081209 
0.400000 3.181924 
0.430000 -0.616645 
0.460000 8.879778 
0.490000 22.174771 
0.520000 31.671194 
0.550000 35.469763 
0.580000 43.066902 
0.610000 33.570479 
0.640000 46.865471 
0.670000 52.563325 
0.700000 44.966187 
0.730000 54.462610 
0.760000 60.160464 
0.790000 62.059749 
0.820000 63.959033 
0.850000 75.354741 
0.880000 67.757603 
0.910000 75.354741 
0.940000 73.455457 
0.970000 69.656887 
1.000000 75.354741 
1.030000 79.153311 
1.060000 77.254026 
1.090000 82.951880 
1.120000 94.347588 
1.150000 79.153311 
1.180000 90.549019 
1.210000 94.347588 
1.240000 96.246873 
1.270000 105.743296 
1.300000 107.642581 
1.330000 109.541865 
1.360000 113.340435 
1.390000 113.340435 
1.420000 113.340435 
1.450000 117.139004 
1.480000 122.836858 
1.510000 122.836858 
1.540000 120.937573 
1.570000 132.333281 
1.600000 141.829705 
1.630000 139.930420 
1.660000 151.326128 
1.690000 143.728989 
1.720000 153.225412 
1.750000 151.326128 
1.780000 162.721836 
1.810000 164.621120 
1.840000 170.318974 
1.870000 166.520405 
1.900000 168.419690 
1.930000 176.016828 
1.960000 185.513252 
1.990000 179.815398 
2.020000 183.613967 
2.050000 196.908960 
2.080000 181.714682 
2.110000 191.211106 
2.140000 202.606814 
2.170000 204.506098 
2.200000 196.908960 
2.230000 200.707529 
2.260000 212.103237 
2.290000 210.203952 
2.320000 214.002522 
2.350000 221.599660 
2.380000 229.196799 
2.410000 234.894653 
2.440000 234.894653 
2.470000 225.398230 
2.500000 246.290361 
2.470000 234.894653 
2.440000 244.391076 
2.410000 242.491792 
2.380000 251.988215 
2.350000 255.786784 
2.320000 251.988215 
2.290000 255.786784 
2.260000 253.887500 
2.230000 259.585354 
2.200000 255.786784 
2.170000 259.585354 
2.140000 261.484638 
2.110000 250.088930 
2.080000 263.383923 
2.050000 251.988215 
2.020000 259.585354 
1.990000 246.290361 
1.960000 259.585354 
1.930000 261.484638 
1.900000 248.189646 
1.870000 255.786784 
1.840000 248.189646 
1.810000 238.693222 
1.780000 242.491792 
1.750000 248.189646 
1.720000 251.988215 
1.690000 234.894653 
1.660000 244.391076 
1.630000 242.491792 
1.600000 238.693222 
1.570000 234.894653 
1.540000 227.297514 
1.510000 236.793938 
1.480000 232.995368 
1.450000 240.592507 
1.420000 242.491792 
1.390000 231.096084 
1.360000 221.599660 
1.330000 227.297514 
1.300000 214.002522 
1.270000 236.793938 
1.240000 214.002522 
1.210000 215.901806 
1.180000 215.901806 
1.150000 202.606814 
1.120000 206.405383 
1.090000 210.203952 
1.060000 202.606814 
1.030000 195.009675 
1.000000 196.908960 
0.970000 195.009675 
0.940000 181.714682 
0.910000 191.211106 
0.880000 187.412536 
0.850000 181.714682 
0.820000 176.016828 
0.790000 177.916113 
0.760000 168.419690 
0.730000 168.419690 
0.700000 168.419690 
0.670000 166.520405 
0.640000 158.923266 
0.610000 166.520405 
0.580000 164.621120 
0.550000 149.426843 
0.520000 145.628274 
0.490000 147.527558 
0.460000 147.527558 
0.430000 143.728989 
0.400000 138.031135 
0.370000 130.433997 
0.340000 122.836858 
0.310000 122.836858 
0.280000 124.736143 
0.250000 120.937573 
0.220000 115.239719 
0.190000 115.239719 
0.160000 101.944727 
0.130000 109.541865 
0.100000 101.944727 
0.070000 103.844011 
0.040000 94.347588 
0.010000 86.750449 
-0.020000 86.750449 
-0.050000 81.052595 
-0.080000 71.556172 
-0.110000 71.556172 
-0.140000 67.757603 
-0.170000 60.160464 
-0.200000 50.664041 
-0.230000 16.476917 
-0.260000 -12.012353 
-0.290000 -19.609492 
-0.320000 -8.213784 
-0.350000 -29.105915 
-0.380000 -32.904485 
-0.410000 -25.307346 
-0.440000 -32.904485 
-0.470000 -29.105915 
-0.500000 -36.703054 
-0.530000 -38.602339 
-0.560000 -42.400908 
-0.590000 -36.703054 
-0.620000 -42.400908 
-0.650000 -48.098762 
-0.680000 -46.199477 
-0.710000 -51.897331 
-0.740000 -51.897331 
-0.770000 -57.595185 
-0.800000 -63.293039 
-0.830000 -101.278732 
-0.860000 -63.293039 
-0.890000 -72.789462 
-0.920000 -67.091609 
-0.950000 -68.990893 
-0.980000 -74.688747 
-1.010000 -74.688747 
-1.040000 -76.588032 
-1.070000 -78.487316 
-1.100000 -87.983740 
-1.130000 -86.084455 
-1.160000 -93.681594 
-1.190000 -91.782309 
-1.220000 -99.379448 
-1.250000 -108.875871 
-1.280000 -105.077302 
-1.310000 -114.573725 
-1.340000 -106.976586 
-1.370000 -105.077302 
-1.400000 -112.674440 
-1.430000 -112.674440 
-1.460000 -118.372294 
-1.490000 -124.070148 
-1.520000 -131.667287 
-1.550000 -127.868718 
-1.580000 -133.566572 
-1.610000 -129.768002 
-1.640000 -143.062995 
-1.670000 -154.458703 
-1.700000 -150.660134 
-1.730000 -150.660134 
-1.760000 -150.660134 
-1.790000 -167.753696 
-1.820000 -165.854411 
-1.850000 -160.156557 
-1.880000 -160.156557 
-1.910000 -175.350834 
-1.940000 -173.451550 
-1.970000 -173.451550 
-2.000000 -179.149404 
-2.030000 -181.048688 
-2.060000 -196.242966 
-2.090000 -194.343681 
-2.120000 -200.041535 
-2.150000 -184.847258 
-2.180000 -190.545112 
-2.210000 -200.041535 
-2.240000 -196.242966 
-2.270000 -200.041535 
-2.300000 -200.041535 
-2.330000 -215.235812 
-2.360000 -224.732236 
-2.390000 -215.235812 
-2.420000 -219.034382 
-2.450000 -232.329374 
-2.480000 -222.832951 
-2.490000 -239.926513 
-2.460000 -241.825798 
-2.430000 -230.430090 
-2.400000 -239.926513 
-2.370000 -249.422936 
-2.340000 -236.127944 
-2.310000 -255.120790 
-2.280000 -239.926513 
-2.250000 -245.624367 
-2.220000 -253.221506 
-2.190000 -247.523652 
-2.160000 -255.120790 
-2.130000 -245.624367 
-2.100000 -247.523652 
-2.070000 -260.818644 
-2.040000 -255.120790 
-2.010000 -264.617214 
-1.980000 -258.919360 
-1.950000 -257.020075 
-1.920000 -251.322221 
-1.890000 -260.818644 
-1.860000 -257.020075 
-1.830000 -249.422936 
-1.800000 -255.120790 
-1.770000 -241.825798 
-1.740000 -247.523652 
-1.710000 -245.624367 
-1.680000 -236.127944 
-1.650000 -245.624367 
-1.620000 -230.430090 
-1.590000 -236.127944 
-1.560000 -236.127944 
-1.530000 -232.329374 
-1.500000 -224.732236 
-1.470000 -224.732236 
-1.440000 -228.530805 
-1.410000 -232.329374 
-1.380000 -222.832951 
-1.350000 -226.631520 
-1.320000 -220.933666 
-1.290000 -217.135097 
-1.260000 -226.631520 
-1.230000 -211.437243 
-1.200000 -209.537958 
-1.170000 -203.840104 
-1.140000 -196.242966 
-1.110000 -205.739389 
-1.080000 -196.242966 
-1.050000 -188.645827 
-1.020000 -188.645827 
-0.990000 -184.847258 
-0.960000 -196.242966 
-0.930000 -175.350834 
-0.900000 -184.847258 
-0.870000 -173.451550 
-0.840000 -169.652980 
-0.810000 -167.753696 
-0.780000 -152.559418 
-0.750000 -150.660134 
-0.720000 -144.962280 
-0.690000 -144.962280 
-0.660000 -139.264426 
-0.630000 -131.667287 
-0.600000 -127.868718 
-0.570000 -139.264426 
-0.540000 -127.868718 
-0.510000 -125.969433 
-0.480000 -124.070148 
-0.450000 -122.170864 
-0.420000 -118.372294 
-0.390000 -108.875871 
-0.360000 -99.379448 
-0.330000 -95.580878 
-0.300000 -91.782309 
-0.270000 -101.278732 
-0.240000 -97.480163 
-0.210000 -87.983740 
-0.180000 -82.285886 
-0.150000 -76.588032 
-0.120000 -67.091609 
-0.090000 -72.789462 
-0.060000 -70.890178 
-0.030000 -67.091609 
-0.000000 -65.192324 
0.030000 -61.393755 
0.060000 -59.494470 
0.090000 -49.998047 
0.120000 -29.105915 
0.150000 -8.213784 
0.180000 -0.616645 
0.210000 -2.515930 
0.240000 -0.616645 
0.270000 -2.515930 
0.300000 1.282639 
0.330000 -0.616645 
0.360000 -0.616645 
0.390000 -0.616645 
0.420000 8.879778 
0.450000 3.181924 
0.480000 16.476917 
0.510000 24.074055 
0.540000 31.671194 
0.570000 43.066902 
0.600000 44.966187 
0.630000 46.865471 
0.660000 50.664041 
0.690000 60.160464 
0.720000 60.160464 
0.750000 62.059749 
0.780000 71.556172 
0.810000 67.757603 
0.840000 71.556172 
0.870000 73.455457 
0.900000 73.455457 
0.930000 69.656887 
0.960000 67.757603 
0.990000 71.556172 
1.020000 67.757603 
1.050000 84.851165 
1.080000 92.448303 
1.110000 90.549019 
1.140000 94.347588 
1.170000 98.146157 
1.200000 88.649734 
1.230000 96.246873 
1.260000 100.045442 
1.290000 107.642581 
1.320000 109.541865 
1.350000 107.642581 
1.380000 84.851165 
1.410000 111.441150 
1.440000 122.836858 
1.470000 109.541865 
1.500000 138.031135 
1.530000 130.433997 
1.560000 136.131851 
1.590000 147.527558 
1.620000 138.031135 
1.650000 139.930420 
1.680000 143.728989 
1.710000 151.326128 
1.740000 149.426843 
1.770000 151.326128 
1.800000 153.225412 
1.830000 157.023982 
1.860000 160.822551 
1.890000 168.419690 
1.920000 170.318974 
1.950000 179.815398 
1.980000 183.613967 
2.010000 181.714682 
2.040000 181.714682 
2.070000 185.513252 
2.100000 193.110390 
2.130000 191.211106 
2.160000 206.405383 
2.190000 204.506098 
2.220000 208.304668 
2.250000 212.103237 
2.280000 206.405383 
2.310000 221.599660 
2.340000 227.297514 
2.370000 221.599660 
2.400000 232.995368 
2.430000 232.995368 
2.460000 234.894653 
2.490000 246.290361 
2.480000 238.693222 
2.450000 234.894653 
2.420000 242.491792 
2.390000 242.491792 
2.360000 255.786784 
2.330000 248.189646 
2.300000 259.585354 
2.270000 267.182492 
2.240000 253.887500 
2.210000 261.484638 
2.180000 259.585354 
2.150000 253.887500 
2.120000 251.988215 
2.090000 265.283208 
2.060000 257.686069 
2.030000 251.988215 
2.000000 251.988215 
1.970000 246.290361 
1.940000 248.189646 
1.910000 251.988215 
1.880000 255.786784 
1.850000 251.988215 
1.820000 246.290361 
1.790000 250.088930 
1.760000 242.491792 
1.730000 251.988215 
1.700000 248.189646 
1.670000 244.391076 
1.640000 250.088930 
1.610000 240.592507 
1.580000 248.189646 
1.550000 238.693222 
1.520000 236.793938 
1.490000 236.793938 
1.460000 225.398230 
1.430000 238.693222 
1.400000 231.096084 
1.370000 231.096084 
1.340000 225.398230 
1.310000 217.801091 
1.280000 221.599660 
1.250000 221.599660 
1.220000 215.901806 
1.190000 215.901806 
1.160000 200.707529 
1.130000 200.707529 
1.100000 212.103237 
1.070000 210.203952 
1.040000 195.009675 
1.010000 198.808244 
0.980000 193.110390 
0.950000 183.613967 
0.920000 196.908960 
0.890000 191.211106 
0.860000 183.613967 
0.830000 181.714682 
0.800000 185.513252 
0.770000 174.117544 
0.740000 174.117544 
0.710000 170.318974 
0.680000 166.520405 
0.650000 162.721836 
0.620000 158.923266 
0.590000 155.124697 
0.560000 153.225412 
0.530000 147.527558 
0.500000 147.527558 
0.470000 138.031135 
0.440000 134.232566 
0.410000 130.433997 
0.380000 128.534712 
0.350000 132.333281 
0.320000 124.736143 
0.290000 120.937573 
0.260000 119.038289 
0.230000 126.635427 
0.200000 124.736143 
0.170000 119.038289 
0.140000 119.038289 
0.110000 109.541865 
0.080000 107.642581 
0.050000 109.541865 
0.020000 100.045442 
-0.010000 96.246873 
-0.040000 92.448303 
-0.070000 86.750449 
-0.100000 81.052595 
-0.130000 75.354741 
-0.160000 75.354741 
-0.190000 50.664041 
-0.220000 18.376201 
-0.250000 -12.012353 
-0.280000 -15.810923 
-0.310000 -23.408061 
-0.340000 -25.307346 
-0.370000 -29.105915 
-0.400000 -29.105915 
-0.430000 -27.206631 
-0.460000 -38.602339 
-0.490000 -42.400908 
-0.520000 -48.098762 
-0.550000 -46.199477 
-0.580000 -42.400908 
-0.610000 -38.602339 
-0.640000 -49.998047 
-0.670000 -49.998047 
-0.700000 -55.695901 
-0.730000 -53.796616 
-0.760000 -46.199477 
-0.790000 -63.293039 
-0.820000 -63.293039 
-0.850000 -67.091609 
-0.880000 -61.393755 
-0.910000 -63.293039 
-0.940000 -72.789462 
-0.970000 -67.091609 
-1.000000 -76.588032 
-1.030000 -82.285886 
-1.060000 -82.285886 
-1.090000 -82.285886 
-1.120000 -89.883024 
-1.150000 -89.883024 
-1.180000 -105.077302 
-1.210000 -105.077302 
-1.240000 -105.077302 
-1.270000 -116.473010 
-1.300000 -110.775156 
-1.330000 -112.674440 
-1.360000 -112.674440 
-1.390000 -116.473010 
-1.420000 -120.271579 
-1.450000 -127.868718 
-1.480000 -114.573725 
-1.510000 -118.372294 
-1.540000 -129.768002 
-1.570000 -137.365141 
-1.600000 -133.566572 
-1.630000 -143.062995 
-1.660000 -144.962280 
-1.690000 -141.163710 
-1.720000 -156.357988 
-1.750000 -150.660134 
-1.780000 -150.660134 
-1.810000 -163.955126 
-1.840000 -163.955126 
-1.870000 -165.854411 
-1.900000 -167.753696 
-1.930000 -171.552265 
-1.960000 -173.451550 
-1.990000 -175.350834 
-2.020000 -179.149404 
-2.050000 -182.947973 
-2.080000 -184.847258 
-2.110000 -190.545112 
-2.140000 -196.242966 
-2.170000 -194.343681 
-2.200000 -198.142250 
-2.230000 -203.840104 
-2.260000 -211.437243 
-2.290000 -209.537958 
-2.320000 -201.940820 
-2.350000 -196.242966 
-2.380000 -215.235812 
-2.410000 -209.537958 
-2.440000 -220.933666 
-2.470000 -226.631520 
-2.500000 -220.933666 
-2.470000 -234.228659 
-2.440000 -241.825798 
-2.410000 -236.127944 
-2.380000 -238.027228 
-2.350000 -243.725082 
-2.320000 -241.825798 
-2.290000 -243.725082 
-2.260000 -234.228659 
-2.230000 -241.825798 
-2.200000 -241.825798 
-2.170000 -245.624367 
-2.140000 -243.725082 
-2.110000 -245.624367 
-2.080000 -249.422936 
-2.050000 -245.624367 
-2.020000 -245.624367 
-1.990000 -249.422936 
-1.960000 -251.322221 
-1.930000 -253.221506 
-1.900000 -245.624367 
-1.870000 -249.422936 
-1.840000 -253.221506 
-1.810000 -234.228659 
-1.780000 -241.825798 
-1.750000 -239.926513 
-1.720000 -249.422936 
-1.690000 -241.825798 
-1.660000 -239.926513 
-1.630000 -251.322221 
-1.600000 -228.530805 
-1.570000 -238.027228 
-1.540000 -232.329374 
-1.510000 -222.832951 
-1.480000 -232.329374 
-1.450000 -220.933666 
-1.420000 -220.933666 
-1.390000 -220.933666 
-1.360000 -211.437243 
-1.330000 -211.437243 
-1.300000 -213.336528 
-1.270000 -201.940820 
-1.240000 -220.933666 
-1.210000 -213.336528 
-1.180000 -200.041535 
-1.150000 -211.437243 
-1.120000 -200.041535 
-1.090000 -200.041535 
-1.060000 -194.343681 
-1.030000 -196.242966 
-1.000000 -196.242966 
-0.970000 -192.444396 
-0.940000 -184.847258 
-0.910000 -175.350834 
-0.880000 -188.645827 
-0.850000 -175.350834 
-0.820000 -175.350834 
-0.790000 -173.451550 
-0.760000 -160.156557 
-0.730000 -148.760849 
-0.700000 -146.861564 
-0.670000 -135.465856 
-0.640000 -150.660134 
-0.610000 -150.660134 
-0.580000 -139.264426 
-0.550000 -150.660134 
-0.520000 -129.768002 
-0.490000 -124.070148 
-0.460000 -129.768002 
-0.430000 -118.372294 
-0.400000 -131.667287 
-0.370000 -116.473010 
-0.340000 -114.573725 
-0.310000 -105.077302 
-0.280000 -89.883024 
-0.250000 -97.480163 
-0.220000 -97.480163 
-0.190000 -87.983740 
-0.160000 -87.983740 
-0.130000 -78.487316 
-0.100000 -72.789462 
-0.070000 -82.285886 
-0.040000 -65.192324 
-0.010000 -65.192324 
0.020000 -67.091609 
0.050000 -57.595185 
0.080000 -44.300193 
0.110000 -42.400908 
0.140000 -17.710207 
0.170000 -12.012353 
0.200000 -0.616645 
0.230000 5.081209 
0.260000 -0.616645 
0.290000 -0.616645 
0.320000 1.282639 
0.350000 3.181924 
0.380000 1.282639 
0.410000 1.282639 
0.440000 -2.515930 
0.470000 6.980493 
0.500000 6.980493 
0.530000 25.973340 
0.560000 31.671194 
0.590000 31.671194 
0.620000 43.066902 
0.650000 48.764756 
0.680000 48.764756 
0.710000 48.764756 
0.740000 58.261179 
0.770000 58.261179 
0.800000 67.757603 
0.830000 63.959033 
0.860000 63.959033 
0.890000 69.656887 
0.920000 69.656887 
0.950000 73.455457 
0.980000 73.455457 
1.010000 69.656887 
1.040000 77.254026 
1.070000 79.153311 
1.100000 81.052595 
1.130000 92.448303 
1.160000 96.246873 
1.190000 100.045442 
1.220000 71.556172 
1.250000 103.844011 
1.280000 105.743296 
1.310000 90.549019 
1.340000 115.239719 
1.370000 115.239719 
1.400000 115.239719 
1.430000 119.038289 
1.460000 128.534712 
1.490000 124.736143 
1.520000 128.534712 
1.550000 124.736143 
1.580000 134.232566 
1.610000 139.930420 
1.640000 138.031135 
1.670000 139.930420 
1.700000 143.728989 
1.730000 149.426843 
1.760000 149.426843 
1.790000 153.225412 
1.820000 149.426843 
1.850000 162.721836 
1.880000 162.721836 
1.910000 162.721836 
1.940000 176.016828 
1.970000 168.419690 
2.000000 174.117544 
2.030000 176.016828 
2.060000 185.513252 
2.090000 189.311821 
2.120000 196.908960 
2.150000 195.009675 
2.180000 202.606814 
2.210000 196.908960 
2.240000 200.707529 
2.270000 208.304668 
2.300000 212.103237 
2.330000 217.801091 
2.360000 217.801091 
2.390000 214.002522 
2.420000 227.297514 
2.450000 227.297514 
2.480000 234.894653 
2.490000 234.894653 
2.460000 238.693222 
2.430000 248.189646 
2.400000 248.189646 
2.370000 246.290361 
2.340000 251.988215 
2.310000 246.290361 
2.280000 253.887500 
2.250000 250.088930 
2.220000 261.484638 
2.190000 253.887500 
2.160000 251.988215 
2.130000 255.786784 
2.100000 248.189646 
2.070000 251.988215 
2.040000 250.088930 
2.010000 250.088930 
1.980000 250.088930 
1.950000 257.686069 
1.920000 255.786784 
1.890000 253.887500 
1.860000 259.585354 
1.830000 255.786784 
1.800000 251.988215 
1.770000 255.786784 
1.740000 251.988215 
1.710000 251.988215 
1.680000 244.391076 
1.650000 246.290361 
1.620000 251.988215 
1.590000 234.894653 
1.560000 248.189646 
1.530000 246.290361 
1.500000 242.491792 
1.470000 236.793938 
1.440000 236.793938 
1.410000 229.196799 
1.380000 229.196799 
1.350000 234.894653 
1.320000 225.398230 
1.290000 217.801091 
1.260000 227.297514 
1.230000 221.599660 
1.200000 223.498945 
1.170000 219.700376 
1.140000 210.203952 
1.110000 204.506098 
1.080000 215.901806 
1.050000 200.707529 
1.020000 196.908960 
0.990000 198.808244 
0.960000 200.707529 
0.930000 196.908960 
0.900000 193.110390 
0.870000 191.211106 
0.840000 185.513252 
0.810000 183.613967 
0.780000 176.016828 
0.750000 170.318974 
0.720000 174.117544 
0.690000 168.419690 
0.660000 158.923266 
0.630000 158.923266 
0.600000 149.426843 
0.570000 153.225412 
0.540000 141.829705 
0.510000 149.426843 
0.480000 145.628274 
0.450000 147.527558 
0.420000 149.426843 
0.390000 143.728989 
0.360000 139.930420 
0.330000 130.433997 
0.300000 126.635427 
0.270000 128.534712 
0.240000 122.836858 
0.210000 124.736143 
0.180000 124.736143 
0.150000 119.038289 
0.120000 115.239719 
0.090000 109.541865 
0.060000 101.944727 
0.030000 100.045442 
0.000000 94.347588 
-0.030000 88.649734 
-0.060000 79.153311 
-0.090000 81.052595 
-0.120000 73.455457 
-0.150000 73.455457 
-0.180000 63.959033 
-0.210000 46.865471 
-0.240000 14.577632 
-0.270000 -10.113069 
-0.300000 -13.911638 
-0.330000 -25.307346 
-0.360000 -21.508777 
-0.390000 -31.005200 
-0.420000 -32.904485 
-0.450000 -29.105915 
-0.480000 -38.602339 
-0.510000 -36.703054 
-0.540000 -38.602339 
-0.570000 -42.400908 
-0.600000 -48.098762 
-0.630000 -42.400908 
-0.660000 -46.199477 
-0.690000 -46.199477 
-0.720000 -51.897331 
-0.750000 -48.098762 
-0.780000 -59.494470 
-0.810000 -63.293039 
-0.840000 -59.494470 
-0.870000 -61.393755 
-0.900000 -65.192324 
-0.930000 -68.990893 
-0.960000 -68.990893 
-0.990000 -76.588032 
-1.020000 -76.588032 
-1.050000 -72.789462 
-1.080000 -84.185170 
-1.110000 -82.285886 
-1.140000 -87.983740 
-1.170000 -86.084455 
-1.200000 -93.681594 
-1.230000 -101.278732 
-1.260000 -99.379448 
-1.290000 -105.077302 
-1.320000 -103.178017 
-1.350000 -108.875871 
-1.380000 -120.271579 
-1.410000 -120.271579 
-1.440000 -120.271579 
-1.470000 -122.170864 
-1.500000 -135.465856 
-1.530000 -135.465856 
-1.560000 -131.667287 
-1.590000 -143.062995 
-1.620000 -135.465856 
-1.650000 -141.163710 
-1.680000 -156.357988 
-1.710000 -150.660134 
-1.740000 -150.660134 
-1.770000 -169.652980 
-1.800000 -156.357988 
-1.830000 -158.257272 
-1.860000 -165.854411 
-1.890000 -171.552265 
-1.920000 -165.854411 
-1.950000 -169.652980 
-1.980000 -169.652980 
-2.010000 -173.451550 
-2.040000 -179.149404 
-2.070000 -184.847258 
-2.100000 -182.947973 
-2.130000 -196.242966 
-2.160000 -192.444396 
-2.190000 -198.142250 
-2.220000 -200.041535 
-2.250000 -211.437243 
-2.280000 -207.638674 
-2.310000 -215.235812 
-2.340000 -203.840104 
-2.370000 -220.933666 
-2.400000 -224.732236 
-2.430000 -224.732236 
-2.460000 -226.631520 
-2.490000 -234.228659 
-2.480000 -220.933666 
-2.450000 -234.228659 
-2.420000 -232.329374 
-2.390000 -249.422936 
-2.360000 -239.926513 
-2.330000 -239.926513 
-2.300000 -249.422936 
-2.270000 -245.624367 
-2.240000 -243.725082 
-2.210000 -239.926513 
-2.180000 -239.926513 
-2.150000 -251.322221 
-2.120000 -239.926513 
-2.090000 -245.624367 
-2.060000 -245.624367 
-2.030000 -241.825798 
-2.000000 -255.120790 
-1.970000 -236.127944 
-1.940000 -243.725082 
-1.910000 -264.617214 
-1.880000 -243.725082 
-1.850000 -243.725082 
-1.820000 -241.825798 
-1.790000 -234.228659 
-1.760000 -245.624367 
-1.730000 -241.825798 
-1.700000 -238.027228 
-1.670000 -234.228659 
-1.640000 -230.430090 
-1.610000 -238.027228 
-1.580000 -238.027228 
-1.550000 -238.027228 
-1.520000 -226.631520 
-1.490000 -241.825798 
-1.460000 -234.228659 
-1.430000 -224.732236 
-1.400000 -228.530805 
-1.370000 -220.933666 
-1.340000 -211.437243 
-1.310000 -211.437243 
-1.280000 -200.041535 
-1.250000 -211.437243 
-1.220000 -205.739389 
-1.190000 -198.142250 
-1.160000 -203.840104 
-1.130000 -200.041535 
-1.100000 -190.545112 
-1.070000 -200.041535 
-1.040000 -194.343681 
-1.010000 -186.746542 
-0.980000 -192.444396 
-0.950000 -184.847258 
-0.920000 -181.048688 
-0.890000 -173.451550 
-0.860000 -182.947973 
-0.830000 -181.048688 
-0.800000 -171.552265 
-0.770000 -171.552265 
-0.740000 -163.955126 
-0.710000 -162.055842 
-0.680000 -167.753696 
-0.650000 -150.660134 
-0.620000 -148.760849 
-0.590000 -148.760849 
-0.560000 -137.365141 
-0.530000 -137.365141 
-0.500000 -122.170864 
-0.470000 -129.768002 
-0.440000 -122.170864 
-0.410000 -131.667287 
-0.380000 -124.070148 
-0.350000 -114.573725 
-0.320000 -108.875871 
-0.290000 -110.775156 
-0.260000 -106.976586 
-0.230000 -103.178017 
-0.200000 -99.379448 
-0.170000 -95.580878 
-0.140000 -91.782309 
-0.110000 -80.386601 
-0.080000 -86.084455 
-0.050000 -80.386601 
-0.020000 -76.588032 
0.010000 -76.588032 
0.040000 -68.990893 
0.070000 -59.494470 
0.100000 -48.098762 
0.130000 -23.408061 
0.160000 -10.113069 
0.190000 5.081209 
0.220000 1.282639 
0.250000 -0.616645 
0.280000 6.980493 
0.310000 -0.616645 
0.340000 -2.515930 
0.370000 8.879778 
0.400000 1.282639 
0.430000 10.779063 
0.460000 6.980493 
0.490000 5.081209 
0.520000 24.074055 
0.550000 39.268333 
0.580000 41.167617 
0.610000 43.066902 
0.640000 54.462610 
0.670000 52.563325 
0.700000 50.664041 
0.730000 63.959033 
0.760000 63.959033 
0.790000 60.160464 
0.820000 60.160464 
0.850000 71.556172 
0.880000 75.354741 
0.910000 77.254026 
0.940000 69.656887 
0.970000 69.656887 
1.000000 77.254026 
1.030000 73.455457 
1.060000 77.254026 
1.090000 88.649734 
1.120000 84.851165 
1.150000 96.246873 
1.180000 92.448303 
1.210000 101.944727 
1.240000 107.642581 
1.270000 105.743296 
1.300000 103.844011 
1.330000 105.743296 
1.360000 115.239719 
1.390000 120.937573 
1.420000 111.441150 
1.450000 115.239719 
1.480000 130.433997 
1.510000 122.836858 
1.540000 126.635427 
1.570000 138.031135 
1.600000 136.131851 
1.630000 136.131851 
1.660000 134.232566 
1.690000 115.239719 
1.720000 147.527558 
1.750000 157.023982 
1.780000 153.225412 
1.810000 157.023982 
1.840000 176.016828 
1.870000 176.016828 
1.900000 170.318974 
1.930000 168.419690 
1.960000 177.916113 
1.990000 185.513252 
2.020000 183.613967 
2.050000 187.412536 
2.080000 191.211106 
2.110000 191.211106 
2.140000 214.002522 
2.170000 204.506098 
2.200000 195.009675 
2.230000 198.808244 
2.260000 215.901806 
2.290000 206.405383 
2.320000 234.894653 
2.350000 225.398230 
2.380000 214.002522 
2.410000 227.297514 
2.440000 232.995368 
2.470000 231.096084 
2.500000 244.391076 
2.470000 234.894653 
2.440000 251.988215 
2.410000 238.693222 
2.380000 250.088930 
2.350000 259.585354 
2.320000 251.988215 
2.290000 253.887500 
2.260000 246.290361 
2.230000 257.686069 
2.200000 250.088930 
2.170000 248.189646 
2.140000 261.484638 
2.110000 253.887500 
2.080000 253.887500 
2.050000 253.887500 
2.020000 259.585354 
1.990000 255.786784 
1.960000 251.988215 
1.930000 265.283208 
1.900000 259.585354 
1.870000 265.283208 
1.840000 257.686069 
1.810000 248.189646 
1.780000 251.988215 
1.750000 242.491792 
1.720000 259.585354 
1.690000 248.189646 
1.660000 250.088930 
1.630000 246.290361 
1.600000 242.491792 
1.570000 240.592507 
1.540000 232.995368 
1.510000 242.491792 
1.480000 234.894653 
1.450000 232.995368 
1.420000 236.793938 
1.390000 227.297514 
1.360000 232.995368 
1.330000 223.498945 
1.300000 221.599660 
1.270000 227.297514 
1.240000 215.901806 
1.210000 219.700376 
1.180000 214.002522 
1.150000 219.700376 
1.120000 212.103237 
1.090000 210.203952 
1.060000 204.506098 
1.030000 196.908960 
1.000000 196.908960 
0.970000 193.110390 
0.940000 193.110390 
0.910000 187.412536 
0.880000 185.513252 
0.850000 179.815398 
0.820000 179.815398 
0.790000 176.016828 
0.760000 170.318974 
0.730000 174.117544 
0.700000 174.117544 
0.670000 164.621120 
0.640000 168.419690 
0.610000 160.822551 
0.580000 162.721836 
0.550000 151.326128 
0.520000 153.225412 
0.490000 151.326128 
0.460000 141.829705 
0.430000 147.527558 
0.400000 136.131851 
0.370000 139.930420 
0.340000 132.333281 
0.310000 126.635427 
0.280000 120.937573 
0.250000 119.038289 
0.220000 119.038289 
0.190000 120.937573 
0.160000 115.239719 
0.130000 98.146157 
0.100000 100.045442 
0.070000 103.844011 
0.040000 92.448303 
0.010000 92.448303 
-0.020000 92.448303 
-0.050000 82.951880 
-0.080000 77.254026 
-0.110000 75.354741 
-0.140000 67.757603 
-0.170000 60.160464 
-0.200000 48.764756 
-0.230000 22.174771 
-0.260000 -12.012353 
-0.290000 6.980493 
-0.320000 -25.307346 
-0.350000 -32.904485 
-0.380000 -27.206631 
-0.410000 -29.105915 
-0.440000 -36.703054 
-0.470000 -29.105915 
-0.500000 -40.501623 
-0.530000 -46.199477 
-0.560000 -46.199477 
-0.590000 -36.703054 
-0.620000 -42.400908 
-0.650000 -44.300193 
-0.680000 -38.602339 
-0.710000 -38.602339 
-0.740000 -57.595185 
-0.770000 -55.695901 
-0.800000 -55.695901 
-0.830000 -61.393755 
-0.860000 -67.091609 
-0.890000 -76.588032 
-0.920000 -76.588032 
-0.950000 -80.386601 
-0.980000 -76.588032 
-1.010000 -80.386601 
-1.040000 -87.983740 
-1.070000 -80.386601 
-1.100000 -89.883024 
-1.130000 -89.883024 
-1.160000 -89.883024 
-1.190000 -105.077302 
-1.220000 -108.875871 
-1.250000 -106.976586 
-1.280000 -114.573725 
-1.310000 -106.976586 
-1.340000 -110.775156 
-1.370000 -122.170864 
-1.400000 -112.674440 
-1.430000 -118.372294 
-1.460000 -125.969433 
-1.490000 -122.170864 
-1.520000 -124.070148 
-1.550000 -156.357988 
-1.580000 -139.264426 
-1.610000 -131.667287 
-1.640000 -135.465856 
-1.670000 -144.962280 
-1.700000 -144.962280 
-1.730000 -152.559418 
-1.760000 -154.458703 
-1.790000 -162.055842 
-1.820000 -165.854411 
-1.850000 -158.257272 
-1.880000 -169.652980 
-1.910000 -167.753696 
-1.940000 -154.458703 
-1.970000 -175.350834 
-2.000000 -169.652980 
-2.030000 -173.451550 
-2.060000 -184.847258 
-2.090000 -190.545112 
-2.120000 -211.437243 
-2.150000 -190.545112 
-2.180000 -192.444396 
-2.210000 -203.840104 
-2.240000 -190.545112 
-2.270000 -200.041535 
-2.300000 -209.537958 
-2.330000 -205.739389 
-2.360000 -209.537958 
-2.390000 -222.832951 
-2.420000 -219.034382 
-2.450000 -220.933666 
-2.480000 -234.228659 
-2.490000 -226.631520 
-2.460000 -228.530805 
-2.430000 -257.020075 
-2.400000 -232.329374 
-2.370000 -247.523652 
-2.340000 -236.127944 
-2.310000 -236.127944 
-2.280000 -245.624367 
-2.250000 -239.926513 
-2.220000 -243.725082 
-2.190000 -236.127944 
-2.160000 -241.825798 
-2.130000 -245.624367 
-2.100000 -241.825798 
-2.070000 -245.624367 
-2.040000 -243.725082 
-2.010000 -243.725082 
-1.980000 -247.523652 
-1.950000 -238.027228 
-1.920000 -241.825798 
-1.890000 -238.027228 
-1.860000 -241.825798 
-1.830000 -243.725082 
-1.800000 -224.732236 
-1.770000 -239.926513 
-1.740000 -230.430090 
-1.710000 -226.631520 
-1.680000 -222.832951 
-1.650000 -230.430090 
-1.620000 -226.631520 
-1.590000 -228.530805 
-1.560000 -266.516498 
-1.530000 -236.127944 
-1.500000 -226.631520 
-1.470000 -213.336528 
-1.440000 -226.631520 
-1.410000 -224.732236 
-1.380000 -217.135097 
-1.350000 -217.135097 
-1.320000 -213.336528 
-1.290000 -213.336528 
-1.260000 -219.034382 
-1.230000 -207.638674 
-1.200000 -209.537958 
-1.170000 -194.343681 
-1.140000 -200.041535 
-1.110000 -203.840104 
-1.080000 -215.235812 
-1.050000 -182.947973 
-1.020000 -188.645827 
-0.990000 -179.149404 
-0.960000 -182.947973 
-0.930000 -175.350834 
-0.900000 -167.753696 
-0.870000 -169.652980 
-0.840000 -156.357988 
-0.810000 -175.350834 
-0.780000 -163.955126 
-0.750000 -158.257272 
-0.720000 -167.753696 
-0.690000 -158.257272 
-0.660000 -144.962280 
-0.630000 -137.365141 
-0.600000 -146.861564 
-0.570000 -158.257272 
-0.540000 -141.163710 
-0.510000 -135.465856 
-0.480000 -124.070148 
-0.450000 -129.768002 
-0.420000 -122.170864 
-0.390000 -122.170864 
-0.360000 -112.674440 
-0.330000 -122.170864 
-0.300000 -114.573725 
-0.270000 -99.379448 
-0.240000 -110.775156 
-0.210000 -103.178017 
-0.180000 -87.983740 
-0.150000 -91.782309 
-0.120000 -89.883024 
-0.090000 -78.487316 
-0.060000 -68.990893 
-0.030000 -68.990893 
