0.000000 -55.695901 
0.060000 -51.897331 
0.120000 -32.904485 
0.180000 -27.206631 
0.240000 -17.710207 
0.300000 1.282639 
0.360000 5.081209 
0.420000 -0.616645 
0.480000 5.081209 
0.540000 -0.616645 
0.600000 -6.314499 
0.660000 1.282639 
0.720000 -2.515930 
0.780000 16.476917 
0.840000 41.167617 
0.900000 52.563325 
0.960000 56.361895 
1.020000 60.160464 
1.080000 65.858318 
1.140000 63.959033 
1.200000 69.656887 
1.260000 84.851165 
1.320000 69.656887 
1.380000 96.246873 
1.440000 105.743296 
1.500000 98.146157 
1.560000 109.541865 
1.620000 113.340435 
1.680000 96.246873 
1.740000 128.534712 
1.800000 139.930420 
1.860000 141.829705 
1.920000 143.728989 
1.980000 139.930420 
2.040000 149.426843 
2.100000 166.520405 
2.160000 170.318974 
2.220000 176.016828 
2.280000 176.016828 
2.340000 185.513252 
2.400000 185.513252 
2.460000 200.707529 
2.480000 198.808244 
2.420000 196.908960 
2.360000 214.002522 
2.300000 219.700376 
2.240000 214.002522 
2.180000 227.297514 
2.120000 227.297514 
2.060000 227.297514 
2.000000 234.894653 
1.940000 229.196799 
1.880000 229.196799 
1.820000 231.096084 
1.760000 225.398230 
1.700000 242.491792 
1.640000 236.793938 
1.580000 231.096084 
1.520000 229.196799 
1.460000 227.297514 
1.400000 221.599660 
1.340000 221.599660 
1.280000 214.002522 
1.220000 221.599660 
1.160000 217.801091 
1.100000 202.606814 
1.040000 204.506098 
0.980000 206.405383 
0.920000 198.808244 
0.860000 196.908960 
0.800000 200.707529 
0.740000 195.009675 
0.680000 185.513252 
0.620000 174.117544 
0.560000 174.117544 
0.500000 176.016828 
0.440000 176.016828 
0.380000 168.419690 
0.320000 153.225412 
0.260000 160.822551 
0.200000 160.822551 
0.140000 151.326128 
0.080000 147.527558 
0.020000 141.829705 
-0.040000 130.433997 
-0.100000 122.836858 
-0.160000 117.139004 
-0.220000 115.239719 
-0.280000 105.743296 
-0.340000 82.951880 
-0.400000 14.577632 
-0.460000 -0.616645 
-0.520000 -8.213784 
-0.580000 -23.408061 
-0.640000 -38.602339 
-0.700000 -38.602339 
-0.760000 -46.199477 
-0.820000 -53.796616 
-0.880000 -46.199477 
-0.940000 -51.897331 
-1.000000 -67.091609 
-1.060000 -57.595185 
-1.120000 -74.688747 
-1.180000 -68.990893 
-1.240000 -72.789462 
-1.300000 -89.883024 
-1.360000 -89.883024 
-1.420000 -99.379448 
-1.480000 -106.976586 
-1.540000 -110.775156 
-1.600000 -124.070148 
-1.660000 -124.070148 
-1.720000 -133.566572 
-1.780000 -144.962280 
-1.840000 -135.465856 
-1.900000 -148.760849 
-1.960000 -156.357988 
-2.020000 -160.156557 
-2.080000 -162.055842 
-2.140000 -167.753696 
-2.200000 -173.451550 
-2.260000 -188.645827 
-2.320000 -188.645827 
-2.380000 -203.840104 
-2.440000 -201.940820 
-2.500000 -211.437243 
-2.440000 -215.235812 
-2.380000 -215.235812 
-2.320000 -217.135097 
-2.260000 -215.235812 
-2.200000 -215.235812 
-2.140000 -222.832951 
-2.080000 -226.631520 
-2.020000 -215.235812 
-1.960000 -230.430090 
-1.900000 -230.430090 
-1.840000 -226.631520 
-1.780000 -226.631520 
-1.720000 -211.437243 
-1.660000 -226.631520 
-1.600000 -226.631520 
-1.540000 -215.235812 
-1.480000 -230.430090 
-1.420000 -213.336528 
-1.360000 -209.537958 
-1.300000 -209.537958 
-1.240000 -200.041535 
-1.180000 -196.242966 
-1.120000 -188.645827 
-1.060000 -192.444396 
-1.000000 -198.142250 
-0.940000 -196.242966 
-0.880000 -188.645827 
-0.820000 -186.746542 
-0.760000 -184.847258 
-0.700000 -181.048688 
-0.640000 -181.048688 
-0.580000 -177.250119 
-0.520000 -163.955126 
-0.460000 -154.458703 
-0.400000 -163.955126 
-0.340000 -150.660134 
-0.280000 -144.962280 
-0.220000 -135.465856 
-0.160000 -133.566572 
-0.100000 -127.868718 
-0.040000 -122.170864 
0.020000 -110.775156 
0.080000 -103.178017 
0.140000 -95.580878 
0.200000 -82.285886 
0.260000 -84.185170 
0.320000 -63.293039 
0.380000 -44.300193 
0.440000 -23.408061 
0.500000 -17.710207 
0.560000 -0.616645 
0.620000 18.376201 
0.680000 1.282639 
0.740000 29.771909 
0.800000 35.469763 
0.860000 33.570479 
0.920000 43.066902 
0.980000 50.664041 
1.040000 22.174771 
1.100000 60.160464 
1.160000 63.959033 
1.220000 71.556172 
1.280000 86.750449 
1.340000 82.951880 
1.400000 96.246873 
1.460000 94.347588 
1.520000 98.146157 
1.580000 111.441150 
1.640000 115.239719 
1.700000 124.736143 
1.760000 124.736143 
1.820000 124.736143 
1.880000 138.031135 
1.940000 136.131851 
2.000000 153.225412 
2.060000 158.923266 
2.120000 166.520405 
2.180000 168.419690 
2.240000 177.916113 
2.300000 179.815398 
2.360000 177.916113 
2.420000 196.908960 
2.480000 198.808244 
2.460000 200.707529 
2.400000 210.203952 
2.340000 210.203952 
2.280000 214.002522 
2.220000 229.196799 
2.160000 225.398230 
2.100000 227.297514 
2.040000 242.491792 
1.980000 215.901806 
1.920000 189.311821 
1.860000 229.196799 
1.800000 225.398230 
1.740000 229.196799 
1.680000 229.196799 
1.620000 225.398230 
1.560000 221.599660 
1.500000 215.901806 
1.440000 221.599660 
1.380000 221.599660 
1.320000 214.002522 
1.260000 210.203952 
1.200000 206.405383 
1.140000 208.304668 
1.080000 204.506098 
1.020000 200.707529 
0.960000 195.009675 
0.900000 191.211106 
0.840000 193.110390 
0.780000 191.211106 
0.720000 185.513252 
0.660000 185.513252 
0.600000 176.016828 
0.540000 164.621120 
0.480000 166.520405 
0.420000 160.822551 
0.360000 153.225412 
0.300000 164.621120 
0.240000 155.124697 
0.180000 151.326128 
0.120000 143.728989 
0.060000 143.728989 
-0.000000 126.635427 
-0.060000 122.836858 
-0.120000 120.937573 
-0.180000 105.743296 
-0.240000 103.844011 
-0.300000 92.448303 
-0.360000 33.570479 
-0.420000 -0.616645 
-0.480000 -6.314499 
-0.540000 -15.810923 
-0.600000 -32.904485 
-0.660000 -38.602339 
-0.720000 -46.199477 
-0.780000 -48.098762 
-0.840000 -44.300193 
-0.900000 -49.998047 
-0.960000 -51.897331 
-1.020000 -63.293039 
-1.080000 -67.091609 
-1.140000 -59.494470 
-1.200000 -76.588032 
-1.260000 -80.386601 
-1.320000 -89.883024 
-1.380000 -89.883024 
-1.440000 -103.178017 
-1.500000 -112.674440 
-1.560000 -112.674440 
-1.620000 -125.969433 
-1.680000 -133.566572 
-1.740000 -133.566572 
-1.800000 -135.465856 
-1.860000 -148.760849 
-1.920000 -160.156557 
-1.980000 -158.257272 
-2.040000 -165.854411 
-2.100000 -171.552265 
-2.160000 -192.444396 
-2.220000 -179.149404 
-2.280000 -184.847258 
-2.340000 -192.444396 
-2.400000 -201.940820 
-2.460000 -211.437243 
-2.480000 -209.537958 
-2.420000 -213.336528 
-2.360000 -219.034382 
-2.300000 -211.437243 
-2.240000 -226.631520 
-2.180000 -217.135097 
-2.120000 -226.631520 
-2.060000 -217.135097 
-2.000000 -222.832951 
-1.940000 -232.329374 
-1.880000 -226.631520 
-1.820000 -228.530805 
-1.760000 -228.530805 
-1.700000 -230.430090 
-1.640000 -228.530805 
-1.580000 -226.631520 
-1.520000 -230.430090 
-1.460000 -220.933666 
-1.400000 -209.537958 
-1.340000 -224.732236 
-1.280000 -211.437243 
-1.220000 -196.242966 
-1.160000 -194.343681 
-1.100000 -194.343681 
-1.040000 -198.142250 
-0.980000 -198.142250 
-0.920000 -188.645827 
-0.860000 -194.343681 
-0.800000 -190.545112 
-0.740000 -181.048688 
-0.680000 -179.149404 
-0.620000 -192.444396 
-0.560000 -177.250119 
-0.500000 -158.257272 
-0.440000 -169.652980 
-0.380000 -160.156557 
-0.320000 -150.660134 
-0.260000 -146.861564 
-0.200000 -129.768002 
-0.140000 -129.768002 
-0.080000 -127.868718 
-0.020000 -114.573725 
0.040000 -106.976586 
0.100000 -112.674440 
0.160000 -97.480163 
0.220000 -87.983740 
0.280000 -80.386601 
0.340000 -63.293039 
0.400000 -48.098762 
0.460000 -36.703054 
0.520000 -8.213784 
0.580000 12.678347 
0.640000 24.074055 
0.700000 29.771909 
0.760000 33.570479 
0.820000 46.865471 
0.880000 52.563325 
0.940000 52.563325 
1.000000 67.757603 
1.060000 60.160464 
1.120000 67.757603 
1.180000 75.354741 
1.240000 69.656887 
1.300000 79.153311 
1.360000 88.649734 
1.420000 94.347588 
1.480000 88.649734 
1.540000 107.642581 
1.600000 111.441150 
1.660000 105.743296 
1.720000 122.836858 
1.780000 136.131851 
1.840000 136.131851 
1.900000 143.728989 
1.960000 145.628274 
2.020000 134.232566 
2.080000 157.023982 
2.140000 166.520405 
2.200000 153.225412 
2.260000 176.016828 
2.320000 177.916113 
2.380000 139.930420 
2.440000 196.908960 
2.500000 191.211106 
2.440000 202.606814 
2.380000 217.801091 
2.320000 212.103237 
2.260000 214.002522 
2.200000 221.599660 
2.140000 234.894653 
2.080000 217.801091 
2.020000 231.096084 
1.960000 227.297514 
1.900000 219.700376 
1.840000 231.096084 
1.780000 225.398230 
1.720000 223.498945 
1.660000 232.995368 
1.600000 221.599660 
1.540000 227.297514 
1.480000 215.901806 
1.420000 219.700376 
1.360000 225.398230 
1.300000 214.002522 
1.240000 204.506098 
1.180000 212.103237 
1.120000 198.808244 
1.060000 198.808244 
1.000000 196.908960 
0.940000 191.211106 
0.880000 183.613967 
0.820000 185.513252 
0.760000 174.117544 
0.700000 174.117544 
0.640000 174.117544 
0.580000 168.419690 
0.520000 166.520405 
0.460000 168.419690 
0.400000 162.721836 
0.340000 160.822551 
0.280000 153.225412 
0.220000 143.728989 
0.160000 145.628274 
0.100000 136.131851 
0.040000 138.031135 
-0.020000 126.635427 
-0.080000 124.736143 
-0.140000 122.836858 
-0.200000 109.541865 
-0.260000 105.743296 
-0.320000 88.649734 
-0.380000 35.469763 
-0.440000 8.879778 
-0.500000 -10.113069 
-0.560000 -23.408061 
-0.620000 -32.904485 
-0.680000 -34.803769 
-0.740000 -46.199477 
-0.800000 -51.897331 
-0.860000 -40.501623 
-0.920000 -57.595185 
-0.980000 -55.695901 
-1.040000 -63.293039 
-1.100000 -68.990893 
-1.160000 -68.990893 
-1.220000 -76.588032 
-1.280000 -70.890178 
-1.340000 -86.084455 
-1.400000 -89.883024 
-1.460000 -103.178017 
-1.520000 -116.473010 
-1.580000 -122.170864 
-1.640000 -122.170864 
-1.700000 -129.768002 
-1.760000 -135.465856 
-1.820000 -150.660134 
-1.880000 -182.947973 
-1.940000 -156.357988 
-2.000000 -158.257272 
-2.060000 -165.854411 
-2.120000 -162.055842 
-2.180000 -173.451550 
-2.240000 -175.350834 
-2.300000 -192.444396 
-2.360000 -198.142250 
-2.420000 -207.638674 
-2.480000 -205.739389 
-2.460000 -213.336528 
-2.400000 -213.336528 
-2.340000 -211.437243 
-2.280000 -209.537958 
-2.220000 -222.832951 
-2.160000 -219.034382 
-2.100000 -213.336528 
-2.040000 -230.430090 
-1.980000 -234.228659 
-1.920000 -222.832951 
-1.860000 -232.329374 
-1.800000 -226.631520 
-1.740000 -234.228659 
-1.680000 -230.430090 
-1.620000 -220.933666 
-1.560000 -232.329374 
-1.500000 -217.135097 
-1.440000 -211.437243 
-1.380000 -224.732236 
-1.320000 -203.840104 
-1.260000 -203.840104 
-1.200000 -198.142250 
-1.140000 -194.343681 
-1.080000 -196.242966 
-1.020000 -200.041535 
-0.960000 -188.645827 
-0.900000 -190.545112 
-0.840000 -186.746542 
-0.780000 -184.847258 
-0.720000 -171.552265 
-0.660000 -182.947973 
-0.600000 -173.451550 
-0.540000 -165.854411 
-0.480000 -162.055842 
-0.420000 -160.156557 
-0.360000 -152.559418 
-0.300000 -135.465856 
-0.240000 -135.465856 
-0.180000 -131.667287 
-0.120000 -148.760849 
-0.060000 -112.674440 
-0.060000 -112.674440 
0.060000 -112.674440 
0.120000 -110.775156 
0.180000 -91.782309 
0.240000 -76.588032 
0.300000 -74.688747 
0.360000 -53.796616 
0.420000 -31.005200 
0.480000 -15.810923 
0.540000 22.174771 
0.600000 25.973340 
0.660000 33.570479 
0.720000 50.664041 
0.780000 44.966187 
0.840000 48.764756 
0.900000 50.664041 
0.960000 60.160464 
1.020000 67.757603 
1.080000 63.959033 
1.140000 71.556172 
1.200000 75.354741 
1.260000 77.254026 
1.320000 90.549019 
1.380000 82.951880 
1.440000 92.448303 
1.500000 103.844011 
1.560000 105.743296 
1.620000 107.642581 
1.680000 113.340435 
1.740000 122.836858 
1.800000 141.829705 
1.860000 143.728989 
1.920000 149.426843 
1.980000 143.728989 
2.040000 155.124697 
2.100000 168.419690 
2.160000 176.016828 
2.220000 174.117544 
2.280000 181.714682 
2.340000 195.009675 
2.400000 181.714682 
2.460000 198.808244 
2.480000 206.405383 
2.420000 208.304668 
2.360000 219.700376 
2.300000 227.297514 
2.240000 223.498945 
2.180000 225.398230 
2.120000 227.297514 
2.060000 227.297514 
2.000000 238.693222 
1.940000 221.599660 
1.880000 223.498945 
1.820000 227.297514 
1.760000 221.599660 
1.700000 232.995368 
1.640000 227.297514 
1.580000 214.002522 
1.520000 229.196799 
1.460000 217.801091 
1.400000 221.599660 
1.340000 221.599660 
1.280000 206.405383 
1.220000 208.304668 
1.160000 200.707529 
1.100000 200.707529 
1.040000 210.203952 
0.980000 196.908960 
0.920000 196.908960 
0.860000 193.110390 
0.800000 181.714682 
0.740000 183.613967 
0.680000 183.613967 
0.620000 170.318974 
0.560000 170.318974 
0.500000 170.318974 
0.440000 170.318974 
0.380000 160.822551 
0.320000 158.923266 
0.260000 153.225412 
0.200000 141.829705 
0.140000 143.728989 
0.080000 136.131851 
0.020000 139.930420 
-0.040000 124.736143 
-0.100000 126.635427 
-0.160000 119.038289 
-0.220000 117.139004 
-0.280000 101.944727 
-0.340000 82.951880 
-0.400000 27.872625 
-0.460000 -2.515930 
-0.520000 -0.616645 
-0.580000 -27.206631 
-0.640000 -36.703054 
-0.700000 -38.602339 
-0.760000 -53.796616 
-0.820000 -48.098762 
-0.880000 -44.300193 
-0.940000 -51.897331 
-1.000000 -59.494470 
-1.060000 -61.393755 
-1.120000 -68.990893 
-1.180000 -72.789462 
-1.240000 -78.487316 
-1.300000 -84.185170 
-1.360000 -89.883024 
-1.420000 -99.379448 
-1.480000 -99.379448 
-1.540000 -118.372294 
-1.600000 -120.271579 
-1.660000 -127.868718 
-1.720000 -135.465856 
-1.780000 -129.768002 
-1.840000 -150.660134 
-1.900000 -152.559418 
-1.960000 -146.861564 
-2.020000 -162.055842 
-2.080000 -165.854411 
-2.140000 -163.955126 
-2.200000 -175.350834 
-2.260000 -186.746542 
-2.320000 -196.242966 
-2.380000 -188.645827 
-2.440000 -211.437243 
-2.500000 -211.437243 
-2.440000 -203.840104 
-2.380000 -209.537958 
-2.320000 -213.336528 
-2.260000 -211.437243 
-2.200000 -222.832951 
-2.140000 -222.832951 
-2.080000 -211.437243 
-2.020000 -224.732236 
-1.960000 -226.631520 
-1.900000 -234.228659 
-1.840000 -228.530805 
-1.780000 -213.336528 
-1.720000 -226.631520 
-1.660000 -232.329374 
-1.600000 -211.437243 
-1.540000 -224.732236 
-1.480000 -220.933666 
-1.420000 -213.336528 
-1.360000 -213.336528 
-1.300000 -205.739389 
-1.240000 -203.840104 
-1.180000 -196.242966 
-1.120000 -196.242966 
-1.060000 -196.242966 
-1.000000 -192.444396 
-0.940000 -184.847258 
-0.880000 -194.343681 
-0.820000 -184.847258 
-0.760000 -179.149404 
-0.700000 -179.149404 
-0.640000 -181.048688 
-0.580000 -167.753696 
-0.520000 -160.156557 
-0.460000 -167.753696 
-0.400000 -158.257272 
-0.340000 -148.760849 
-0.280000 -148.760849 
-0.220000 -131.667287 
-0.160000 -125.969433 
-0.100000 -122.170864 
-0.040000 -118.372294 
0.020000 -108.875871 
0.080000 -114.573725 
0.140000 -103.178017 
0.200000 -78.487316 
0.260000 -84.185170 
0.320000 -63.293039 
0.380000 -51.897331 
0.440000 -36.703054 
0.500000 -17.710207 
0.560000 12.678347 
0.620000 22.174771 
0.680000 29.771909 
0.740000 31.671194 
0.800000 44.966187 
0.860000 43.066902 
0.920000 60.160464 
0.980000 62.059749 
1.040000 60.160464 
1.100000 67.757603 
1.160000 67.757603 
1.220000 69.656887 
1.280000 82.951880 
1.340000 82.951880 
1.400000 77.254026 
1.460000 98.146157 
1.520000 100.045442 
1.580000 103.844011 
1.640000 107.642581 
1.700000 124.736143 
1.760000 128.534712 
1.820000 143.728989 
1.880000 145.628274 
1.940000 139.930420 
2.000000 147.527558 
2.060000 153.225412 
2.120000 158.923266 
2.180000 172.218259 
2.240000 189.311821 
2.300000 176.016828 
2.360000 179.815398 
2.420000 191.211106 
2.480000 196.908960 
2.460000 196.908960 
2.400000 221.599660 
2.340000 214.002522 
2.280000 212.103237 
2.220000 221.599660 
2.160000 232.995368 
2.100000 219.700376 
2.040000 227.297514 
1.980000 232.995368 
1.920000 225.398230 
1.860000 223.498945 
1.800000 229.196799 
1.740000 223.498945 
1.680000 232.995368 
1.620000 221.599660 
1.560000 221.599660 
1.500000 225.398230 
1.440000 219.700376 
1.380000 219.700376 
1.320000 210.203952 
1.260000 214.002522 
1.200000 210.203952 
1.140000 196.908960 
1.080000 200.707529 
1.020000 198.808244 
0.960000 193.110390 
0.900000 196.908960 
0.840000 191.211106 
0.780000 185.513252 
0.720000 183.613967 
0.660000 172.218259 
0.600000 177.916113 
0.540000 172.218259 
0.480000 166.520405 
0.420000 168.419690 
0.360000 164.621120 
0.300000 155.124697 
0.240000 143.728989 
0.180000 151.326128 
0.120000 143.728989 
0.060000 138.031135 
-0.000000 138.031135 
-0.060000 130.433997 
-0.120000 124.736143 
-0.180000 115.239719 
-0.240000 105.743296 
-0.300000 94.347588 
-0.360000 39.268333 
-0.420000 6.980493 
-0.480000 -6.314499 
-0.540000 -15.810923 
-0.600000 -31.005200 
-0.660000 -40.501623 
-0.720000 -42.400908 
-0.780000 -46.199477 
-0.840000 -44.300193 
-0.900000 -49.998047 
-0.960000 -53.796616 
-1.020000 -49.998047 
-1.080000 -70.890178 
-1.140000 -68.990893 
-1.200000 -68.990893 
-1.260000 -72.789462 
-1.320000 -82.285886 
-1.380000 -89.883024 
-1.440000 -95.580878 
-1.500000 -112.674440 
-1.560000 -120.271579 
-1.620000 -114.573725 
-1.680000 -129.768002 
-1.740000 -137.365141 
-1.800000 -144.962280 
-1.860000 -150.660134 
-1.920000 -154.458703 
-1.980000 -152.559418 
-2.040000 -156.357988 
-2.100000 -162.055842 
-2.160000 -177.250119 
-2.220000 -177.250119 
-2.280000 -177.250119 
-2.340000 -190.545112 
-2.400000 -196.242966 
-2.460000 -211.437243 
-2.480000 -201.940820 
-2.420000 -211.437243 
-2.360000 -217.135097 
-2.300000 -211.437243 
-2.240000 -211.437243 
-2.180000 -219.034382 
-2.120000 -211.437243 
-2.060000 -224.732236 
-2.000000 -228.530805 
-1.940000 -228.530805 
-1.880000 -238.027228 
-1.820000 -234.228659 
-1.760000 -220.933666 
-1.700000 -236.127944 
-1.640000 -226.631520 
-1.580000 -222.832951 
-1.520000 -228.530805 
-1.460000 -219.034382 
-1.400000 -219.034382 
-1.340000 -211.437243 
-1.280000 -203.840104 
-1.220000 -196.242966 
-1.160000 -196.242966 
-1.100000 -196.242966 
-1.040000 -196.242966 
-0.980000 -192.444396 
-0.920000 -181.048688 
-0.860000 -190.545112 
-0.800000 -182.947973 
-0.740000 -181.048688 
-0.680000 -167.753696 
-0.620000 -169.652980 
-0.560000 -158.257272 
-0.500000 -158.257272 
-0.440000 -160.156557 
-0.380000 -150.660134 
-0.320000 -137.365141 
-0.260000 -143.062995 
-0.200000 -129.768002 
-0.140000 -120.271579 
-0.080000 -116.473010 
-0.020000 -114.573725 
0.040000 -108.875871 
0.100000 -106.976586 
0.160000 -91.782309 
0.220000 -84.185170 
0.280000 -74.688747 
0.340000 -55.695901 
0.400000 -48.098762 
0.460000 -42.400908 
0.520000 -15.810923 
0.580000 14.577632 
0.640000 20.275486 
0.700000 24.074055 
0.760000 35.469763 
0.820000 43.066902 
0.880000 48.764756 
0.940000 48.764756 
1.000000 60.160464 
1.060000 65.858318 
1.120000 67.757603 
1.180000 75.354741 
1.240000 73.455457 
1.300000 86.750449 
1.360000 77.254026 
1.420000 94.347588 
1.480000 103.844011 
1.540000 103.844011 
1.600000 105.743296 
1.660000 107.642581 
1.720000 124.736143 
1.780000 134.232566 
1.840000 136.131851 
1.900000 143.728989 
1.960000 141.829705 
2.020000 147.527558 
2.080000 160.822551 
2.140000 174.117544 
2.200000 179.815398 
2.260000 177.916113 
2.320000 181.714682 
2.380000 187.412536 
2.440000 200.707529 
2.500000 206.405383 
2.440000 200.707529 
2.380000 217.801091 
2.320000 227.297514 
2.260000 215.901806 
2.200000 223.498945 
2.140000 227.297514 
2.080000 221.599660 
2.020000 242.491792 
1.960000 225.398230 
1.900000 225.398230 
1.840000 234.894653 
1.780000 221.599660 
1.720000 225.398230 
1.660000 229.196799 
1.600000 215.901806 
1.540000 225.398230 
1.480000 221.599660 
1.420000 217.801091 
1.360000 221.599660 
1.300000 210.203952 
1.240000 210.203952 
1.180000 212.103237 
1.120000 196.908960 
1.060000 210.203952 
1.000000 195.009675 
0.940000 195.009675 
0.880000 189.311821 
0.820000 183.613967 
0.760000 183.613967 
0.700000 183.613967 
0.640000 177.916113 
0.580000 166.520405 
0.520000 166.520405 
0.460000 158.923266 
0.400000 160.822551 
0.340000 160.822551 
0.280000 149.426843 
0.220000 145.628274 
0.160000 139.930420 
0.100000 143.728989 
0.040000 136.131851 
-0.020000 130.433997 
-0.080000 130.433997 
-0.140000 113.340435 
-0.200000 113.340435 
-0.260000 109.541865 
-0.320000 92.448303 
-0.380000 29.771909 
-0.440000 3.181924 
-0.500000 -8.213784 
-0.560000 -23.408061 
-0.620000 -31.005200 
-0.680000 -38.602339 
-0.740000 -44.300193 
-0.800000 -46.199477 
-0.860000 -48.098762 
-0.920000 -42.400908 
-0.980000 -55.695901 
-1.040000 -65.192324 
-1.100000 -68.990893 
-1.160000 -74.688747 
-1.220000 -76.588032 
-1.280000 -72.789462 
-1.340000 -93.681594 
-1.400000 -97.480163 
-1.460000 -99.379448 
-1.520000 -114.573725 
-1.580000 -118.372294 
-1.640000 -124.070148 
-1.700000 -139.264426 
-1.760000 -129.768002 
-1.820000 -148.760849 
-1.880000 -146.861564 
-1.940000 -152.559418 
-2.000000 -165.854411 
-2.060000 -165.854411 
-2.120000 -165.854411 
-2.180000 -173.451550 
-2.240000 -177.250119 
-2.300000 -194.343681 
-2.360000 -190.545112 
-2.420000 -207.638674 
-2.480000 -211.437243 
-2.460000 -201.940820 
-2.400000 -215.235812 
-2.340000 -220.933666 
-2.280000 -207.638674 
-2.220000 -220.933666 
-2.160000 -228.530805 
-2.100000 -222.832951 
-2.040000 -230.430090 
-1.980000 -226.631520 
-1.920000 -228.530805 
-1.860000 -234.228659 
-1.800000 -226.631520 
-1.740000 -226.631520 
-1.680000 -228.530805 
-1.620000 -226.631520 
-1.560000 -226.631520 
-1.500000 -220.933666 
-1.440000 -220.933666 
-1.380000 -219.034382 
-1.320000 -205.739389 
-1.260000 -219.034382 
-1.200000 -203.840104 
-1.140000 -190.545112 
-1.080000 -200.041535 
-1.020000 -207.638674 
-0.960000 -190.545112 
-0.900000 -192.444396 
-0.840000 -190.545112 
-0.780000 -179.149404 
-0.720000 -177.250119 
-0.660000 -167.753696 
-0.600000 -175.350834 
-0.540000 -160.156557 
-0.480000 -162.055842 
-0.420000 -165.854411 
-0.360000 -152.559418 
-0.300000 -143.062995 
-0.240000 -144.962280 
-0.180000 -129.768002 
-0.120000 -122.170864 
-0.060000 -116.473010 
-0.060000 -108.875871 
0.060000 -114.573725 
0.120000 -106.976586 
0.180000 -82.285886 
0.240000 -82.285886 
0.300000 -67.091609 
0.360000 -46.199477 
0.420000 -38.602339 
0.480000 -19.609492 
0.540000 14.577632 
0.600000 16.476917 
0.660000 29.771909 
0.720000 35.469763 
0.780000 43.066902 
0.840000 48.764756 
0.900000 46.865471 
0.960000 62.059749 
1.020000 63.959033 
1.080000 62.059749 
1.140000 75.354741 
1.200000 69.656887 
1.260000 75.354741 
1.320000 82.951880 
1.380000 79.153311 
1.440000 90.549019 
1.500000 100.045442 
1.560000 101.944727 
1.620000 105.743296 
1.680000 115.239719 
1.740000 119.038289 
1.800000 141.829705 
1.860000 138.031135 
1.920000 139.930420 
1.980000 151.326128 
2.040000 151.326128 
2.100000 157.023982 
2.160000 166.520405 
2.220000 174.117544 
2.280000 179.815398 
2.340000 179.815398 
2.400000 187.412536 
2.460000 200.707529 
2.480000 193.110390 
2.420000 208.304668 
2.360000 221.599660 
2.300000 217.801091 
2.240000 215.901806 
2.180000 229.196799 
2.120000 215.901806 
2.060000 225.398230 
2.000000 234.894653 
1.940000 219.700376 
1.880000 217.801091 
1.820000 227.297514 
1.760000 227.297514 
1.700000 227.297514 
1.640000 225.398230 
1.580000 229.196799 
1.520000 221.599660 
1.460000 214.002522 
1.400000 229.196799 
1.340000 217.801091 
1.280000 208.304668 
1.220000 206.405383 
1.160000 214.002522 
1.100000 195.009675 
1.040000 198.808244 
0.980000 202.606814 
0.920000 191.211106 
0.860000 183.613967 
0.800000 193.110390 
0.740000 181.714682 
0.680000 174.117544 
0.620000 174.117544 
0.560000 172.218259 
0.500000 164.621120 
0.440000 164.621120 
0.380000 155.124697 
0.320000 153.225412 
0.260000 149.426843 
0.200000 143.728989 
0.140000 145.628274 
0.080000 138.031135 
0.020000 128.534712 
-0.040000 130.433997 
-0.100000 122.836858 
-0.160000 113.340435 
-0.220000 111.441150 
-0.280000 107.642581 
-0.340000 84.851165 
-0.400000 25.973340 
-0.460000 5.081209 
-0.520000 -6.314499 
-0.580000 -27.206631 
-0.640000 -29.105915 
-0.700000 -38.602339 
-0.760000 -46.199477 
-0.820000 -48.098762 
-0.880000 -55.695901 
-0.940000 -51.897331 
-1.000000 -57.595185 
-1.060000 -61.393755 
-1.120000 -72.789462 
-1.180000 -72.789462 
-1.240000 -70.890178 
-1.300000 -89.883024 
-1.360000 -89.883024 
-1.420000 -91.782309 
-1.480000 -110.775156 
-1.540000 -118.372294 
-1.600000 -118.372294 
-1.660000 -160.156557 
-1.720000 -127.868718 
-1.780000 -135.465856 
-1.840000 -144.962280 
-1.900000 -154.458703 
-1.960000 -154.458703 
-2.020000 -184.847258 
-2.080000 -163.955126 
-2.140000 -163.955126 
-2.200000 -173.451550 
-2.260000 -184.847258 
-2.320000 -190.545112 
-2.380000 -192.444396 
-2.440000 -203.840104 
-2.500000 -205.739389 
-2.440000 -213.336528 
-2.380000 -207.638674 
-2.320000 -213.336528 
-2.260000 -220.933666 
-2.200000 -220.933666 
-2.140000 -220.933666 
-2.080000 -224.732236 
-2.020000 -234.228659 
-1.960000 -234.228659 
-1.900000 -228.530805 
-1.840000 -232.329374 
-1.780000 -217.135097 
-1.720000 -224.732236 
-1.660000 -238.027228 
-1.600000 -220.933666 
-1.540000 -226.631520 
-1.480000 -220.933666 
-1.420000 -220.933666 
-1.360000 -219.034382 
-1.300000 -203.840104 
-1.240000 -196.242966 
-1.180000 -196.242966 
-1.120000 -190.545112 
-1.060000 -198.142250 
-1.000000 -203.840104 
-0.940000 -190.545112 
-0.880000 -190.545112 
-0.820000 -181.048688 
-0.760000 -181.048688 
-0.700000 -179.149404 
-0.640000 -169.652980 
-0.580000 -171.552265 
-0.520000 -162.055842 
-0.460000 -167.753696 
-0.400000 -156.357988 
-0.340000 -143.062995 
-0.280000 -146.861564 
-0.220000 -137.365141 
-0.160000 -129.768002 
-0.100000 -125.969433 
-0.040000 -118.372294 
0.020000 -108.875871 
0.080000 -108.875871 
0.140000 -99.379448 
0.200000 -91.782309 
0.260000 -72.789462 
0.320000 -61.393755 
0.380000 -51.897331 
0.440000 -34.803769 
0.500000 -15.810923 
0.560000 5.081209 
0.620000 20.275486 
0.680000 31.671194 
0.740000 39.268333 
0.800000 44.966187 
0.860000 52.563325 
0.920000 54.462610 
0.980000 52.563325 
1.040000 69.656887 
1.100000 75.354741 
1.160000 69.656887 
1.220000 67.757603 
1.280000 88.649734 
1.340000 82.951880 
1.400000 86.750449 
1.460000 92.448303 
1.520000 101.944727 
1.580000 105.743296 
1.640000 105.743296 
1.700000 124.736143 
1.760000 130.433997 
1.820000 139.930420 
1.880000 145.628274 
1.940000 143.728989 
2.000000 147.527558 
2.060000 160.822551 
2.120000 166.520405 
2.180000 166.520405 
2.240000 179.815398 
2.300000 174.117544 
2.360000 183.613967 
2.420000 191.211106 
2.480000 166.520405 
2.460000 208.304668 
2.400000 214.002522 
2.340000 215.901806 
2.280000 221.599660 
2.220000 221.599660 
2.160000 221.599660 
2.100000 215.901806 
2.040000 242.491792 
1.980000 221.599660 
1.920000 221.599660 
1.860000 232.995368 
1.800000 229.196799 
1.740000 223.498945 
1.680000 231.096084 
1.620000 225.398230 
1.560000 231.096084 
1.500000 221.599660 
1.440000 225.398230 
1.380000 223.498945 
1.320000 215.901806 
1.260000 210.203952 
1.200000 206.405383 
1.140000 206.405383 
1.080000 210.203952 
1.020000 198.808244 
0.960000 191.211106 
0.900000 187.412536 
0.840000 189.311821 
0.780000 191.211106 
0.720000 181.714682 
0.660000 174.117544 
0.600000 176.016828 
0.540000 174.117544 
0.480000 170.318974 
0.420000 157.023982 
0.360000 153.225412 
0.300000 158.923266 
0.240000 153.225412 
0.180000 153.225412 
0.120000 147.527558 
0.060000 143.728989 
-0.000000 128.534712 
-0.060000 134.232566 
-0.120000 128.534712 
-0.180000 120.937573 
-0.240000 115.239719 
-0.300000 84.851165 
-0.360000 73.455457 
-0.420000 29.771909 
-0.480000 5.081209 
-0.540000 -23.408061 
-0.600000 -27.206631 
-0.660000 -34.803769 
-0.720000 -44.300193 
-0.780000 -46.199477 
-0.840000 -46.199477 
-0.900000 -46.199477 
-0.960000 -49.998047 
-1.020000 -57.595185 
-1.080000 -67.091609 
-1.140000 -59.494470 
-1.200000 -74.688747 
-1.260000 -82.285886 
-1.320000 -84.185170 
-1.380000 -80.386601 
-1.440000 -103.178017 
-1.500000 -110.775156 
-1.560000 -108.875871 
-1.620000 -124.070148 
-1.680000 -131.667287 
-1.740000 -133.566572 
-1.800000 -133.566572 
-1.860000 -148.760849 
-1.920000 -160.156557 
-1.980000 -152.559418 
-2.040000 -158.257272 
-2.100000 -173.451550 
-2.160000 -169.652980 
-2.220000 -177.250119 
-2.280000 -184.847258 
-2.340000 -194.343681 
-2.400000 -190.545112 
-2.460000 -209.537958 
-2.480000 -220.933666 
-2.420000 -209.537958 
-2.360000 -213.336528 
-2.300000 -217.135097 
-2.240000 -222.832951 
-2.180000 -220.933666 
-2.120000 -224.732236 
-2.060000 -224.732236 
-2.000000 -222.832951 
-1.940000 -236.127944 
-1.880000 -224.732236 
-1.820000 -228.530805 
-1.760000 -226.631520 
-1.700000 -224.732236 
-1.640000 -230.430090 
-1.580000 -220.933666 
-1.520000 -226.631520 
-1.460000 -224.732236 
-1.400000 -203.840104 
-1.340000 -220.933666 
-1.280000 -213.336528 
-1.220000 -200.041535 
-1.160000 -198.142250 
-1.100000 -190.545112 
-1.040000 -192.444396 
-0.980000 -203.840104 
-0.920000 -190.545112 
-0.860000 -186.746542 
-0.800000 -215.235812 
-0.740000 -186.746542 
-0.680000 -173.451550 
-0.620000 -175.350834 
-0.560000 -171.552265 
-0.500000 -160.156557 
-0.440000 -152.559418 
-0.380000 -158.257272 
-0.320000 -148.760849 
-0.260000 -139.264426 
-0.200000 -141.163710 
-0.140000 -124.070148 
-0.080000 -124.070148 
-0.020000 -114.573725 
0.040000 -106.976586 
0.100000 -97.480163 
0.160000 -97.480163 
0.220000 -86.084455 
0.280000 -67.091609 
0.340000 -53.796616 
0.400000 -38.602339 
0.460000 -29.105915 
0.520000 -21.508777 
0.580000 -2.515930 
0.640000 33.570479 
0.700000 29.771909 
0.760000 31.671194 
0.820000 44.966187 
0.880000 48.764756 
0.940000 50.664041 
1.000000 62.059749 
1.060000 58.261179 
1.120000 65.858318 
1.180000 69.656887 
1.240000 71.556172 
1.300000 84.851165 
1.360000 88.649734 
1.420000 98.146157 
1.480000 96.246873 
1.540000 101.944727 
1.600000 113.340435 
1.660000 109.541865 
1.720000 128.534712 
1.780000 130.433997 
1.840000 124.736143 
1.900000 126.635427 
1.960000 136.131851 
2.020000 147.527558 
2.080000 155.124697 
2.140000 160.822551 
2.200000 172.218259 
2.260000 174.117544 
2.320000 176.016828 
2.380000 166.520405 
2.440000 196.908960 
2.500000 191.211106 
2.440000 204.506098 
2.380000 208.304668 
2.320000 212.103237 
2.260000 214.002522 
2.200000 227.297514 
2.140000 221.599660 
2.080000 232.995368 
2.020000 236.793938 
1.960000 223.498945 
1.900000 225.398230 
1.840000 221.599660 
1.780000 231.096084 
1.720000 232.995368 
1.660000 229.196799 
1.600000 223.498945 
1.540000 231.096084 
1.480000 214.002522 
1.420000 217.801091 
1.360000 217.801091 
1.300000 206.405383 
1.240000 204.506098 
1.180000 208.304668 
1.120000 198.808244 
1.060000 200.707529 
1.000000 196.908960 
0.940000 185.513252 
0.880000 185.513252 
0.820000 179.815398 
0.760000 160.822551 
0.700000 176.016828 
0.640000 177.916113 
0.580000 155.124697 
0.520000 168.419690 
0.460000 168.419690 
0.400000 160.822551 
0.340000 151.326128 
0.280000 151.326128 
0.220000 147.527558 
0.160000 143.728989 
0.100000 145.628274 
0.040000 139.930420 
-0.020000 136.131851 
-0.080000 126.635427 
-0.140000 124.736143 
-0.200000 115.239719 
-0.260000 100.045442 
-0.320000 77.254026 
-0.380000 31.671194 
-0.440000 -2.515930 
-0.500000 -8.213784 
-0.560000 -17.710207 
-0.620000 -31.005200 
-0.680000 -27.206631 
-0.740000 -46.199477 
-0.800000 -46.199477 
-0.860000 -42.400908 
-0.920000 -49.998047 
-0.980000 -53.796616 
-1.040000 -61.393755 
-1.100000 -63.293039 
-1.160000 -67.091609 
-1.220000 -70.890178 
-1.280000 -70.890178 
-1.340000 -87.983740 
-1.400000 -97.480163 
-1.460000 -99.379448 
-1.520000 -114.573725 
-1.580000 -125.969433 
-1.640000 -122.170864 
-1.700000 -135.465856 
-1.760000 -135.465856 
-1.820000 -148.760849 
-1.880000 -148.760849 
-1.940000 -152.559418 
-2.000000 -158.257272 
-2.060000 -163.955126 
-2.120000 -167.753696 
-2.180000 -173.451550 
-2.240000 -173.451550 
-2.300000 -190.545112 
-2.360000 -196.242966 
-2.420000 -203.840104 
-2.480000 -207.638674 
-2.460000 -205.739389 
-2.400000 -217.135097 
-2.340000 -215.235812 
-2.280000 -215.235812 
-2.220000 -215.235812 
-2.160000 -215.235812 
-2.100000 -211.437243 
-2.040000 -224.732236 
-1.980000 -230.430090 
-1.920000 -226.631520 
-1.860000 -232.329374 
-1.800000 -222.832951 
-1.740000 -219.034382 
-1.680000 -232.329374 
-1.620000 -224.732236 
-1.560000 -224.732236 
-1.500000 -234.228659 
-1.440000 -215.235812 
-1.380000 -219.034382 
-1.320000 -213.336528 
-1.260000 -188.645827 
-1.200000 -203.840104 
-1.140000 -198.142250 
-1.080000 -192.444396 
-1.020000 -198.142250 
-0.960000 -190.545112 
-0.900000 -184.847258 
-0.840000 -188.645827 
-0.780000 -182.947973 
-0.720000 -182.947973 
-0.660000 -171.552265 
-0.600000 -173.451550 
-0.540000 -169.652980 
-0.480000 -160.156557 
-0.420000 -158.257272 
-0.360000 -154.458703 
-0.300000 -143.062995 
-0.240000 -143.062995 
-0.180000 -129.768002 
-0.120000 -122.170864 
-0.060000 -112.674440 
0.000000 -105.077302 
0.060000 -108.875871 
0.120000 -99.379448 
0.180000 -82.285886 
0.240000 -70.890178 
0.300000 -51.897331 
0.360000 -44.300193 
0.420000 -42.400908 
0.480000 -19.609492 
0.540000 -6.314499 
0.600000 16.476917 
0.660000 33.570479 
0.720000 35.469763 
0.780000 44.966187 
0.840000 48.764756 
0.900000 54.462610 
0.960000 54.462610 
1.020000 62.059749 
1.080000 31.671194 
1.140000 62.059749 
1.200000 71.556172 
1.260000 73.455457 
1.320000 88.649734 
1.380000 94.347588 
1.440000 96.246873 
1.500000 98.146157 
1.560000 101.944727 
1.620000 109.541865 
1.680000 120.937573 
1.740000 128.534712 
1.800000 134.232566 
1.860000 138.031135 
1.920000 141.829705 
1.980000 139.930420 
2.040000 153.225412 
2.100000 155.124697 
2.160000 164.621120 
2.220000 172.218259 
2.280000 174.117544 
2.340000 181.714682 
2.400000 191.211106 
2.460000 198.808244 
2.480000 204.506098 
2.420000 206.405383 
2.360000 214.002522 
2.300000 221.599660 
2.240000 214.002522 
2.180000 225.398230 
2.120000 215.901806 
2.060000 225.398230 
2.000000 229.196799 
1.940000 221.599660 
1.880000 234.894653 
1.820000 227.297514 
1.760000 219.700376 
1.700000 231.096084 
1.640000 221.599660 
1.580000 221.599660 
1.520000 225.398230 
1.460000 215.901806 
1.400000 221.599660 
1.340000 215.901806 
1.280000 215.901806 
1.220000 206.405383 
1.160000 206.405383 
1.100000 200.707529 
1.040000 195.009675 
0.980000 195.009675 
0.920000 196.908960 
0.860000 191.211106 
0.800000 191.211106 
0.740000 185.513252 
0.680000 179.815398 
0.620000 174.117544 
0.560000 170.318974 
0.500000 168.419690 
0.440000 162.721836 
0.380000 160.822551 
0.320000 164.621120 
0.260000 149.426843 
0.200000 143.728989 
0.140000 139.930420 
0.080000 141.829705 
0.020000 138.031135 
-0.040000 134.232566 
-0.100000 124.736143 
-0.160000 115.239719 
-0.220000 113.340435 
-0.280000 107.642581 
-0.340000 84.851165 
-0.400000 25.973340 
-0.460000 1.282639 
-0.520000 -13.911638 
-0.580000 -23.408061 
-0.640000 -36.703054 
-0.700000 -38.602339 
-0.760000 -51.897331 
-0.820000 -48.098762 
-0.880000 -48.098762 
-0.940000 -48.098762 
-1.000000 -63.293039 
-1.060000 -61.393755 
-1.120000 -63.293039 
-1.180000 -76.588032 
-1.240000 -80.386601 
-1.300000 -82.285886 
-1.360000 -99.379448 
-1.420000 -95.580878 
-1.480000 -106.976586 
-1.540000 -141.163710 
-1.600000 -114.573725 
-1.660000 -124.070148 
-1.720000 -125.969433 
-1.780000 -137.365141 
-1.840000 -148.760849 
-1.900000 -175.350834 
-1.960000 -152.559418 
-2.020000 -163.955126 
-2.080000 -173.451550 
-2.140000 -167.753696 
-2.200000 -175.350834 
-2.260000 -182.947973 
-2.320000 -192.444396 
-2.380000 -186.746542 
-2.440000 -201.940820 
-2.500000 -215.235812 
-2.440000 -201.940820 
-2.380000 -217.135097 
-2.320000 -209.537958 
-2.260000 -215.235812 
-2.200000 -222.832951 
-2.140000 -219.034382 
-2.080000 -219.034382 
-2.020000 -224.732236 
-1.960000 -230.430090 
-1.900000 -224.732236 
-1.840000 -228.530805 
-1.780000 -230.430090 
-1.720000 -224.732236 
-1.660000 -228.530805 
-1.600000 -211.437243 
-1.540000 -230.430090 
-1.480000 -224.732236 
-1.420000 -205.739389 
-1.360000 -219.034382 
-1.300000 -209.537958 
-1.240000 -203.840104 
-1.180000 -192.444396 
-1.120000 -188.645827 
-1.060000 -188.645827 
-1.000000 -200.041535 
-0.940000 -184.847258 
-0.880000 -182.947973 
-0.820000 -194.343681 
-0.760000 -181.048688 
-0.700000 -175.350834 
-0.640000 -169.652980 
-0.580000 -169.652980 
-0.520000 -160.156557 
-0.460000 -154.458703 
-0.400000 -158.257272 
-0.340000 -150.660134 
-0.280000 -148.760849 
-0.220000 -139.264426 
-0.160000 -125.969433 
-0.100000 -124.070148 
-0.040000 -114.573725 
0.020000 -105.077302 
0.080000 -106.976586 
0.140000 -101.278732 
0.200000 -80.386601 
0.260000 -72.789462 
0.320000 -59.494470 
0.380000 -42.400908 
0.440000 -38.602339 
0.500000 -19.609492 
0.560000 3.181924 
0.620000 16.476917 
0.680000 31.671194 
0.740000 39.268333 
0.800000 48.764756 
0.860000 48.764756 
0.920000 52.563325 
0.980000 62.059749 
1.040000 58.261179 
1.100000 67.757603 
1.160000 69.656887 
1.220000 75.354741 
1.280000 82.951880 
1.340000 88.649734 
1.400000 73.455457 
1.460000 100.045442 
1.520000 100.045442 
1.580000 100.045442 
1.640000 113.340435 
1.700000 124.736143 
1.760000 128.534712 
1.820000 136.131851 
1.880000 138.031135 
1.940000 138.031135 
2.000000 145.628274 
2.060000 162.721836 
2.120000 158.923266 
2.180000 168.419690 
2.240000 181.714682 
2.300000 174.117544 
2.360000 179.815398 
2.420000 193.110390 
2.480000 196.908960 
2.460000 198.808244 
2.400000 215.901806 
2.340000 219.700376 
2.280000 212.103237 
2.220000 217.801091 
2.160000 223.498945 
2.100000 214.002522 
2.040000 234.894653 
1.980000 231.096084 
1.920000 217.801091 
1.860000 227.297514 
1.800000 227.297514 
1.740000 229.196799 
1.680000 229.196799 
1.620000 215.901806 
1.560000 227.297514 
1.500000 229.196799 
1.440000 214.002522 
1.380000 214.002522 
1.320000 215.901806 
1.260000 202.606814 
1.200000 204.506098 
1.140000 196.908960 
1.080000 196.908960 
1.020000 189.311821 
0.960000 187.412536 
0.900000 191.211106 
0.840000 191.211106 
0.780000 183.613967 
0.720000 176.016828 
0.660000 179.815398 
0.600000 174.117544 
0.540000 170.318974 
0.480000 158.923266 
0.420000 166.520405 
0.360000 160.822551 
0.300000 149.426843 
0.240000 149.426843 
0.180000 145.628274 
0.120000 138.031135 
0.060000 130.433997 
-0.000000 134.232566 
-0.060000 126.635427 
-0.120000 124.736143 
-0.180000 120.937573 
-0.240000 69.656887 
-0.300000 81.052595 
-0.360000 43.066902 
-0.420000 12.678347 
-0.480000 -15.810923 
-0.540000 -21.508777 
-0.600000 -31.005200 
-0.660000 -42.400908 
-0.720000 -31.005200 
-0.780000 -49.998047 
-0.840000 -48.098762 
-0.900000 -42.400908 
-0.960000 -59.494470 
-1.020000 -55.695901 
-1.080000 -63.293039 
-1.140000 -67.091609 
-1.200000 -78.487316 
-1.260000 -78.487316 
-1.320000 -86.084455 
-1.380000 -89.883024 
-1.440000 -105.077302 
-1.500000 -112.674440 
-1.560000 -110.775156 
-1.620000 -122.170864 
-1.680000 -122.170864 
-1.740000 -137.365141 
-1.800000 -143.062995 
-1.860000 -143.062995 
-1.920000 -160.156557 
-1.980000 -152.559418 
-2.040000 -160.156557 
-2.100000 -160.156557 
-2.160000 -167.753696 
-2.220000 -173.451550 
-2.280000 -196.242966 
-2.340000 -190.545112 
-2.400000 -203.840104 
-2.460000 -207.638674 
-2.480000 -198.142250 
-2.420000 -211.437243 
-2.360000 -213.336528 
-2.300000 -211.437243 
-2.240000 -222.832951 
-2.180000 -230.430090 
-2.120000 -219.034382 
-2.060000 -224.732236 
-2.000000 -226.631520 
-1.940000 -228.530805 
-1.880000 -222.832951 
-1.820000 -226.631520 
-1.760000 -220.933666 
-1.700000 -224.732236 
-1.640000 -224.732236 
-1.580000 -226.631520 
-1.520000 -224.732236 
-1.460000 -219.034382 
-1.400000 -217.135097 
-1.340000 -209.537958 
-1.280000 -194.343681 
-1.220000 -200.041535 
-1.160000 -198.142250 
-1.100000 -190.545112 
-1.040000 -198.142250 
-0.980000 -194.343681 
-0.920000 -181.048688 
-0.860000 -196.242966 
-0.800000 -184.847258 
-0.740000 -177.250119 
-0.680000 -181.048688 
-0.620000 -177.250119 
-0.560000 -169.652980 
-0.500000 -169.652980 
-0.440000 -160.156557 
-0.380000 -154.458703 
-0.320000 -175.350834 
-0.260000 -135.465856 
-0.200000 -129.768002 
-0.140000 -131.667287 
-0.080000 -118.372294 
-0.020000 -112.674440 
0.040000 -118.372294 
0.100000 -105.077302 
0.160000 -101.278732 
0.220000 -82.285886 
0.280000 -76.588032 
0.340000 -67.091609 
0.400000 -49.998047 
0.460000 -25.307346 
0.520000 -17.710207 
0.580000 8.879778 
0.640000 27.872625 
0.700000 31.671194 
0.760000 33.570479 
0.820000 44.966187 
0.880000 52.563325 
0.940000 62.059749 
1.000000 56.361895 
1.060000 60.160464 
1.120000 73.455457 
1.180000 69.656887 
1.240000 77.254026 
1.300000 84.851165 
1.360000 81.052595 
1.420000 92.448303 
1.480000 90.549019 
1.540000 77.254026 
1.600000 117.139004 
1.660000 113.340435 
1.720000 124.736143 
1.780000 134.232566 
1.840000 147.527558 
1.900000 136.131851 
1.960000 145.628274 
2.020000 141.829705 
2.080000 162.721836 
2.140000 162.721836 
2.200000 168.419690 
2.260000 181.714682 
2.320000 177.916113 
2.380000 179.815398 
2.440000 185.513252 
2.500000 193.110390 
2.440000 204.506098 
2.380000 214.002522 
2.320000 217.801091 
2.260000 217.801091 
2.200000 221.599660 
2.140000 231.096084 
2.080000 215.901806 
2.020000 231.096084 
1.960000 225.398230 
1.900000 217.801091 
1.840000 227.297514 
1.780000 221.599660 
1.720000 225.398230 
1.660000 225.398230 
1.600000 219.700376 
1.540000 219.700376 
1.480000 225.398230 
1.420000 221.599660 
1.360000 219.700376 
1.300000 210.203952 
1.240000 210.203952 
1.180000 181.714682 
1.120000 200.707529 
1.060000 204.506098 
1.000000 191.211106 
0.940000 187.412536 
0.880000 189.311821 
0.820000 179.815398 
0.760000 181.714682 
0.700000 181.714682 
0.640000 170.318974 
0.580000 183.613967 
0.520000 166.520405 
0.460000 164.621120 
0.400000 168.419690 
0.340000 153.225412 
0.280000 149.426843 
0.220000 138.031135 
0.160000 138.031135 
0.100000 139.930420 
0.040000 124.736143 
-0.020000 124.736143 
-0.080000 120.937573 
-0.140000 109.541865 
-0.200000 107.642581 
-0.260000 90.549019 
-0.320000 27.872625 
-0.380000 5.081209 
-0.440000 -0.616645 
-0.500000 -19.609492 
-0.560000 -34.803769 
-0.620000 -32.904485 
-0.680000 -42.400908 
-0.740000 -38.602339 
-0.800000 -44.300193 
-0.860000 -46.199477 
-0.920000 -51.897331 
-0.980000 -51.897331 
-1.040000 -65.192324 
-1.100000 -67.091609 
-1.160000 -59.494470 
-1.220000 -82.285886 
-1.280000 -82.285886 
-1.340000 -89.883024 
-1.400000 -93.681594 
-1.460000 -112.674440 
-1.520000 -112.674440 
-1.580000 -110.775156 
-1.640000 -127.868718 
-1.700000 -127.868718 
-1.760000 -133.566572 
-1.820000 -143.062995 
-1.880000 -143.062995 
-1.940000 -154.458703 
-2.000000 -156.357988 
-2.060000 -163.955126 
-2.120000 -163.955126 
-2.180000 -177.250119 
-2.240000 -181.048688 
-2.300000 -184.847258 
-2.360000 -200.041535 
-2.420000 -190.545112 
-2.480000 -200.041535 
-2.460000 -211.437243 
-2.400000 -205.739389 
-2.340000 -215.235812 
-2.280000 -222.832951 
-2.220000 -213.336528 
-2.160000 -217.135097 
-2.100000 -226.631520 
-2.040000 -226.631520 
-1.980000 -224.732236 
-1.920000 -236.127944 
-1.860000 -224.732236 
-1.800000 -224.732236 
-1.740000 -243.725082 
-1.680000 -219.034382 
-1.620000 -238.027228 
-1.560000 -217.135097 
-1.500000 -219.034382 
-1.440000 -222.832951 
-1.380000 -205.739389 
-1.320000 -209.537958 
-1.260000 -203.840104 
-1.200000 -198.142250 
-1.140000 -209.537958 
-1.080000 -200.041535 
-1.020000 -196.242966 
-0.960000 -196.242966 
-0.900000 -198.142250 
-0.840000 -188.645827 
-0.780000 -177.250119 
-0.720000 -190.545112 
-0.660000 -175.350834 
-0.600000 -175.350834 
-0.540000 -175.350834 
-0.480000 -162.055842 
-0.420000 -158.257272 
-0.360000 -154.458703 
-0.300000 -135.465856 
-0.240000 -141.163710 
-0.180000 -143.062995 
-0.120000 -129.768002 
-0.060000 -124.070148 
