0.000000 -38.602339 
0.045000 -29.105915 
0.090000 -25.307346 
0.135000 -13.911638 
0.180000 -8.213784 
0.225000 1.282639 
0.270000 8.879778 
0.315000 -8.213784 
0.360000 -4.415215 
0.405000 -0.616645 
0.450000 -8.213784 
0.495000 -2.515930 
0.540000 5.081209 
0.585000 10.779063 
0.630000 24.074055 
0.675000 33.570479 
0.720000 6.980493 
0.765000 46.865471 
0.810000 48.764756 
0.855000 52.563325 
0.900000 58.261179 
0.945000 58.261179 
0.990000 67.757603 
1.035000 75.354741 
1.080000 77.254026 
1.125000 75.354741 
1.170000 75.354741 
1.215000 82.951880 
1.260000 81.052595 
1.305000 90.549019 
1.350000 92.448303 
1.395000 101.944727 
1.440000 113.340435 
1.485000 113.340435 
1.530000 126.635427 
1.575000 119.038289 
1.620000 122.836858 
1.665000 120.937573 
1.710000 134.232566 
1.755000 143.728989 
1.800000 149.426843 
1.845000 160.822551 
1.890000 153.225412 
1.935000 160.822551 
1.980000 166.520405 
2.025000 170.318974 
2.070000 160.822551 
2.115000 176.016828 
2.160000 164.621120 
2.205000 183.613967 
2.250000 196.908960 
2.295000 196.908960 
2.340000 195.009675 
2.385000 208.304668 
2.430000 206.405383 
2.475000 214.002522 
2.480000 217.801091 
2.435000 221.599660 
2.390000 219.700376 
2.345000 240.592507 
2.300000 236.793938 
2.255000 225.398230 
2.210000 238.693222 
2.165000 229.196799 
2.120000 236.793938 
2.075000 234.894653 
2.030000 236.793938 
1.985000 251.988215 
1.940000 240.592507 
1.895000 238.693222 
1.850000 244.391076 
1.805000 242.491792 
1.760000 244.391076 
1.715000 236.793938 
1.670000 231.096084 
1.625000 227.297514 
1.580000 225.398230 
1.535000 234.894653 
1.490000 221.599660 
1.445000 221.599660 
1.400000 221.599660 
1.355000 225.398230 
1.310000 227.297514 
1.265000 221.599660 
1.220000 217.801091 
1.175000 221.599660 
1.130000 208.304668 
1.085000 206.405383 
1.040000 200.707529 
0.995000 200.707529 
0.950000 193.110390 
0.905000 193.110390 
0.860000 196.908960 
0.815000 191.211106 
0.770000 191.211106 
0.725000 183.613967 
0.680000 181.714682 
0.635000 174.117544 
0.590000 170.318974 
0.545000 168.419690 
0.500000 164.621120 
0.455000 162.721836 
0.410000 153.225412 
0.365000 153.225412 
0.320000 141.829705 
0.275000 113.340435 
0.230000 136.131851 
0.185000 134.232566 
0.140000 100.045442 
0.095000 120.937573 
0.050000 113.340435 
0.005000 113.340435 
-0.040000 100.045442 
-0.085000 100.045442 
-0.130000 88.649734 
-0.175000 88.649734 
-0.220000 82.951880 
-0.265000 60.160464 
-0.310000 10.779063 
-0.355000 -13.911638 
-0.400000 -13.911638 
-0.445000 -17.710207 
-0.490000 -12.012353 
-0.535000 -36.703054 
-0.580000 -42.400908 
-0.625000 -36.703054 
-0.670000 -46.199477 
-0.715000 -44.300193 
-0.760000 -53.796616 
-0.805000 -49.998047 
-0.850000 -48.098762 
-0.895000 -53.796616 
-0.940000 -51.897331 
-0.985000 -63.293039 
-1.030000 -72.789462 
-1.075000 -72.789462 
-1.120000 -84.185170 
-1.165000 -87.983740 
-1.210000 -89.883024 
-1.255000 -89.883024 
-1.300000 -99.379448 
-1.345000 -99.379448 
-1.390000 -106.976586 
-1.435000 -116.473010 
-1.480000 -110.775156 
-1.525000 -112.674440 
-1.570000 -124.070148 
-1.615000 -133.566572 
-1.660000 -135.465856 
-1.705000 -144.962280 
-1.750000 -148.760849 
-1.795000 -152.559418 
-1.840000 -162.055842 
-1.885000 -163.955126 
-1.930000 -162.055842 
-1.975000 -173.451550 
-2.020000 -173.451550 
-2.065000 -175.350834 
-2.110000 -175.350834 
-2.155000 -175.350834 
-2.200000 -184.847258 
-2.245000 -184.847258 
-2.290000 -196.242966 
-2.335000 -203.840104 
-2.380000 -209.537958 
-2.425000 -215.235812 
-2.470000 -201.940820 
-2.485000 -222.832951 
-2.440000 -228.530805 
-2.395000 -222.832951 
-2.350000 -230.430090 
-2.305000 -230.430090 
-2.260000 -224.732236 
-2.215000 -239.926513 
-2.170000 -230.430090 
-2.125000 -234.228659 
-2.080000 -236.127944 
-2.035000 -224.732236 
-1.990000 -232.329374 
-1.945000 -224.732236 
-1.900000 -226.631520 
-1.855000 -226.631520 
-1.810000 -220.933666 
-1.765000 -226.631520 
-1.720000 -228.530805 
-1.675000 -226.631520 
-1.630000 -247.523652 
-1.585000 -228.530805 
-1.540000 -226.631520 
-1.495000 -232.329374 
-1.450000 -220.933666 
-1.405000 -220.933666 
-1.360000 -217.135097 
-1.315000 -215.235812 
-1.270000 -211.437243 
-1.225000 -201.940820 
-1.180000 -198.142250 
-1.135000 -198.142250 
-1.090000 -196.242966 
-1.045000 -184.847258 
-1.000000 -186.746542 
-0.955000 -177.250119 
-0.910000 -177.250119 
-0.865000 -169.652980 
-0.820000 -173.451550 
-0.775000 -169.652980 
-0.730000 -160.156557 
-0.685000 -158.257272 
-0.640000 -156.357988 
-0.595000 -150.660134 
-0.550000 -154.458703 
-0.505000 -143.062995 
-0.460000 -135.465856 
-0.415000 -129.768002 
-0.370000 -120.271579 
-0.325000 -127.868718 
-0.280000 -124.070148 
-0.235000 -118.372294 
-0.190000 -108.875871 
-0.145000 -105.077302 
-0.100000 -99.379448 
-0.055000 -99.379448 
-0.010000 -84.185170 
0.035000 -84.185170 
0.080000 -82.285886 
0.125000 -76.588032 
0.170000 -59.494470 
0.215000 -49.998047 
0.260000 -31.005200 
0.305000 -15.810923 
0.350000 -8.213784 
0.395000 -0.616645 
0.440000 -2.515930 
0.485000 -0.616645 
0.530000 3.181924 
0.575000 12.678347 
0.620000 5.081209 
0.665000 35.469763 
0.710000 39.268333 
0.755000 48.764756 
0.800000 44.966187 
0.845000 46.865471 
0.890000 50.664041 
0.935000 48.764756 
0.980000 60.160464 
1.025000 67.757603 
1.070000 73.455457 
1.115000 73.455457 
1.160000 79.153311 
1.205000 81.052595 
1.250000 86.750449 
1.295000 98.146157 
1.340000 107.642581 
1.385000 105.743296 
1.430000 107.642581 
1.475000 105.743296 
1.520000 107.642581 
1.565000 115.239719 
1.610000 120.937573 
1.655000 128.534712 
1.700000 132.333281 
1.745000 138.031135 
1.790000 151.326128 
1.835000 151.326128 
1.880000 155.124697 
1.925000 143.728989 
1.970000 160.822551 
2.015000 166.520405 
2.060000 166.520405 
2.105000 170.318974 
2.150000 179.815398 
2.195000 174.117544 
2.240000 181.714682 
2.285000 200.707529 
2.330000 198.808244 
2.375000 191.211106 
2.420000 204.506098 
2.465000 206.405383 
2.490000 212.103237 
2.445000 229.196799 
2.400000 225.398230 
2.355000 225.398230 
2.310000 242.491792 
2.265000 236.793938 
2.220000 236.793938 
2.175000 240.592507 
2.130000 234.894653 
2.085000 253.887500 
2.040000 244.391076 
1.995000 246.290361 
1.950000 248.189646 
1.905000 251.988215 
1.860000 255.786784 
1.815000 244.391076 
1.770000 231.096084 
1.725000 236.793938 
1.680000 238.693222 
1.635000 231.096084 
1.590000 229.196799 
1.545000 227.297514 
1.500000 214.002522 
1.455000 229.196799 
1.410000 236.793938 
1.365000 231.096084 
1.320000 225.398230 
1.275000 229.196799 
1.230000 219.700376 
1.185000 219.700376 
1.140000 223.498945 
1.095000 212.103237 
1.050000 191.211106 
1.005000 202.606814 
0.960000 195.009675 
0.915000 191.211106 
0.870000 189.311821 
0.825000 181.714682 
0.780000 177.916113 
0.735000 176.016828 
0.690000 174.117544 
0.645000 149.426843 
0.600000 164.621120 
0.555000 166.520405 
0.510000 160.822551 
0.465000 153.225412 
0.420000 147.527558 
0.375000 147.527558 
0.330000 139.930420 
0.285000 147.527558 
0.240000 138.031135 
0.195000 134.232566 
0.150000 130.433997 
0.105000 128.534712 
0.060000 111.441150 
0.015000 105.743296 
-0.030000 107.642581 
-0.075000 92.448303 
-0.120000 86.750449 
-0.165000 86.750449 
-0.210000 79.153311 
-0.255000 75.354741 
-0.300000 48.764756 
-0.345000 -0.616645 
-0.390000 -13.911638 
-0.435000 -13.911638 
-0.480000 -34.803769 
-0.525000 -44.300193 
-0.570000 -34.803769 
-0.615000 -40.501623 
-0.660000 -42.400908 
-0.705000 -51.897331 
-0.750000 -67.091609 
-0.795000 -57.595185 
-0.840000 -53.796616 
-0.885000 -51.897331 
-0.930000 -59.494470 
-0.975000 -59.494470 
-1.020000 -59.494470 
-1.065000 -68.990893 
-1.110000 -74.688747 
-1.155000 -76.588032 
-1.200000 -84.185170 
-1.245000 -82.285886 
-1.290000 -97.480163 
-1.335000 -99.379448 
-1.380000 -97.480163 
-1.425000 -108.875871 
-1.470000 -110.775156 
-1.515000 -116.473010 
-1.560000 -133.566572 
-1.605000 -127.868718 
-1.650000 -129.768002 
-1.695000 -135.465856 
-1.740000 -144.962280 
-1.785000 -144.962280 
-1.830000 -154.458703 
-1.875000 -158.257272 
-1.920000 -158.257272 
-1.965000 -160.156557 
-2.010000 -167.753696 
-2.055000 -173.451550 
-2.100000 -182.947973 
-2.145000 -182.947973 
-2.190000 -190.545112 
-2.235000 -190.545112 
-2.280000 -196.242966 
-2.325000 -201.940820 
-2.370000 -196.242966 
-2.415000 -203.840104 
-2.460000 -203.840104 
-2.495000 -220.933666 
-2.450000 -224.732236 
-2.405000 -222.832951 
-2.360000 -226.631520 
-2.315000 -226.631520 
-2.270000 -224.732236 
-2.225000 -234.228659 
-2.180000 -228.530805 
-2.135000 -234.228659 
-2.090000 -236.127944 
-2.045000 -234.228659 
-2.000000 -232.329374 
-1.955000 -236.127944 
-1.910000 -234.228659 
-1.865000 -234.228659 
-1.820000 -226.631520 
-1.775000 -220.933666 
-1.730000 -224.732236 
-1.685000 -222.832951 
-1.640000 -232.329374 
-1.595000 -226.631520 
-1.550000 -219.034382 
-1.505000 -224.732236 
-1.460000 -222.832951 
-1.415000 -211.437243 
-1.370000 -215.235812 
-1.325000 -215.235812 
-1.280000 -217.135097 
-1.235000 -211.437243 
-1.190000 -203.840104 
-1.145000 -211.437243 
-1.100000 -198.142250 
-1.055000 -181.048688 
-1.010000 -184.847258 
-0.965000 -196.242966 
-0.920000 -179.149404 
-0.875000 -181.048688 
-0.830000 -167.753696 
-0.785000 -163.955126 
-0.740000 -190.545112 
-0.695000 -165.854411 
-0.650000 -165.854411 
-0.605000 -158.257272 
-0.560000 -148.760849 
-0.515000 -150.660134 
-0.470000 -144.962280 
-0.425000 -133.566572 
-0.380000 -141.163710 
-0.335000 -143.062995 
-0.290000 -129.768002 
-0.245000 -118.372294 
-0.200000 -116.473010 
-0.155000 -97.480163 
-0.110000 -110.775156 
-0.065000 -106.976586 
-0.020000 -103.178017 
0.025000 -93.681594 
0.070000 -86.084455 
0.115000 -76.588032 
0.160000 -76.588032 
0.205000 -61.393755 
0.250000 -48.098762 
0.295000 -29.105915 
0.340000 -23.408061 
0.385000 -10.113069 
0.430000 -0.616645 
0.475000 1.282639 
0.520000 8.879778 
0.565000 22.174771 
0.610000 24.074055 
0.655000 31.671194 
0.700000 39.268333 
0.745000 41.167617 
0.790000 46.865471 
0.835000 48.764756 
0.880000 52.563325 
0.925000 62.059749 
0.970000 62.059749 
1.015000 69.656887 
1.060000 73.455457 
1.105000 84.851165 
1.150000 77.254026 
1.195000 84.851165 
1.240000 79.153311 
1.285000 94.347588 
1.330000 96.246873 
1.375000 103.844011 
1.420000 98.146157 
1.465000 107.642581 
1.510000 107.642581 
1.555000 107.642581 
1.600000 115.239719 
1.645000 128.534712 
1.690000 128.534712 
1.735000 130.433997 
1.780000 138.031135 
1.825000 136.131851 
1.870000 141.829705 
1.915000 153.225412 
1.960000 153.225412 
2.005000 166.520405 
2.050000 166.520405 
2.095000 168.419690 
2.140000 179.815398 
2.185000 183.613967 
2.230000 183.613967 
2.275000 191.211106 
2.320000 200.707529 
2.365000 191.211106 
2.410000 196.908960 
2.455000 215.901806 
2.500000 210.203952 
2.455000 214.002522 
2.410000 231.096084 
2.365000 223.498945 
2.320000 227.297514 
2.275000 238.693222 
2.230000 219.700376 
2.185000 227.297514 
2.140000 244.391076 
2.095000 238.693222 
2.050000 242.491792 
2.005000 242.491792 
1.960000 240.592507 
1.915000 248.189646 
1.870000 240.592507 
1.825000 240.592507 
1.780000 236.793938 
1.735000 234.894653 
1.690000 234.894653 
1.645000 225.398230 
1.600000 231.096084 
1.555000 225.398230 
1.510000 231.096084 
1.465000 227.297514 
1.420000 225.398230 
1.375000 223.498945 
1.330000 215.901806 
1.285000 214.002522 
1.240000 214.002522 
1.195000 214.002522 
1.150000 204.506098 
1.105000 210.203952 
1.060000 204.506098 
1.015000 191.211106 
0.970000 191.211106 
0.925000 191.211106 
0.880000 187.412536 
0.835000 183.613967 
0.790000 174.117544 
0.745000 174.117544 
0.700000 166.520405 
0.655000 170.318974 
0.610000 172.218259 
0.565000 155.124697 
0.520000 160.822551 
0.475000 158.923266 
0.430000 151.326128 
0.385000 147.527558 
0.340000 141.829705 
0.295000 138.031135 
0.250000 130.433997 
0.205000 122.836858 
0.160000 122.836858 
0.115000 120.937573 
0.070000 107.642581 
0.025000 107.642581 
-0.020000 100.045442 
-0.065000 90.549019 
-0.110000 90.549019 
-0.155000 86.750449 
-0.200000 82.951880 
-0.245000 69.656887 
-0.290000 46.865471 
-0.335000 18.376201 
-0.380000 -13.911638 
-0.425000 -12.012353 
-0.470000 -25.307346 
-0.515000 -42.400908 
-0.560000 -42.400908 
-0.605000 -40.501623 
-0.650000 -36.703054 
-0.695000 -40.501623 
-0.740000 -48.098762 
-0.785000 -51.897331 
-0.830000 -44.300193 
-0.875000 -61.393755 
-0.920000 -63.293039 
-0.965000 -61.393755 
-1.010000 -63.293039 
-1.055000 -68.990893 
-1.100000 -67.091609 
-1.145000 -78.487316 
-1.190000 -84.185170 
-1.235000 -87.983740 
-1.280000 -86.084455 
-1.325000 -97.480163 
-1.370000 -103.178017 
-1.415000 -106.976586 
-1.460000 -106.976586 
-1.505000 -112.674440 
-1.550000 -118.372294 
-1.595000 -118.372294 
-1.640000 -129.768002 
-1.685000 -141.163710 
-1.730000 -141.163710 
-1.775000 -144.962280 
-1.820000 -154.458703 
-1.865000 -156.357988 
-1.910000 -165.854411 
-1.955000 -165.854411 
-2.000000 -169.652980 
-2.045000 -177.250119 
-2.090000 -177.250119 
-2.135000 -182.947973 
-2.180000 -182.947973 
-2.225000 -190.545112 
-2.270000 -198.142250 
-2.315000 -196.242966 
-2.360000 -196.242966 
-2.405000 -201.940820 
-2.450000 -209.537958 
-2.495000 -211.437243 
-2.460000 -224.732236 
-2.415000 -230.430090 
-2.370000 -219.034382 
-2.325000 -232.329374 
-2.280000 -230.430090 
-2.235000 -228.530805 
-2.190000 -226.631520 
-2.145000 -226.631520 
-2.100000 -236.127944 
-2.055000 -236.127944 
-2.010000 -232.329374 
-1.965000 -272.214352 
-1.920000 -232.329374 
-1.875000 -234.228659 
-1.830000 -238.027228 
-1.785000 -226.631520 
-1.740000 -230.430090 
-1.695000 -226.631520 
-1.650000 -222.832951 
-1.605000 -226.631520 
-1.560000 -220.933666 
-1.515000 -224.732236 
-1.470000 -222.832951 
-1.425000 -219.034382 
-1.380000 -220.933666 
-1.335000 -222.832951 
-1.290000 -203.840104 
-1.245000 -213.336528 
-1.200000 -205.739389 
-1.155000 -205.739389 
-1.110000 -201.940820 
-1.065000 -194.343681 
-1.020000 -179.149404 
-0.975000 -184.847258 
-0.930000 -188.645827 
-0.885000 -179.149404 
-0.840000 -177.250119 
-0.795000 -162.055842 
-0.750000 -163.955126 
-0.705000 -163.955126 
-0.660000 -160.156557 
-0.615000 -158.257272 
-0.570000 -152.559418 
-0.525000 -141.163710 
-0.480000 -143.062995 
-0.435000 -144.962280 
-0.390000 -129.768002 
-0.345000 -139.264426 
-0.300000 -127.868718 
-0.255000 -118.372294 
-0.210000 -125.969433 
-0.165000 -112.674440 
-0.120000 -106.976586 
-0.075000 -105.077302 
-0.030000 -105.077302 
0.015000 -103.178017 
0.060000 -89.883024 
0.105000 -82.285886 
0.150000 -74.688747 
0.195000 -55.695901 
0.240000 -46.199477 
0.285000 -38.602339 
0.330000 -29.105915 
0.375000 -19.609492 
0.420000 3.181924 
0.465000 16.476917 
0.510000 18.376201 
0.555000 27.872625 
0.600000 24.074055 
0.645000 29.771909 
0.690000 41.167617 
0.735000 44.966187 
0.780000 46.865471 
0.825000 54.462610 
0.870000 58.261179 
0.915000 58.261179 
0.960000 58.261179 
1.005000 62.059749 
1.050000 60.160464 
1.095000 63.959033 
1.140000 77.254026 
1.185000 75.354741 
1.230000 84.851165 
1.275000 96.246873 
1.320000 90.549019 
1.365000 98.146157 
1.410000 103.844011 
1.455000 109.541865 
1.500000 107.642581 
1.545000 117.139004 
1.590000 120.937573 
1.635000 120.937573 
1.680000 120.937573 
1.725000 130.433997 
1.770000 138.031135 
1.815000 139.930420 
1.860000 147.527558 
1.905000 143.728989 
1.950000 155.124697 
1.995000 166.520405 
2.040000 160.822551 
2.085000 162.721836 
2.130000 176.016828 
2.175000 181.714682 
2.220000 183.613967 
2.265000 187.412536 
2.310000 193.110390 
2.355000 196.908960 
2.400000 198.808244 
2.445000 214.002522 
2.490000 210.203952 
2.465000 204.506098 
2.420000 227.297514 
2.375000 221.599660 
2.330000 221.599660 
2.285000 236.793938 
2.240000 225.398230 
2.195000 234.894653 
2.150000 236.793938 
2.105000 229.196799 
2.060000 236.793938 
2.015000 236.793938 
1.970000 225.398230 
1.925000 236.793938 
1.880000 231.096084 
1.835000 236.793938 
1.790000 242.491792 
1.745000 236.793938 
1.700000 240.592507 
1.655000 232.995368 
1.610000 231.096084 
1.565000 229.196799 
1.520000 217.801091 
1.475000 229.196799 
1.430000 227.297514 
1.385000 221.599660 
1.340000 221.599660 
1.295000 215.901806 
1.250000 217.801091 
1.205000 212.103237 
1.160000 208.304668 
1.115000 204.506098 
1.070000 202.606814 
1.025000 195.009675 
0.980000 191.211106 
0.935000 185.513252 
0.890000 193.110390 
0.845000 189.311821 
0.800000 177.916113 
0.755000 176.016828 
0.710000 170.318974 
0.665000 170.318974 
0.620000 166.520405 
0.575000 158.923266 
0.530000 153.225412 
0.485000 155.124697 
0.440000 153.225412 
0.395000 143.728989 
0.350000 145.628274 
0.305000 139.930420 
0.260000 136.131851 
0.215000 132.333281 
0.170000 136.131851 
0.125000 113.340435 
0.080000 115.239719 
0.035000 119.038289 
-0.010000 98.146157 
-0.055000 96.246873 
-0.100000 105.743296 
-0.145000 79.153311 
-0.190000 75.354741 
-0.235000 69.656887 
-0.280000 44.966187 
-0.325000 8.879778 
-0.370000 -10.113069 
-0.415000 -15.810923 
-0.460000 -27.206631 
-0.505000 -36.703054 
-0.550000 -32.904485 
-0.595000 -46.199477 
-0.640000 -48.098762 
-0.685000 -46.199477 
-0.730000 -46.199477 
-0.775000 -53.796616 
-0.820000 -61.393755 
-0.865000 -53.796616 
-0.910000 -59.494470 
-0.955000 -59.494470 
-1.000000 -68.990893 
-1.045000 -68.990893 
-1.090000 -76.588032 
-1.135000 -82.285886 
-1.180000 -93.681594 
-1.225000 -95.580878 
-1.270000 -93.681594 
-1.315000 -87.983740 
-1.360000 -103.178017 
-1.405000 -105.077302 
-1.450000 -106.976586 
-1.495000 -118.372294 
-1.540000 -116.473010 
-1.585000 -122.170864 
-1.630000 -127.868718 
-1.675000 -137.365141 
-1.720000 -141.163710 
-1.765000 -175.350834 
-1.810000 -150.660134 
-1.855000 -160.156557 
-1.900000 -198.142250 
-1.945000 -163.955126 
-1.990000 -179.149404 
-2.035000 -171.552265 
-2.080000 -173.451550 
-2.125000 -181.048688 
-2.170000 -186.746542 
-2.215000 -182.947973 
-2.260000 -190.545112 
-2.305000 -205.739389 
-2.350000 -201.940820 
-2.395000 -211.437243 
-2.440000 -209.537958 
-2.485000 -217.135097 
-2.470000 -222.832951 
-2.425000 -220.933666 
-2.380000 -220.933666 
-2.335000 -226.631520 
-2.290000 -230.430090 
-2.245000 -230.430090 
-2.200000 -228.530805 
-2.155000 -232.329374 
-2.110000 -243.725082 
-2.065000 -241.825798 
-2.020000 -226.631520 
-1.975000 -234.228659 
-1.930000 -232.329374 
-1.885000 -232.329374 
-1.840000 -239.926513 
-1.795000 -228.530805 
-1.750000 -226.631520 
-1.705000 -226.631520 
-1.660000 -228.530805 
-1.615000 -226.631520 
-1.570000 -230.430090 
-1.525000 -258.919360 
-1.480000 -226.631520 
-1.435000 -219.034382 
-1.390000 -220.933666 
-1.345000 -220.933666 
-1.300000 -213.336528 
-1.255000 -215.235812 
-1.210000 -215.235812 
-1.165000 -207.638674 
-1.120000 -205.739389 
-1.075000 -196.242966 
-1.030000 -179.149404 
-0.985000 -182.947973 
-0.940000 -182.947973 
-0.895000 -181.048688 
-0.850000 -179.149404 
-0.805000 -171.552265 
-0.760000 -156.357988 
-0.715000 -167.753696 
-0.670000 -167.753696 
-0.625000 -154.458703 
-0.580000 -139.264426 
-0.535000 -148.760849 
-0.490000 -143.062995 
-0.445000 -135.465856 
-0.400000 -141.163710 
-0.355000 -135.465856 
-0.310000 -124.070148 
-0.265000 -120.271579 
-0.220000 -112.674440 
-0.175000 -103.178017 
-0.130000 -105.077302 
-0.085000 -112.674440 
-0.040000 -108.875871 
0.005000 -95.580878 
0.050000 -91.782309 
0.095000 -74.688747 
0.140000 -63.293039 
0.185000 -59.494470 
0.230000 -46.199477 
0.275000 -42.400908 
0.320000 -34.803769 
0.365000 -19.609492 
0.410000 1.282639 
0.455000 3.181924 
0.500000 5.081209 
0.545000 16.476917 
0.590000 22.174771 
0.635000 29.771909 
0.680000 39.268333 
0.725000 44.966187 
0.770000 48.764756 
0.815000 50.664041 
0.860000 52.563325 
0.905000 58.261179 
0.950000 60.160464 
0.995000 67.757603 
1.040000 69.656887 
1.085000 79.153311 
1.130000 75.354741 
1.175000 77.254026 
1.220000 82.951880 
1.265000 84.851165 
1.310000 96.246873 
1.355000 98.146157 
1.400000 103.844011 
1.445000 103.844011 
1.490000 113.340435 
1.535000 120.937573 
1.580000 119.038289 
1.625000 122.836858 
1.670000 134.232566 
1.715000 124.736143 
1.760000 126.635427 
1.805000 139.930420 
1.850000 139.930420 
1.895000 149.426843 
1.940000 153.225412 
1.985000 157.023982 
2.030000 174.117544 
2.075000 168.419690 
2.120000 176.016828 
2.165000 183.613967 
2.210000 185.513252 
2.255000 185.513252 
2.300000 191.211106 
2.345000 195.009675 
2.390000 191.211106 
2.435000 208.304668 
2.480000 219.700376 
2.475000 210.203952 
2.430000 221.599660 
2.385000 229.196799 
2.340000 229.196799 
2.295000 223.498945 
2.250000 240.592507 
2.205000 234.894653 
2.160000 253.887500 
2.115000 240.592507 
2.070000 238.693222 
2.025000 244.391076 
1.980000 240.592507 
1.935000 250.088930 
1.890000 234.894653 
1.845000 238.693222 
1.800000 242.491792 
1.755000 238.693222 
1.710000 234.894653 
1.665000 234.894653 
1.620000 227.297514 
1.575000 234.894653 
1.530000 227.297514 
1.485000 231.096084 
1.440000 229.196799 
1.395000 227.297514 
1.350000 223.498945 
1.305000 221.599660 
1.260000 221.599660 
1.215000 215.901806 
1.170000 210.203952 
1.125000 210.203952 
1.080000 204.506098 
1.035000 204.506098 
0.990000 204.506098 
0.945000 196.908960 
0.900000 196.908960 
0.855000 185.513252 
0.810000 181.714682 
0.765000 181.714682 
0.720000 174.117544 
0.675000 174.117544 
0.630000 176.016828 
0.585000 166.520405 
0.540000 160.822551 
0.495000 158.923266 
0.450000 153.225412 
0.405000 145.628274 
0.360000 141.829705 
0.315000 143.728989 
0.270000 138.031135 
0.225000 124.736143 
0.180000 124.736143 
0.135000 122.836858 
0.090000 115.239719 
0.045000 111.441150 
0.000000 96.246873 
-0.045000 98.146157 
-0.090000 94.347588 
-0.135000 84.851165 
-0.180000 79.153311 
-0.225000 79.153311 
-0.270000 62.059749 
-0.315000 27.872625 
-0.360000 -0.616645 
-0.405000 -12.012353 
-0.450000 -19.609492 
-0.495000 -32.904485 
-0.540000 -34.803769 
-0.585000 -36.703054 
-0.630000 -36.703054 
-0.675000 -51.897331 
-0.720000 -42.400908 
-0.765000 -51.897331 
-0.810000 -57.595185 
-0.855000 -55.695901 
-0.900000 -57.595185 
-0.945000 -89.883024 
-0.990000 -61.393755 
-1.035000 -65.192324 
-1.080000 -67.091609 
-1.125000 -80.386601 
-1.170000 -78.487316 
-1.215000 -93.681594 
-1.260000 -101.278732 
-1.305000 -103.178017 
-1.350000 -101.278732 
-1.395000 -106.976586 
-1.440000 -112.674440 
-1.485000 -118.372294 
-1.530000 -114.573725 
-1.575000 -124.070148 
-1.620000 -133.566572 
-1.665000 -135.465856 
-1.710000 -133.566572 
-1.755000 -150.660134 
-1.800000 -148.760849 
-1.845000 -150.660134 
-1.890000 -162.055842 
-1.935000 -171.552265 
-1.980000 -167.753696 
-2.025000 -171.552265 
-2.070000 -175.350834 
-2.115000 -179.149404 
-2.160000 -192.444396 
-2.205000 -188.645827 
-2.250000 -190.545112 
-2.295000 -200.041535 
-2.340000 -200.041535 
-2.385000 -211.437243 
-2.430000 -205.739389 
-2.475000 -207.638674 
-2.480000 -215.235812 
-2.435000 -220.933666 
-2.390000 -224.732236 
-2.345000 -230.430090 
-2.300000 -236.127944 
-2.255000 -230.430090 
-2.210000 -234.228659 
-2.165000 -234.228659 
-2.120000 -226.631520 
-2.075000 -245.624367 
-2.030000 -241.825798 
-1.985000 -238.027228 
-1.940000 -239.926513 
-1.895000 -236.127944 
-1.850000 -232.329374 
-1.805000 -236.127944 
-1.760000 -236.127944 
-1.715000 -222.832951 
-1.670000 -224.732236 
-1.625000 -217.135097 
-1.580000 -224.732236 
-1.535000 -230.430090 
-1.490000 -226.631520 
-1.445000 -228.530805 
-1.400000 -220.933666 
-1.355000 -220.933666 
-1.310000 -217.135097 
-1.265000 -209.537958 
-1.220000 -220.933666 
-1.175000 -211.437243 
-1.130000 -201.940820 
-1.085000 -196.242966 
-1.040000 -182.947973 
-0.995000 -188.645827 
-0.950000 -190.545112 
-0.905000 -179.149404 
-0.860000 -181.048688 
-0.815000 -177.250119 
-0.770000 -158.257272 
-0.725000 -165.854411 
-0.680000 -173.451550 
-0.635000 -158.257272 
-0.590000 -165.854411 
-0.545000 -152.559418 
-0.500000 -152.559418 
-0.455000 -150.660134 
-0.410000 -139.264426 
-0.365000 -135.465856 
-0.320000 -139.264426 
-0.275000 -127.868718 
-0.230000 -112.674440 
-0.185000 -106.976586 
-0.140000 -112.674440 
-0.095000 -106.976586 
-0.050000 -105.077302 
-0.005000 -129.768002 
0.040000 -97.480163 
0.085000 -93.681594 
0.130000 -99.379448 
0.175000 -76.588032 
0.220000 -61.393755 
0.265000 -48.098762 
0.310000 -31.005200 
0.355000 -29.105915 
0.400000 -12.012353 
0.445000 1.282639 
0.490000 8.879778 
0.535000 22.174771 
0.580000 27.872625 
0.625000 33.570479 
0.670000 31.671194 
0.715000 35.469763 
0.760000 46.865471 
0.805000 46.865471 
0.850000 44.966187 
0.895000 52.563325 
0.940000 62.059749 
0.985000 58.261179 
1.030000 60.160464 
1.075000 69.656887 
1.120000 65.858318 
1.165000 81.052595 
1.210000 81.052595 
1.255000 86.750449 
1.300000 92.448303 
1.345000 92.448303 
1.390000 100.045442 
1.435000 109.541865 
1.480000 109.541865 
1.525000 113.340435 
1.570000 120.937573 
1.615000 126.635427 
1.660000 130.433997 
1.705000 124.736143 
1.750000 134.232566 
1.795000 139.930420 
1.840000 151.326128 
1.885000 149.426843 
1.930000 149.426843 
1.975000 166.520405 
2.020000 166.520405 
2.065000 160.822551 
2.110000 166.520405 
2.155000 179.815398 
2.200000 181.714682 
2.245000 191.211106 
2.290000 196.908960 
2.335000 200.707529 
2.380000 196.908960 
2.425000 210.203952 
2.470000 219.700376 
2.485000 214.002522 
2.440000 215.901806 
2.395000 229.196799 
2.350000 217.801091 
2.305000 234.894653 
2.260000 231.096084 
2.215000 225.398230 
2.170000 248.189646 
2.125000 234.894653 
2.080000 234.894653 
2.035000 250.088930 
1.990000 236.793938 
1.945000 244.391076 
1.900000 234.894653 
1.855000 238.693222 
1.810000 240.592507 
1.765000 234.894653 
1.720000 244.391076 
1.675000 236.793938 
1.630000 238.693222 
1.585000 240.592507 
1.540000 238.693222 
1.495000 240.592507 
1.450000 227.297514 
1.405000 231.096084 
1.360000 232.995368 
1.315000 219.700376 
1.270000 223.498945 
1.225000 227.297514 
1.180000 208.304668 
1.135000 206.405383 
1.090000 212.103237 
1.045000 208.304668 
1.000000 200.707529 
0.955000 202.606814 
0.910000 195.009675 
0.865000 195.009675 
0.820000 191.211106 
0.775000 181.714682 
0.730000 177.916113 
0.685000 181.714682 
0.640000 172.218259 
0.595000 164.621120 
0.550000 168.419690 
0.505000 160.822551 
0.460000 157.023982 
0.415000 155.124697 
0.370000 149.426843 
0.325000 145.628274 
0.280000 139.930420 
0.235000 134.232566 
0.190000 128.534712 
0.145000 122.836858 
0.100000 115.239719 
0.055000 107.642581 
0.010000 101.944727 
-0.035000 94.347588 
-0.080000 100.045442 
-0.125000 88.649734 
-0.170000 88.649734 
-0.215000 82.951880 
-0.260000 73.455457 
-0.305000 37.369048 
-0.350000 8.879778 
-0.395000 -13.911638 
-0.440000 -23.408061 
-0.485000 -17.710207 
-0.530000 -38.602339 
-0.575000 -42.400908 
-0.620000 -31.005200 
-0.665000 -49.998047 
-0.710000 -38.602339 
-0.755000 -48.098762 
-0.800000 -87.983740 
-0.845000 -51.897331 
-0.890000 -63.293039 
-0.935000 -63.293039 
-0.980000 -61.393755 
-1.025000 -61.393755 
-1.070000 -67.091609 
-1.115000 -78.487316 
-1.160000 -80.386601 
-1.205000 -87.983740 
-1.250000 -97.480163 
-1.295000 -97.480163 
-1.340000 -101.278732 
-1.385000 -103.178017 
-1.430000 -103.178017 
-1.475000 -106.976586 
-1.520000 -112.674440 
-1.565000 -118.372294 
-1.610000 -124.070148 
-1.655000 -135.465856 
-1.700000 -144.962280 
-1.745000 -143.062995 
-1.790000 -148.760849 
-1.835000 -152.559418 
-1.880000 -160.156557 
-1.925000 -171.552265 
-1.970000 -171.552265 
-2.015000 -169.652980 
-2.060000 -181.048688 
-2.105000 -190.545112 
-2.150000 -182.947973 
-2.195000 -188.645827 
-2.240000 -190.545112 
-2.285000 -196.242966 
-2.330000 -207.638674 
-2.375000 -209.537958 
-2.420000 -205.739389 
-2.465000 -205.739389 
-2.490000 -213.336528 
-2.445000 -217.135097 
-2.400000 -230.430090 
-2.355000 -230.430090 
-2.310000 -232.329374 
-2.265000 -243.725082 
-2.220000 -238.027228 
-2.175000 -230.430090 
-2.130000 -230.430090 
-2.085000 -228.530805 
-2.040000 -245.624367 
-1.995000 -239.926513 
-1.950000 -228.530805 
-1.905000 -234.228659 
-1.860000 -232.329374 
-1.815000 -241.825798 
-1.770000 -230.430090 
-1.725000 -228.530805 
-1.680000 -230.430090 
-1.635000 -226.631520 
-1.590000 -226.631520 
-1.545000 -228.530805 
-1.500000 -226.631520 
-1.455000 -222.832951 
-1.410000 -219.034382 
-1.365000 -219.034382 
-1.320000 -220.933666 
-1.275000 -213.336528 
-1.230000 -219.034382 
-1.185000 -215.235812 
-1.140000 -205.739389 
-1.095000 -205.739389 
-1.050000 -196.242966 
-1.005000 -182.947973 
-0.960000 -179.149404 
-0.915000 -190.545112 
-0.870000 -179.149404 
-0.825000 -182.947973 
-0.780000 -175.350834 
-0.735000 -154.458703 
-0.690000 -162.055842 
-0.645000 -165.854411 
-0.600000 -154.458703 
-0.555000 -143.062995 
-0.510000 -144.962280 
-0.465000 -144.962280 
-0.420000 -143.062995 
-0.375000 -141.163710 
-0.330000 -127.868718 
-0.285000 -135.465856 
-0.240000 -127.868718 
-0.195000 -114.573725 
-0.150000 -108.875871 
-0.105000 -129.768002 
-0.060000 -103.178017 
-0.015000 -99.379448 
0.030000 -95.580878 
0.075000 -99.379448 
0.120000 -78.487316 
0.165000 -63.293039 
0.210000 -67.091609 
0.255000 -48.098762 
0.300000 -38.602339 
0.345000 -31.005200 
0.390000 -19.609492 
0.435000 3.181924 
0.480000 14.577632 
0.525000 24.074055 
0.570000 24.074055 
0.615000 27.872625 
0.660000 27.872625 
0.705000 33.570479 
0.750000 41.167617 
0.795000 44.966187 
0.840000 58.261179 
0.885000 56.361895 
0.930000 54.462610 
0.975000 67.757603 
1.020000 65.858318 
1.065000 63.959033 
1.110000 79.153311 
1.155000 77.254026 
1.200000 90.549019 
1.245000 92.448303 
1.290000 90.549019 
1.335000 88.649734 
1.380000 94.347588 
1.425000 111.441150 
1.470000 109.541865 
1.515000 111.441150 
1.560000 115.239719 
1.605000 113.340435 
1.650000 122.836858 
1.695000 130.433997 
1.740000 138.031135 
1.785000 143.728989 
1.830000 134.232566 
1.875000 147.527558 
1.920000 149.426843 
1.965000 145.628274 
2.010000 166.520405 
2.055000 168.419690 
2.100000 179.815398 
2.145000 185.513252 
2.190000 187.412536 
2.235000 181.714682 
2.280000 189.311821 
2.325000 196.908960 
2.370000 189.311821 
2.415000 208.304668 
2.460000 212.103237 
2.495000 204.506098 
2.450000 215.901806 
2.405000 221.599660 
2.360000 227.297514 
2.315000 234.894653 
2.270000 229.196799 
2.225000 234.894653 
2.180000 240.592507 
2.135000 227.297514 
2.090000 240.592507 
2.045000 242.491792 
2.000000 244.391076 
1.955000 244.391076 
1.910000 244.391076 
1.865000 242.491792 
1.820000 238.693222 
1.775000 240.592507 
1.730000 238.693222 
1.685000 238.693222 
1.640000 238.693222 
1.595000 232.995368 
1.550000 231.096084 
1.505000 234.894653 
1.460000 221.599660 
1.415000 223.498945 
1.370000 219.700376 
1.325000 219.700376 
1.280000 215.901806 
1.235000 215.901806 
1.190000 215.901806 
1.145000 214.002522 
1.100000 208.304668 
1.055000 202.606814 
1.010000 202.606814 
0.965000 196.908960 
0.920000 191.211106 
0.875000 189.311821 
0.830000 177.916113 
0.785000 179.815398 
0.740000 177.916113 
0.695000 174.117544 
0.650000 168.419690 
0.605000 160.822551 
0.560000 158.923266 
0.515000 166.520405 
0.470000 158.923266 
0.425000 153.225412 
0.380000 151.326128 
0.335000 153.225412 
0.290000 145.628274 
0.245000 138.031135 
0.200000 130.433997 
0.155000 126.635427 
0.110000 120.937573 
0.065000 115.239719 
0.020000 111.441150 
-0.025000 103.844011 
-0.070000 98.146157 
-0.115000 90.549019 
-0.160000 90.549019 
-0.205000 82.951880 
-0.250000 65.858318 
-0.295000 37.369048 
-0.340000 -0.616645 
-0.385000 -4.415215 
-0.430000 -13.911638 
-0.475000 -21.508777 
-0.520000 -29.105915 
-0.565000 -38.602339 
-0.610000 -38.602339 
-0.655000 -42.400908 
-0.700000 -38.602339 
-0.745000 -51.897331 
-0.790000 -51.897331 
-0.835000 -55.695901 
-0.880000 -63.293039 
-0.925000 -53.796616 
-0.970000 -51.897331 
-1.015000 -63.293039 
-1.060000 -68.990893 
-1.105000 -70.890178 
-1.150000 -82.285886 
-1.195000 -87.983740 
-1.240000 -93.681594 
-1.285000 -93.681594 
-1.330000 -99.379448 
-1.375000 -105.077302 
-1.420000 -116.473010 
-1.465000 -106.976586 
-1.510000 -105.077302 
-1.555000 -112.674440 
-1.600000 -124.070148 
-1.645000 -133.566572 
-1.690000 -133.566572 
-1.735000 -163.955126 
-1.780000 -144.962280 
-1.825000 -156.357988 
-1.870000 -158.257272 
-1.915000 -162.055842 
-1.960000 -167.753696 
-2.005000 -173.451550 
-2.050000 -175.350834 
-2.095000 -179.149404 
-2.140000 -184.847258 
-2.185000 -186.746542 
-2.230000 -188.645827 
-2.275000 -194.343681 
-2.320000 -196.242966 
-2.365000 -203.840104 
-2.410000 -211.437243 
-2.455000 -213.336528 
-2.500000 -219.034382 
-2.455000 -217.135097 
-2.410000 -215.235812 
-2.365000 -226.631520 
-2.320000 -217.135097 
-2.275000 -230.430090 
-2.230000 -239.926513 
-2.185000 -230.430090 
-2.140000 -238.027228 
-2.095000 -236.127944 
-2.050000 -234.228659 
-2.005000 -245.624367 
-1.960000 -241.825798 
-1.915000 -238.027228 
-1.870000 -236.127944 
-1.825000 -228.530805 
-1.780000 -234.228659 
-1.735000 -224.732236 
-1.690000 -219.034382 
-1.645000 -215.235812 
-1.600000 -217.135097 
-1.555000 -245.624367 
-1.510000 -222.832951 
-1.465000 -215.235812 
-1.420000 -234.228659 
-1.375000 -219.034382 
-1.330000 -207.638674 
-1.285000 -215.235812 
-1.240000 -213.336528 
-1.195000 -203.840104 
-1.150000 -211.437243 
-1.105000 -201.940820 
-1.060000 -198.142250 
-1.015000 -200.041535 
-0.970000 -179.149404 
-0.925000 -169.652980 
-0.880000 -182.947973 
-0.835000 -181.048688 
-0.790000 -160.156557 
-0.745000 -173.451550 
-0.700000 -162.055842 
-0.655000 -162.055842 
-0.610000 -165.854411 
-0.565000 -160.156557 
-0.520000 -154.458703 
-0.475000 -143.062995 
-0.430000 -135.465856 
-0.385000 -137.365141 
-0.340000 -124.070148 
-0.295000 -122.170864 
-0.250000 -122.170864 
-0.205000 -129.768002 
-0.160000 -114.573725 
-0.115000 -106.976586 
-0.070000 -95.580878 
-0.025000 -95.580878 
0.020000 -89.883024 
0.065000 -99.379448 
0.110000 -86.084455 
0.155000 -68.990893 
0.200000 -57.595185 
0.245000 -34.803769 
0.290000 -29.105915 
0.335000 -19.609492 
0.380000 -12.012353 
0.425000 -0.616645 
0.470000 1.282639 
0.515000 22.174771 
0.560000 22.174771 
0.605000 29.771909 
0.650000 37.369048 
0.695000 41.167617 
0.740000 46.865471 
0.785000 43.066902 
0.830000 50.664041 
0.875000 46.865471 
0.920000 60.160464 
0.965000 60.160464 
1.010000 63.959033 
1.055000 79.153311 
1.100000 79.153311 
1.145000 77.254026 
1.190000 90.549019 
1.235000 82.951880 
1.280000 90.549019 
1.325000 98.146157 
1.370000 101.944727 
1.415000 98.146157 
1.460000 105.743296 
1.505000 111.441150 
1.550000 117.139004 
1.595000 120.937573 
1.640000 128.534712 
1.685000 128.534712 
1.730000 130.433997 
1.775000 136.131851 
1.820000 139.930420 
1.865000 153.225412 
1.910000 155.124697 
1.955000 157.023982 
2.000000 164.621120 
2.045000 168.419690 
2.090000 168.419690 
2.135000 157.023982 
2.180000 181.714682 
2.225000 191.211106 
2.270000 183.613967 
2.315000 196.908960 
2.360000 210.203952 
2.405000 206.405383 
2.450000 204.506098 
2.495000 217.801091 
2.460000 219.700376 
2.415000 215.901806 
2.370000 234.894653 
2.325000 221.599660 
2.280000 236.793938 
2.235000 236.793938 
2.190000 227.297514 
2.145000 242.491792 
2.100000 242.491792 
2.055000 238.693222 
2.010000 244.391076 
1.965000 238.693222 
1.920000 238.693222 
1.875000 236.793938 
1.830000 240.592507 
1.785000 244.391076 
1.740000 242.491792 
1.695000 240.592507 
1.650000 236.793938 
1.605000 232.995368 
1.560000 234.894653 
1.515000 232.995368 
1.470000 229.196799 
1.425000 225.398230 
1.380000 217.801091 
1.335000 217.801091 
1.290000 227.297514 
1.245000 210.203952 
1.200000 210.203952 
1.155000 206.405383 
1.110000 210.203952 
1.065000 202.606814 
1.020000 191.211106 
0.975000 187.412536 
0.930000 189.311821 
0.885000 179.815398 
0.840000 181.714682 
0.795000 185.513252 
0.750000 177.916113 
0.705000 176.016828 
0.660000 179.815398 
0.615000 172.218259 
0.570000 160.822551 
0.525000 164.621120 
0.480000 160.822551 
0.435000 153.225412 
0.390000 141.829705 
0.345000 145.628274 
0.300000 138.031135 
0.255000 128.534712 
0.210000 130.433997 
0.165000 122.836858 
0.120000 109.541865 
0.075000 113.340435 
0.030000 107.642581 
-0.015000 105.743296 
-0.060000 96.246873 
-0.105000 86.750449 
-0.150000 84.851165 
-0.195000 75.354741 
-0.240000 67.757603 
-0.285000 58.261179 
-0.330000 18.376201 
-0.375000 -13.911638 
-0.420000 -19.609492 
-0.465000 -21.508777 
-0.510000 -34.803769 
-0.555000 -36.703054 
-0.600000 -48.098762 
-0.645000 -42.400908 
-0.690000 -42.400908 
-0.735000 -38.602339 
-0.780000 -53.796616 
-0.825000 -53.796616 
-0.870000 -57.595185 
-0.915000 -55.695901 
-0.960000 -55.695901 
-1.005000 -59.494470 
-1.050000 -82.285886 
-1.095000 -80.386601 
-1.140000 -70.890178 
-1.185000 -89.883024 
-1.230000 -86.084455 
-1.275000 -93.681594 
-1.320000 -103.178017 
-1.365000 -110.775156 
-1.410000 -110.775156 
-1.455000 -108.875871 
-1.500000 -103.178017 
-1.545000 -112.674440 
-1.590000 -120.271579 
-1.635000 -124.070148 
-1.680000 -135.465856 
-1.725000 -141.163710 
-1.770000 -144.962280 
-1.815000 -152.559418 
-1.860000 -158.257272 
-1.905000 -160.156557 
-1.950000 -160.156557 
-1.995000 -169.652980 
-2.040000 -175.350834 
-2.085000 -173.451550 
-2.130000 -177.250119 
-2.175000 -190.545112 
-2.220000 -181.048688 
-2.265000 -194.343681 
-2.310000 -196.242966 
-2.355000 -196.242966 
-2.400000 -226.631520 
-2.445000 -211.437243 
-2.490000 -215.235812 
-2.465000 -219.034382 
-2.420000 -222.832951 
-2.375000 -219.034382 
-2.330000 -236.127944 
-2.285000 -220.933666 
-2.240000 -226.631520 
-2.195000 -234.228659 
-2.150000 -239.926513 
-2.105000 -232.329374 
-2.060000 -234.228659 
-2.015000 -238.027228 
-1.970000 -243.725082 
-1.925000 -238.027228 
-1.880000 -236.127944 
-1.835000 -236.127944 
-1.790000 -226.631520 
-1.745000 -241.825798 
-1.700000 -228.530805 
-1.655000 -234.228659 
-1.610000 -220.933666 
-1.565000 -224.732236 
-1.520000 -226.631520 
-1.475000 -228.530805 
-1.430000 -220.933666 
-1.385000 -224.732236 
-1.340000 -211.437243 
-1.295000 -215.235812 
-1.250000 -219.034382 
-1.205000 -217.135097 
-1.160000 -213.336528 
-1.115000 -207.638674 
-1.070000 -203.840104 
-1.025000 -198.142250 
-0.980000 -190.545112 
-0.935000 -177.250119 
-0.890000 -173.451550 
-0.845000 -184.847258 
-0.800000 -169.652980 
-0.755000 -169.652980 
-0.710000 -162.055842 
-0.665000 -152.559418 
-0.620000 -158.257272 
-0.575000 -160.156557 
-0.530000 -148.760849 
-0.485000 -160.156557 
-0.440000 -144.962280 
-0.395000 -143.062995 
-0.350000 -137.365141 
-0.305000 -122.170864 
-0.260000 -122.170864 
-0.215000 -122.170864 
-0.170000 -124.070148 
-0.125000 -108.875871 
-0.080000 -101.278732 
-0.035000 -103.178017 
0.010000 -91.782309 
0.055000 -87.983740 
0.100000 -84.185170 
0.145000 -70.890178 
0.190000 -61.393755 
0.235000 -44.300193 
0.280000 -31.005200 
0.325000 -19.609492 
0.370000 -2.515930 
0.415000 8.879778 
0.460000 6.980493 
0.505000 12.678347 
0.550000 22.174771 
0.595000 29.771909 
0.640000 29.771909 
0.685000 44.966187 
0.730000 46.865471 
0.775000 46.865471 
0.820000 39.268333 
0.865000 44.966187 
0.910000 52.563325 
0.955000 65.858318 
1.000000 60.160464 
1.045000 69.656887 
1.090000 67.757603 
1.135000 73.455457 
1.180000 81.052595 
1.225000 82.951880 
1.270000 84.851165 
1.315000 94.347588 
1.360000 100.045442 
1.405000 101.944727 
1.450000 92.448303 
1.495000 103.844011 
1.540000 105.743296 
1.585000 119.038289 
1.630000 122.836858 
1.675000 124.736143 
1.720000 128.534712 
1.765000 132.333281 
1.810000 151.326128 
1.855000 151.326128 
1.900000 147.527558 
1.945000 158.923266 
1.990000 160.822551 
2.035000 168.419690 
2.080000 174.117544 
2.125000 176.016828 
2.170000 179.815398 
2.215000 185.513252 
2.260000 185.513252 
2.305000 198.808244 
2.350000 204.506098 
2.395000 196.908960 
2.440000 196.908960 
2.485000 212.103237 
2.470000 210.203952 
2.425000 221.599660 
2.380000 229.196799 
2.335000 206.405383 
2.290000 234.894653 
2.245000 232.995368 
2.200000 231.096084 
2.155000 240.592507 
2.110000 236.793938 
2.065000 234.894653 
2.020000 250.088930 
1.975000 236.793938 
1.930000 242.491792 
1.885000 242.491792 
1.840000 242.491792 
1.795000 234.894653 
1.750000 231.096084 
1.705000 242.491792 
1.660000 238.693222 
1.615000 232.995368 
1.570000 244.391076 
1.525000 236.793938 
1.480000 234.894653 
1.435000 231.096084 
1.390000 227.297514 
1.345000 225.398230 
1.300000 223.498945 
1.255000 223.498945 
1.210000 217.801091 
1.165000 214.002522 
1.120000 210.203952 
1.075000 204.506098 
1.030000 198.808244 
0.985000 191.211106 
0.940000 196.908960 
0.895000 193.110390 
0.850000 189.311821 
0.805000 181.714682 
0.760000 172.218259 
0.715000 176.016828 
0.670000 176.016828 
0.625000 168.419690 
0.580000 172.218259 
0.535000 162.721836 
0.490000 155.124697 
0.445000 151.326128 
0.400000 143.728989 
0.355000 143.728989 
0.310000 143.728989 
0.265000 138.031135 
0.220000 138.031135 
0.175000 124.736143 
0.130000 120.937573 
0.085000 113.340435 
0.040000 101.944727 
-0.005000 101.944727 
-0.050000 92.448303 
-0.095000 90.549019 
-0.140000 77.254026 
-0.185000 73.455457 
-0.230000 60.160464 
-0.275000 43.066902 
-0.320000 16.476917 
-0.365000 -12.012353 
-0.410000 -17.710207 
-0.455000 -29.105915 
-0.500000 -32.904485 
-0.545000 -38.602339 
-0.590000 -44.300193 
-0.635000 -44.300193 
-0.680000 -46.199477 
-0.725000 -38.602339 
-0.770000 -57.595185 
-0.815000 -61.393755 
-0.860000 -57.595185 
-0.905000 -65.192324 
-0.950000 -67.091609 
-0.995000 -57.595185 
-1.040000 -68.990893 
-1.085000 -82.285886 
-1.130000 -82.285886 
-1.175000 -84.185170 
-1.220000 -91.782309 
-1.265000 -99.379448 
-1.310000 -97.480163 
-1.355000 -105.077302 
-1.400000 -105.077302 
-1.445000 -106.976586 
-1.490000 -116.473010 
-1.535000 -112.674440 
-1.580000 -112.674440 
-1.625000 -129.768002 
-1.670000 -135.465856 
-1.715000 -144.962280 
-1.760000 -182.947973 
-1.805000 -150.660134 
-1.850000 -160.156557 
-1.895000 -163.955126 
-1.940000 -158.257272 
-1.985000 -165.854411 
-2.030000 -173.451550 
-2.075000 -177.250119 
-2.120000 -182.947973 
-2.165000 -181.048688 
-2.210000 -188.645827 
-2.255000 -194.343681 
-2.300000 -196.242966 
-2.345000 -200.041535 
-2.390000 -200.041535 
-2.435000 -219.034382 
-2.480000 -215.235812 
-2.475000 -209.537958 
-2.430000 -226.631520 
-2.385000 -222.832951 
-2.340000 -226.631520 
-2.295000 -234.228659 
-2.250000 -226.631520 
-2.205000 -228.530805 
-2.160000 -226.631520 
-2.115000 -238.027228 
-2.070000 -234.228659 
-2.025000 -224.732236 
-1.980000 -236.127944 
-1.935000 -234.228659 
-1.890000 -228.530805 
-1.845000 -241.825798 
-1.800000 -234.228659 
-1.755000 -232.329374 
-1.710000 -228.530805 
-1.665000 -222.832951 
-1.620000 -224.732236 
-1.575000 -217.135097 
-1.530000 -220.933666 
-1.485000 -219.034382 
-1.440000 -220.933666 
-1.395000 -220.933666 
-1.350000 -213.336528 
-1.305000 -215.235812 
-1.260000 -213.336528 
-1.215000 -220.933666 
-1.170000 -209.537958 
-1.125000 -211.437243 
-1.080000 -209.537958 
-1.035000 -205.739389 
-0.990000 -205.739389 
-0.945000 -190.545112 
-0.900000 -177.250119 
-0.855000 -177.250119 
-0.810000 -181.048688 
-0.765000 -169.652980 
-0.720000 -171.552265 
-0.675000 -162.055842 
-0.630000 -148.760849 
-0.585000 -162.055842 
-0.540000 -158.257272 
-0.495000 -141.163710 
-0.450000 -139.264426 
-0.405000 -139.264426 
-0.360000 -129.768002 
-0.315000 -127.868718 
-0.270000 -124.070148 
-0.225000 -125.969433 
-0.180000 -116.473010 
-0.135000 -116.473010 
-0.090000 -110.775156 
-0.045000 -95.580878 
