0.000000 -74.688747 
0.090000 -68.990893 
0.180000 -57.595185 
0.270000 -44.300193 
0.360000 -29.105915 
0.450000 -25.307346 
0.540000 -13.911638 
0.630000 -4.415215 
0.720000 -0.616645 
0.810000 -6.314499 
0.900000 -0.616645 
0.990000 24.074055 
1.080000 35.469763 
1.170000 52.563325 
1.260000 52.563325 
1.350000 75.354741 
1.440000 79.153311 
1.530000 86.750449 
1.620000 92.448303 
1.710000 103.844011 
1.800000 107.642581 
1.890000 113.340435 
1.980000 119.038289 
2.070000 134.232566 
2.160000 138.031135 
2.250000 151.326128 
2.340000 158.923266 
2.430000 164.621120 
2.480000 177.916113 
2.390000 183.613967 
2.300000 196.908960 
2.210000 202.606814 
2.120000 195.009675 
2.030000 204.506098 
1.940000 210.203952 
1.850000 208.304668 
1.760000 198.808244 
1.670000 210.203952 
1.580000 204.506098 
1.490000 204.506098 
1.400000 210.203952 
1.310000 204.506098 
1.220000 198.808244 
1.130000 204.506098 
1.040000 198.808244 
0.950000 204.506098 
0.860000 196.908960 
0.770000 191.211106 
0.680000 187.412536 
0.590000 191.211106 
0.500000 181.714682 
0.410000 177.916113 
0.320000 179.815398 
0.230000 181.714682 
0.140000 168.419690 
0.050000 162.721836 
-0.040000 158.923266 
-0.130000 153.225412 
-0.220000 153.225412 
-0.310000 139.930420 
-0.400000 124.736143 
-0.490000 84.851165 
-0.580000 29.771909 
-0.670000 -6.314499 
-0.760000 -13.911638 
-0.850000 -31.005200 
-0.940000 -46.199477 
-1.030000 -53.796616 
-1.120000 -53.796616 
-1.210000 -51.897331 
-1.300000 -63.293039 
-1.390000 -67.091609 
-1.480000 -72.789462 
-1.570000 -91.782309 
-1.660000 -89.883024 
-1.750000 -89.883024 
-1.840000 -106.976586 
-1.930000 -114.573725 
-2.020000 -124.070148 
-2.110000 -144.962280 
-2.200000 -150.660134 
-2.290000 -160.156557 
-2.380000 -171.552265 
-2.470000 -181.048688 
-2.440000 -192.444396 
-2.350000 -190.545112 
-2.260000 -205.739389 
-2.170000 -211.437243 
-2.080000 -203.840104 
-1.990000 -201.940820 
-1.900000 -220.933666 
-1.810000 -211.437243 
-1.720000 -207.638674 
-1.630000 -211.437243 
-1.540000 -213.336528 
-1.450000 -209.537958 
-1.360000 -211.437243 
-1.270000 -196.242966 
-1.180000 -200.041535 
-1.090000 -207.638674 
-1.000000 -188.645827 
-0.910000 -190.545112 
-0.820000 -200.041535 
-0.730000 -188.645827 
-0.640000 -181.048688 
-0.550000 -169.652980 
-0.460000 -167.753696 
-0.370000 -154.458703 
-0.280000 -160.156557 
-0.190000 -160.156557 
-0.100000 -146.861564 
-0.010000 -144.962280 
0.080000 -143.062995 
0.170000 -135.465856 
0.260000 -120.271579 
0.350000 -99.379448 
0.440000 -84.185170 
0.530000 -76.588032 
0.620000 -55.695901 
0.710000 -12.012353 
0.800000 12.678347 
0.890000 1.282639 
0.980000 39.268333 
1.070000 46.865471 
1.160000 52.563325 
1.250000 56.361895 
1.340000 71.556172 
1.430000 84.851165 
1.520000 79.153311 
1.610000 94.347588 
1.700000 94.347588 
1.790000 107.642581 
1.880000 107.642581 
1.970000 119.038289 
2.060000 126.635427 
2.150000 138.031135 
2.240000 138.031135 
2.330000 151.326128 
2.420000 160.822551 
2.490000 170.318974 
2.400000 172.218259 
2.310000 185.513252 
2.220000 200.707529 
2.130000 195.009675 
2.040000 210.203952 
1.950000 210.203952 
1.860000 200.707529 
1.770000 208.304668 
1.680000 214.002522 
1.590000 200.707529 
1.500000 202.606814 
1.410000 200.707529 
1.320000 198.808244 
1.230000 198.808244 
1.140000 206.405383 
1.050000 204.506098 
0.960000 196.908960 
0.870000 191.211106 
0.780000 185.513252 
0.690000 193.110390 
0.600000 176.016828 
0.510000 189.311821 
0.420000 183.613967 
0.330000 179.815398 
0.240000 170.318974 
0.150000 174.117544 
0.060000 170.318974 
-0.030000 153.225412 
-0.120000 153.225412 
-0.210000 143.728989 
-0.300000 138.031135 
-0.390000 124.736143 
-0.480000 71.556172 
-0.570000 24.074055 
-0.660000 3.181924 
-0.750000 -12.012353 
-0.840000 -23.408061 
-0.930000 -46.199477 
-1.020000 -48.098762 
-1.110000 -53.796616 
-1.200000 -61.393755 
-1.290000 -61.393755 
-1.380000 -67.091609 
-1.470000 -76.588032 
-1.560000 -91.782309 
-1.650000 -89.883024 
-1.740000 -89.883024 
-1.830000 -110.775156 
-1.920000 -116.473010 
-2.010000 -129.768002 
-2.100000 -137.365141 
-2.190000 -146.861564 
-2.280000 -154.458703 
-2.370000 -163.955126 
-2.460000 -184.847258 
-2.450000 -192.444396 
-2.360000 -196.242966 
-2.270000 -200.041535 
-2.180000 -209.537958 
-2.090000 -198.142250 
-2.000000 -209.537958 
-1.910000 -213.336528 
-1.820000 -213.336528 
-1.730000 -211.437243 
-1.640000 -213.336528 
-1.550000 -205.739389 
-1.460000 -220.933666 
-1.370000 -207.638674 
-1.280000 -200.041535 
-1.190000 -200.041535 
-1.100000 -203.840104 
-1.010000 -186.746542 
-0.920000 -213.336528 
-0.830000 -190.545112 
-0.740000 -186.746542 
-0.650000 -182.947973 
-0.560000 -177.250119 
-0.470000 -163.955126 
-0.380000 -160.156557 
-0.290000 -173.451550 
-0.200000 -154.458703 
-0.110000 -148.760849 
-0.020000 -137.365141 
0.070000 -139.264426 
0.160000 -125.969433 
0.250000 -118.372294 
0.340000 -105.077302 
0.430000 -86.084455 
0.520000 -78.487316 
0.610000 -51.897331 
0.700000 -17.710207 
0.790000 14.577632 
0.880000 35.469763 
0.970000 44.966187 
1.060000 50.664041 
1.150000 54.462610 
1.240000 52.563325 
1.330000 62.059749 
1.420000 75.354741 
1.510000 88.649734 
1.600000 86.750449 
1.690000 101.944727 
1.780000 113.340435 
1.870000 109.541865 
1.960000 113.340435 
2.050000 132.333281 
2.140000 130.433997 
2.230000 145.628274 
2.320000 153.225412 
2.410000 166.520405 
2.500000 170.318974 
2.410000 179.815398 
2.320000 191.211106 
2.230000 206.405383 
2.140000 195.009675 
2.050000 217.801091 
1.960000 215.901806 
1.870000 210.203952 
1.780000 210.203952 
1.690000 219.700376 
1.600000 206.405383 
1.510000 202.606814 
1.420000 195.009675 
1.330000 210.203952 
1.240000 204.506098 
1.150000 214.002522 
1.060000 202.606814 
0.970000 198.808244 
0.880000 189.311821 
0.790000 191.211106 
0.700000 191.211106 
0.610000 191.211106 
0.520000 187.412536 
0.430000 183.613967 
0.340000 181.714682 
0.250000 181.714682 
0.160000 170.318974 
0.070000 160.822551 
-0.020000 157.023982 
-0.110000 155.124697 
-0.200000 145.628274 
-0.290000 136.131851 
-0.380000 126.635427 
-0.470000 79.153311 
-0.560000 18.376201 
-0.650000 -6.314499 
-0.740000 -12.012353 
-0.830000 -36.703054 
-0.920000 -40.501623 
-1.010000 -48.098762 
-1.100000 -57.595185 
-1.190000 -63.293039 
-1.280000 -68.990893 
-1.370000 -70.890178 
-1.460000 -74.688747 
-1.550000 -86.084455 
-1.640000 -97.480163 
-1.730000 -108.875871 
-1.820000 -105.077302 
-1.910000 -114.573725 
-2.000000 -127.868718 
-2.090000 -143.062995 
-2.180000 -152.559418 
-2.270000 -158.257272 
-2.360000 -169.652980 
-2.450000 -177.250119 
-2.460000 -184.847258 
-2.370000 -192.444396 
-2.280000 -209.537958 
-2.190000 -205.739389 
-2.100000 -196.242966 
-2.010000 -205.739389 
-1.920000 -219.034382 
-1.830000 -207.638674 
-1.740000 -213.336528 
-1.650000 -217.135097 
-1.560000 -205.739389 
-1.470000 -209.537958 
-1.380000 -207.638674 
-1.290000 -196.242966 
-1.200000 -200.041535 
-1.110000 -200.041535 
-1.020000 -190.545112 
-0.930000 -192.444396 
-0.840000 -196.242966 
-0.750000 -188.645827 
-0.660000 -182.947973 
-0.570000 -177.250119 
-0.480000 -169.652980 
-0.390000 -160.156557 
-0.300000 -150.660134 
-0.210000 -160.156557 
-0.120000 -152.559418 
-0.030000 -139.264426 
0.060000 -144.962280 
0.150000 -135.465856 
0.240000 -116.473010 
0.330000 -105.077302 
0.420000 -89.883024 
0.510000 -76.588032 
0.600000 -51.897331 
0.690000 -12.012353 
0.780000 14.577632 
0.870000 37.369048 
0.960000 35.469763 
1.050000 44.966187 
1.140000 58.261179 
1.230000 58.261179 
1.320000 69.656887 
1.410000 82.951880 
1.500000 82.951880 
1.590000 94.347588 
1.680000 96.246873 
1.770000 109.541865 
1.860000 120.937573 
1.950000 113.340435 
2.040000 126.635427 
2.130000 128.534712 
2.220000 139.930420 
2.310000 153.225412 
2.400000 166.520405 
2.490000 176.016828 
2.420000 176.016828 
2.330000 189.311821 
2.240000 198.808244 
2.150000 196.908960 
2.060000 210.203952 
1.970000 210.203952 
1.880000 204.506098 
1.790000 200.707529 
1.700000 210.203952 
1.610000 198.808244 
1.520000 196.908960 
1.430000 198.808244 
1.340000 204.506098 
1.250000 204.506098 
1.160000 204.506098 
1.070000 198.808244 
0.980000 198.808244 
0.890000 195.009675 
0.800000 196.908960 
0.710000 198.808244 
0.620000 198.808244 
0.530000 187.412536 
0.440000 185.513252 
0.350000 185.513252 
0.260000 179.815398 
0.170000 176.016828 
0.080000 166.520405 
-0.010000 160.822551 
-0.100000 153.225412 
-0.190000 149.426843 
-0.280000 139.930420 
-0.370000 128.534712 
-0.460000 75.354741 
-0.550000 22.174771 
-0.640000 -0.616645 
-0.730000 -12.012353 
-0.820000 -29.105915 
-0.910000 -40.501623 
-1.000000 -44.300193 
-1.090000 -61.393755 
-1.180000 -53.796616 
-1.270000 -59.494470 
-1.360000 -76.588032 
-1.450000 -82.285886 
-1.540000 -89.883024 
-1.630000 -89.883024 
-1.720000 -95.580878 
-1.810000 -103.178017 
-1.900000 -135.465856 
-1.990000 -127.868718 
-2.080000 -141.163710 
-2.170000 -150.660134 
-2.260000 -150.660134 
-2.350000 -169.652980 
-2.440000 -175.350834 
-2.470000 -181.048688 
-2.380000 -194.343681 
-2.290000 -205.739389 
-2.200000 -211.437243 
-2.110000 -205.739389 
-2.020000 -211.437243 
-1.930000 -219.034382 
-1.840000 -219.034382 
-1.750000 -219.034382 
-1.660000 -226.631520 
-1.570000 -203.840104 
-1.480000 -209.537958 
-1.390000 -211.437243 
-1.300000 -203.840104 
-1.210000 -203.840104 
-1.120000 -203.840104 
-1.030000 -194.343681 
-0.940000 -184.847258 
-0.850000 -203.840104 
-0.760000 -194.343681 
-0.670000 -177.250119 
-0.580000 -184.847258 
-0.490000 -175.350834 
-0.400000 -158.257272 
-0.310000 -167.753696 
-0.220000 -162.055842 
-0.130000 -150.660134 
-0.040000 -135.465856 
0.050000 -135.465856 
0.140000 -133.566572 
0.230000 -116.473010 
0.320000 -105.077302 
0.410000 -91.782309 
0.500000 -78.487316 
0.590000 -55.695901 
0.680000 -13.911638 
0.770000 18.376201 
0.860000 22.174771 
0.950000 35.469763 
1.040000 43.066902 
1.130000 48.764756 
1.220000 50.664041 
1.310000 67.757603 
1.400000 81.052595 
1.490000 82.951880 
1.580000 88.649734 
1.670000 92.448303 
1.760000 111.441150 
1.850000 111.441150 
1.940000 117.139004 
2.030000 126.635427 
2.120000 136.131851 
2.210000 145.628274 
2.300000 145.628274 
2.390000 160.822551 
2.480000 162.721836 
2.430000 183.613967 
2.340000 191.211106 
2.250000 200.707529 
2.160000 196.908960 
2.070000 200.707529 
1.980000 208.304668 
1.890000 204.506098 
1.800000 198.808244 
1.710000 212.103237 
1.620000 202.606814 
1.530000 200.707529 
1.440000 208.304668 
1.350000 196.908960 
1.260000 196.908960 
1.170000 210.203952 
1.080000 198.808244 
0.990000 200.707529 
0.900000 195.009675 
0.810000 195.009675 
0.720000 187.412536 
0.630000 193.110390 
0.540000 198.808244 
0.450000 183.613967 
0.360000 181.714682 
0.270000 179.815398 
0.180000 172.218259 
0.090000 166.520405 
-0.000000 160.822551 
-0.090000 160.822551 
-0.180000 151.326128 
-0.270000 143.728989 
-0.360000 136.131851 
-0.450000 86.750449 
-0.540000 31.671194 
-0.630000 3.181924 
-0.720000 -19.609492 
-0.810000 -29.105915 
-0.900000 -38.602339 
-0.990000 -78.487316 
-1.080000 -57.595185 
-1.170000 -59.494470 
-1.260000 -61.393755 
-1.350000 -70.890178 
-1.440000 -72.789462 
-1.530000 -86.084455 
-1.620000 -89.883024 
-1.710000 -105.077302 
-1.800000 -112.674440 
-1.890000 -106.976586 
-1.980000 -125.969433 
-2.070000 -139.264426 
-2.160000 -154.458703 
-2.250000 -152.559418 
-2.340000 -167.753696 
-2.430000 -177.250119 
-2.480000 -182.947973 
-2.390000 -192.444396 
-2.300000 -200.041535 
-2.210000 -207.638674 
-2.120000 -203.840104 
-2.030000 -200.041535 
-1.940000 -211.437243 
-1.850000 -219.034382 
-1.760000 -207.638674 
-1.670000 -219.034382 
-1.580000 -207.638674 
-1.490000 -215.235812 
-1.400000 -211.437243 
-1.310000 -196.242966 
-1.220000 -200.041535 
-1.130000 -200.041535 
-1.040000 -188.645827 
-0.950000 -198.142250 
-0.860000 -203.840104 
-0.770000 -196.242966 
-0.680000 -203.840104 
-0.590000 -181.048688 
-0.500000 -173.451550 
-0.410000 -158.257272 
-0.320000 -171.552265 
-0.230000 -165.854411 
-0.140000 -150.660134 
-0.050000 -148.760849 
0.040000 -148.760849 
0.130000 -141.163710 
0.220000 -124.070148 
0.310000 -112.674440 
0.400000 -97.480163 
0.490000 -114.573725 
0.580000 -68.990893 
0.670000 -57.595185 
0.760000 -8.213784 
0.850000 35.469763 
0.940000 35.469763 
1.030000 50.664041 
1.120000 52.563325 
1.210000 58.261179 
1.300000 60.160464 
1.390000 69.656887 
1.480000 92.448303 
1.570000 88.649734 
1.660000 100.045442 
1.750000 115.239719 
1.840000 109.541865 
1.930000 113.340435 
2.020000 130.433997 
2.110000 130.433997 
2.200000 136.131851 
2.290000 153.225412 
2.380000 168.419690 
2.470000 168.419690 
2.440000 176.016828 
2.350000 189.311821 
2.260000 195.009675 
2.170000 202.606814 
2.080000 204.506098 
1.990000 208.304668 
1.900000 202.606814 
1.810000 204.506098 
1.720000 204.506098 
1.630000 206.405383 
1.540000 204.506098 
1.450000 204.506098 
1.360000 196.908960 
1.270000 202.606814 
1.180000 206.405383 
1.090000 198.808244 
1.000000 196.908960 
0.910000 196.908960 
0.820000 191.211106 
0.730000 183.613967 
0.640000 191.211106 
0.550000 191.211106 
0.460000 185.513252 
0.370000 179.815398 
0.280000 177.916113 
0.190000 170.318974 
0.100000 164.621120 
0.010000 162.721836 
-0.080000 160.822551 
-0.170000 151.326128 
-0.260000 143.728989 
-0.350000 139.930420 
-0.440000 122.836858 
-0.530000 75.354741 
-0.620000 14.577632 
-0.710000 1.282639 
-0.800000 -15.810923 
-0.890000 -42.400908 
-0.980000 -48.098762 
-1.070000 -61.393755 
-1.160000 -57.595185 
-1.250000 -61.393755 
-1.340000 -76.588032 
-1.430000 -76.588032 
-1.520000 -84.185170 
-1.610000 -84.185170 
-1.700000 -105.077302 
-1.790000 -106.976586 
-1.880000 -106.976586 
-1.970000 -116.473010 
-2.060000 -135.465856 
-2.150000 -144.962280 
-2.240000 -146.861564 
-2.330000 -162.055842 
-2.420000 -179.149404 
-2.490000 -184.847258 
-2.400000 -192.444396 
-2.310000 -201.940820 
-2.220000 -217.135097 
-2.130000 -200.041535 
-2.040000 -205.739389 
-1.950000 -211.437243 
-1.860000 -213.336528 
-1.770000 -215.235812 
-1.680000 -219.034382 
-1.590000 -203.840104 
-1.500000 -211.437243 
-1.410000 -207.638674 
-1.320000 -198.142250 
-1.230000 -200.041535 
-1.140000 -207.638674 
-1.050000 -188.645827 
-0.960000 -184.847258 
-0.870000 -203.840104 
-0.780000 -190.545112 
-0.690000 -190.545112 
-0.600000 -177.250119 
-0.510000 -179.149404 
-0.420000 -167.753696 
-0.330000 -165.854411 
-0.240000 -165.854411 
-0.150000 -152.559418 
-0.060000 -143.062995 
0.030000 -143.062995 
0.120000 -135.465856 
0.210000 -125.969433 
0.300000 -112.674440 
0.390000 -89.883024 
0.480000 -89.883024 
0.570000 -67.091609 
0.660000 -51.897331 
0.750000 -12.012353 
0.840000 24.074055 
0.930000 39.268333 
1.020000 44.966187 
1.110000 56.361895 
1.200000 50.664041 
1.290000 62.059749 
1.380000 75.354741 
1.470000 75.354741 
1.560000 90.549019 
1.650000 100.045442 
1.740000 107.642581 
1.830000 105.743296 
1.920000 115.239719 
2.010000 128.534712 
2.100000 136.131851 
2.190000 138.031135 
2.280000 157.023982 
2.370000 160.822551 
2.460000 168.419690 
2.450000 176.016828 
2.360000 176.016828 
2.270000 189.311821 
2.180000 198.808244 
2.090000 200.707529 
2.000000 217.801091 
1.910000 204.506098 
1.820000 204.506098 
1.730000 214.002522 
1.640000 214.002522 
1.550000 202.606814 
1.460000 208.304668 
1.370000 200.707529 
1.280000 193.110390 
1.190000 206.405383 
1.100000 208.304668 
1.010000 196.908960 
0.920000 195.009675 
0.830000 189.311821 
0.740000 193.110390 
0.650000 191.211106 
0.560000 187.412536 
0.470000 185.513252 
0.380000 183.613967 
0.290000 176.016828 
0.200000 168.419690 
0.110000 172.218259 
0.020000 160.822551 
-0.070000 158.923266 
-0.160000 151.326128 
-0.250000 141.829705 
-0.340000 141.829705 
-0.430000 120.937573 
-0.520000 62.059749 
-0.610000 16.476917 
-0.700000 1.282639 
-0.790000 -21.508777 
-0.880000 -36.703054 
-0.970000 -48.098762 
-1.060000 -48.098762 
-1.150000 -63.293039 
-1.240000 -61.393755 
-1.330000 -70.890178 
-1.420000 -70.890178 
-1.510000 -78.487316 
-1.600000 -91.782309 
-1.690000 -103.178017 
-1.780000 -105.077302 
-1.870000 -112.674440 
-1.960000 -116.473010 
-2.050000 -129.768002 
-2.140000 -144.962280 
-2.230000 -143.062995 
-2.320000 -162.055842 
-2.410000 -181.048688 
-2.500000 -190.545112 
-2.410000 -182.947973 
-2.320000 -194.343681 
-2.230000 -205.739389 
-2.140000 -201.940820 
-2.050000 -203.840104 
-1.960000 -211.437243 
-1.870000 -220.933666 
-1.780000 -209.537958 
-1.690000 -222.832951 
-1.600000 -207.638674 
-1.510000 -203.840104 
-1.420000 -205.739389 
-1.330000 -207.638674 
-1.240000 -194.343681 
-1.150000 -198.142250 
-1.060000 -194.343681 
-0.970000 -192.444396 
-0.880000 -196.242966 
-0.790000 -194.343681 
-0.700000 -184.847258 
-0.610000 -169.652980 
-0.520000 -175.350834 
-0.430000 -167.753696 
-0.340000 -156.357988 
-0.250000 -165.854411 
-0.160000 -146.861564 
-0.070000 -143.062995 
0.020000 -135.465856 
0.110000 -131.667287 
0.200000 -124.070148 
0.290000 -106.976586 
0.380000 -91.782309 
0.470000 -87.983740 
0.560000 -67.091609 
0.650000 -48.098762 
0.740000 -2.515930 
0.830000 20.275486 
0.920000 39.268333 
1.010000 41.167617 
1.100000 44.966187 
1.190000 58.261179 
1.280000 62.059749 
1.370000 69.656887 
1.460000 88.649734 
1.550000 92.448303 
1.640000 98.146157 
1.730000 105.743296 
1.820000 109.541865 
1.910000 115.239719 
2.000000 130.433997 
2.090000 134.232566 
2.180000 138.031135 
2.270000 149.426843 
2.360000 168.419690 
2.450000 166.520405 
2.460000 177.916113 
2.370000 185.513252 
2.280000 202.606814 
2.190000 191.211106 
2.100000 196.908960 
2.010000 214.002522 
1.920000 212.103237 
1.830000 206.405383 
1.740000 215.901806 
1.650000 208.304668 
1.560000 200.707529 
1.470000 210.203952 
1.380000 206.405383 
1.290000 193.110390 
1.200000 206.405383 
1.110000 206.405383 
1.020000 191.211106 
0.930000 196.908960 
0.840000 196.908960 
0.750000 187.412536 
0.660000 187.412536 
0.570000 185.513252 
0.480000 189.311821 
0.390000 183.613967 
0.300000 174.117544 
0.210000 174.117544 
0.120000 166.520405 
0.030000 168.419690 
-0.060000 157.023982 
-0.150000 149.426843 
-0.240000 145.628274 
-0.330000 138.031135 
-0.420000 113.340435 
-0.510000 58.261179 
-0.600000 10.779063 
-0.690000 -44.300193 
-0.780000 -21.508777 
-0.870000 -32.904485 
-0.960000 -82.285886 
-1.050000 -59.494470 
-1.140000 -53.796616 
-1.230000 -61.393755 
-1.320000 -72.789462 
-1.410000 -76.588032 
-1.500000 -87.983740 
-1.590000 -87.983740 
-1.680000 -93.681594 
-1.770000 -110.775156 
-1.860000 -112.674440 
-1.950000 -116.473010 
-2.040000 -133.566572 
-2.130000 -143.062995 
-2.220000 -150.660134 
-2.310000 -165.854411 
-2.400000 -173.451550 
-2.490000 -211.437243 
-2.420000 -192.444396 
-2.330000 -196.242966 
-2.240000 -205.739389 
-2.150000 -205.739389 
-2.060000 -211.437243 
-1.970000 -207.638674 
-1.880000 -220.933666 
-1.790000 -213.336528 
-1.700000 -215.235812 
-1.610000 -211.437243 
-1.520000 -201.940820 
-1.430000 -209.537958 
-1.340000 -211.437243 
-1.250000 -194.343681 
-1.160000 -205.739389 
-1.070000 -198.142250 
-0.980000 -184.847258 
-0.890000 -200.041535 
-0.800000 -200.041535 
-0.710000 -190.545112 
-0.620000 -175.350834 
-0.530000 -173.451550 
-0.440000 -169.652980 
-0.350000 -158.257272 
-0.260000 -167.753696 
-0.170000 -150.660134 
-0.080000 -146.861564 
0.010000 -135.465856 
0.100000 -131.667287 
0.190000 -124.070148 
0.280000 -116.473010 
0.370000 -99.379448 
0.460000 -87.983740 
0.550000 -82.285886 
0.640000 -48.098762 
0.730000 -6.314499 
0.820000 20.275486 
0.910000 27.872625 
1.000000 35.469763 
1.090000 44.966187 
1.180000 58.261179 
1.270000 60.160464 
1.360000 73.455457 
1.450000 82.951880 
1.540000 92.448303 
1.630000 100.045442 
1.720000 100.045442 
1.810000 107.642581 
1.900000 109.541865 
1.990000 122.836858 
2.080000 128.534712 
2.170000 145.628274 
2.260000 143.728989 
2.350000 164.621120 
2.440000 158.923266 
2.470000 174.117544 
2.380000 183.613967 
2.290000 204.506098 
2.200000 196.908960 
2.110000 208.304668 
2.020000 214.002522 
1.930000 206.405383 
1.840000 202.606814 
1.750000 208.304668 
1.660000 210.203952 
1.570000 198.808244 
1.480000 206.405383 
1.390000 202.606814 
1.300000 198.808244 
1.210000 212.103237 
1.120000 208.304668 
1.030000 193.110390 
0.940000 196.908960 
0.850000 198.808244 
0.760000 187.412536 
0.670000 195.009675 
0.580000 196.908960 
0.490000 195.009675 
0.400000 183.613967 
0.310000 176.016828 
0.220000 177.916113 
0.130000 170.318974 
0.040000 168.419690 
-0.050000 155.124697 
-0.140000 153.225412 
-0.230000 153.225412 
-0.320000 139.930420 
-0.410000 109.541865 
-0.500000 52.563325 
-0.590000 14.577632 
-0.680000 -0.616645 
-0.770000 -23.408061 
-0.860000 -42.400908 
-0.950000 -46.199477 
-1.040000 -55.695901 
-1.130000 -55.695901 
-1.220000 -55.695901 
-1.310000 -63.293039 
-1.400000 -67.091609 
-1.490000 -84.185170 
-1.580000 -87.983740 
-1.670000 -89.883024 
-1.760000 -112.674440 
-1.850000 -112.674440 
-1.940000 -106.976586 
-2.030000 -125.969433 
-2.120000 -135.465856 
-2.210000 -154.458703 
-2.300000 -163.955126 
-2.390000 -179.149404 
-2.480000 -182.947973 
-2.430000 -186.746542 
-2.340000 -196.242966 
-2.250000 -205.739389 
-2.160000 -211.437243 
-2.070000 -205.739389 
-1.980000 -207.638674 
-1.890000 -217.135097 
-1.800000 -211.437243 
-1.710000 -220.933666 
-1.620000 -215.235812 
-1.530000 -203.840104 
-1.440000 -205.739389 
-1.350000 -207.638674 
-1.260000 -200.041535 
-1.170000 -200.041535 
-1.080000 -200.041535 
-0.990000 -188.645827 
-0.900000 -188.645827 
-0.810000 -198.142250 
-0.720000 -182.947973 
-0.630000 -182.947973 
-0.540000 -173.451550 
-0.450000 -171.552265 
-0.360000 -158.257272 
-0.270000 -163.955126 
-0.180000 -160.156557 
-0.090000 -148.760849 
0.000000 -143.062995 
0.090000 -137.365141 
0.180000 -124.070148 
0.270000 -114.573725 
0.360000 -105.077302 
0.450000 -87.983740 
0.540000 -67.091609 
0.630000 -55.695901 
0.720000 -13.911638 
0.810000 16.476917 
0.900000 27.872625 
0.990000 39.268333 
1.080000 46.865471 
1.170000 60.160464 
1.260000 69.656887 
1.350000 65.858318 
1.440000 81.052595 
1.530000 94.347588 
1.620000 94.347588 
1.710000 96.246873 
1.800000 117.139004 
1.890000 113.340435 
1.980000 126.635427 
2.070000 124.736143 
2.160000 138.031135 
2.250000 151.326128 
2.340000 155.124697 
2.430000 139.930420 
2.480000 177.916113 
2.390000 181.714682 
2.300000 176.016828 
2.210000 196.908960 
2.120000 196.908960 
2.030000 214.002522 
1.940000 206.405383 
1.850000 208.304668 
1.760000 206.405383 
1.670000 212.103237 
1.580000 202.606814 
1.490000 200.707529 
1.400000 204.506098 
1.310000 204.506098 
1.220000 210.203952 
1.130000 210.203952 
1.040000 198.808244 
0.950000 196.908960 
0.860000 200.707529 
0.770000 195.009675 
0.680000 198.808244 
0.590000 195.009675 
0.500000 187.412536 
0.410000 187.412536 
0.320000 181.714682 
0.230000 177.916113 
0.140000 179.815398 
0.050000 170.318974 
-0.040000 164.621120 
-0.130000 158.923266 
-0.220000 147.527558 
-0.310000 139.930420 
-0.400000 119.038289 
-0.490000 65.858318 
-0.580000 18.376201 
-0.670000 -2.515930 
-0.760000 -19.609492 
-0.850000 -31.005200 
-0.940000 -44.300193 
-1.030000 -51.897331 
-1.120000 -53.796616 
-1.210000 -40.501623 
-1.300000 -70.890178 
-1.390000 -82.285886 
-1.480000 -74.688747 
-1.570000 -82.285886 
-1.660000 -97.480163 
-1.750000 -105.077302 
-1.840000 -112.674440 
-1.930000 -114.573725 
-2.020000 -124.070148 
-2.110000 -129.768002 
-2.200000 -158.257272 
-2.290000 -162.055842 
-2.380000 -169.652980 
-2.470000 -182.947973 
-2.440000 -188.645827 
-2.350000 -194.343681 
-2.260000 -205.739389 
-2.170000 -207.638674 
-2.080000 -203.840104 
-1.990000 -209.537958 
-1.900000 -207.638674 
-1.810000 -219.034382 
-1.720000 -213.336528 
-1.630000 -215.235812 
-1.540000 -209.537958 
-1.450000 -205.739389 
-1.360000 -211.437243 
-1.270000 -209.537958 
-1.180000 -192.444396 
-1.090000 -198.142250 
-1.000000 -192.444396 
-0.910000 -196.242966 
-0.820000 -194.343681 
-0.730000 -188.645827 
-0.640000 -184.847258 
-0.550000 -177.250119 
-0.460000 -167.753696 
-0.370000 -165.854411 
-0.280000 -160.156557 
-0.190000 -160.156557 
-0.100000 -154.458703 
-0.010000 -135.465856 
0.080000 -131.667287 
0.170000 -131.667287 
0.260000 -124.070148 
0.350000 -106.976586 
0.440000 -99.379448 
0.530000 -72.789462 
0.620000 -51.897331 
0.710000 -15.810923 
0.800000 8.879778 
0.890000 31.671194 
0.980000 39.268333 
1.070000 41.167617 
1.160000 54.462610 
1.250000 67.757603 
1.340000 71.556172 
1.430000 81.052595 
1.520000 84.851165 
1.610000 100.045442 
1.700000 98.146157 
1.790000 107.642581 
1.880000 115.239719 
1.970000 126.635427 
2.060000 126.635427 
2.150000 139.930420 
2.240000 145.628274 
2.330000 153.225412 
2.420000 157.023982 
2.490000 174.117544 
2.400000 189.311821 
2.310000 189.311821 
2.220000 196.908960 
2.130000 198.808244 
2.040000 214.002522 
1.950000 206.405383 
1.860000 204.506098 
1.770000 210.203952 
1.680000 215.901806 
1.590000 196.908960 
1.500000 206.405383 
1.410000 210.203952 
1.320000 202.606814 
1.230000 208.304668 
1.140000 206.405383 
1.050000 200.707529 
0.960000 193.110390 
0.870000 202.606814 
0.780000 198.808244 
0.690000 200.707529 
0.600000 196.908960 
0.510000 191.211106 
0.420000 191.211106 
0.330000 195.009675 
0.240000 181.714682 
0.150000 174.117544 
0.060000 170.318974 
-0.030000 162.721836 
-0.120000 157.023982 
-0.210000 151.326128 
-0.300000 143.728989 
-0.390000 128.534712 
-0.480000 77.254026 
-0.570000 22.174771 
-0.660000 -8.213784 
-0.750000 -15.810923 
-0.840000 -32.904485 
-0.930000 -48.098762 
-1.020000 -48.098762 
-1.110000 -46.199477 
-1.200000 -61.393755 
-1.290000 -68.990893 
-1.380000 -78.487316 
-1.470000 -78.487316 
-1.560000 -82.285886 
-1.650000 -89.883024 
-1.740000 -112.674440 
-1.830000 -105.077302 
-1.920000 -114.573725 
-2.010000 -125.969433 
-2.100000 -137.365141 
-2.190000 -150.660134 
-2.280000 -158.257272 
-2.370000 -173.451550 
-2.460000 -182.947973 
-2.450000 -192.444396 
-2.360000 -190.545112 
-2.270000 -200.041535 
-2.180000 -207.638674 
-2.090000 -209.537958 
-2.000000 -207.638674 
-1.910000 -205.739389 
-1.820000 -215.235812 
-1.730000 -203.840104 
-1.640000 -224.732236 
-1.550000 -207.638674 
-1.460000 -201.940820 
-1.370000 -209.537958 
-1.280000 -200.041535 
-1.190000 -196.242966 
-1.100000 -201.940820 
-1.010000 -200.041535 
-0.920000 -188.645827 
-0.830000 -194.343681 
-0.740000 -196.242966 
-0.650000 -182.947973 
-0.560000 -173.451550 
-0.470000 -179.149404 
-0.380000 -162.055842 
-0.290000 -154.458703 
-0.200000 -162.055842 
-0.110000 -152.559418 
-0.020000 -146.861564 
0.070000 -135.465856 
0.160000 -135.465856 
0.250000 -112.674440 
0.340000 -106.976586 
0.430000 -97.480163 
0.520000 -70.890178 
0.610000 -51.897331 
0.700000 -17.710207 
0.790000 18.376201 
0.880000 27.872625 
0.970000 33.570479 
1.060000 54.462610 
1.150000 58.261179 
1.240000 63.959033 
1.330000 88.649734 
1.420000 75.354741 
1.510000 84.851165 
1.600000 92.448303 
1.690000 111.441150 
1.780000 101.944727 
1.870000 113.340435 
1.960000 128.534712 
2.050000 124.736143 
2.140000 130.433997 
2.230000 145.628274 
2.320000 157.023982 
2.410000 160.822551 
2.500000 166.520405 
2.410000 176.016828 
2.320000 191.211106 
2.230000 204.506098 
2.140000 200.707529 
2.050000 206.405383 
1.960000 206.405383 
1.870000 210.203952 
1.780000 214.002522 
1.690000 210.203952 
1.600000 204.506098 
1.510000 208.304668 
1.420000 198.808244 
1.330000 202.606814 
1.240000 212.103237 
1.150000 204.506098 
1.060000 200.707529 
0.970000 198.808244 
0.880000 196.908960 
0.790000 198.808244 
0.700000 198.808244 
0.610000 195.009675 
0.520000 189.311821 
0.430000 189.311821 
0.340000 179.815398 
0.250000 179.815398 
0.160000 174.117544 
0.070000 168.419690 
-0.020000 164.621120 
-0.110000 160.822551 
-0.200000 143.728989 
-0.290000 143.728989 
-0.380000 128.534712 
-0.470000 79.153311 
-0.560000 25.973340 
-0.650000 -8.213784 
-0.740000 -13.911638 
-0.830000 -29.105915 
-0.920000 -51.897331 
-1.010000 -53.796616 
-1.100000 -51.897331 
-1.190000 -67.091609 
-1.280000 -65.192324 
-1.370000 -70.890178 
-1.460000 -74.688747 
-1.550000 -91.782309 
-1.640000 -93.681594 
-1.730000 -99.379448 
-1.820000 -137.365141 
-1.910000 -122.170864 
-2.000000 -129.768002 
-2.090000 -129.768002 
-2.180000 -150.660134 
-2.270000 -160.156557 
-2.360000 -160.156557 
-2.450000 -175.350834 
-2.460000 -181.048688 
-2.370000 -219.034382 
-2.280000 -196.242966 
-2.190000 -205.739389 
-2.100000 -220.933666 
-2.010000 -196.242966 
-1.920000 -211.437243 
-1.830000 -220.933666 
-1.740000 -219.034382 
-1.650000 -215.235812 
-1.560000 -222.832951 
-1.470000 -211.437243 
-1.380000 -203.840104 
-1.290000 -211.437243 
-1.200000 -198.142250 
-1.110000 -200.041535 
-1.020000 -194.343681 
-0.930000 -188.645827 
-0.840000 -188.645827 
-0.750000 -188.645827 
-0.660000 -181.048688 
-0.570000 -175.350834 
-0.480000 -165.854411 
-0.390000 -165.854411 
-0.300000 -156.357988 
-0.210000 -156.357988 
-0.120000 -152.559418 
-0.030000 -141.163710 
0.060000 -137.365141 
0.150000 -129.768002 
0.240000 -108.875871 
0.330000 -99.379448 
0.420000 -89.883024 
0.510000 -74.688747 
0.600000 -51.897331 
0.690000 -21.508777 
0.780000 14.577632 
0.870000 27.872625 
0.960000 31.671194 
1.050000 46.865471 
1.140000 52.563325 
1.230000 65.858318 
1.320000 67.757603 
1.410000 82.951880 
1.500000 84.851165 
1.590000 84.851165 
1.680000 94.347588 
1.770000 105.743296 
1.860000 113.340435 
1.950000 120.937573 
2.040000 134.232566 
2.130000 130.433997 
2.220000 147.527558 
2.310000 151.326128 
2.400000 153.225412 
2.490000 166.520405 
2.420000 183.613967 
2.330000 185.513252 
2.240000 198.808244 
2.150000 214.002522 
2.060000 208.304668 
1.970000 219.700376 
1.880000 202.606814 
1.790000 219.700376 
1.700000 214.002522 
1.610000 210.203952 
1.520000 212.103237 
1.430000 204.506098 
1.340000 208.304668 
1.250000 210.203952 
1.160000 204.506098 
1.070000 204.506098 
0.980000 198.808244 
0.890000 196.908960 
0.800000 196.908960 
0.710000 204.506098 
0.620000 191.211106 
0.530000 187.412536 
0.440000 193.110390 
0.350000 187.412536 
0.260000 174.117544 
0.170000 179.815398 
0.080000 166.520405 
-0.010000 162.721836 
-0.100000 157.023982 
-0.190000 134.232566 
-0.280000 143.728989 
-0.370000 132.333281 
-0.460000 75.354741 
-0.550000 16.476917 
-0.640000 -6.314499 
-0.730000 -17.710207 
-0.820000 -46.199477 
-0.910000 -46.199477 
-1.000000 -42.400908 
-1.090000 -53.796616 
-1.180000 -65.192324 
-1.270000 -59.494470 
-1.360000 -63.293039 
-1.450000 -72.789462 
-1.540000 -84.185170 
-1.630000 -87.983740 
-1.720000 -97.480163 
-1.810000 -105.077302 
-1.900000 -120.271579 
-1.990000 -125.969433 
-2.080000 -129.768002 
-2.170000 -146.861564 
-2.260000 -160.156557 
-2.350000 -167.753696 
-2.440000 -163.955126 
-2.470000 -184.847258 
-2.380000 -194.343681 
-2.290000 -190.545112 
-2.200000 -203.840104 
-2.110000 -215.235812 
-2.020000 -201.940820 
-1.930000 -207.638674 
-1.840000 -211.437243 
-1.750000 -222.832951 
-1.660000 -215.235812 
-1.570000 -219.034382 
-1.480000 -213.336528 
-1.390000 -203.840104 
-1.300000 -209.537958 
-1.210000 -198.142250 
-1.120000 -188.645827 
-1.030000 -198.142250 
-0.940000 -190.545112 
-0.850000 -184.847258 
-0.760000 -186.746542 
-0.670000 -186.746542 
-0.580000 -175.350834 
-0.490000 -175.350834 
-0.400000 -169.652980 
-0.310000 -160.156557 
-0.220000 -154.458703 
-0.130000 -175.350834 
-0.040000 -144.962280 
0.050000 -143.062995 
0.140000 -120.271579 
0.230000 -106.976586 
0.320000 -95.580878 
0.410000 -78.487316 
0.500000 -68.990893 
0.590000 -55.695901 
0.680000 -19.609492 
0.770000 14.577632 
0.860000 31.671194 
0.950000 39.268333 
1.040000 48.764756 
1.130000 52.563325 
1.220000 69.656887 
1.310000 63.959033 
1.400000 71.556172 
1.490000 81.052595 
1.580000 81.052595 
1.670000 103.844011 
1.760000 105.743296 
1.850000 105.743296 
1.940000 126.635427 
2.030000 124.736143 
2.120000 130.433997 
2.210000 138.031135 
2.300000 151.326128 
2.390000 160.822551 
2.480000 168.419690 
2.430000 183.613967 
2.340000 191.211106 
2.250000 195.009675 
2.160000 202.606814 
2.070000 204.506098 
1.980000 204.506098 
1.890000 210.203952 
1.800000 202.606814 
1.710000 200.707529 
1.620000 214.002522 
1.530000 202.606814 
1.440000 200.707529 
1.350000 210.203952 
1.260000 210.203952 
1.170000 202.606814 
1.080000 198.808244 
0.990000 196.908960 
0.900000 198.808244 
0.810000 196.908960 
0.720000 193.110390 
0.630000 193.110390 
0.540000 187.412536 
0.450000 193.110390 
0.360000 179.815398 
0.270000 172.218259 
0.180000 170.318974 
0.090000 166.520405 
-0.000000 155.124697 
-0.090000 151.326128 
-0.180000 147.527558 
-0.270000 145.628274 
-0.360000 126.635427 
-0.450000 88.649734 
-0.540000 27.872625 
-0.630000 5.081209 
-0.720000 -13.911638 
-0.810000 -29.105915 
-0.900000 -40.501623 
-0.990000 -46.199477 
-1.080000 -59.494470 
-1.170000 -51.897331 
-1.260000 -59.494470 
-1.350000 -63.293039 
-1.440000 -67.091609 
-1.530000 -87.983740 
-1.620000 -99.379448 
-1.710000 -97.480163 
-1.800000 -112.674440 
-1.890000 -120.271579 
-1.980000 -125.969433 
-2.070000 -129.768002 
-2.160000 -143.062995 
-2.250000 -162.055842 
-2.340000 -163.955126 
-2.430000 -171.552265 
-2.480000 -175.350834 
-2.390000 -188.645827 
-2.300000 -194.343681 
-2.210000 -205.739389 
-2.120000 -215.235812 
-2.030000 -219.034382 
-1.940000 -203.840104 
-1.850000 -209.537958 
-1.760000 -224.732236 
-1.670000 -211.437243 
-1.580000 -219.034382 
-1.490000 -220.933666 
-1.400000 -203.840104 
-1.310000 -200.041535 
-1.220000 -203.840104 
-1.130000 -201.940820 
-1.040000 -192.444396 
-0.950000 -188.645827 
-0.860000 -188.645827 
-0.770000 -182.947973 
-0.680000 -188.645827 
-0.590000 -177.250119 
-0.500000 -162.055842 
-0.410000 -177.250119 
-0.320000 -165.854411 
-0.230000 -156.357988 
-0.140000 -150.660134 
-0.050000 -148.760849 
0.040000 -143.062995 
0.130000 -129.768002 
0.220000 -116.473010 
0.310000 -101.278732 
0.400000 -89.883024 
0.490000 -76.588032 
0.580000 -68.990893 
0.670000 -49.998047 
0.760000 -13.911638 
0.850000 14.577632 
0.940000 31.671194 
1.030000 33.570479 
1.120000 48.764756 
1.210000 58.261179 
1.300000 60.160464 
1.390000 75.354741 
1.480000 82.951880 
1.570000 84.851165 
1.660000 94.347588 
1.750000 115.239719 
1.840000 105.743296 
1.930000 115.239719 
2.020000 138.031135 
2.110000 128.534712 
2.200000 141.829705 
2.290000 141.829705 
2.380000 160.822551 
2.470000 162.721836 
2.440000 191.211106 
2.350000 191.211106 
2.260000 191.211106 
2.170000 208.304668 
2.080000 208.304668 
1.990000 204.506098 
1.900000 198.808244 
1.810000 221.599660 
1.720000 206.405383 
1.630000 206.405383 
1.540000 206.405383 
1.450000 206.405383 
1.360000 210.203952 
1.270000 212.103237 
1.180000 204.506098 
1.090000 198.808244 
1.000000 204.506098 
0.910000 200.707529 
0.820000 204.506098 
0.730000 202.606814 
0.640000 196.908960 
0.550000 196.908960 
0.460000 191.211106 
0.370000 185.513252 
0.280000 179.815398 
0.190000 168.419690 
0.100000 162.721836 
0.010000 164.621120 
-0.080000 155.124697 
-0.170000 153.225412 
-0.260000 141.829705 
-0.350000 130.433997 
-0.440000 115.239719 
-0.530000 63.959033 
-0.620000 10.779063 
-0.710000 -6.314499 
-0.800000 -13.911638 
-0.890000 -38.602339 
-0.980000 -46.199477 
-1.070000 -48.098762 
-1.160000 -46.199477 
-1.250000 -63.293039 
-1.340000 -63.293039 
-1.430000 -72.789462 
-1.520000 -87.983740 
-1.610000 -89.883024 
-1.700000 -101.278732 
-1.790000 -99.379448 
-1.880000 -112.674440 
-1.970000 -116.473010 
-2.060000 -135.465856 
-2.150000 -146.861564 
-2.240000 -150.660134 
-2.330000 -169.652980 
-2.420000 -177.250119 
-2.490000 -175.350834 
-2.400000 -186.746542 
-2.310000 -198.142250 
-2.220000 -201.940820 
-2.130000 -209.537958 
-2.040000 -213.336528 
-1.950000 -217.135097 
-1.860000 -201.940820 
-1.770000 -211.437243 
-1.680000 -222.832951 
-1.590000 -209.537958 
-1.500000 -224.732236 
-1.410000 -207.638674 
-1.320000 -205.739389 
-1.230000 -207.638674 
-1.140000 -194.343681 
-1.050000 -198.142250 
-0.960000 -198.142250 
-0.870000 -196.242966 
-0.780000 -179.149404 
-0.690000 -190.545112 
-0.600000 -182.947973 
-0.510000 -179.149404 
-0.420000 -167.753696 
-0.330000 -167.753696 
-0.240000 -154.458703 
-0.150000 -150.660134 
-0.060000 -160.156557 
0.030000 -146.861564 
0.120000 -135.465856 
0.210000 -124.070148 
0.300000 -105.077302 
0.390000 -91.782309 
0.480000 -78.487316 
0.570000 -72.789462 
0.660000 -51.897331 
0.750000 -8.213784 
0.840000 8.879778 
0.930000 35.469763 
1.020000 43.066902 
1.110000 50.664041 
1.200000 62.059749 
1.290000 71.556172 
1.380000 69.656887 
1.470000 77.254026 
1.560000 90.549019 
1.650000 100.045442 
1.740000 101.944727 
1.830000 107.642581 
1.920000 120.937573 
2.010000 122.836858 
2.100000 132.333281 
2.190000 136.131851 
2.280000 153.225412 
2.370000 160.822551 
2.460000 168.419690 
2.450000 185.513252 
2.360000 191.211106 
2.270000 196.908960 
2.180000 200.707529 
2.090000 204.506098 
2.000000 210.203952 
1.910000 217.801091 
1.820000 212.103237 
1.730000 198.808244 
1.640000 206.405383 
1.550000 202.606814 
1.460000 212.103237 
1.370000 215.901806 
1.280000 206.405383 
1.190000 202.606814 
1.100000 202.606814 
1.010000 200.707529 
0.920000 204.506098 
0.830000 206.405383 
0.740000 198.808244 
0.650000 198.808244 
0.560000 195.009675 
0.470000 187.412536 
0.380000 183.613967 
0.290000 181.714682 
0.200000 174.117544 
0.110000 160.822551 
0.020000 164.621120 
-0.070000 158.923266 
-0.160000 149.426843 
-0.250000 149.426843 
-0.340000 130.433997 
-0.430000 120.937573 
-0.520000 73.455457 
-0.610000 18.376201 
-0.700000 -10.113069 
-0.790000 -17.710207 
-0.880000 -36.703054 
-0.970000 -55.695901 
-1.060000 -53.796616 
-1.150000 -51.897331 
-1.240000 -67.091609 
-1.330000 -61.393755 
-1.420000 -112.674440 
-1.510000 -86.084455 
-1.600000 -84.185170 
-1.690000 -93.681594 
-1.780000 -112.674440 
-1.870000 -105.077302 
-1.960000 -114.573725 
-2.050000 -131.667287 
-2.140000 -139.264426 
-2.230000 -152.559418 
-2.320000 -165.854411 
-2.410000 -167.753696 
-2.500000 -181.048688 
-2.410000 -184.847258 
-2.320000 -196.242966 
-2.230000 -200.041535 
-2.140000 -203.840104 
-2.050000 -209.537958 
-1.960000 -209.537958 
-1.870000 -203.840104 
-1.780000 -207.638674 
-1.690000 -213.336528 
-1.600000 -215.235812 
-1.510000 -219.034382 
-1.420000 -217.135097 
-1.330000 -211.437243 
-1.240000 -203.840104 
-1.150000 -198.142250 
-1.060000 -203.840104 
-0.970000 -196.242966 
-0.880000 -190.545112 
-0.790000 -196.242966 
-0.700000 -173.451550 
-0.610000 -181.048688 
-0.520000 -175.350834 
-0.430000 -171.552265 
-0.340000 -169.652980 
-0.250000 -156.357988 
-0.160000 -150.660134 
-0.070000 -146.861564 
0.020000 -143.062995 
0.110000 -131.667287 
0.200000 -124.070148 
0.290000 -114.573725 
0.380000 -89.883024 
0.470000 -80.386601 
0.560000 -68.990893 
0.650000 -46.199477 
0.740000 -8.213784 
0.830000 12.678347 
0.920000 31.671194 
1.010000 43.066902 
1.100000 54.462610 
1.190000 58.261179 
1.280000 60.160464 
1.370000 69.656887 
1.460000 88.649734 
1.550000 82.951880 
1.640000 92.448303 
1.730000 109.541865 
1.820000 107.642581 
1.910000 109.541865 
2.000000 130.433997 
2.090000 136.131851 
2.180000 134.232566 
2.270000 149.426843 
2.360000 153.225412 
2.450000 174.117544 
2.460000 174.117544 
2.370000 187.412536 
2.280000 202.606814 
2.190000 200.707529 
2.100000 204.506098 
2.010000 198.808244 
1.920000 215.901806 
1.830000 206.405383 
1.740000 208.304668 
1.650000 214.002522 
1.560000 206.405383 
1.470000 219.700376 
1.380000 219.700376 
1.290000 208.304668 
1.200000 200.707529 
1.110000 202.606814 
1.020000 202.606814 
0.930000 204.506098 
0.840000 212.103237 
0.750000 198.808244 
0.660000 196.908960 
0.570000 187.412536 
0.480000 196.908960 
0.390000 183.613967 
0.300000 179.815398 
0.210000 174.117544 
0.120000 166.520405 
0.030000 160.822551 
-0.060000 155.124697 
-0.150000 143.728989 
-0.240000 141.829705 
-0.330000 138.031135 
-0.420000 120.937573 
-0.510000 75.354741 
-0.600000 22.174771 
-0.690000 3.181924 
-0.780000 -27.206631 
-0.870000 -29.105915 
-0.960000 -38.602339 
-1.050000 -55.695901 
-1.140000 -59.494470 
-1.230000 -61.393755 
-1.320000 -68.990893 
-1.410000 -74.688747 
-1.500000 -82.285886 
-1.590000 -87.983740 
-1.680000 -101.278732 
-1.770000 -95.580878 
-1.860000 -112.674440 
-1.950000 -120.271579 
-2.040000 -124.070148 
-2.130000 -137.365141 
-2.220000 -154.458703 
-2.310000 -165.854411 
-2.400000 -175.350834 
-2.490000 -177.250119 
-2.420000 -196.242966 
-2.330000 -207.638674 
-2.240000 -190.545112 
-2.150000 -209.537958 
-2.060000 -203.840104 
-1.970000 -207.638674 
-1.880000 -219.034382 
-1.790000 -211.437243 
-1.700000 -207.638674 
-1.610000 -222.832951 
-1.520000 -217.135097 
-1.430000 -220.933666 
-1.340000 -215.235812 
-1.250000 -211.437243 
-1.160000 -209.537958 
-1.070000 -203.840104 
-0.980000 -194.343681 
-0.890000 -188.645827 
-0.800000 -179.149404 
-0.710000 -165.854411 
-0.620000 -173.451550 
-0.530000 -184.847258 
-0.440000 -173.451550 
-0.350000 -173.451550 
-0.260000 -165.854411 
-0.170000 -154.458703 
-0.080000 -139.264426 
0.010000 -135.465856 
0.100000 -135.465856 
0.190000 -122.170864 
0.280000 -112.674440 
0.370000 -105.077302 
0.460000 -87.983740 
0.550000 -68.990893 
0.640000 -38.602339 
0.730000 -2.515930 
0.820000 18.376201 
0.910000 22.174771 
1.000000 33.570479 
1.090000 48.764756 
1.180000 52.563325 
1.270000 62.059749 
1.360000 79.153311 
1.450000 82.951880 
1.540000 84.851165 
1.630000 94.347588 
1.720000 101.944727 
1.810000 113.340435 
1.900000 111.441150 
1.990000 124.736143 
2.080000 139.930420 
2.170000 143.728989 
2.260000 153.225412 
2.350000 164.621120 
2.440000 177.916113 
2.470000 183.613967 
2.380000 198.808244 
2.290000 200.707529 
2.200000 204.506098 
2.110000 204.506098 
2.020000 215.901806 
1.930000 206.405383 
1.840000 206.405383 
1.750000 223.498945 
1.660000 208.304668 
1.570000 206.405383 
1.480000 221.599660 
1.390000 212.103237 
1.300000 200.707529 
1.210000 210.203952 
1.120000 208.304668 
1.030000 204.506098 
0.940000 208.304668 
0.850000 204.506098 
0.760000 198.808244 
0.670000 202.606814 
0.580000 191.211106 
0.490000 185.513252 
0.400000 189.311821 
0.310000 183.613967 
0.220000 168.419690 
0.130000 170.318974 
0.040000 166.520405 
-0.050000 157.023982 
-0.140000 155.124697 
-0.230000 138.031135 
-0.320000 138.031135 
-0.410000 119.038289 
-0.500000 75.354741 
-0.590000 29.771909 
-0.680000 -2.515930 
-0.770000 -19.609492 
-0.860000 -31.005200 
-0.950000 -44.300193 
-1.040000 -59.494470 
-1.130000 -57.595185 
-1.220000 -57.595185 
-1.310000 -63.293039 
-1.400000 -76.588032 
-1.490000 -76.588032 
-1.580000 -86.084455 
-1.670000 -91.782309 
-1.760000 -122.170864 
-1.850000 -116.473010 
-1.940000 -114.573725 
-2.030000 -125.969433 
-2.120000 -137.365141 
-2.210000 -143.062995 
-2.300000 -169.652980 
-2.390000 -169.652980 
-2.480000 -179.149404 
-2.430000 -194.343681 
-2.340000 -203.840104 
-2.250000 -198.142250 
-2.160000 -194.343681 
-2.070000 -219.034382 
-1.980000 -209.537958 
-1.890000 -220.933666 
-1.800000 -219.034382 
-1.710000 -209.537958 
-1.620000 -211.437243 
-1.530000 -220.933666 
-1.440000 -213.336528 
-1.350000 -222.832951 
-1.260000 -211.437243 
-1.170000 -196.242966 
-1.080000 -203.840104 
-0.990000 -200.041535 
-0.900000 -184.847258 
-0.810000 -188.645827 
-0.720000 -181.048688 
-0.630000 -169.652980 
-0.540000 -179.149404 
-0.450000 -179.149404 
-0.360000 -173.451550 
-0.270000 -163.955126 
-0.180000 -158.257272 
-0.090000 -152.559418 
